3 0.534640522875817 0.4238970588235294 0.08366013071895424 0.04338235294117647
3 0.20718954248366012 0.5257352941176471 0.1503267973856209 0.07205882352941176
3 0.15163398692810456 0.4577205882352941 0.15424836601307187 0.04338235294117647
6 0.05620915032679738 0.475 0.11503267973856209 0.04852941176470588
3 0.22026143790849673 0.4117647058823529 0.0718954248366013 0.04852941176470588
3 0.292156862745098 0.3488970588235294 0.0718954248366013 0.03602941176470588
4 0.3764705882352941 0.3139705882352941 0.04967320261437908 0.030882352941176472
4 0.6620915032679738 0.2963235294117647 0.08758169934640522 0.026470588235294117
3 0.765359477124183 0.28088235294117647 0.08235294117647059 0.01764705882352941
8 1.030718954248366 0.2676470588235294 0.15816993464052287 0.030882352941176472
3 0.6019607843137255 0.25441176470588234 0.058823529411764705 0.016176470588235292
3 0.4359477124183006 0.2485294117647059 0.04052287581699346 0.022058823529411763
3 0.3137254901960784 0.28161764705882353 0.06274509803921569 0.01911764705882353
3 0.065359477124183 0.3205882352941176 0.11241830065359476 0.030882352941176472
3 0.5418300653594771 0.22720588235294117 0.02222222222222222 0.014705882352941176
3 0.5444444444444444 0.19779411764705881 0.02483660130718954 0.010294117647058823
3 0.025490196078431372 0.23933823529411766 0.05359477124183006 0.013970588235294117
3 0.03398692810457516 0.2338235294117647 0.06274509803921569 0.010294117647058823
3 0.17320261437908496 0.2639705882352941 0.04836601307189542 0.022058823529411763
3 0.0895424836601307 0.2727941176470588 0.0718954248366013 0.020588235294117647
5 0.07712418300653594 0.2985294117647059 0.13856209150326795 0.030882352941176472
5 0.23660130718954248 0.26948529411764705 0.08366013071895424 0.0375
5 0.2901960784313725 0.24816176470588236 0.03660130718954248 0.0375
5 0.261437908496732 0.23345588235294118 0.0392156862745098 0.028676470588235293
3 0.23529411764705882 0.20441176470588235 0.03137254901960784 0.013235294117647059
3 0.3176470588235294 0.2150735294117647 0.023529411764705882 0.011029411764705881
3 0.29934640522875816 0.2 0.02875816993464052 0.013235294117647059
5 0.24117647058823527 0.18419117647058822 0.1477124183006536 0.016911764705882352
3 0.3379084967320261 0.18786764705882353 0.0457516339869281 0.009558823529411765
4 0.3830065359477124 0.21029411764705883 0.04967320261437908 0.013235294117647059
4 0.388235294117647 0.20404411764705882 0.04967320261437908 0.0125
3 0.4091503267973856 0.20220588235294118 0.04444444444444444 0.010294117647058823
3 0.48823529411764705 0.18161764705882352 0.0196078431372549 0.011764705882352941
5 0.515032679738562 0.16654411764705881 0.02875816993464052 0.022794117647058822
5 0.5444444444444444 0.15 0.03790849673202614 0.022058823529411763
3 0.5660130718954248 0.19117647058823528 0.01830065359477124 0.010294117647058823
3 0.5712418300653594 0.17977941176470588 0.01830065359477124 0.009558823529411765
3 0.6078431372549019 0.1849264705882353 0.023529411764705882 0.008088235294117646
4 0.6 0.23933823529411766 0.04444444444444444 0.015441176470588236
5 0.6777777777777777 0.20808823529411766 0.027450980392156862 0.023529411764705882
3 0.7065359477124182 0.18088235294117647 0.0196078431372549 0.007352941176470588
3 0.6137254901960784 0.15294117647058825 0.011764705882352941 0.0058823529411764705
3 0.6039215686274509 0.1463235294117647 0.01045751633986928 0.004411764705882353
3 0.5856209150326797 0.1474264705882353 0.01045751633986928 0.005147058823529412
3 0.5915032679738562 0.1426470588235294 0.00915032679738562 0.004411764705882353
3 0.6098039215686274 0.125 0.0065359477124183 0.0029411764705882353
3 0.6241830065359477 0.12169117647058823 0.0065359477124183 0.005147058823529412
5 0.6431372549019607 0.13198529411764706 0.01568627450980392 0.009558823529411765
6 1.311764705882353 0.26691176470588235 0.03790849673202614 0.011764705882352941
8 1.4928104575163397 0.2077205882352941 0.02875816993464052 0.01838235294117647
3 1.4699346405228757 0.20073529411764707 0.01699346405228758 0.010294117647058823
5 1.45359477124183 0.17794117647058824 0.023529411764705882 0.013235294117647059
3 1.4692810457516339 0.17205882352941176 0.0130718954248366 0.007352941176470588
4 1.7058823529411764 0.2400735294117647 0.06013071895424836 0.015441176470588236
3 1.6058823529411763 0.20294117647058824 0.01699346405228758 0.008823529411764706
5 1.5856209150326797 0.18088235294117647 0.07320261437908496 0.016176470588235292
5 1.603267973856209 0.17977941176470588 0.07450980392156863 0.015441176470588236
5 1.6169934640522874 0.17683823529411766 0.07320261437908496 0.015441176470588236
