3 1.2830065359477123 0.24154411764705883 0.1111111111111111 0.03455882352941177
3 1.3915032679738562 0.21838235294117647 0.1111111111111111 0.03529411764705882
3 1.5450980392156861 0.2011029411764706 0.12026143790849672 0.030147058823529412
3 1.3718954248366013 0.16948529411764707 0.10588235294117647 0.028676470588235293
3 0.5124183006535947 0.43124999999999997 0.1568627450980392 0.07426470588235294
3 0.31045751633986923 0.33088235294117646 0.10849673202614378 0.04852941176470588
3 0.18169934640522875 0.34816176470588234 0.09934640522875816 0.05367647058823529
3 0.5934640522875817 0.5305147058823529 0.25620915032679736 0.0625
4 0.6490196078431372 0.41470588235294115 0.13202614379084968 0.06911764705882353
4 0.44313725490196076 0.3492647058823529 0.10718954248366012 0.060294117647058824
4 0.19999999999999998 0.41470588235294115 0.130718954248366 0.07647058823529412
4 0.5444444444444444 0.2786764705882353 0.09803921568627451 0.051470588235294115
4 0.24117647058823527 0.24080882352941177 0.0718954248366013 0.04779411764705882
3 1.2620915032679738 0.1922794117647059 0.10326797385620914 0.03308823529411765
3 0.42156862745098034 0.15441176470588236 0.10065359477124182 0.025
3 0.5352941176470588 0.14558823529411766 0.09542483660130718 0.026470588235294117
3 0.4771241830065359 0.12389705882352942 0.054901960784313725 0.03161764705882353
5 0.3934640522875817 0.46249999999999997 0.20130718954248364 0.1264705882352941
3 1.1555555555555554 0.20698529411764705 0.11241830065359476 0.03455882352941177
3 0.0738562091503268 0.05514705882352941 0.0849673202614379 0.014705882352941176
3 0.08758169934640522 0.04154411764705882 0.05751633986928104 0.013970588235294117
3 0.134640522875817 0.03676470588235294 0.04183006535947712 0.016176470588235292
3 0.2156862745098039 0.07205882352941176 0.0522875816993464 0.016176470588235292
3 0.16339869281045752 0.06544117647058824 0.065359477124183 0.013235294117647059
3 0.2418300653594771 0.05551470588235294 0.0784313725490196 0.013970588235294117
3 0.261437908496732 0.03786764705882353 0.065359477124183 0.013970588235294117
5 0.11503267973856209 0.12573529411764706 0.10718954248366012 0.058823529411764705
2 0.16601307189542483 0.05 0.03137254901960784 0.010294117647058823
1 0.06013071895424836 0.07536764705882353 0.01045751633986928 0.009558823529411765
1 0.07973856209150326 0.07389705882352941 0.0130718954248366 0.009558823529411765
1 0.09215686274509803 0.07205882352941176 0.011764705882352941 0.008823529411764706
1 0.10522875816993463 0.07279411764705883 0.011764705882352941 0.008823529411764706
1 0.11241830065359476 0.07242647058823529 0.01045751633986928 0.009558823529411765
1 0.02418300653594771 0.08125 0.011764705882352941 0.008088235294117646
1 0.03529411764705882 0.0801470588235294 0.01045751633986928 0.008823529411764706
1 0.04640522875816993 0.0801470588235294 0.011764705882352941 0.008823529411764706
9 0.30130718954248364 0.275 0.03006535947712418 0.027941176470588233
9 0.33137254901960783 0.2867647058823529 0.03006535947712418 0.027941176470588233
2 0.3725490196078431 0.30772058823529413 0.03660130718954248 0.02426470588235294
2 0.38431372549019605 0.30477941176470585 0.03398692810457516 0.03161764705882353
2 0.35359477124183003 0.28455882352941175 0.027450980392156862 0.026470588235294117
2 0.4359477124183006 0.3176470588235294 0.058823529411764705 0.020588235294117647
4 1.495424836601307 0.09632352941176471 0.07320261437908496 0.025
3 1.596078431372549 0.11286764705882353 0.08888888888888888 0.022794117647058822
3 1.530065359477124 0.11213235294117647 0.07450980392156863 0.025735294117647058
3 1.7483660130718952 0.12389705882352942 0.05620915032679738 0.019852941176470587
3 1.5614379084967318 0.05661764705882353 0.050980392156862744 0.013235294117647059
3 1.5718954248366013 0.0375 0.04836601307189542 0.013235294117647059
6 1.4718954248366012 0.04852941176470588 0.0392156862745098 0.011764705882352941
