6 0.6435185185185185 0.2911458333333333 0.053703703703703705 0.03229166666666666
6 0.6935185185185185 0.2671875 0.053703703703703705 0.03229166666666666
6 0.7592592592592593 0.22708333333333333 0.06666666666666667 0.035416666666666666
1 0.9851851851851853 0.16354166666666667 0.018518518518518517 0.008333333333333333
3 0.8796296296296297 0.35104166666666664 0.08148148148148149 0.052083333333333336
3 1.0916666666666668 0.1421875 0.053703703703703705 0.034375
3 1.1861111111111111 0.09791666666666667 0.04259259259259259 0.016666666666666666
3 1.1787037037037038 0.07552083333333333 0.02777777777777778 0.017708333333333333
3 1.1824074074074074 0.05364583333333333 0.024074074074074074 0.013541666666666667
3 1.2083333333333335 0.046875 0.020370370370370372 0.0125
3 1.2351851851851852 0.0375 0.014814814814814815 0.010416666666666666
3 1.2657407407407408 0.027083333333333334 0.016666666666666666 0.010416666666666666
3 1.2935185185185185 0.022916666666666665 0.024074074074074074 0.008333333333333333
3 1.2574074074074075 0.03854166666666667 0.018518518518518517 0.010416666666666666
3 1.3185185185185186 0.06041666666666667 0.022222222222222223 0.010416666666666666
3 1.326851851851852 0.04739583333333333 0.020370370370370372 0.011458333333333333
3 1.3472222222222223 0.015625 0.024074074074074074 0.008333333333333333
3 1.3333333333333335 0.03229166666666666 0.02592592592592593 0.008333333333333333
3 1.3435185185185186 0.026041666666666668 0.020370370370370372 0.008333333333333333
6 1.1592592592592592 0.06510416666666667 0.018518518518518517 0.015625
3 1.0351851851851852 0.5072916666666667 0.1 0.08125
3 1.1611111111111112 0.5229166666666667 0.12222222222222223 0.07708333333333334
3 1.3194444444444444 0.33125 0.05740740740740741 0.05416666666666667
