3 0.17973856209150327 0.07830882352941176 0.03790849673202614 0.015441176470588236
5 0.5947712418300654 0.042279411764705885 0.13856209150326795 0.021323529411764706
5 0.2542483660130719 0.022794117647058822 0.07973856209150326 0.022058823529411763
3 0.518954248366013 0.4430147058823529 0.08888888888888888 0.06838235294117646
3 0.8346405228758169 0.5386029411764706 0.08758169934640522 0.04632352941176471
3 0.5901960784313726 0.3338235294117647 0.07712418300653594 0.052941176470588235
3 0.8915032679738562 0.43419117647058825 0.06797385620915032 0.0625
4 0.8529411764705882 0.34044117647058825 0.05620915032679738 0.045588235294117645
3 0.8640522875816993 0.2529411764705882 0.04444444444444444 0.029411764705882353
3 1.0026143790849673 0.3735294117647059 0.06013071895424836 0.044117647058823525
8 1.0104575163398692 0.45073529411764707 0.12287581699346405 0.1588235294117647
3 0.6222222222222222 0.18970588235294117 0.047058823529411764 0.023529411764705882
3 0.7895424836601307 0.19595588235294117 0.0392156862745098 0.027205882352941177
3 0.7326797385620915 0.17316176470588235 0.04052287581699346 0.02426470588235294
5 0.8607843137254901 0.1676470588235294 0.05620915032679738 0.08529411764705883
3 0.7999999999999999 0.16544117647058823 0.03660130718954248 0.026470588235294117
3 0.792156862745098 0.14779411764705883 0.03660130718954248 0.022058823529411763
3 0.722875816993464 0.13088235294117648 0.03398692810457516 0.023529411764705882
2 0.7137254901960783 0.15183823529411763 0.01568627450980392 0.0125
1 0.7137254901960783 0.14816176470588235 0.0130718954248366 0.013970588235294117
9 0.7470588235294117 0.14522058823529413 0.01437908496732026 0.015441176470588236
1 0.7477124183006535 0.14338235294117646 0.0130718954248366 0.014705882352941176
3 0.7745098039215685 0.12830882352941175 0.0326797385620915 0.019852941176470587
3 0.8143790849673203 0.13051470588235295 0.03137254901960784 0.021323529411764706
3 0.8039215686274509 0.10441176470588236 0.02875816993464052 0.01764705882352941
3 0.7999999999999999 0.08897058823529412 0.02875816993464052 0.01764705882352941
4 0.7915032679738562 0.06948529411764706 0.02483660130718954 0.01838235294117647
8 0.8169934640522876 0.07389705882352941 0.02091503267973856 0.022794117647058822
3 0.8274509803921568 0.002573529411764706 0.01568627450980392 0.006617647058823529
5 0.8666666666666666 0.061764705882352944 0.03398692810457516 0.029411764705882353
4 0.8640522875816993 0.009558823529411765 0.0130718954248366 0.008823529411764706
3 0.8607843137254901 0.0022058823529411764 0.01437908496732026 0.0058823529411764705
3 0.8633986928104574 0.006985294117647058 0.01699346405228758 0.009558823529411765
3 0.8954248366013071 0.004044117647058823 0.01830065359477124 0.008088235294117646
3 0.8901960784313725 0.019852941176470587 0.01830065359477124 0.008823529411764706
3 0.8784313725490196 0.11691176470588235 0.02875816993464052 0.014705882352941176
4 0.9026143790849672 0.08308823529411764 0.02483660130718954 0.016176470588235292
3 0.9248366013071895 0.03051470588235294 0.01699346405228758 0.009558823529411765
3 0.8771241830065359 0.1161764705882353 0.02875816993464052 0.014705882352941176
3 0.9274509803921568 0.0400735294117647 0.0196078431372549 0.009558823529411765
3 0.937908496732026 0.06764705882352941 0.02222222222222222 0.011764705882352941
3 0.9810457516339869 0.1363970588235294 0.03006535947712418 0.01838235294117647
3 0.9581699346405228 0.16433823529411765 0.03398692810457516 0.02426470588235294
9 0.9509803921568627 0.14852941176470588 0.01437908496732026 0.013235294117647059
1 0.9509803921568627 0.14705882352941177 0.01437908496732026 0.013235294117647059
3 0.9986928104575162 0.20477941176470588 0.0915032679738562 0.022794117647058822
3 1.0320261437908496 0.18198529411764705 0.09019607843137255 0.02426470588235294
3 0.9522875816993464 0.1213235294117647 0.03790849673202614 0.016176470588235292
3 0.9705882352941175 0.10992647058823529 0.027450980392156862 0.015441176470588236
3 1.7352941176470587 0.32573529411764707 0.08235294117647059 0.039705882352941174
5 1.5830065359477123 0.12316176470588235 0.065359477124183 0.03897058823529412
3 1.7568627450980392 0.16286764705882353 0.0392156862745098 0.022794117647058822
3 1.484313725490196 0.17022058823529412 0.06405228758169934 0.022794117647058822
3 1.5287581699346404 0.17022058823529412 0.058823529411764705 0.019852941176470587
3 1.569281045751634 0.17022058823529412 0.058823529411764705 0.019852941176470587
3 1.6169934640522874 0.16948529411764707 0.065359477124183 0.02426470588235294
3 1.6562091503267973 0.16838235294117646 0.06797385620915032 0.01911764705882353
3 1.7026143790849673 0.16654411764705881 0.0718954248366013 0.025735294117647058
3 1.1339869281045751 0.08272058823529412 0.06143790849673202 0.015441176470588236
3 1.0601307189542484 0.1610294117647059 0.07058823529411765 0.014705882352941176
3 1.0633986928104575 0.15220588235294116 0.07712418300653594 0.01764705882352941
3 1.1627450980392156 0.0974264705882353 0.02222222222222222 0.009558823529411765
3 1.1444444444444444 0.09705882352941177 0.0196078431372549 0.010294117647058823
3 1.0607843137254902 0.12610294117647058 0.0718954248366013 0.016911764705882352
3 1.0738562091503268 0.11948529411764705 0.05620915032679738 0.013970588235294117
3 1.0464052287581698 0.10698529411764705 0.05620915032679738 0.015441176470588236
4 1.0392156862745097 0.09448529411764706 0.065359477124183 0.015441176470588236
3 1.0326797385620914 0.08639705882352941 0.06013071895424836 0.0125
3 1.0215686274509803 0.08161764705882353 0.043137254901960784 0.010294117647058823
3 1.0209150326797385 0.07573529411764705 0.05751633986928104 0.013235294117647059
3 1.0124183006535947 0.06727941176470588 0.04836601307189542 0.0125
3 0.9999999999999999 0.054411764705882354 0.047058823529411764 0.010294117647058823
3 0.9980392156862744 0.05183823529411764 0.0457516339869281 0.009558823529411765
3 0.9810457516339869 0.04191176470588235 0.0457516339869281 0.008823529411764706
3 0.9764705882352941 0.03786764705882353 0.04183006535947712 0.008088235294117646
4 0.9751633986928104 0.033823529411764704 0.047058823529411764 0.011764705882352941
4 0.9869281045751633 0.030147058823529412 0.03398692810457516 0.010294117647058823
4 0.9450980392156862 0.017279411764705883 0.03398692810457516 0.009558823529411765
3 1.0202614379084967 0.004779411764705883 0.027450980392156862 0.006617647058823529
4 1.054248366013072 0.026838235294117645 0.03529411764705882 0.011029411764705881
3 1.0777777777777777 0.04191176470588235 0.0457516339869281 0.010294117647058823
9 1.003921568627451 0.010294117647058823 0.00522875816993464 0.004411764705882353
1 1.0058823529411764 0.008455882352941176 0.00392156862745098 0.006617647058823529
3 0.9790849673202614 0.028676470588235293 0.04183006535947712 0.011764705882352941
3 0.9673202614379084 0.026838235294117645 0.03660130718954248 0.009558823529411765
3 0.9640522875816993 0.02536764705882353 0.03790849673202614 0.009558823529411765
