2 0.7895424836601307 0.2588235294117647 0.02875816993464052 0.026470588235294117
1 0.38954248366013067 0.14926470588235294 0.01568627450980392 0.013235294117647059
1 1.0444444444444443 0.10551470588235294 0.01045751633986928 0.019852941176470587
1 1.1183006535947713 0.11691176470588235 0.011764705882352941 0.01764705882352941
1 1.1732026143790848 0.12720588235294117 0.01699346405228758 0.01764705882352941
1 1.1908496732026144 0.12683823529411764 0.01045751633986928 0.013970588235294117
1 1.1954248366013072 0.1323529411764706 0.02483660130718954 0.016176470588235292
1 1.0503267973856207 0.23272058823529412 0.0196078431372549 0.016911764705882352
1 1.2549019607843137 0.15036764705882352 0.023529411764705882 0.01838235294117647
9 1.24640522875817 0.1738970588235294 0.04052287581699346 0.02426470588235294
2 1.1522875816993463 0.13566176470588234 0.03790849673202614 0.016911764705882352
