5 0.6148148148148148 0.40208333333333335 0.34074074074074073 0.31875
3 0.787962962962963 0.3828125 0.08333333333333334 0.08229166666666667
3 0.912962962962963 0.24479166666666666 0.06666666666666667 0.058333333333333334
5 0.8490740740740741 0.16197916666666667 0.07592592592592592 0.103125
3 0.7240740740740741 0.15572916666666667 0.10370370370370371 0.03229166666666666
4 0.6685185185185185 0.10416666666666667 0.04814814814814815 0.029166666666666667
5 0.9092592592592593 0.021875 0.044444444444444446 0.03333333333333333
3 1.1203703703703705 0.04635416666666667 0.08148148148148149 0.02395833333333333
5 1.0731481481481482 0.07864583333333333 0.10185185185185186 0.03229166666666666
5 1.075 0.09375 0.11296296296296297 0.03125
6 0.5805555555555556 0.1328125 0.03888888888888889 0.026041666666666668
3 0.6212962962962963 0.10833333333333334 0.04259259259259259 0.029166666666666667
6 0.8074074074074075 0.08385416666666666 0.018518518518518517 0.019791666666666666
1 0.8037037037037037 0.3015625 0.02962962962962963 0.02395833333333333
9 0.8037037037037037 0.3052083333333333 0.022222222222222223 0.0375
1 0.8953703703703704 0.11927083333333333 0.012962962962962964 0.017708333333333333
9 0.8944444444444445 0.12343749999999999 0.014814814814814815 0.017708333333333333
6 0.9592592592592593 0.04583333333333333 0.022222222222222223 0.022916666666666665
