6 1.7333333333333332 0.5066176470588235 0.08627450980392157 0.07941176470588235
3 1.3790849673202614 0.4430147058823529 0.21176470588235294 0.09632352941176471
3 1.3163398692810457 0.3327205882352941 0.20130718954248364 0.0625
3 1.3058823529411763 0.23345588235294118 0.19869281045751633 0.04632352941176471
3 1.2372549019607841 0.14595588235294119 0.1372549019607843 0.05808823529411765
3 1.161437908496732 0.05110294117647059 0.13986928104575164 0.04632352941176471
3 1.241830065359477 0.023161764705882354 0.14640522875816991 0.03308823529411765
3 0.13529411764705881 0.5360294117647059 0.19999999999999998 0.051470588235294115
9 1.7542483660130719 0.13823529411764707 0.0392156862745098 0.033823529411764704
1 1.7594771241830065 0.1338235294117647 0.0261437908496732 0.029411764705882353
