3 0.08104575163398692 0.1363970588235294 0.02091503267973856 0.008088235294117646
3 0.11437908496732026 0.13272058823529412 0.0196078431372549 0.008088235294117646
3 0.15947712418300652 0.11764705882352941 0.0130718954248366 0.007352941176470588
3 0.1287581699346405 0.11580882352941177 0.011764705882352941 0.006617647058823529
3 0.13529411764705881 0.10551470588235294 0.01437908496732026 0.006617647058823529
5 0.09281045751633986 0.10073529411764706 0.023529411764705882 0.01764705882352941
3 0.11503267973856209 0.11176470588235293 0.01568627450980392 0.007352941176470588
3 0.08169934640522876 0.11102941176470588 0.01699346405228758 0.007352941176470588
3 0.04248366013071895 0.11029411764705882 0.01699346405228758 0.007352941176470588
3 0.06993464052287582 0.10294117647058823 0.01699346405228758 0.0058823529411764705
3 0.18823529411764706 0.09485294117647058 0.01045751633986928 0.0058823529411764705
5 0.19477124183006533 0.08455882352941177 0.01830065359477124 0.013235294117647059
3 0.16732026143790849 0.07830882352941176 0.01045751633986928 0.003676470588235294
3 0.14901960784313725 0.06764705882352941 0.01045751633986928 0.0029411764705882353
3 0.16405228758169935 0.0625 0.0065359477124183 0.0029411764705882353
3 0.1790849673202614 0.06397058823529411 0.00522875816993464 0.0029411764705882353
3 0.19869281045751633 0.06213235294117647 0.00784313725490196 0.0022058823529411764
5 0.21830065359477122 0.06838235294117646 0.0130718954248366 0.008823529411764706
3 0.20196078431372547 0.07095588235294117 0.011764705882352941 0.008088235294117646
5 0.18692810457516337 0.06764705882352941 0.01045751633986928 0.008823529411764706
3 0.2745098039215686 0.07242647058823529 0.01045751633986928 0.005147058823529412
3 0.18758169934640523 0.12830882352941175 0.0196078431372549 0.006617647058823529
