3 0.5615740740740741 0.15286458333333333 0.025 0.008854166666666666
3 0.5439814814814815 0.15390625 0.021296296296296296 0.008854166666666666
4 0.5185185185185185 0.153125 0.024074074074074074 0.010416666666666666
5 0.5361111111111111 0.16119791666666666 0.044444444444444446 0.021354166666666667
3 0.5 0.15494791666666666 0.022222222222222223 0.008854166666666666
3 0.47500000000000003 0.15572916666666667 0.02592592592592593 0.009375
3 0.45046296296296295 0.15651041666666665 0.025 0.008854166666666666
6 0.4328703703703704 0.15703125 0.01388888888888889 0.0078125
3 0.4083333333333333 0.15755208333333334 0.02592592592592593 0.008854166666666666
1 0.5226851851851853 0.16901041666666666 0.010185185185185186 0.0067708333333333336
1 0.5185185185185185 0.16796875 0.007407407407407408 0.0067708333333333336
1 0.5106481481481482 0.16953125 0.010185185185185186 0.0067708333333333336
3 0.4810185185185185 0.17786458333333333 0.04166666666666667 0.011979166666666666
3 0.4481481481481482 0.21458333333333332 0.06481481481481481 0.017708333333333333
3 0.4064814814814815 0.21015625 0.07777777777777778 0.018229166666666668
3 0.39675925925925926 0.22369791666666666 0.08425925925925926 0.018229166666666668
8 0.13703703703703704 0.2265625 0.26666666666666666 0.046875
3 0.27731481481481485 0.52421875 0.10462962962962963 0.07239583333333333
1 0.32453703703703707 0.37994791666666666 0.025 0.025520833333333333
1 0.3194444444444445 0.378125 0.024074074074074074 0.03229166666666666
9 0.3212962962962963 0.3809895833333333 0.02962962962962963 0.027604166666666666
2 0.4532407407407408 0.2559895833333333 0.030555555555555558 0.01614583333333333
1 1.2027777777777777 0.3216145833333333 0.020370370370370372 0.025520833333333333
3 1.2587962962962964 0.3578125 0.125 0.042708333333333334
6 1.1597222222222223 0.35520833333333335 0.0787037037037037 0.029166666666666667
5 1.1125 0.3286458333333333 0.19166666666666668 0.051041666666666666
5 1.0666666666666667 0.3033854166666667 0.1962962962962963 0.058854166666666666
2 1.1643518518518519 0.27578125 0.026851851851851852 0.01614583333333333
3 1.3472222222222223 0.16796875 0.04814814814814815 0.011979166666666666
5 1.2115740740740741 0.16927083333333334 0.09166666666666667 0.02395833333333333
3 1.1467592592592593 0.19270833333333334 0.062037037037037036 0.013541666666666667
9 1.1421296296296297 0.20208333333333334 0.02314814814814815 0.009375
1 1.1435185185185186 0.1984375 0.011111111111111112 0.009375
3 1.0717592592592593 0.19166666666666665 0.0638888888888889 0.013541666666666667
3 1.0453703703703705 0.1875 0.05740740740740741 0.0125
3 0.9972222222222222 0.20130208333333333 0.05555555555555556 0.013020833333333334
3 0.9537037037037037 0.19739583333333333 0.061111111111111116 0.013541666666666667
3 0.7925925925925926 0.19505208333333332 0.05925925925925926 0.0140625
5 0.6097222222222223 0.15729166666666666 0.08611111111111111 0.02395833333333333
4 0.6083333333333334 0.2109375 0.07407407407407407 0.019791666666666666
