3 0.8718954248366012 0.22647058823529412 0.02875816993464052 0.03823529411764706
3 0.8640522875816993 0.32536764705882354 0.03137254901960784 0.0375
3 0.9444444444444444 0.37279411764705883 0.03006535947712418 0.03823529411764706
8 0.903267973856209 0.49411764705882355 0.047058823529411764 0.07352941176470588
3 0.8477124183006536 0.5198529411764706 0.03006535947712418 0.03676470588235294
3 0.7261437908496732 0.5488970588235293 0.07450980392156863 0.025735294117647058
3 0.711111111111111 0.5169117647058823 0.06274509803921569 0.025
9 0.7091503267973855 0.49779411764705883 0.0196078431372549 0.0058823529411764705
9 0.7130718954248365 0.4904411764705882 0.02222222222222222 0.0058823529411764705
9 0.7130718954248365 0.48125 0.02483660130718954 0.006617647058823529
9 0.8026143790849672 0.45625 0.01045751633986928 0.0125
9 0.7836601307189542 0.4125 0.00915032679738562 0.013235294117647059
9 0.9104575163398693 0.3514705882352941 0.011764705882352941 0.011764705882352941
9 0.9156862745098039 0.37977941176470587 0.011764705882352941 0.013970588235294117
1 0.7836601307189542 0.41360294117647056 0.0065359477124183 0.011029411764705881
1 0.8026143790849672 0.45625 0.01045751633986928 0.006617647058823529
1 0.9163398692810457 0.38235294117647056 0.01045751633986928 0.0058823529411764705
1 0.9117647058823529 0.3529411764705882 0.00915032679738562 0.007352941176470588
9 0.7300653594771241 0.4261029411764706 0.02483660130718954 0.006617647058823529
9 1.0104575163398692 0.3011029411764706 0.0261437908496732 0.005147058823529412
9 0.9209150326797385 0.3088235294117647 0.011764705882352941 0.014705882352941176
9 0.9156862745098039 0.26029411764705884 0.00915032679738562 0.013235294117647059
1 1.011111111111111 0.3011029411764706 0.00915032679738562 0.006617647058823529
1 0.9202614379084967 0.3095588235294118 0.0130718954248366 0.008823529411764706
1 0.9156862745098039 0.2613970588235294 0.00915032679738562 0.008088235294117646
3 1.1078431372549018 0.27904411764705883 0.05620915032679738 0.03308823529411765
9 0.6581699346405229 0.2691176470588235 0.0065359477124183 0.008823529411764706
3 0.37385620915032675 0.4007352941176471 0.04444444444444444 0.029411764705882353
6 0.4241830065359477 0.39301470588235293 0.01699346405228758 0.01838235294117647
3 0.5006535947712418 0.37316176470588236 0.06797385620915032 0.019852941176470587
3 0.48039215686274506 0.3139705882352941 0.07450980392156863 0.016176470588235292
3 0.35424836601307186 0.32095588235294115 0.05751633986928104 0.01838235294117647
6 0.6176470588235293 0.3694852941176471 0.0196078431372549 0.021323529411764706
3 0.3052287581699346 0.39558823529411763 0.06405228758169934 0.032352941176470584
3 0.25163398692810457 0.40036764705882355 0.058823529411764705 0.03161764705882353
3 0.1196078431372549 0.4113970588235294 0.03529411764705882 0.0375
4 0.045098039215686274 0.4077205882352941 0.0457516339869281 0.03161764705882353
9 0.24248366013071893 0.3272058823529412 0.02222222222222222 0.011764705882352941
9 0.1941176470588235 0.2863970588235294 0.027450980392156862 0.006617647058823529
2 0.3183006535947712 0.27683823529411766 0.02483660130718954 0.006617647058823529
2 0.08169934640522876 0.35698529411764707 0.027450980392156862 0.005147058823529412
1 0.07712418300653594 0.35698529411764707 0.01830065359477124 0.006617647058823529
9 0.02091503267973856 0.3220588235294118 0.02875816993464052 0.008823529411764706
9 0.01045751633986928 0.30367647058823527 0.0130718954248366 0.013235294117647059
9 0.1568627450980392 0.3154411764705882 0.02875816993464052 0.007352941176470588
9 0.07450980392156863 0.32573529411764707 0.02091503267973856 0.013235294117647059
9 0.3633986928104575 0.2875 0.0130718954248366 0.013235294117647059
3 0.013725490196078431 0.3338235294117647 0.03006535947712418 0.01764705882352941
6 0.10326797385620914 0.3205882352941176 0.03660130718954248 0.011764705882352941
3 0.18758169934640523 0.3246323529411765 0.06405228758169934 0.02426470588235294
3 0.1895424836601307 0.3040441176470588 0.054901960784313725 0.016911764705882352
3 1.2281045751633985 0.2716911764705882 0.050980392156862744 0.03455882352941177
3 1.2790849673202613 0.2661764705882353 0.05359477124183006 0.03529411764705882
3 1.3326797385620914 0.2639705882352941 0.05620915032679738 0.032352941176470584
9 1.3620915032679737 0.26286764705882354 0.01045751633986928 0.013970588235294117
9 1.3751633986928105 0.2536764705882353 0.01568627450980392 0.013235294117647059
4 1.3542483660130717 0.28088235294117647 0.07058823529411765 0.030882352941176472
3 1.422222222222222 0.26801470588235293 0.02875816993464052 0.028676470588235293
9 1.3849673202614379 0.2511029411764706 0.01699346405228758 0.0125
9 1.4529411764705882 0.2661764705882353 0.01699346405228758 0.014705882352941176
9 1.5 0.2676470588235294 0.011764705882352941 0.013235294117647059
9 1.5026143790849673 0.2525735294117647 0.011764705882352941 0.011029411764705881
9 1.573202614379085 0.2672794117647059 0.011764705882352941 0.0125
9 1.5385620915032678 0.2676470588235294 0.02091503267973856 0.007352941176470588
9 1.5313725490196077 0.25735294117647056 0.011764705882352941 0.013235294117647059
9 1.5483660130718953 0.2529411764705882 0.02222222222222222 0.010294117647058823
9 1.5745098039215686 0.25036764705882353 0.01437908496732026 0.013970588235294117
3 1.6411764705882352 0.2610294117647059 0.04052287581699346 0.033823529411764704
4 1.6065359477124181 0.2577205882352941 0.04444444444444444 0.03308823529411765
4 1.7509803921568625 0.25036764705882353 0.043137254901960784 0.021323529411764706
9 0.7385620915032679 0.1900735294117647 0.01568627450980392 0.0125
9 1.0019607843137255 0.2261029411764706 0.02222222222222222 0.009558823529411765
3 0.9830065359477124 0.17058823529411765 0.06274509803921569 0.023529411764705882
6 0.9392156862745097 0.17794117647058824 0.01437908496732026 0.013235294117647059
3 0.761437908496732 0.15110294117647058 0.050980392156862744 0.03602941176470588
3 0.973202614379085 0.13676470588235293 0.06143790849673202 0.01911764705882353
3 0.918954248366013 0.09889705882352941 0.03398692810457516 0.03602941176470588
2 0.7633986928104575 0.09522058823529411 0.0130718954248366 0.013970588235294117
1 0.7640522875816993 0.09375 0.00915032679738562 0.008088235294117646
3 0.9790849673202614 0.09669117647058824 0.065359477124183 0.01838235294117647
9 0.8712418300653594 0.06323529411764706 0.011764705882352941 0.013235294117647059
9 0.8849673202614379 0.06397058823529411 0.01045751633986928 0.014705882352941176
3 0.6849673202614378 0.06764705882352941 0.08104575163398692 0.01764705882352941
1 0.8856209150326797 0.06323529411764706 0.00915032679738562 0.008823529411764706
1 0.8718954248366012 0.06433823529411764 0.01045751633986928 0.008088235294117646
3 0.8529411764705882 0.020588235294117647 0.03006535947712418 0.032352941176470584
3 0.903267973856209 0.015808823529411764 0.02875816993464052 0.03308823529411765
1 1.0235294117647058 0.04595588235294117 0.00784313725490196 0.006617647058823529
3 1.3130718954248366 0.07279411764705883 0.06928104575163398 0.01911764705882353
3 1.3934640522875816 0.09044117647058823 0.02875816993464052 0.033823529411764704
3 1.434640522875817 0.08639705882352941 0.0326797385620915 0.03308823529411765
3 1.5052287581699346 0.08088235294117647 0.03529411764705882 0.033823529411764704
4 1.4705882352941175 0.0838235294117647 0.03137254901960784 0.029411764705882353
5 1.5464052287581698 0.07794117647058824 0.0392156862745098 0.033823529411764704
4 1.3869281045751634 0.04264705882352941 0.06013071895424836 0.022058823529411763
3 1.3091503267973856 0.013235294117647059 0.06405228758169934 0.01764705882352941
3 1.5209150326797385 0.006985294117647058 0.0326797385620915 0.015441176470588236
3 1.4477124183006536 0.005514705882352941 0.027450980392156862 0.0125
3 1.4098039215686273 0.004779411764705883 0.03006535947712418 0.011029411764705881
