9 0.525 0.4973958333333333 0.09074074074074075 0.040625
1 0.5231481481481481 0.4901041666666667 0.0462962962962963 0.057291666666666664
6 0.46296296296296297 0.4671875 0.18888888888888888 0.06354166666666666
9 0.5685185185185185 0.4744791666666667 0.040740740740740744 0.03854166666666667
1 0.5694444444444444 0.4635416666666667 0.03888888888888889 0.05
1 0.5796296296296296 0.4583333333333333 0.022222222222222223 0.03333333333333333
6 0.6509259259259259 0.46041666666666664 0.061111111111111116 0.05416666666666667
1 0.6444444444444445 0.4505208333333333 0.040740740740740744 0.03229166666666666
1 0.29444444444444445 0.4270833333333333 0.040740740740740744 0.027083333333333334
3 1.3824074074074075 0.5328125 0.2240740740740741 0.057291666666666664
3 1.6472222222222224 0.49895833333333334 0.2574074074074074 0.07083333333333333
9 1.7416666666666667 0.3833333333333333 0.05 0.03125
6 1.6101851851851852 0.3421875 0.09074074074074075 0.04479166666666667
3 1.5148148148148148 0.35572916666666665 0.12592592592592594 0.03854166666666667
3 1.414814814814815 0.359375 0.12222222222222223 0.03958333333333333
9 1.3435185185185186 0.3875 0.04259259259259259 0.03125
1 1.3148148148148149 0.3984375 0.02592592592592593 0.034375
6 1.2944444444444445 0.3958333333333333 0.1 0.029166666666666667
9 1.1731481481481483 0.31145833333333334 0.04259259259259259 0.01875
3 0.7833333333333333 0.409375 0.10370370370370371 0.058333333333333334
5 0.8981481481481481 0.4114583333333333 0.1 0.07291666666666667
9 1.0055555555555555 0.39739583333333334 0.040740740740740744 0.034375
1 1.0092592592592593 0.3921875 0.03333333333333333 0.028125
1 1.0037037037037038 0.3880208333333333 0.05185185185185186 0.04479166666666667
9 0.962962962962963 0.37864583333333335 0.037037037037037035 0.036458333333333336
9 0.9444444444444445 0.39479166666666665 0.044444444444444446 0.0375
1 0.9490740740740741 0.38958333333333334 0.02777777777777778 0.03958333333333333
1 0.9407407407407408 0.3807291666666667 0.022222222222222223 0.026041666666666668
1 1.0425925925925927 0.3854166666666667 0.02592592592592593 0.020833333333333332
1 1.087037037037037 0.375 0.02592592592592593 0.025
9 0.9638888888888889 0.3567708333333333 0.0462962962962963 0.021875
9 0.9462962962962963 0.3421875 0.02962962962962963 0.026041666666666668
1 0.9981481481481482 0.33489583333333334 0.022222222222222223 0.026041666666666668
9 0.6444444444444445 0.41875 0.08148148148148149 0.029166666666666667
1 0.6481481481481481 0.4119791666666667 0.03333333333333333 0.03229166666666666
1 0.5750000000000001 0.40989583333333335 0.053703703703703705 0.026041666666666668
6 0.5527777777777778 0.4015625 0.07592592592592592 0.021875
9 0.6462962962962964 0.38645833333333335 0.03333333333333333 0.03125
1 0.6472222222222223 0.384375 0.02777777777777778 0.03958333333333333
6 0.5666666666666667 0.3875 0.12222222222222223 0.03125
6 0.5601851851851852 0.3734375 0.10925925925925926 0.028125
9 0.7981481481481482 0.37395833333333334 0.02962962962962963 0.027083333333333334
9 0.7851851851851852 0.35572916666666665 0.022222222222222223 0.026041666666666668
9 0.8953703703703704 0.31197916666666664 0.016666666666666666 0.019791666666666666
9 0.7833333333333333 0.2890625 0.018518518518518517 0.017708333333333333
9 0.7731481481481481 0.2796875 0.012962962962962964 0.015625
9 0.8907407407407407 0.2921875 0.018518518518518517 0.015625
1 0.7972222222222223 0.3619791666666667 0.024074074074074074 0.02395833333333333
1 0.8018518518518519 0.3625 0.022222222222222223 0.025
1 0.7842592592592593 0.346875 0.016666666666666666 0.016666666666666666
1 0.7842592592592593 0.3442708333333333 0.024074074074074074 0.02395833333333333
1 0.8962962962962964 0.30625 0.018518518518518517 0.01875
1 0.8916666666666667 0.290625 0.016666666666666666 0.016666666666666666
1 0.7842592592592593 0.28541666666666665 0.020370370370370372 0.01875
1 0.7731481481481481 0.27447916666666666 0.012962962962962964 0.017708333333333333
6 0.6212962962962963 0.3286458333333333 0.09814814814814815 0.026041666666666668
6 0.6314814814814815 0.2984375 0.10740740740740741 0.028125
6 0.8305555555555556 0.2953125 0.024074074074074074 0.021875
1 0.8305555555555556 0.29010416666666666 0.020370370370370372 0.015625
1 0.8287037037037037 0.2869791666666667 0.016666666666666666 0.015625
6 1.0027777777777778 0.33177083333333335 0.08703703703703704 0.021875
6 1.0074074074074075 0.3072916666666667 0.0925925925925926 0.022916666666666665
6 1.0148148148148148 0.30052083333333335 0.08888888888888889 0.021875
9 0.9037037037037038 0.27239583333333334 0.037037037037037035 0.015625
6 0.7092592592592593 0.296875 0.05925925925925926 0.01875
6 0.837037037037037 0.25364583333333335 0.014814814814814815 0.011458333333333333
1 0.837962962962963 0.24791666666666667 0.012962962962962964 0.0125
9 0.8777777777777778 0.2421875 0.011111111111111112 0.013541666666666667
9 0.8824074074074074 0.22135416666666666 0.012962962962962964 0.011458333333333333
9 0.8583333333333334 0.21875 0.012962962962962964 0.008333333333333333
9 0.8287037037037037 0.22343749999999998 0.012962962962962964 0.011458333333333333
9 0.8175925925925926 0.21666666666666667 0.009259259259259259 0.008333333333333333
9 0.8490740740740741 0.20833333333333334 0.009259259259259259 0.008333333333333333
9 0.8120370370370371 0.20260416666666667 0.005555555555555556 0.007291666666666667
1 0.8777777777777778 0.23958333333333334 0.011111111111111112 0.014583333333333334
1 0.8824074074074074 0.21927083333333333 0.009259259259259259 0.011458333333333333
1 0.8574074074074074 0.21666666666666667 0.011111111111111112 0.0125
1 0.8277777777777778 0.2203125 0.011111111111111112 0.011458333333333333
1 0.8175925925925926 0.2140625 0.009259259259259259 0.009375
1 0.8120370370370371 0.2 0.009259259259259259 0.008333333333333333
1 0.8490740740740741 0.20625 0.009259259259259259 0.008333333333333333
6 0.8046296296296297 0.23229166666666667 0.012962962962962964 0.010416666666666666
9 0.7898148148148149 0.2546875 0.02777777777777778 0.011458333333333333
4 0.9203703703703704 0.20364583333333333 0.044444444444444446 0.009375
3 0.775 0.21197916666666666 0.024074074074074074 0.013541666666666667
6 1.162962962962963 0.2713541666666667 0.05185185185185186 0.026041666666666668
5 1.1388888888888888 0.25364583333333335 0.15925925925925927 0.05520833333333333
9 1.287037037037037 0.28072916666666664 0.037037037037037035 0.015625
