3 0.9287037037037037 0.15572916666666667 0.005555555555555556 0.005208333333333333
3 0.8564814814814815 0.21458333333333332 0.016666666666666666 0.008333333333333333
3 0.8398148148148148 0.228125 0.020370370370370372 0.0125
3 0.8731481481481482 0.2682291666666667 0.031481481481481485 0.017708333333333333
3 0.9203703703703704 0.2520833333333333 0.022222222222222223 0.0125
3 0.9388888888888889 0.3848958333333333 0.05555555555555556 0.03229166666666666
3 0.8537037037037037 0.38958333333333334 0.05185185185185186 0.029166666666666667
3 0.6675925925925926 0.45625 0.08333333333333334 0.04583333333333333
3 0.8222222222222223 0.24375 0.022222222222222223 0.0125
3 0.8546296296296296 0.20729166666666665 0.016666666666666666 0.008333333333333333
3 0.8787037037037038 0.2046875 0.016666666666666666 0.007291666666666667
3 0.8833333333333334 0.18489583333333334 0.014814814814814815 0.007291666666666667
3 0.887962962962963 0.17708333333333334 0.012962962962962964 0.008333333333333333
3 0.9101851851851852 0.16197916666666667 0.012962962962962964 0.005208333333333333
3 0.625 0.3520833333333333 0.08703703703703704 0.020833333333333332
5 0.6981481481481482 0.3541666666666667 0.05185185185185186 0.04583333333333333
3 0.8962962962962964 0.16875 0.011111111111111112 0.00625
1 0.8777777777777778 0.20833333333333334 0.007407407407407408 0.00625
1 0.8925925925925926 0.20729166666666665 0.007407407407407408 0.00625
1 0.9046296296296297 0.20520833333333333 0.009259259259259259 0.00625
1 0.8675925925925926 0.24687499999999998 0.009259259259259259 0.008333333333333333
1 0.8435185185185186 0.25729166666666664 0.009259259259259259 0.008333333333333333
1 0.8194444444444445 0.2989583333333333 0.012962962962962964 0.0125
1 0.9490740740740741 0.2916666666666667 0.009259259259259259 0.010416666666666666
1 0.9222222222222223 0.3020833333333333 0.011111111111111112 0.0125
1 0.9212962962962963 0.3015625 0.012962962962962964 0.013541666666666667
1 0.7648148148148148 0.35520833333333335 0.018518518518518517 0.014583333333333334
1 0.7768518518518519 0.36666666666666664 0.016666666666666666 0.014583333333333334
1 0.7546296296296297 0.3859375 0.016666666666666666 0.017708333333333333
1 0.7814814814814816 0.3921875 0.018518518518518517 0.017708333333333333
1 0.8768518518518519 0.44479166666666664 0.016666666666666666 0.01875
1 0.8222222222222223 0.44947916666666665 0.02962962962962963 0.02395833333333333
1 0.825925925925926 0.44427083333333334 0.018518518518518517 0.019791666666666666
1 0.737962962962963 0.4614583333333333 0.016666666666666666 0.022916666666666665
1 0.7305555555555556 0.465625 0.020370370370370372 0.022916666666666665
9 0.7324074074074074 0.4791666666666667 0.024074074074074074 0.022916666666666665
9 0.8250000000000001 0.45729166666666665 0.016666666666666666 0.025
9 0.8787037037037038 0.4583333333333333 0.012962962962962964 0.020833333333333332
9 0.6222222222222222 0.4270833333333333 0.044444444444444446 0.014583333333333334
9 0.625925925925926 0.4171875 0.044444444444444446 0.017708333333333333
9 0.7527777777777778 0.39427083333333335 0.020370370370370372 0.019791666666666666
9 0.7842592592592593 0.4010416666666667 0.016666666666666666 0.020833333333333332
9 0.763888888888889 0.3640625 0.012962962962962964 0.019791666666666666
9 0.7777777777777778 0.37395833333333334 0.018518518518518517 0.016666666666666666
9 0.700925925925926 0.31145833333333334 0.03888888888888889 0.0125
9 0.8175925925925926 0.30572916666666666 0.012962962962962964 0.013541666666666667
9 0.9231481481481482 0.3072916666666667 0.009259259259259259 0.014583333333333334
9 0.950925925925926 0.296875 0.012962962962962964 0.010416666666666666
9 0.8685185185185186 0.25104166666666666 0.007407407407407408 0.008333333333333333
9 0.8425925925925927 0.26197916666666665 0.007407407407407408 0.009375
9 0.8796296296296297 0.21145833333333333 0.007407407407407408 0.008333333333333333
9 0.8925925925925926 0.21041666666666667 0.007407407407407408 0.008333333333333333
9 0.9055555555555556 0.209375 0.011111111111111112 0.008333333333333333
9 0.8231481481481482 0.25104166666666666 0.009259259259259259 0.008333333333333333
1 0.24722222222222223 0.5260416666666666 0.031481481481481485 0.029166666666666667
9 0.8055555555555556 0.29010416666666666 0.007407407407407408 0.011458333333333333
1 0.8064814814814815 0.284375 0.012962962962962964 0.008333333333333333
