3 0.11944444444444445 0.46640624999999997 0.12962962962962962 0.04635416666666667
3 0.02592592592592593 0.42916666666666664 0.053703703703703705 0.0375
3 0.01712962962962963 0.36614583333333334 0.036111111111111115 0.027083333333333334
3 0.11064814814814815 0.3372395833333333 0.10092592592592593 0.027604166666666666
3 0.20370370370370372 0.31536458333333334 0.08703703703703704 0.024479166666666666
3 0.3027777777777778 0.334375 0.08333333333333334 0.027083333333333334
3 0.4601851851851852 0.34921875 0.07592592592592592 0.028645833333333332
3 0.45416666666666666 0.3221354166666667 0.07685185185185185 0.022395833333333334
3 0.3337962962962963 0.30572916666666666 0.075 0.022916666666666665
4 0.2986111111111111 0.2916666666666667 0.0638888888888889 0.025
3 0.3462962962962963 0.2778645833333333 0.07222222222222223 0.021354166666666667
3 0.4185185185185185 0.26328125 0.05925925925925926 0.018229166666666668
3 0.487962962962963 0.2864583333333333 0.061111111111111116 0.020833333333333332
3 0.5518518518518519 0.28802083333333334 0.061111111111111116 0.021875
3 0.6166666666666667 0.2875 0.04814814814814815 0.025
3 0.4712962962962963 0.24921875 0.053703703703703705 0.019270833333333334
3 0.5342592592592593 0.23697916666666666 0.05185185185185186 0.015625
3 0.5819444444444445 0.24088541666666666 0.04537037037037037 0.015104166666666667
4 0.6194444444444445 0.2484375 0.0462962962962963 0.017708333333333333
3 0.6560185185185186 0.2559895833333333 0.036111111111111115 0.0171875
3 0.6861111111111111 0.2622395833333333 0.0462962962962963 0.0203125
3 0.7328703703703704 0.23776041666666667 0.04351851851851852 0.01614583333333333
3 0.6962962962962963 0.22552083333333334 0.040740740740740744 0.016666666666666666
3 0.5773148148148148 0.22526041666666666 0.04722222222222222 0.0140625
3 0.612037037037037 0.21510416666666665 0.044444444444444446 0.013541666666666667
3 0.6550925925925927 0.20781249999999998 0.03796296296296296 0.013541666666666667
3 0.6833333333333333 0.20260416666666667 0.03333333333333333 0.011458333333333333
3 0.7097222222222223 0.19401041666666666 0.036111111111111115 0.0109375
3 0.7620370370370371 0.20885416666666667 0.03333333333333333 0.0125
3 0.8125 0.20885416666666667 0.032407407407407406 0.011458333333333333
4 0.7546296296296297 0.19479166666666667 0.031481481481481485 0.014583333333333334
3 0.7398148148148148 0.1859375 0.03333333333333333 0.010416666666666666
3 0.7587962962962963 0.18072916666666666 0.03425925925925926 0.0125
3 0.7851851851851852 0.17526041666666667 0.02777777777777778 0.009895833333333333
5 0.8162037037037038 0.17421875 0.03796296296296296 0.021354166666666667
3 0.875925925925926 0.175 0.02592592592592593 0.009375
3 0.9231481481481482 0.16223958333333333 0.024074074074074074 0.008854166666666666
3 0.9092592592592593 0.15572916666666667 0.022222222222222223 0.008333333333333333
3 1.5805555555555557 0.17786458333333333 0.02962962962962963 0.009895833333333333
3 1.587037037037037 0.17552083333333332 0.02962962962962963 0.009375
3 1.5300925925925926 0.17473958333333334 0.030555555555555558 0.0078125
4 1.487962962962963 0.171875 0.03333333333333333 0.009375
8 1.5138888888888888 0.16692708333333334 0.08888888888888889 0.019270833333333334
3 1.4402777777777778 0.1703125 0.036111111111111115 0.009375
5 1.3782407407407409 0.16588541666666667 0.058333333333333334 0.0140625
3 1.400462962962963 0.16666666666666666 0.026851851851851852 0.007291666666666667
3 1.4092592592592592 0.16432291666666665 0.02777777777777778 0.0078125
3 1.3435185185185186 0.16380208333333332 0.03333333333333333 0.0078125
3 1.3305555555555557 0.16197916666666667 0.02777777777777778 0.007291666666666667
3 1.3069444444444445 0.16458333333333333 0.028703703703703703 0.007291666666666667
3 1.2921296296296296 0.16145833333333334 0.03425925925925926 0.007291666666666667
3 1.2833333333333334 0.159375 0.031481481481481485 0.007291666666666667
6 1.262962962962963 0.16197916666666667 0.024074074074074074 0.009375
4 1.2439814814814816 0.15833333333333333 0.036111111111111115 0.009375
3 1.214351851851852 0.16067708333333333 0.025 0.005729166666666666
3 1.224074074074074 0.15625 0.02777777777777778 0.00625
3 1.1712962962962963 0.15807291666666667 0.03518518518518519 0.0067708333333333336
3 1.1870370370370371 0.15598958333333332 0.02592592592592593 0.0067708333333333336
3 1.1671296296296296 0.15416666666666667 0.030555555555555558 0.00625
4 1.125925925925926 0.14791666666666667 0.02962962962962963 0.008333333333333333
4 0.14212962962962963 0.24427083333333333 0.062037037037037036 0.021875
4 0.19166666666666668 0.22343749999999998 0.06666666666666667 0.020833333333333332
3 0.32175925925925924 0.22473958333333333 0.058333333333333334 0.0171875
3 0.39166666666666666 0.2046875 0.04814814814814815 0.014583333333333334
3 0.37592592592592594 0.19609375 0.044444444444444446 0.015104166666666667
3 0.4166666666666667 0.18151041666666667 0.040740740740740744 0.011979166666666666
3 0.5115740740740741 0.17395833333333333 0.03796296296296296 0.014583333333333334
3 0.5513888888888889 0.18307291666666667 0.03796296296296296 0.013020833333333334
4 0.4537037037037037 0.20026041666666666 0.04259259259259259 0.018229166666666668
3 0.6518518518518519 0.16744791666666667 0.02962962962962963 0.0109375
3 0.6523148148148148 0.15026041666666667 0.028703703703703703 0.0109375
5 0.6856481481481482 0.14713541666666666 0.05092592592592593 0.024479166666666666
3 0.737037037037037 0.14270833333333333 0.02592592592592593 0.009375
3 0.7541666666666667 0.13463541666666667 0.02314814814814815 0.0078125
5 0.8018518518518519 0.13411458333333334 0.04259259259259259 0.022395833333333334
3 0.7856481481481482 0.12916666666666665 0.019444444444444445 0.008333333333333333
5 0.8162037037037038 0.1265625 0.03425925925925926 0.013541666666666667
3 0.7740740740740741 0.12109375 0.02592592592592593 0.0078125
1 0.8023148148148148 0.11666666666666667 0.006481481481481482 0.005208333333333333
9 0.8027777777777778 0.12083333333333333 0.009259259259259259 0.003125
3 0.2212962962962963 0.12161458333333333 0.044444444444444446 0.0109375
3 0.2087962962962963 0.11328125 0.03981481481481482 0.0078125
3 0.23564814814814816 0.1171875 0.03425925925925926 0.007291666666666667
3 0.2490740740740741 0.1203125 0.031481481481481485 0.009375
3 0.2569444444444445 0.11614583333333334 0.030555555555555558 0.008333333333333333
3 0.29444444444444445 0.1171875 0.03518518518518519 0.009375
3 0.30648148148148147 0.12057291666666667 0.03888888888888889 0.008854166666666666
3 0.3078703703703704 0.12369791666666667 0.036111111111111115 0.009895833333333333
3 0.27314814814814814 0.12421875 0.037037037037037035 0.008854166666666666
3 0.32962962962962966 0.12838541666666667 0.03888888888888889 0.008854166666666666
4 0.34814814814814815 0.1203125 0.03518518518518519 0.010416666666666666
3 0.3601851851851852 0.12578125 0.03333333333333333 0.009895833333333333
3 0.3842592592592593 0.1296875 0.03333333333333333 0.008333333333333333
3 0.4 0.1265625 0.02962962962962963 0.008333333333333333
3 0.4342592592592593 0.13307291666666665 0.037037037037037035 0.008854166666666666
3 0.4861111111111111 0.1359375 0.031481481481481485 0.008333333333333333
3 0.42453703703703705 0.12890625 0.030555555555555558 0.0078125
3 0.45092592592592595 0.12864583333333332 0.02777777777777778 0.008333333333333333
3 0.46851851851851856 0.128125 0.02777777777777778 0.007291666666666667
3 0.5199074074074074 0.12994791666666666 0.03425925925925926 0.009895833333333333
4 0.48194444444444445 0.13072916666666667 0.03425925925925926 0.008333333333333333
4 0.500462962962963 0.13020833333333334 0.03425925925925926 0.010416666666666666
5 0.41712962962962963 0.12265625 0.05092592592592593 0.0140625
3 0.39490740740740743 0.14661458333333333 0.025 0.009895833333333333
3 1.5333333333333334 0.18255208333333334 0.03888888888888889 0.008854166666666666
3 1.0282407407407408 0.14244791666666667 0.019444444444444445 0.0078125
3 1.0537037037037038 0.13880208333333333 0.018518518518518517 0.0067708333333333336
3 1.1037037037037039 0.13151041666666666 0.016666666666666666 0.0067708333333333336
3 0.9981481481481482 0.14088541666666665 0.016666666666666666 0.008854166666666666
3 0.9662037037037038 0.13880208333333333 0.017592592592592594 0.0067708333333333336
3 1.0486111111111112 0.12994791666666666 0.01388888888888889 0.0067708333333333336
3 1.024537037037037 0.12473958333333333 0.017592592592592594 0.0078125
3 1.0722222222222222 0.12708333333333333 0.014814814814814815 0.007291666666666667
3 1.0671296296296298 0.12057291666666667 0.01388888888888889 0.0067708333333333336
3 1.0824074074074075 0.11458333333333333 0.012962962962962964 0.005208333333333333
3 1.0791666666666666 0.10963541666666667 0.012037037037037037 0.005729166666666666
4 0.9111111111111111 0.12317708333333333 0.018518518518518517 0.008854166666666666
3 0.9236111111111112 0.12291666666666666 0.01388888888888889 0.00625
3 0.9393518518518519 0.11927083333333333 0.015740740740740743 0.00625
3 0.9476851851851852 0.11692708333333333 0.010185185185185186 0.0046875
3 0.9268518518518519 0.11640625 0.014814814814814815 0.0067708333333333336
3 0.8666666666666667 0.11614583333333334 0.022222222222222223 0.008333333333333333
5 0.8745370370370371 0.12161458333333333 0.032407407407407406 0.018229166666666668
3 0.9175925925925926 0.11171874999999999 0.014814814814814815 0.0067708333333333336
3 0.9041666666666667 0.11015625 0.017592592592592594 0.0067708333333333336
3 0.913425925925926 0.10494791666666667 0.01388888888888889 0.0046875
3 0.9495370370370371 0.11223958333333334 0.01388888888888889 0.0067708333333333336
3 0.9421296296296297 0.10833333333333334 0.01388888888888889 0.00625
3 0.9342592592592593 0.10598958333333333 0.012962962962962964 0.005729166666666666
3 0.9810185185185185 0.11197916666666667 0.017592592592592594 0.00625
3 0.9796296296296296 0.10625 0.014814814814814815 0.00625
3 0.9745370370370371 0.10338541666666666 0.01388888888888889 0.0067708333333333336
3 0.9726851851851852 0.096875 0.012037037037037037 0.005208333333333333
3 1.0087962962962964 0.09661458333333334 0.012037037037037037 0.0046875
3 1.1194444444444445 0.10546875 0.009259259259259259 0.0046875
3 1.1180555555555556 0.09973958333333333 0.010185185185185186 0.0046875
3 1.0949074074074074 0.10104166666666667 0.012037037037037037 0.004166666666666667
4 1.112962962962963 0.09609375 0.009259259259259259 0.0046875
3 1.1342592592592593 0.10208333333333333 0.009259259259259259 0.004166666666666667
4 1.1402777777777777 0.09895833333333333 0.008333333333333333 0.005208333333333333
4 1.1324074074074075 0.09635416666666667 0.009259259259259259 0.005208333333333333
4 1.1481481481481481 0.0921875 0.009259259259259259 0.004166666666666667
3 1.1625 0.08854166666666667 0.008333333333333333 0.004166666666666667
3 1.1685185185185185 0.0875 0.007407407407407408 0.003125
3 1.1685185185185185 0.08541666666666667 0.007407407407407408 0.004166666666666667
3 1.1847222222222222 0.08567708333333333 0.008333333333333333 0.0036458333333333334
3 1.1833333333333333 0.08046875 0.005555555555555556 0.0036458333333333334
4 1.1935185185185186 0.08177083333333333 0.007407407407407408 0.004166666666666667
4 1.200925925925926 0.08072916666666667 0.005555555555555556 0.004166666666666667
3 1.188425925925926 0.0765625 0.006481481481481482 0.003125
3 1.1990740740740742 0.07578125 0.005555555555555556 0.0026041666666666665
4 1.213425925925926 0.07578125 0.006481481481481482 0.0036458333333333334
