3 0.7294117647058823 0.15 0.03137254901960784 0.007352941176470588
3 0.7529411764705882 0.14595588235294119 0.0261437908496732 0.006617647058823529
3 0.757516339869281 0.15073529411764705 0.027450980392156862 0.008823529411764706
3 0.7627450980392156 0.15330882352941178 0.01699346405228758 0.006617647058823529
3 0.7732026143790849 0.14669117647058824 0.01437908496732026 0.006617647058823529
3 0.788235294117647 0.14705882352941177 0.0130718954248366 0.007352941176470588
3 0.7620915032679738 0.1536764705882353 0.01568627450980392 0.0058823529411764705
3 0.7522875816993464 0.15919117647058822 0.0196078431372549 0.008088235294117646
8 0.8130718954248366 0.13676470588235293 0.02091503267973856 0.014705882352941176
3 0.8385620915032679 0.12867647058823528 0.00915032679738562 0.004411764705882353
3 0.8405228758169934 0.14080882352941176 0.01045751633986928 0.006617647058823529
3 0.8215686274509804 0.1474264705882353 0.01437908496732026 0.006617647058823529
3 0.7980392156862745 0.15294117647058825 0.01437908496732026 0.008823529411764706
3 0.7901960784313725 0.15808823529411764 0.01699346405228758 0.007352941176470588
3 0.7895424836601307 0.1636029411764706 0.01830065359477124 0.009558823529411765
3 0.7758169934640522 0.17169117647058824 0.0196078431372549 0.009558823529411765
4 0.7771241830065359 0.17720588235294119 0.01699346405228758 0.011764705882352941
3 0.7699346405228757 0.18860294117647058 0.02091503267973856 0.011029411764705881
3 0.8261437908496732 0.1488970588235294 0.0130718954248366 0.006617647058823529
3 0.8274509803921568 0.15330882352941178 0.01568627450980392 0.006617647058823529
3 0.8215686274509804 0.15625 0.01699346405228758 0.006617647058823529
3 0.8209150326797385 0.1610294117647059 0.01568627450980392 0.007352941176470588
3 0.8137254901960784 0.16875 0.01699346405228758 0.008088235294117646
3 0.8104575163398692 0.17573529411764705 0.01830065359477124 0.008823529411764706
3 0.8052287581699346 0.18860294117647058 0.023529411764705882 0.011029411764705881
3 0.7869281045751634 0.20625 0.023529411764705882 0.013970588235294117
3 0.8457516339869281 0.18345588235294116 0.01830065359477124 0.011029411764705881
3 0.8549019607843137 0.13897058823529412 0.0130718954248366 0.007352941176470588
3 0.8529411764705882 0.14669117647058824 0.01437908496732026 0.009558823529411765
3 0.9196078431372549 0.1349264705882353 0.011764705882352941 0.005147058823529412
3 0.9392156862745097 0.13419117647058823 0.011764705882352941 0.005147058823529412
4 0.9627450980392156 0.13198529411764706 0.027450980392156862 0.006617647058823529
4 0.9647058823529411 0.13345588235294117 0.02091503267973856 0.005147058823529412
3 0.9718954248366012 0.16066176470588234 0.01437908496732026 0.006617647058823529
8 0.9849673202614379 0.17058823529411765 0.0326797385620915 0.020588235294117647
3 0.9588235294117646 0.1713235294117647 0.0196078431372549 0.008823529411764706
3 0.9339869281045751 0.17610294117647057 0.0196078431372549 0.008088235294117646
4 1.0196078431372548 0.16323529411764706 0.03398692810457516 0.008823529411764706
9 1.6594771241830064 0.3738970588235294 0.043137254901960784 0.016911764705882352
6 1.6254901960784314 0.3628676470588235 0.06405228758169934 0.01838235294117647
3 1.2973856209150325 0.33125 0.10065359477124182 0.022794117647058822
9 1.5176470588235293 0.32279411764705884 0.04444444444444444 0.013235294117647059
9 1.5013071895424837 0.31433823529411764 0.043137254901960784 0.013970588235294117
4 1.45359477124183 0.28602941176470587 0.09673202614379084 0.023529411764705882
3 1.4241830065359475 0.2772058823529412 0.07973856209150326 0.016176470588235292
3 1.4326797385620913 0.2713235294117647 0.08104575163398692 0.01764705882352941
3 1.4235294117647057 0.2665441176470588 0.0784313725490196 0.01838235294117647
3 1.3601307189542482 0.22536764705882353 0.043137254901960784 0.013970588235294117
3 1.3130718954248366 0.22573529411764706 0.043137254901960784 0.014705882352941176
3 1.4973856209150325 0.17977941176470588 0.0326797385620915 0.009558823529411765
3 1.1215686274509804 0.1900735294117647 0.04444444444444444 0.009558823529411765
3 1.175816993464052 0.19558823529411765 0.04836601307189542 0.010294117647058823
3 1.1366013071895424 0.24227941176470588 0.04052287581699346 0.013970588235294117
3 1.249673202614379 0.23051470588235293 0.03398692810457516 0.0125
4 1.2326797385620913 0.24558823529411763 0.054901960784313725 0.032352941176470584
1 0.9588235294117646 0.18933823529411764 0.0065359477124183 0.008088235294117646
3 0.9117647058823529 0.19558823529411765 0.02222222222222222 0.010294117647058823
3 0.9209150326797385 0.21176470588235294 0.027450980392156862 0.011764705882352941
3 0.9477124183006536 0.19816176470588234 0.023529411764705882 0.011029411764705881
4 0.9725490196078431 0.20845588235294119 0.0261437908496732 0.015441176470588236
3 1.0058823529411764 0.23308823529411765 0.03006535947712418 0.013235294117647059
9 1.0620915032679739 0.2375 0.011764705882352941 0.008823529411764706
1 1.0627450980392157 0.23566176470588235 0.01045751633986928 0.0125
9 1.069281045751634 0.2323529411764706 0.00784313725490196 0.008823529411764706
1 1.0712418300653594 0.22977941176470587 0.00915032679738562 0.009558823529411765
3 0.9457516339869281 0.2286764705882353 0.027450980392156862 0.016176470588235292
3 1.037908496732026 0.2863970588235294 0.0392156862745098 0.01838235294117647
6 0.8555555555555555 0.21948529411764706 0.02483660130718954 0.009558823529411765
1 0.8516339869281045 0.21580882352941178 0.00915032679738562 0.009558823529411765
3 0.8549019607843137 0.2088235294117647 0.04183006535947712 0.014705882352941176
3 0.8869281045751634 0.23860294117647057 0.03006535947712418 0.015441176470588236
3 0.8888888888888888 0.2514705882352941 0.03137254901960784 0.014705882352941176
3 0.8901960784313725 0.2676470588235294 0.03660130718954248 0.01911764705882353
3 0.8999999999999999 0.28455882352941175 0.04052287581699346 0.022058823529411763
3 0.9019607843137254 0.3058823529411765 0.04183006535947712 0.020588235294117647
5 0.8947712418300653 0.3272058823529412 0.05620915032679738 0.044117647058823525
3 0.8928104575163398 0.37426470588235294 0.04967320261437908 0.027941176470588233
4 0.6503267973856208 0.17720588235294119 0.02222222222222222 0.011764705882352941
4 0.6261437908496732 0.1738970588235294 0.02875816993464052 0.016911764705882352
3 0.5941176470588235 0.18051470588235294 0.027450980392156862 0.011029411764705881
9 0.7810457516339869 0.25 0.00915032679738562 0.010294117647058823
1 0.7810457516339869 0.24669117647058822 0.00915032679738562 0.0125
3 0.7712418300653594 0.29963235294117646 0.0392156862745098 0.02426470588235294
3 0.6993464052287581 0.3327205882352941 0.04967320261437908 0.028676470588235293
3 0.6470588235294117 0.2172794117647059 0.0522875816993464 0.013970588235294117
3 0.6660130718954248 0.23823529411764705 0.03790849673202614 0.01764705882352941
1 0.6980392156862745 0.23088235294117646 0.01045751633986928 0.011764705882352941
2 0.6973856209150326 0.23345588235294118 0.011764705882352941 0.009558823529411765
9 0.6797385620915032 0.2676470588235294 0.01045751633986928 0.011764705882352941
1 0.680392156862745 0.2636029411764706 0.011764705882352941 0.0125
2 0.6006535947712418 0.30625 0.00915032679738562 0.015441176470588236
1 0.6013071895424836 0.30220588235294116 0.0130718954248366 0.014705882352941176
3 0.5248366013071895 0.3272058823529412 0.05359477124183006 0.027941176470588233
3 0.4620915032679738 0.37022058823529413 0.07450980392156863 0.03602941176470588
9 0.43006535947712415 0.4540441176470588 0.02875816993464052 0.02426470588235294
1 0.42810457516339867 0.44485294117647056 0.02222222222222222 0.023529411764705882
3 0.3784313725490196 0.4305147058823529 0.10326797385620914 0.05220588235294118
5 0.1045751633986928 0.42867647058823527 0.13856209150326795 0.047058823529411764
3 0.16862745098039214 0.4047794117647059 0.14901960784313725 0.03455882352941177
3 0.1411764705882353 0.3735294117647059 0.08888888888888888 0.033823529411764704
3 0.23202614379084965 0.32536764705882354 0.0718954248366013 0.028676470588235293
3 0.03594771241830065 0.3176470588235294 0.07450980392156863 0.022058823529411763
9 0.07254901960784313 0.28051470588235294 0.03529411764705882 0.009558823529411765
1 0.06862745098039215 0.2727941176470588 0.011764705882352941 0.010294117647058823
1 0.09281045751633986 0.2761029411764706 0.01568627450980392 0.009558823529411765
9 0.12352941176470587 0.2738970588235294 0.02483660130718954 0.008088235294117646
6 0.13137254901960782 0.26948529411764705 0.04836601307189542 0.011029411764705881
9 0.19673202614379084 0.24485294117647058 0.0326797385620915 0.011764705882352941
9 0.21437908496732025 0.23419117647058824 0.023529411764705882 0.009558823529411765
3 0.21437908496732025 0.22095588235294117 0.0522875816993464 0.013970588235294117
3 0.3150326797385621 0.30477941176470585 0.09934640522875816 0.022794117647058822
3 0.33921568627450976 0.2926470588235294 0.10065359477124182 0.023529411764705882
3 0.32679738562091504 0.2738970588235294 0.0915032679738562 0.01838235294117647
3 0.3908496732026144 0.2613970588235294 0.08366013071895424 0.016911764705882352
3 0.5326797385620915 0.25 0.06928104575163398 0.016176470588235292
3 0.5320261437908497 0.24191176470588235 0.07581699346405228 0.01764705882352941
3 0.5470588235294117 0.23713235294117646 0.07450980392156863 0.016911764705882352
3 0.5562091503267973 0.23051470588235293 0.06143790849673202 0.015441176470588236
3 0.2915032679738562 0.2580882352941176 0.08627450980392157 0.01764705882352941
3 0.3627450980392157 0.23345588235294118 0.06666666666666667 0.013970588235294117
1 0.3503267973856209 0.2227941176470588 0.00784313725490196 0.011764705882352941
3 0.40392156862745093 0.22720588235294117 0.06274509803921569 0.013235294117647059
1 0.4568627450980392 0.22095588235294117 0.01437908496732026 0.008088235294117646
3 0.4549019607843137 0.20845588235294119 0.06013071895424836 0.011029411764705881
3 0.5006535947712418 0.20294117647058824 0.05751633986928104 0.010294117647058823
3 0.49803921568627446 0.19522058823529412 0.054901960784313725 0.011029411764705881
4 0.44771241830065356 0.18713235294117647 0.05620915032679738 0.011029411764705881
3 0.4156862745098039 0.18161764705882352 0.0261437908496732 0.010294117647058823
3 0.518954248366013 0.1827205882352941 0.03660130718954248 0.009558823529411765
3 0.5196078431372548 0.18933823529411764 0.05359477124183006 0.011029411764705881
6 0.569281045751634 0.1860294117647059 0.03006535947712418 0.008823529411764706
1 0.5751633986928104 0.18419117647058822 0.00784313725490196 0.006617647058823529
