3 0.7902777777777779 0.37526041666666665 0.09351851851851853 0.04739583333333333
3 1.0796296296296297 0.46979166666666666 0.15185185185185185 0.08125
3 0.8245370370370371 0.3455729166666667 0.06574074074074074 0.0265625
3 1.0546296296296296 0.4231770833333333 0.11111111111111112 0.057812499999999996
3 1.0208333333333335 0.3921875 0.08796296296296297 0.04375
3 1.0203703703703704 0.36614583333333334 0.07777777777777778 0.028125
3 1.0166666666666666 0.35260416666666666 0.06481481481481481 0.025
3 1.011111111111111 0.34453125 0.05 0.022395833333333334
3 1.0041666666666667 0.33489583333333334 0.05092592592592593 0.029166666666666667
3 0.9208333333333334 0.29661458333333335 0.026851851851851852 0.011979166666666666
3 0.5773148148148148 0.36822916666666666 0.10648148148148148 0.04375
3 0.7782407407407408 0.31927083333333334 0.03981481481481482 0.019791666666666666
3 0.8222222222222223 0.31588541666666664 0.040740740740740744 0.015104166666666667
3 0.8416666666666667 0.3091145833333333 0.03518518518518519 0.0140625
3 0.8689814814814815 0.296875 0.025 0.008333333333333333
3 0.8787037037037038 0.29375 0.020370370370370372 0.009375
3 0.9861111111111112 0.325 0.037037037037037035 0.016666666666666666
3 0.9837962962962963 0.31953125 0.03981481481481482 0.018229166666666668
3 0.9819444444444445 0.31640625 0.03981481481481482 0.018229166666666668
3 0.9787037037037037 0.30807291666666664 0.03888888888888889 0.018229166666666668
2 0.2240740740740741 0.45807291666666666 0.06296296296296297 0.044270833333333336
2 0.49074074074074076 0.44869791666666664 0.04259259259259259 0.05364583333333333
2 0.9194444444444445 0.4549479166666667 0.04259259259259259 0.05364583333333333
2 0.9333333333333333 0.38697916666666665 0.02777777777777778 0.030208333333333334
2 0.9222222222222223 0.3729166666666667 0.02777777777777778 0.030208333333333334
2 0.9430555555555556 0.36666666666666664 0.025 0.025
2 0.9125000000000001 0.3640625 0.025 0.025
2 0.7041666666666667 0.3541666666666667 0.019444444444444445 0.020833333333333332
9 0.7740740740740741 0.5028645833333333 0.05 0.0703125
9 0.8064814814814815 0.4484375 0.044444444444444446 0.05
9 0.9180555555555556 0.32135416666666666 0.015740740740740743 0.014583333333333334
9 0.9453703703703704 0.3182291666666667 0.011111111111111112 0.010416666666666666
3 1.1328703703703704 0.5330729166666667 0.22685185185185186 0.057812499999999996
