5 0.2091503267973856 0.1323529411764706 0.0915032679738562 0.03823529411764706
3 0.4509803921568627 0.17316176470588235 0.04444444444444444 0.021323529411764706
4 0.5137254901960784 0.16580882352941176 0.03660130718954248 0.022794117647058822
3 0.8516339869281045 0.21691176470588236 0.043137254901960784 0.027941176470588233
5 0.9594771241830065 0.1698529411764706 0.07058823529411765 0.07058823529411765
5 0.6895424836601307 0.07610294117647058 0.04836601307189542 0.03602941176470588
5 0.7019607843137254 0.04926470588235294 0.0392156862745098 0.023529411764705882
5 0.6640522875816993 0.048161764705882355 0.0392156862745098 0.022794117647058822
3 0.9143790849673202 0.22352941176470587 0.043137254901960784 0.027941176470588233
3 0.8274509803921568 0.15625 0.03660130718954248 0.021323529411764706
3 0.8470588235294118 0.10183823529411765 0.03137254901960784 0.013970588235294117
3 0.8444444444444443 0.07904411764705882 0.0261437908496732 0.011029411764705881
3 0.8901960784313725 0.07977941176470588 0.02091503267973856 0.011029411764705881
3 0.8522875816993464 0.06875 0.02091503267973856 0.011029411764705881
3 0.8503267973856209 0.05845588235294118 0.02222222222222222 0.011029411764705881
3 0.8503267973856209 0.04485294117647059 0.01699346405228758 0.008823529411764706
3 0.9013071895424836 0.05073529411764706 0.01699346405228758 0.008823529411764706
3 0.9274509803921568 0.05367647058823529 0.01699346405228758 0.008823529411764706
3 0.8830065359477124 0.04191176470588235 0.01699346405228758 0.008823529411764706
3 0.8738562091503267 0.03308823529411765 0.01699346405228758 0.008823529411764706
3 0.8738562091503267 0.027205882352941177 0.01699346405228758 0.008823529411764706
3 0.8699346405228757 0.01801470588235294 0.01437908496732026 0.008088235294117646
3 0.9117647058823529 0.06948529411764706 0.027450980392156862 0.011029411764705881
3 0.7908496732026143 0.0838235294117647 0.0261437908496732 0.014705882352941176
3 0.8065359477124182 0.07610294117647058 0.023529411764705882 0.009558823529411765
3 0.8130718954248366 0.02977941176470588 0.01830065359477124 0.009558823529411765
3 0.8235294117647058 0.026838235294117645 0.01830065359477124 0.009558823529411765
5 0.7738562091503267 0.06286764705882353 0.07320261437908496 0.019852941176470587
5 0.8078431372549019 0.04889705882352941 0.03137254901960784 0.016911764705882352
3 0.9385620915032679 0.04375 0.01568627450980392 0.009558823529411765
3 0.9712418300653594 0.039705882352941174 0.03398692810457516 0.008823529411764706
3 0.9712418300653594 0.045588235294117645 0.03398692810457516 0.008823529411764706
3 0.9705882352941175 0.05036764705882353 0.03529411764705882 0.009558823529411765
3 0.9522875816993464 0.033823529411764704 0.03529411764705882 0.008823529411764706
3 1.026143790849673 0.031985294117647056 0.03398692810457516 0.009558823529411765
3 0.9941176470588234 0.032352941176470584 0.01699346405228758 0.008823529411764706
5 0.9058823529411764 0.02426470588235294 0.02091503267973856 0.010294117647058823
1 0.9405228758169935 0.10735294117647058 0.011764705882352941 0.007352941176470588
3 0.90718954248366 0.02977941176470588 0.01568627450980392 0.008088235294117646
3 0.9411764705882353 0.030147058823529412 0.03398692810457516 0.008823529411764706
3 0.9444444444444444 0.027941176470588233 0.03529411764705882 0.008823529411764706
3 0.9366013071895424 0.022058823529411763 0.03006535947712418 0.008823529411764706
3 1.0156862745098039 0.025 0.02875816993464052 0.0058823529411764705
3 0.9999999999999999 0.022058823529411763 0.03137254901960784 0.007352941176470588
1 0.8836601307189542 0.02022058823529412 0.00784313725490196 0.005147058823529412
1 0.8372549019607842 0.016176470588235292 0.0065359477124183 0.0058823529411764705
1 0.896078431372549 0.03602941176470588 0.0065359477124183 0.0058823529411764705
1 0.9058823529411764 0.0375 0.01045751633986928 0.0058823529411764705
9 0.9058823529411764 0.041176470588235294 0.00784313725490196 0.007352941176470588
9 0.8980392156862744 0.0400735294117647 0.00784313725490196 0.008088235294117646
9 0.9418300653594771 0.1125 0.00915032679738562 0.008823529411764706
9 0.884313725490196 0.022058823529411763 0.0065359477124183 0.004411764705882353
9 0.8372549019607842 0.01875 0.0065359477124183 0.005147058823529412
3 1.026797385620915 0.0875 0.06143790849673202 0.014705882352941176
2 1.0666666666666667 0.10588235294117647 0.02091503267973856 0.007352941176470588
3 1.1137254901960782 0.10551470588235294 0.05751633986928104 0.013970588235294117
3 1.1679738562091502 0.2161764705882353 0.10326797385620914 0.023529411764705882
3 1.1215686274509804 0.1860294117647059 0.09411764705882353 0.016176470588235292
3 1.1215686274509804 0.17279411764705882 0.08627450980392157 0.014705882352941176
3 1.1137254901960782 0.16066176470588234 0.08366013071895424 0.015441176470588236
3 1.1091503267973855 0.14779411764705883 0.07973856209150326 0.01764705882352941
3 1.1862745098039216 0.12389705882352942 0.05359477124183006 0.013970588235294117
3 1.226143790849673 0.12720588235294117 0.06013071895424836 0.016176470588235292
3 1.2333333333333332 0.1386029411764706 0.050980392156862744 0.015441176470588236
2 1.2196078431372548 0.16580882352941176 0.01830065359477124 0.0125
2 1.233986928104575 0.1661764705882353 0.01830065359477124 0.013235294117647059
9 1.2490196078431373 0.1650735294117647 0.01699346405228758 0.013970588235294117
9 1.1862745098039216 0.10698529411764705 0.01437908496732026 0.008088235294117646
3 0.9699346405228757 0.10735294117647058 0.0261437908496732 0.014705882352941176
3 0.9751633986928104 0.10073529411764706 0.0261437908496732 0.014705882352941176
3 0.8470588235294118 0.39191176470588235 0.06797385620915032 0.06470588235294117
3 0.9862745098039215 0.4198529411764706 0.08235294117647059 0.06470588235294117
4 0.9490196078431372 0.3084558823529412 0.065359477124183 0.04338235294117647
1 1.3294117647058823 0.23308823529411765 0.01830065359477124 0.016176470588235292
9 1.3261437908496732 0.23529411764705882 0.0196078431372549 0.01764705882352941
3 1.2450980392156863 0.28161764705882353 0.13986928104575164 0.027941176470588233
3 1.3745098039215686 0.3738970588235294 0.16601307189542483 0.04338235294117647
4 1.2385620915032678 0.31691176470588234 0.15816993464052287 0.041176470588235294
3 1.5424836601307188 0.3058823529411765 0.10718954248366012 0.032352941176470584
3 1.4019607843137254 0.2349264705882353 0.10588235294117647 0.025735294117647058
3 1.3477124183006535 0.2036764705882353 0.09934640522875816 0.025
9 1.457516339869281 0.2485294117647059 0.04183006535947712 0.016176470588235292
9 1.530718954248366 0.24411764705882352 0.023529411764705882 0.01911764705882353
9 1.3666666666666665 0.19080882352941175 0.03529411764705882 0.011029411764705881
9 1.2797385620915032 0.16397058823529412 0.01830065359477124 0.013235294117647059
9 1.311764705882353 0.16323529411764706 0.01437908496732026 0.011764705882352941
9 1.3241830065359477 0.16397058823529412 0.01568627450980392 0.013235294117647059
4 1.468627450980392 0.5426470588235294 0.23398692810457514 0.03676470588235294
