3 0.7416666666666667 0.2911458333333333 0.12592592592592594 0.04375
4 0.9439814814814815 0.3380208333333333 0.11388888888888889 0.05416666666666667
3 1.0236111111111112 0.26197916666666665 0.062037037037037036 0.04583333333333333
9 1.4949074074074076 0.2895833333333333 0.02314814814814815 0.021875
1 1.4972222222222222 0.28932291666666665 0.020370370370370372 0.018229166666666668
1 1.4939814814814816 0.284375 0.021296296296296296 0.021875
4 1.3300925925925926 0.2203125 0.05277777777777778 0.03229166666666666
3 1.3092592592592593 0.1671875 0.040740740740740744 0.019791666666666666
3 1.288888888888889 0.13828125 0.037037037037037035 0.018229166666666668
3 1.2064814814814815 0.2596354166666667 0.07407407407407407 0.033854166666666664
8 1.6439814814814815 0.51328125 0.25277777777777777 0.0921875
