3 1.7268518518518519 0.5177083333333333 0.09814814814814815 0.04375
5 1.6703703703703705 0.4270833333333333 0.2111111111111111 0.06666666666666667
9 0.7000000000000001 0.459375 0.022222222222222223 0.022916666666666665
9 0.7388888888888889 0.4666666666666667 0.022222222222222223 0.027083333333333334
9 0.8907407407407407 0.4635416666666667 0.02592592592592593 0.027083333333333334
9 0.9546296296296297 0.3755208333333333 0.016666666666666666 0.019791666666666666
9 0.7620370370370371 0.3770833333333333 0.031481481481481485 0.016666666666666666
9 0.950925925925926 0.2296875 0.009259259259259259 0.009375
9 0.8824074074074074 0.2546875 0.009259259259259259 0.007291666666666667
9 0.9296296296296297 0.19479166666666667 0.007407407407407408 0.00625
1 0.700925925925926 0.44947916666666665 0.020370370370370372 0.019791666666666666
1 0.7388888888888889 0.45677083333333335 0.022222222222222223 0.02395833333333333
1 0.8898148148148148 0.4635416666666667 0.016666666666666666 0.020833333333333332
1 0.8898148148148148 0.4557291666666667 0.020370370370370372 0.021875
1 0.9546296296296297 0.37083333333333335 0.012962962962962964 0.020833333333333332
1 0.7592592592592593 0.371875 0.014814814814814815 0.01875
1 0.8824074074074074 0.2515625 0.009259259259259259 0.009375
1 0.950925925925926 0.22708333333333333 0.009259259259259259 0.008333333333333333
1 0.9296296296296297 0.19270833333333334 0.007407407407407408 0.00625
3 0.913888888888889 0.32447916666666665 0.04259259259259259 0.021875
6 0.9851851851851853 0.3151041666666667 0.018518518518518517 0.013541666666666667
1 0.9898148148148148 0.31145833333333334 0.012962962962962964 0.014583333333333334
3 0.549074074074074 0.4427083333333333 0.09814814814814815 0.029166666666666667
3 0.8240740740740741 0.28125 0.03333333333333333 0.020833333333333332
3 0.7842592592592593 0.25885416666666666 0.053703703703703705 0.015625
3 0.9314814814814815 0.2557291666666667 0.02962962962962963 0.015625
1 0.9750000000000001 0.2421875 0.009259259259259259 0.009375
3 0.9240740740740742 0.21666666666666667 0.018518518518518517 0.010416666666666666
6 0.9648148148148149 0.22447916666666667 0.011111111111111112 0.009375
1 0.9648148148148149 0.22291666666666665 0.007407407407407408 0.00625
2 0.9564814814814815 0.2125 0.009259259259259259 0.00625
9 0.9166666666666667 0.19322916666666667 0.003703703703703704 0.005208333333333333
1 0.9175925925925926 0.19114583333333332 0.005555555555555556 0.005208333333333333
