3 0.8726851851851852 0.20911458333333333 0.026851851851851852 0.015104166666666667
3 0.9074074074074074 0.20859375 0.02777777777777778 0.0140625
3 0.9472222222222223 0.20651041666666667 0.02592592592592593 0.011979166666666666
3 0.9041666666666667 0.29192708333333334 0.03796296296296296 0.025520833333333333
5 0.9694444444444444 0.2903645833333333 0.05740740740740741 0.04635416666666667
1 0.9550925925925926 0.2583333333333333 0.01388888888888889 0.010416666666666666
2 0.9537037037037037 0.26171875 0.020370370370370372 0.008854166666666666
2 1.049074074074074 0.2559895833333333 0.020370370370370372 0.0067708333333333336
1 1.050925925925926 0.25104166666666666 0.016666666666666666 0.013541666666666667
5 0.9587962962962964 0.5135416666666667 0.08240740740740742 0.075
3 0.11203703703703705 0.46171875 0.0962962962962963 0.0484375
