3 0.7486111111111111 0.4473958333333333 0.12685185185185185 0.06145833333333333
3 0.5435185185185185 0.41953124999999997 0.10185185185185186 0.050520833333333334
3 0.6824074074074075 0.39765625 0.09814814814814815 0.0359375
3 0.8578703703703704 0.39609375 0.075 0.0421875
3 0.8518518518518519 0.36640625 0.06296296296296297 0.030729166666666665
3 1.139351851851852 0.5151041666666667 0.20277777777777778 0.0875
3 0.8666666666666667 0.3424479166666667 0.044444444444444446 0.0203125
3 0.8106481481481482 0.3302083333333333 0.03425925925925926 0.015625
3 0.8893518518518518 0.3265625 0.032407407407407406 0.014583333333333334
3 0.8305555555555556 0.3223958333333333 0.037037037037037035 0.016666666666666666
3 1.0787037037037037 0.4552083333333333 0.12592592592592594 0.06041666666666667
3 1.0416666666666667 0.41901041666666666 0.09444444444444444 0.0453125
3 1.0212962962962964 0.39166666666666666 0.08888888888888889 0.041666666666666664
3 1.0125 0.3765625 0.06759259259259259 0.029166666666666667
3 0.9958333333333333 0.3653645833333333 0.058333333333333334 0.027604166666666666
3 0.9898148148148148 0.35390625 0.053703703703703705 0.021354166666666667
3 0.9898148148148148 0.34713541666666664 0.053703703703703705 0.021354166666666667
3 0.9726851851851852 0.3296875 0.03796296296296296 0.015625
2 0.9476851851851852 0.39817708333333335 0.021296296296296296 0.028645833333333332
2 0.7837962962962963 0.3734375 0.02314814814814815 0.022916666666666665
2 0.9532407407407407 0.3684895833333333 0.019444444444444445 0.018229166666666668
2 0.9361111111111111 0.34348958333333335 0.011111111111111112 0.01614583333333333
2 0.9342592592592593 0.32890625 0.012962962962962964 0.0109375
9 0.5805555555555556 0.39817708333333335 0.04814814814814815 0.0359375
2 0.9518518518518518 0.3377604166666667 0.009259259259259259 0.0109375
4 1.2462962962962962 0.53984375 0.22777777777777777 0.044270833333333336
3 0.7425925925925926 0.36875 0.07222222222222223 0.03229166666666666
3 0.7055555555555556 0.34401041666666665 0.10925925925925926 0.028645833333333332
