2 0.8462962962962963 0.140625 0.011111111111111112 0.010416666666666666
1 0.8453703703703704 0.13697916666666665 0.012962962962962964 0.011458333333333333
2 0.8305555555555556 0.14322916666666666 0.012962962962962964 0.011458333333333333
1 0.8314814814814815 0.13854166666666667 0.011111111111111112 0.0125
9 0.7796296296296297 0.14270833333333333 0.011111111111111112 0.010416666666666666
1 0.7796296296296297 0.13802083333333334 0.014814814814814815 0.011458333333333333
3 0.6759259259259259 0.171875 0.037037037037037035 0.022916666666666665
4 0.6824074074074075 0.15729166666666666 0.03888888888888889 0.022916666666666665
3 0.9009259259259259 0.12864583333333332 0.031481481481481485 0.017708333333333333
3 0.6842592592592592 0.14427083333333332 0.031481481481481485 0.017708333333333333
3 0.6925925925925926 0.13645833333333332 0.03333333333333333 0.01875
5 0.7768518518518519 0.16875 0.04259259259259259 0.04583333333333333
1 0.8648148148148148 0.22343749999999998 0.014814814814814815 0.013541666666666667
1 0.8648148148148148 0.2171875 0.014814814814814815 0.015625
9 0.8657407407407408 0.22447916666666667 0.016666666666666666 0.015625
9 0.8870370370370371 0.21614583333333334 0.014814814814814815 0.015625
9 0.8990740740740741 0.20677083333333332 0.012962962962962964 0.013541666666666667
1 0.8870370370370371 0.21510416666666665 0.014814814814814815 0.013541666666666667
1 0.8861111111111112 0.21041666666666667 0.012962962962962964 0.016666666666666666
1 0.8981481481481481 0.20052083333333334 0.011111111111111112 0.013541666666666667
1 0.8990740740740741 0.20364583333333333 0.009259259259259259 0.013541666666666667
1 0.7666666666666667 0.26875 0.018518518518518517 0.022916666666666665
9 0.7666666666666667 0.27708333333333335 0.018518518518518517 0.022916666666666665
6 0.9009259259259259 0.27447916666666666 0.02777777777777778 0.02395833333333333
1 0.9 0.2671875 0.022222222222222223 0.021875
1 0.3962962962962963 0.3328125 0.022222222222222223 0.021875
5 1.125925925925926 0.090625 0.08148148148148149 0.01875
1 1.1416666666666666 0.1125 0.009259259259259259 0.010416666666666666
1 1.1296296296296298 0.11197916666666667 0.014814814814814815 0.009375
1 1.113888888888889 0.10989583333333333 0.016666666666666666 0.011458333333333333
1 1.1796296296296296 0.11041666666666666 0.011111111111111112 0.00625
4 1.0407407407407407 0.27708333333333335 0.07037037037037037 0.04375
3 1.025925925925926 0.309375 0.13333333333333333 0.041666666666666664
3 0.8935185185185186 0.32760416666666664 0.07592592592592592 0.051041666666666666
3 0.8194444444444445 0.2817708333333333 0.06851851851851852 0.053125
3 0.7898148148148149 0.36041666666666666 0.07962962962962963 0.07083333333333333
9 0.5935185185185186 0.31875 0.06851851851851852 0.020833333333333332
9 0.6064814814814815 0.30052083333333335 0.06851851851851852 0.021875
9 0.5768518518518518 0.3442708333333333 0.05 0.028125
9 0.5527777777777778 0.3515625 0.07592592592592592 0.028125
9 0.5333333333333333 0.38645833333333335 0.07037037037037037 0.027083333333333334
9 0.41944444444444445 0.40572916666666664 0.061111111111111116 0.028125
9 0.9750000000000001 0.378125 0.031481481481481485 0.035416666666666666
1 0.9722222222222222 0.37395833333333334 0.02962962962962963 0.025
1 0.9768518518518519 0.37083333333333335 0.031481481481481485 0.029166666666666667
1 0.7611111111111112 0.30572916666666666 0.02592592592592593 0.030208333333333334
1 0.7000000000000001 0.3729166666666667 0.022222222222222223 0.029166666666666667
1 0.6611111111111111 0.43333333333333335 0.03333333333333333 0.041666666666666664
1 0.712037037037037 0.40572916666666664 0.031481481481481485 0.034375
1 0.712962962962963 0.3421875 0.02592592592592593 0.019791666666666666
1 0.7157407407407408 0.3411458333333333 0.03888888888888889 0.028125
9 0.7111111111111111 0.35260416666666666 0.02962962962962963 0.02395833333333333
9 0.35185185185185186 0.49374999999999997 0.08148148148148149 0.03958333333333333
3 0.5648148148148149 0.4979166666666667 0.12962962962962962 0.10625
3 1.2 0.5151041666666667 0.15185185185185185 0.09270833333333334
9 1.0972222222222223 0.5203125 0.03518518518518519 0.04479166666666667
9 1.0166666666666666 0.48020833333333335 0.04814814814814815 0.041666666666666664
9 0.9342592592592593 0.47760416666666666 0.03888888888888889 0.04479166666666667
1 1.0962962962962963 0.5098958333333333 0.037037037037037035 0.042708333333333334
1 1.0175925925925926 0.475 0.03888888888888889 0.04375
1 0.937962962962963 0.47604166666666664 0.03888888888888889 0.027083333333333334
1 0.9333333333333333 0.4630208333333333 0.037037037037037035 0.030208333333333334
9 1.5564814814814816 0.2765625 0.0462962962962963 0.02395833333333333
1 1.5611111111111111 0.27239583333333334 0.02592592592592593 0.02395833333333333
9 1.3546296296296296 0.22864583333333333 0.05 0.017708333333333333
1 0.22222222222222224 0.5447916666666667 0.037037037037037035 0.022916666666666665
9 1.2435185185185185 0.17708333333333334 0.04259259259259259 0.01875
