3 0.1549019607843137 0.0875 0.07973856209150326 0.03676470588235294
3 0.6692810457516339 0.11654411764705883 0.07320261437908496 0.01838235294117647
3 0.6549019607843137 0.2841911764705882 0.07581699346405228 0.03602941176470588
3 0.9065359477124182 0.21360294117647058 0.07450980392156863 0.028676470588235293
3 0.926797385620915 0.25 0.08104575163398692 0.032352941176470584
3 0.9477124183006536 0.31580882352941175 0.07581699346405228 0.03308823529411765
3 1.1078431372549018 0.3474264705882353 0.06928104575163398 0.03161764705882353
3 1.3052287581699344 0.45 0.06928104575163398 0.032352941176470584
5 1.2450980392156863 0.2922794117647059 0.06666666666666667 0.05514705882352941
3 1.0601307189542484 0.5426470588235294 0.07581699346405228 0.025
3 0.6202614379084966 0.5422794117647058 0.05359477124183006 0.0375
3 1.088235294117647 0.052941176470588235 0.06143790849673202 0.039705882352941174
3 1.5437908496732025 0.1264705882352941 0.054901960784313725 0.04264705882352941
1 0.04183006535947712 0.1588235294117647 0.02091503267973856 0.010294117647058823
9 0.0522875816993464 0.16286764705882353 0.02091503267973856 0.011029411764705881
1 1.3437908496732025 0.19522058823529412 0.01568627450980392 0.008088235294117646
9 1.3385620915032679 0.19669117647058823 0.0261437908496732 0.0125
1 1.2294117647058822 0.15625 0.011764705882352941 0.005147058823529412
9 1.2294117647058822 0.1547794117647059 0.0196078431372549 0.011029411764705881
5 1.3542483660130717 0.13014705882352942 0.05751633986928104 0.04264705882352941
6 1.3862745098039215 0.08860294117647059 0.03790849673202614 0.03161764705882353
6 1.4215686274509802 0.06066176470588235 0.03790849673202614 0.027205882352941177
6 1.4437908496732026 0.14338235294117646 0.0326797385620915 0.026470588235294117
6 1.434640522875817 0.1838235294117647 0.02222222222222222 0.029411764705882353
1 0.7562091503267974 0.2275735294117647 0.011764705882352941 0.006617647058823529
9 0.7542483660130719 0.22794117647058823 0.0261437908496732 0.0058823529411764705
