3 0.17777777777777776 0.10772058823529411 0.04967320261437908 0.011029411764705881
4 0.9915032679738561 0.5290441176470588 0.23398692810457514 0.06544117647058824
4 1.0209150326797385 0.08676470588235294 0.03137254901960784 0.008823529411764706
1 1.161437908496732 0.1113970588235294 0.00915032679738562 0.008088235294117646
2 1.161437908496732 0.11360294117647059 0.01699346405228758 0.006617647058823529
3 1.595424836601307 0.12352941176470589 0.0457516339869281 0.010294117647058823
3 1.626797385620915 0.12867647058823528 0.06143790849673202 0.013235294117647059
3 1.6745098039215685 0.12463235294117647 0.06013071895424836 0.011029411764705881
3 1.745751633986928 0.11911764705882352 0.058823529411764705 0.011764705882352941
2 1.634640522875817 0.1650735294117647 0.02483660130718954 0.009558823529411765
3 1.6522875816993463 0.17205882352941176 0.03398692810457516 0.020588235294117647
2 1.6732026143790848 0.18345588235294116 0.02091503267973856 0.009558823529411765
5 1.656862745098039 0.2077205882352941 0.0457516339869281 0.021323529411764706
3 1.5751633986928104 0.22573529411764706 0.054901960784313725 0.026470588235294117
4 1.5869281045751633 0.23566176470588235 0.03660130718954248 0.030147058823529412
1 1.6830065359477122 0.3139705882352941 0.01437908496732026 0.020588235294117647
3 1.6490196078431372 0.2948529411764706 0.0718954248366013 0.03529411764705882
3 1.4549019607843137 0.2761029411764706 0.0784313725490196 0.0375
4 1.4196078431372547 0.3139705882352941 0.08888888888888888 0.05
2 1.6052287581699345 0.26544117647058824 0.03137254901960784 0.007352941176470588
4 1.679738562091503 0.35073529411764703 0.08366013071895424 0.061764705882352944
1 1.5784313725490196 0.37720588235294117 0.01699346405228758 0.020588235294117647
1 1.5830065359477123 0.3694852941176471 0.02091503267973856 0.022794117647058822
9 1.5816993464052287 0.3786764705882353 0.02875816993464052 0.022058823529411763
1 1.4254901960784312 0.44595588235294115 0.0196078431372549 0.015441176470588236
1 0.19215686274509802 0.2761029411764706 0.0261437908496732 0.015441176470588236
1 0.2803921568627451 0.27095588235294116 0.011764705882352941 0.009558823529411765
