3 0.13921568627450978 0.506985294117647 0.28104575163398693 0.0875
3 0.38888888888888884 0.46544117647058825 0.29673202614379085 0.09117647058823529
9 0.19477124183006533 0.4036764705882353 0.06797385620915032 0.03529411764705882
6 0.3549019607843137 0.40845588235294117 0.14509803921568626 0.04044117647058824
6 0.5091503267973856 0.36066176470588235 0.12679738562091503 0.03897058823529412
1 0.48823529411764705 0.2963235294117647 0.03790849673202614 0.025
1 0.4941176470588235 0.2761029411764706 0.0261437908496732 0.021323529411764706
1 0.4941176470588235 0.2463235294117647 0.023529411764705882 0.025
9 0.5437908496732026 0.31176470588235294 0.06274509803921569 0.027941176470588233
1 0.5738562091503268 0.29191176470588237 0.03137254901960784 0.022058823529411763
9 0.5751633986928104 0.29816176470588235 0.05751633986928104 0.016911764705882352
1 0.7137254901960783 0.27242647058823527 0.02875816993464052 0.025735294117647058
3 0.6019607843137255 0.32573529411764707 0.15294117647058822 0.061764705882352944
3 0.5954248366013072 0.2775735294117647 0.08758169934640522 0.04632352941176471
4 0.5549019607843136 0.23419117647058824 0.07973856209150326 0.04191176470588235
3 0.5071895424836601 0.21911764705882353 0.07320261437908496 0.030882352941176472
3 0.48823529411764705 0.20220588235294118 0.058823529411764705 0.026470588235294117
3 0.4633986928104575 0.18345588235294116 0.058823529411764705 0.025735294117647058
3 0.4490196078431372 0.17279411764705882 0.0457516339869281 0.023529411764705882
3 0.42549019607843136 0.1610294117647059 0.0457516339869281 0.023529411764705882
3 0.46013071895424834 0.15294117647058825 0.03398692810457516 0.022058823529411763
1 0.5823529411764705 0.20477941176470588 0.01699346405228758 0.016911764705882352
2 0.5810457516339869 0.20919117647058824 0.03006535947712418 0.01838235294117647
3 0.8718954248366012 0.4551470588235294 0.16732026143790849 0.11176470588235293
9 0.7124183006535947 0.28602941176470587 0.03660130718954248 0.025
3 0.9529411764705882 0.33345588235294116 0.14901960784313725 0.06102941176470588
4 1.095424836601307 0.3110294117647059 0.130718954248366 0.07058823529411765
3 1.2248366013071894 0.31433823529411764 0.16470588235294117 0.05808823529411765
4 1.0718954248366013 0.26691176470588235 0.11241830065359476 0.047058823529411764
3 0.9712418300653594 0.24080882352941177 0.09673202614379084 0.03455882352941177
1 1.5790849673202614 0.36911764705882355 0.0261437908496732 0.01911764705882353
3 1.1967320261437908 0.18088235294117647 0.06143790849673202 0.022058823529411763
9 1.3006535947712417 0.19191176470588234 0.0392156862745098 0.016176470588235292
3 1.2960784313725489 0.2051470588235294 0.10588235294117647 0.026470588235294117
3 1.3875816993464052 0.22316176470588234 0.11372549019607843 0.028676470588235293
6 1.4745098039215685 0.2025735294117647 0.06797385620915032 0.022794117647058822
3 1.5176470588235293 0.23308823529411765 0.09934640522875816 0.030882352941176472
3 1.6215686274509802 0.2411764705882353 0.09542483660130718 0.032352941176470584
3 1.718954248366013 0.2588235294117647 0.1045751633986928 0.03676470588235294
