3 0.09477124183006536 0.3051470588235294 0.09019607843137255 0.022058823529411763
3 0.15294117647058822 0.46397058823529413 0.11241830065359476 0.06470588235294117
3 0.265359477124183 0.37536764705882353 0.07320261437908496 0.04485294117647059
3 0.2751633986928104 0.3408088235294118 0.058823529411764705 0.027205882352941177
3 0.3156862745098039 0.3040441176470588 0.043137254901960784 0.022794117647058822
3 0.38692810457516336 0.3286764705882353 0.047058823529411764 0.026470588235294117
4 0.3732026143790849 0.3694852941176471 0.05359477124183006 0.04485294117647059
3 0.3483660130718954 0.26875 0.0326797385620915 0.025735294117647058
3 0.3830065359477124 0.2525735294117647 0.03660130718954248 0.016911764705882352
3 0.3405228758169934 0.24485294117647058 0.03790849673202614 0.014705882352941176
3 0.22614379084967318 0.30220588235294116 0.09934640522875816 0.020588235294117647
3 0.3555555555555555 0.21838235294117647 0.02875816993464052 0.011764705882352941
3 0.4117647058823529 0.18235294117647058 0.01830065359477124 0.010294117647058823
3 0.3849673202614379 0.19705882352941176 0.02222222222222222 0.011764705882352941
3 0.4745098039215686 0.18823529411764706 0.01830065359477124 0.007352941176470588
3 0.5437908496732026 0.21323529411764705 0.04967320261437908 0.014705882352941176
3 0.6 0.21875 0.04967320261437908 0.011029411764705881
3 0.09084967320261438 0.34558823529411764 0.0718954248366013 0.03676470588235294
6 0.17843137254901958 0.31286764705882353 0.10588235294117647 0.021323529411764706
3 0.0457516339869281 0.2647058823529412 0.07320261437908496 0.014705882352941176
3 0.17058823529411762 0.25477941176470587 0.0718954248366013 0.01838235294117647
3 0.03725490196078431 0.21102941176470588 0.05620915032679738 0.010294117647058823
3 0.047058823529411764 0.20625 0.054901960784313725 0.011029411764705881
5 0.4130718954248366 0.14522058823529413 0.03137254901960784 0.016911764705882352
5 0.1895424836601307 0.175 0.11241830065359476 0.023529411764705882
5 1.1993464052287581 0.17941176470588235 0.03006535947712418 0.020588235294117647
8 1.2346405228758168 0.2661764705882353 0.06143790849673202 0.041176470588235294
8 1.4490196078431372 0.2702205882352941 0.09803921568627451 0.03455882352941177
3 1.7215686274509803 0.47463235294117645 0.10980392156862745 0.04779411764705882
3 1.3947712418300653 0.24779411764705883 0.065359477124183 0.014705882352941176
3 1.1738562091503266 0.2 0.01568627450980392 0.0058823529411764705
3 1.218954248366013 0.19852941176470587 0.01437908496732026 0.010294117647058823
3 1.030718954248366 0.24044117647058824 0.05620915032679738 0.010294117647058823
3 0.9052287581699345 0.22941176470588234 0.04836601307189542 0.010294117647058823
3 0.6875816993464052 0.23419117647058824 0.06274509803921569 0.011029411764705881
3 0.6973856209150326 0.2261029411764706 0.04052287581699346 0.011029411764705881
3 0.7908496732026143 0.2323529411764706 0.04967320261437908 0.010294117647058823
3 0.818954248366013 0.22794117647058823 0.043137254901960784 0.011764705882352941
9 0.8562091503267973 0.22389705882352942 0.0130718954248366 0.006617647058823529
4 0.9999999999999999 0.23272058823529412 0.06013071895424836 0.013970588235294117
4 1.0392156862745097 0.22205882352941175 0.04444444444444444 0.013235294117647059
4 1.3555555555555554 0.20441176470588235 0.03398692810457516 0.008823529411764706
3 0.19215686274509802 0.225 0.02875816993464052 0.01764705882352941
3 0.43660130718954243 0.16433823529411765 0.01568627450980392 0.009558823529411765
3 0.4411764705882353 0.1547794117647059 0.01437908496732026 0.008088235294117646
2 0.24248366013071893 0.2610294117647059 0.00915032679738562 0.010294117647058823
3 1.2209150326797384 0.18198529411764705 0.01568627450980392 0.011029411764705881
3 1.287581699346405 0.1838235294117647 0.01830065359477124 0.008823529411764706
3 1.3222222222222222 0.1786764705882353 0.02483660130718954 0.007352941176470588
5 1.3143790849673203 0.16691176470588234 0.06405228758169934 0.01764705882352941
3 1.2960784313725489 0.17904411764705883 0.027450980392156862 0.009558823529411765
1 0.49281045751633984 0.20404411764705882 0.01045751633986928 0.009558823529411765
9 0.492156862745098 0.20735294117647057 0.011764705882352941 0.007352941176470588
3 0.5679738562091503 0.18970588235294117 0.02483660130718954 0.013235294117647059
3 0.5738562091503268 0.1676470588235294 0.01830065359477124 0.007352941176470588
3 0.49019607843137253 0.1713235294117647 0.01830065359477124 0.007352941176470588
6 0.46274509803921565 0.1536764705882353 0.0130718954248366 0.0058823529411764705
5 0.4032679738562091 0.15845588235294117 0.02483660130718954 0.019852941176470587
3 0.3222222222222222 0.19044117647058822 0.0326797385620915 0.010294117647058823
3 0.2542483660130719 0.17426470588235293 0.0326797385620915 0.010294117647058823
3 0.3856209150326797 0.1698529411764706 0.01568627450980392 0.008823529411764706
3 0.265359477124183 0.19301470588235295 0.01830065359477124 0.009558823529411765
3 0.32352941176470584 0.18529411764705883 0.0326797385620915 0.008823529411764706
3 0.5686274509803921 0.15808823529411764 0.0130718954248366 0.0058823529411764705
3 0.5098039215686274 0.16801470588235293 0.01568627450980392 0.006617647058823529
3 0.5091503267973856 0.16176470588235295 0.01437908496732026 0.0058823529411764705
8 1.2392156862745096 0.20588235294117646 0.02875816993464052 0.01764705882352941
5 1.6928104575163399 0.2599264705882353 0.065359477124183 0.019852941176470587
