9 1.3138888888888889 0.5427083333333333 0.07962962962962963 0.0375
1 1.3148148148148149 0.5369791666666667 0.040740740740740744 0.03854166666666667
3 1.6175925925925927 0.4713541666666667 0.29444444444444445 0.065625
3 1.5101851851851853 0.4265625 0.2574074074074074 0.059375
3 1.1777777777777778 0.396875 0.13333333333333333 0.04583333333333333
5 0.9268518518518519 0.39479166666666665 0.10555555555555556 0.06458333333333333
3 1.3833333333333333 0.3755208333333333 0.2 0.042708333333333334
6 1.5796296296296297 0.3859375 0.10370370370370371 0.04479166666666667
1 1.6 0.3796875 0.040740740740740744 0.03229166666666666
3 1.7046296296296297 0.3723958333333333 0.1425925925925926 0.046875
6 0.23703703703703705 0.5057291666666667 0.12592592592592594 0.059375
3 0.08611111111111111 0.4473958333333333 0.17222222222222222 0.07604166666666666
6 0.27870370370370373 0.43333333333333335 0.06481481481481481 0.04375
9 0.2833333333333333 0.3921875 0.040740740740740744 0.03229166666666666
9 0.2574074074074074 0.38385416666666666 0.03333333333333333 0.028125
9 0.42129629629629634 0.378125 0.03888888888888889 0.025
9 0.6768518518518519 0.3765625 0.061111111111111116 0.02395833333333333
9 0.8481481481481482 0.3619791666666667 0.022222222222222223 0.02395833333333333
9 0.7990740740740742 0.34322916666666664 0.020370370370370372 0.021875
9 0.9518518518518518 0.3411458333333333 0.06296296296296297 0.026041666666666668
1 0.4185185185185185 0.37135416666666665 0.022222222222222223 0.030208333333333334
1 0.42592592592592593 0.3755208333333333 0.014814814814814815 0.019791666666666666
1 0.6759259259259259 0.37083333333333335 0.02962962962962963 0.0375
1 0.8481481481481482 0.3536458333333333 0.022222222222222223 0.02395833333333333
1 0.7990740740740742 0.3359375 0.020370370370370372 0.02395833333333333
1 0.725 0.33489583333333334 0.020370370370370372 0.021875
1 0.9425925925925926 0.3333333333333333 0.02592592592592593 0.020833333333333332
1 0.9500000000000001 0.3390625 0.022222222222222223 0.03229166666666666
6 0.5694444444444444 0.3625 0.09444444444444444 0.0375
9 0.5388888888888889 0.35572916666666665 0.04814814814814815 0.021875
1 0.5425925925925926 0.34791666666666665 0.022222222222222223 0.03125
1 0.44722222222222224 0.353125 0.02777777777777778 0.01875
1 0.1962962962962963 0.3807291666666667 0.022222222222222223 0.021875
1 0.14166666666666666 0.3796875 0.031481481481481485 0.026041666666666668
1 0.6472222222222223 0.33697916666666666 0.03888888888888889 0.019791666666666666
6 0.7333333333333334 0.3421875 0.044444444444444446 0.030208333333333334
9 0.6990740740740741 0.325 0.024074074074074074 0.022916666666666665
9 0.7592592592592593 0.3223958333333333 0.022222222222222223 0.017708333333333333
9 0.9 0.3140625 0.03333333333333333 0.019791666666666666
9 0.5787037037037037 0.309375 0.031481481481481485 0.016666666666666666
1 0.6990740740740741 0.3177083333333333 0.016666666666666666 0.020833333333333332
1 0.7620370370370371 0.3177083333333333 0.024074074074074074 0.025
1 0.5777777777777778 0.30572916666666666 0.022222222222222223 0.019791666666666666
6 0.6370370370370371 0.3260416666666667 0.0925925925925926 0.020833333333333332
6 0.6277777777777778 0.3171875 0.08518518518518518 0.019791666666666666
1 0.6648148148148149 0.31354166666666666 0.014814814814814815 0.016666666666666666
1 0.8990740740740741 0.3109375 0.020370370370370372 0.02395833333333333
9 0.9333333333333333 0.30833333333333335 0.037037037037037035 0.014583333333333334
3 0.8166666666666667 0.2864583333333333 0.04814814814814815 0.025
6 0.6648148148148149 0.290625 0.07777777777777778 0.01875
6 0.6675925925925926 0.2708333333333333 0.08703703703703704 0.022916666666666665
1 0.962962962962963 0.31614583333333335 0.022222222222222223 0.011458333333333333
9 0.8583333333333334 0.28020833333333334 0.016666666666666666 0.014583333333333334
9 0.812962962962963 0.26979166666666665 0.014814814814814815 0.0125
9 0.8601851851851852 0.24895833333333334 0.012962962962962964 0.0125
9 0.7898148148148149 0.2557291666666667 0.012962962962962964 0.011458333333333333
9 0.8694444444444445 0.21770833333333334 0.009259259259259259 0.008333333333333333
9 0.888888888888889 0.25104166666666666 0.02962962962962963 0.0125
1 0.8592592592592593 0.27447916666666666 0.014814814814814815 0.017708333333333333
1 0.8611111111111112 0.2739583333333333 0.011111111111111112 0.014583333333333334
1 0.812962962962963 0.2661458333333333 0.014814814814814815 0.017708333333333333
1 0.8592592592592593 0.24635416666666665 0.011111111111111112 0.013541666666666667
1 0.788888888888889 0.253125 0.014814814814814815 0.016666666666666666
6 0.8296296296296297 0.24635416666666665 0.018518518518518517 0.013541666666666667
1 0.8305555555555556 0.24375 0.012962962962962964 0.0125
1 0.8277777777777778 0.24166666666666667 0.007407407407407408 0.0125
1 0.8703703703703703 0.21562499999999998 0.011111111111111112 0.008333333333333333
6 0.8342592592592593 0.2265625 0.012962962962962964 0.009375
1 0.8342592592592593 0.22291666666666665 0.009259259259259259 0.010416666666666666
9 0.8648148148148148 0.23229166666666667 0.014814814814814815 0.0125
9 0.8574074074074074 0.23802083333333332 0.011111111111111112 0.011458333333333333
1 0.8574074074074074 0.23541666666666666 0.011111111111111112 0.010416666666666666
1 0.8638888888888889 0.23020833333333332 0.012962962962962964 0.010416666666666666
3 1.3537037037037039 0.30364583333333334 0.07407407407407407 0.028125
3 1.2787037037037037 0.3052083333333333 0.07222222222222223 0.029166666666666667
9 1.5537037037037038 0.3182291666666667 0.04814814814814815 0.026041666666666668
9 1.538888888888889 0.3151041666666667 0.04814814814814815 0.026041666666666668
9 1.4981481481481482 0.3203125 0.040740740740740744 0.021875
1 1.1833333333333333 0.33125 0.018518518518518517 0.022916666666666665
9 1.2074074074074075 0.3229166666666667 0.02962962962962963 0.022916666666666665
9 1.1027777777777779 0.2791666666666667 0.03518518518518519 0.0125
9 0.9935185185185186 0.2786458333333333 0.02777777777777778 0.009375
6 0.9805555555555556 0.2703125 0.06851851851851852 0.015625
5 1.0740740740740742 0.23906249999999998 0.11111111111111112 0.034375
6 1.1074074074074074 0.253125 0.05185185185185186 0.01875
