3 0.23240740740740742 0.42291666666666666 0.1537037037037037 0.04375
3 0.41203703703703703 0.3927083333333333 0.11296296296296297 0.04583333333333333
3 0.25092592592592594 0.49583333333333335 0.1537037037037037 0.05416666666666667
3 0.22222222222222224 0.5338541666666666 0.17407407407407408 0.05520833333333333
3 0.2675925925925926 0.5510416666666667 0.1425925925925926 0.020833333333333332
3 0.49444444444444446 0.475 0.10740740740740741 0.058333333333333334
3 0.587962962962963 0.5442708333333334 0.16481481481481483 0.034375
3 1.3583333333333334 0.2583333333333333 0.10185185185185186 0.027083333333333334
3 1.299074074074074 0.271875 0.09814814814814815 0.03333333333333333
3 1.2657407407407408 0.2828125 0.08333333333333334 0.026041666666666668
3 1.2416666666666667 0.29270833333333335 0.09444444444444444 0.027083333333333334
3 1.1990740740740742 0.24010416666666667 0.06481481481481481 0.021875
4 1.387962962962963 0.17239583333333333 0.061111111111111116 0.026041666666666668
9 0.5861111111111111 0.4088541666666667 0.02777777777777778 0.028125
9 0.5472222222222223 0.4140625 0.03518518518518519 0.030208333333333334
9 0.5675925925925926 0.40781249999999997 0.031481481481481485 0.026041666666666668
9 0.6018518518518519 0.4015625 0.02592592592592593 0.028125
9 0.6185185185185186 0.4 0.022222222222222223 0.027083333333333334
9 0.638888888888889 0.39739583333333334 0.02592592592592593 0.026041666666666668
9 0.662962962962963 0.3927083333333333 0.02592592592592593 0.027083333333333334
9 0.6759259259259259 0.3911458333333333 0.02962962962962963 0.02395833333333333
9 0.6925925925925926 0.3880208333333333 0.03333333333333333 0.026041666666666668
9 0.7111111111111111 0.38229166666666664 0.02592592592592593 0.025
9 0.7324074074074074 0.3770833333333333 0.02777777777777778 0.025
9 0.7435185185185186 0.37395833333333334 0.02777777777777778 0.029166666666666667
9 0.7657407407407407 0.37083333333333335 0.031481481481481485 0.022916666666666665
9 0.825925925925926 0.35520833333333335 0.02962962962962963 0.027083333333333334
9 0.8046296296296297 0.359375 0.03518518518518519 0.022916666666666665
9 0.8814814814814815 0.34010416666666665 0.040740740740740744 0.028125
9 0.9055555555555556 0.33697916666666666 0.02592592592592593 0.02395833333333333
9 0.9222222222222223 0.33489583333333334 0.02962962962962963 0.021875
9 0.9444444444444445 0.3302083333333333 0.037037037037037035 0.020833333333333332
9 0.962962962962963 0.325 0.03333333333333333 0.022916666666666665
9 0.9990740740740741 0.3171875 0.03888888888888889 0.019791666666666666
9 1.026851851851852 0.31354166666666666 0.03518518518518519 0.01875
9 1.0537037037037038 0.3078125 0.040740740740740744 0.017708333333333333
9 1.0685185185185186 0.3 0.02592592592592593 0.022916666666666665
9 1.0935185185185186 0.2953125 0.031481481481481485 0.021875
9 1.1212962962962962 0.290625 0.024074074074074074 0.020833333333333332
2 1.1500000000000001 0.284375 0.03333333333333333 0.014583333333333334
6 1.299074074074074 0.2328125 0.031481481481481485 0.019791666666666666
1 1.3046296296296296 0.23020833333333332 0.012962962962962964 0.0125
1 0.05555555555555556 0.4067708333333333 0.03333333333333333 0.019791666666666666
2 0.05740740740740741 0.4140625 0.022222222222222223 0.019791666666666666
9 0.14814814814814814 0.39479166666666665 0.02592592592592593 0.027083333333333334
9 0.16666666666666669 0.39166666666666666 0.02592592592592593 0.025
9 0.19166666666666668 0.3875 0.02777777777777778 0.025
9 0.2111111111111111 0.38229166666666664 0.02592592592592593 0.027083333333333334
1 0.4324074074074074 0.44114583333333335 0.012962962962962964 0.013541666666666667
9 0.04351851851851852 0.21510416666666665 0.03888888888888889 0.015625
1 1.3518518518518519 0.23229166666666667 0.011111111111111112 0.016666666666666666
9 1.3527777777777779 0.23697916666666666 0.03518518518518519 0.011458333333333333
1 1.6166666666666667 0.1984375 0.011111111111111112 0.011458333333333333
1 1.6074074074074074 0.2015625 0.011111111111111112 0.009375
9 1.5305555555555557 0.171875 0.02777777777777778 0.014583333333333334
1 1.5333333333333334 0.17395833333333333 0.011111111111111112 0.010416666666666666
9 1.625925925925926 0.18333333333333332 0.022222222222222223 0.0125
1 1.7166666666666668 0.190625 0.014814814814814815 0.0125
