3 1.442483660130719 0.35073529411764703 0.0718954248366013 0.051470588235294115
3 1.615032679738562 0.2452205882352941 0.06143790849673202 0.028676470588235293
3 1.4169934640522874 0.12316176470588235 0.02875816993464052 0.013970588235294117
3 1.4241830065359475 0.10404411764705883 0.027450980392156862 0.0125
3 1.4254901960784312 0.07610294117647058 0.0196078431372549 0.009558823529411765
3 1.3862745098039215 0.07279411764705883 0.01699346405228758 0.008823529411764706
3 1.3915032679738562 0.06213235294117647 0.01437908496732026 0.008088235294117646
3 1.4862745098039214 0.06948529411764706 0.01830065359477124 0.008088235294117646
3 1.4169934640522874 0.041176470588235294 0.0130718954248366 0.0058823529411764705
3 1.4450980392156862 0.04779411764705882 0.01437908496732026 0.0058823529411764705
3 1.4758169934640522 0.04742647058823529 0.01568627450980392 0.005147058823529412
3 1.4450980392156862 0.03897058823529412 0.011764705882352941 0.0058823529411764705
3 1.476470588235294 0.05698529411764706 0.01437908496732026 0.008088235294117646
3 1.4176470588235293 0.14852941176470588 0.03006535947712418 0.016176470588235292
4 1.3745098039215686 0.11801470588235294 0.027450980392156862 0.01838235294117647
4 1.1692810457516338 0.09154411764705882 0.04052287581699346 0.013970588235294117
3 1.2986928104575162 0.07169117647058823 0.01699346405228758 0.009558823529411765
3 1.3052287581699344 0.06691176470588235 0.01699346405228758 0.008823529411764706
4 1.3980392156862744 0.05477941176470588 0.01437908496732026 0.009558823529411765
3 1.572549019607843 0.08602941176470588 0.02091503267973856 0.010294117647058823
3 1.6169934640522874 0.09338235294117647 0.023529411764705882 0.013235294117647059
3 1.645751633986928 0.09963235294117646 0.023529411764705882 0.011029411764705881
4 1.6437908496732025 0.0875 0.02483660130718954 0.013235294117647059
4 1.610457516339869 0.06323529411764706 0.01830065359477124 0.010294117647058823
3 1.6228758169934638 0.06875 0.0326797385620915 0.008088235294117646
4 1.4359477124183007 0.02610294117647059 0.011764705882352941 0.008088235294117646
3 1.4718954248366012 0.03161764705882353 0.01045751633986928 0.007352941176470588
3 1.4588235294117646 0.028676470588235293 0.01045751633986928 0.0058823529411764705
1 0.418954248366013 0.28970588235294115 0.0196078431372549 0.014705882352941176
9 0.42222222222222217 0.2922794117647059 0.023529411764705882 0.019852941176470587
1 1.0823529411764705 0.5125 0.01830065359477124 0.020588235294117647
3 0.10065359477124182 0.4117647058823529 0.18562091503267972 0.05
3 0.26862745098039215 0.37463235294117647 0.14509803921568626 0.05220588235294118
3 0.36470588235294116 0.35110294117647056 0.12549019607843137 0.04485294117647059
3 0.43267973856209146 0.4022058823529412 0.130718954248366 0.0661764705882353
3 0.6437908496732025 0.41360294117647056 0.1738562091503268 0.04632352941176471
3 0.5124183006535947 0.30919117647058825 0.12287581699346405 0.0375
3 0.7261437908496732 0.375 0.13986928104575164 0.045588235294117645
3 0.7503267973856209 0.34963235294117645 0.14640522875816991 0.03897058823529412
3 0.8653594771241829 0.30073529411764705 0.13856209150326795 0.033823529411764704
3 1.041830065359477 0.2863970588235294 0.11241830065359476 0.03897058823529412
3 0.9450980392156862 0.2647058823529412 0.10718954248366012 0.030882352941176472
3 1.0640522875816993 0.2580882352941176 0.08888888888888888 0.029411764705882353
3 1.1241830065359477 0.2349264705882353 0.04444444444444444 0.028676470588235293
3 1.145751633986928 0.19595588235294117 0.04836601307189542 0.03161764705882353
3 1.1633986928104574 0.17720588235294119 0.08104575163398692 0.01911764705882353
3 1.1483660130718953 0.1713235294117647 0.06928104575163398 0.01764705882352941
3 1.126797385620915 0.16654411764705881 0.06013071895424836 0.019852941176470587
4 1.1065359477124181 0.15514705882352942 0.058823529411764705 0.020588235294117647
3 1.0163398692810457 0.13713235294117646 0.03790849673202614 0.022794117647058822
4 0.957516339869281 0.12867647058823528 0.0457516339869281 0.020588235294117647
3 0.8986928104575163 0.125 0.050980392156862744 0.014705882352941176
3 0.7071895424836601 0.11176470588235293 0.05751633986928104 0.013235294117647059
3 0.7143790849673202 0.07830882352941176 0.043137254901960784 0.009558823529411765
3 0.857516339869281 0.08419117647058823 0.04444444444444444 0.011029411764705881
3 1.0928104575163398 0.0849264705882353 0.04183006535947712 0.008088235294117646
3 1.1235294117647059 0.08308823529411764 0.04052287581699346 0.010294117647058823
3 0.7758169934640522 0.22794117647058823 0.0457516339869281 0.026470588235294117
3 0.680392156862745 0.2463235294117647 0.10326797385620914 0.030882352941176472
3 0.8326797385620914 0.31985294117647056 0.15163398692810456 0.04852941176470588
9 0.5058823529411764 0.26176470588235295 0.03660130718954248 0.016176470588235292
9 0.5281045751633987 0.26323529411764707 0.03398692810457516 0.016176470588235292
2 0.5941176470588235 0.23124999999999998 0.0196078431372549 0.015441176470588236
1 0.6202614379084966 0.20294117647058824 0.01437908496732026 0.014705882352941176
9 0.7287581699346405 0.2150735294117647 0.01437908496732026 0.015441176470588236
9 0.6248366013071895 0.2338235294117647 0.03398692810457516 0.011764705882352941
9 0.6313725490196078 0.22941176470588234 0.03398692810457516 0.011764705882352941
9 0.7013071895424836 0.12941176470588234 0.02222222222222222 0.008823529411764706
9 0.7673202614379084 0.13713235294117646 0.0261437908496732 0.008088235294117646
9 0.7529411764705882 0.1375 0.0261437908496732 0.010294117647058823
9 0.75359477124183 0.13088235294117648 0.03006535947712418 0.008823529411764706
9 0.7379084967320261 0.12794117647058822 0.02483660130718954 0.008823529411764706
9 0.7287581699346405 0.13345588235294117 0.027450980392156862 0.008088235294117646
9 0.8078431372549019 0.13272058823529412 0.023529411764705882 0.009558823529411765
9 0.8320261437908496 0.13455882352941176 0.027450980392156862 0.008823529411764706
9 0.8490196078431372 0.14595588235294119 0.02483660130718954 0.009558823529411765
9 0.8372549019607842 0.1426470588235294 0.02483660130718954 0.008823529411764706
9 0.8849673202614379 0.14558823529411766 0.023529411764705882 0.008823529411764706
9 0.8830065359477124 0.13897058823529412 0.02222222222222222 0.010294117647058823
9 0.8764705882352941 0.21580882352941178 0.03006535947712418 0.011029411764705881
9 0.8895424836601307 0.2139705882352941 0.03006535947712418 0.011764705882352941
9 0.7601307189542483 0.2 0.027450980392156862 0.014705882352941176
9 0.8032679738562091 0.2077205882352941 0.03006535947712418 0.011029411764705881
9 0.7941176470588235 0.20955882352941177 0.03006535947712418 0.010294117647058823
9 0.8496732026143791 0.20845588235294119 0.0261437908496732 0.0125
9 0.8483660130718954 0.2051470588235294 0.03137254901960784 0.011764705882352941
9 0.7300653594771241 0.1860294117647059 0.0326797385620915 0.011764705882352941
9 0.7411764705882352 0.1610294117647059 0.03398692810457516 0.010294117647058823
9 0.8555555555555555 0.1577205882352941 0.027450980392156862 0.009558823529411765
2 0.9222222222222222 0.1525735294117647 0.027450980392156862 0.008088235294117646
2 0.9274509803921568 0.1547794117647059 0.02483660130718954 0.008088235294117646
1 1.110457516339869 0.1125 0.00915032679738562 0.010294117647058823
9 1.1117647058823528 0.11580882352941177 0.0196078431372549 0.008088235294117646
1 1.0183006535947712 0.12426470588235294 0.00784313725490196 0.008823529411764706
9 1.0183006535947712 0.12720588235294117 0.02091503267973856 0.007352941176470588
9 1.7274509803921567 0.10882352941176471 0.01437908496732026 0.0058823529411764705
9 1.7176470588235293 0.10735294117647058 0.01568627450980392 0.007352941176470588
9 1.7607843137254902 0.10882352941176471 0.01568627450980392 0.007352941176470588
9 1.7607843137254902 0.1 0.01568627450980392 0.0058823529411764705
9 1.7176470588235293 0.09889705882352941 0.01830065359477124 0.006617647058823529
1 1.5411764705882351 0.10110294117647059 0.00784313725490196 0.008088235294117646
1 1.5594771241830063 0.10220588235294117 0.00784313725490196 0.0058823529411764705
1 1.5222222222222221 0.08455882352941177 0.0065359477124183 0.0058823529411764705
1 1.3725490196078431 0.07720588235294118 0.00522875816993464 0.0058823529411764705
9 1.5411764705882351 0.10441176470588236 0.01045751633986928 0.007352941176470588
9 1.5601307189542482 0.10514705882352941 0.00915032679738562 0.007352941176470588
9 1.5215686274509803 0.0875 0.00784313725490196 0.0058823529411764705
9 1.3718954248366013 0.08051470588235295 0.00915032679738562 0.006617647058823529
