4 0.7483660130718953 0.3323529411764706 0.06666666666666667 0.052941176470588235
3 0.9934640522875816 0.21875 0.04183006535947712 0.027205882352941177
3 0.8137254901960784 0.14816176470588235 0.027450980392156862 0.01838235294117647
3 0.684313725490196 0.23345588235294118 0.05620915032679738 0.028676470588235293
3 0.9274509803921568 0.05625 0.01437908496732026 0.008088235294117646
3 0.9411764705882353 0.04742647058823529 0.01045751633986928 0.005147058823529412
3 0.9875816993464052 0.04852941176470588 0.01437908496732026 0.0058823529411764705
3 0.9771241830065359 0.0400735294117647 0.011764705882352941 0.006617647058823529
3 0.9980392156862744 0.04375 0.00915032679738562 0.006617647058823529
3 0.9771241830065359 0.033455882352941176 0.011764705882352941 0.006617647058823529
3 0.9581699346405228 0.02463235294117647 0.01045751633986928 0.005147058823529412
3 0.9457516339869281 0.04375 0.011764705882352941 0.005147058823529412
3 0.9470588235294117 0.039705882352941174 0.011764705882352941 0.004411764705882353
3 1.1235294117647059 0.125 0.027450980392156862 0.014705882352941176
4 0.9810457516339869 0.017279411764705883 0.00915032679738562 0.006617647058823529
4 0.9313725490196078 0.03713235294117647 0.011764705882352941 0.008088235294117646
3 0.9437908496732026 0.023161764705882354 0.00784313725490196 0.005147058823529412
3 0.949673202614379 0.01948529411764706 0.00915032679738562 0.003676470588235294
4 0.9542483660130718 0.014338235294117646 0.00784313725490196 0.005147058823529412
3 1.0738562091503268 0.047058823529411764 0.01437908496732026 0.0058823529411764705
3 1.0607843137254902 0.044117647058823525 0.01437908496732026 0.0058823529411764705
3 1.0385620915032678 0.041176470588235294 0.01437908496732026 0.0058823529411764705
3 0.8686274509803921 0.03676470588235294 0.011764705882352941 0.004411764705882353
4 0.780392156862745 0.04632352941176471 0.0261437908496732 0.007352941176470588
4 0.6562091503267974 0.0625 0.02875816993464052 0.007352941176470588
3 0.6202614379084966 0.06213235294117647 0.03006535947712418 0.009558823529411765
3 0.5986928104575163 0.09338235294117647 0.0261437908496732 0.008823529411764706
3 0.5594771241830065 0.09705882352941177 0.047058823529411764 0.011764705882352941
3 0.6973856209150326 0.1 0.06666666666666667 0.013235294117647059
3 0.6562091503267974 0.10808823529411765 0.06797385620915032 0.013235294117647059
3 0.6398692810457516 0.11911764705882352 0.06666666666666667 0.013235294117647059
3 1.1777777777777776 0.07389705882352941 0.04444444444444444 0.009558823529411765
3 1.1477124183006535 0.07463235294117647 0.04444444444444444 0.009558823529411765
3 0.7901960784313725 0.05110294117647059 0.03006535947712418 0.006617647058823529
3 0.7490196078431373 0.042279411764705885 0.0261437908496732 0.005147058823529412
3 0.9954248366013071 0.016544117647058824 0.0065359477124183 0.003676470588235294
3 1.0058823529411764 0.025735294117647058 0.00915032679738562 0.0058823529411764705
9 0.8483660130718954 0.10735294117647058 0.00522875816993464 0.007352941176470588
9 0.8601307189542483 0.057352941176470586 0.00522875816993464 0.004411764705882353
3 1.1692810457516338 0.061764705882352944 0.03790849673202614 0.0058823529411764705
3 1.7104575163398692 0.5305147058823529 0.13202614379084968 0.05514705882352941
3 0.5098039215686274 0.23676470588235293 0.08366013071895424 0.03823529411764706
3 0.1437908496732026 0.2099264705882353 0.08888888888888888 0.028676470588235293
3 0.17124183006535945 0.20183823529411765 0.08888888888888888 0.028676470588235293
3 0.2196078431372549 0.1915441176470588 0.08888888888888888 0.028676470588235293
3 0.24444444444444444 0.17830882352941177 0.08888888888888888 0.028676470588235293
3 0.6241830065359477 0.11911764705882352 0.05620915032679738 0.016176470588235292
