5 0.6648148148148149 0.2296875 0.17037037037037037 0.06145833333333333
3 0.6962962962962963 0.2546875 0.05925925925925926 0.021875
1 0.6638888888888889 0.284375 0.016666666666666666 0.0125
1 0.6574074074074074 0.28854166666666664 0.014814814814814815 0.010416666666666666
9 0.6657407407407407 0.29270833333333335 0.020370370370370372 0.0125
3 0.788888888888889 0.25677083333333334 0.02962962962962963 0.017708333333333333
3 0.8675925925925926 0.22343749999999998 0.04259259259259259 0.021875
3 0.9120370370370371 0.20625 0.031481481481481485 0.016666666666666666
3 0.950925925925926 0.19322916666666667 0.03888888888888889 0.015625
3 0.9731481481481482 0.18333333333333332 0.031481481481481485 0.014583333333333334
5 0.9324074074074075 0.16197916666666667 0.03518518518518519 0.019791666666666666
3 0.9462962962962963 0.12135416666666667 0.02592592592592593 0.009375
3 1.0250000000000001 0.1171875 0.020370370370370372 0.009375
5 1.113888888888889 0.075 0.031481481481481485 0.01875
1 1.5305555555555557 0.28125 0.012962962962962964 0.0125
1 1.5314814814814814 0.2786458333333333 0.018518518518518517 0.015625
9 1.526851851851852 0.2869791666666667 0.016666666666666666 0.017708333333333333
1 1.6861111111111111 0.4864583333333333 0.016666666666666666 0.016666666666666666
1 1.6842592592592593 0.4791666666666667 0.020370370370370372 0.020833333333333332
9 1.6824074074074076 0.4864583333333333 0.016666666666666666 0.025
