3 0.3888888888888889 0.29010416666666666 0.16666666666666669 0.034375
3 0.6972222222222223 0.25416666666666665 0.11666666666666667 0.03125
3 0.5425925925925926 0.209375 0.10370370370370371 0.029166666666666667
3 0.39537037037037037 0.20677083333333332 0.11666666666666667 0.026041666666666668
3 0.9953703703703705 0.34010416666666665 0.07592592592592592 0.057291666666666664
3 1.099074074074074 0.26875 0.07222222222222223 0.03958333333333333
3 1.1685185185185185 0.22552083333333334 0.08518518518518518 0.034375
3 1.2490740740740742 0.24427083333333333 0.07592592592592592 0.036458333333333336
3 1.1564814814814814 0.4614583333333333 0.10925925925925926 0.09375
3 1.6324074074074075 0.4515625 0.17222222222222222 0.078125
3 0.9199074074074074 0.5080729166666667 0.15462962962962964 0.10781249999999999
3 0.675 0.40729166666666666 0.20925925925925926 0.05625
3 1.4194444444444445 0.20052083333333334 0.05 0.030208333333333334
3 1.587037037037037 0.23489583333333333 0.07777777777777778 0.03229166666666666
4 0.9314814814814815 0.2046875 0.07037037037037037 0.02395833333333333
3 0.312962962962963 0.4161458333333333 0.22222222222222224 0.053125
3 0.8407407407407408 0.18020833333333333 0.07037037037037037 0.027083333333333334
4 1.511111111111111 0.18333333333333332 0.08888888888888889 0.025
3 1.5046296296296298 0.28802083333333334 0.09074074074074075 0.036458333333333336
1 1.3694444444444445 0.37395833333333334 0.031481481481481485 0.035416666666666666
1 1.5074074074074075 0.3494791666666667 0.02592592592592593 0.036458333333333336
1 1.539814814814815 0.33177083333333335 0.024074074074074074 0.021875
1 1.6101851851851852 0.35052083333333334 0.024074074074074074 0.028125
1 1.7416666666666667 0.29010416666666666 0.016666666666666666 0.02395833333333333
1 1.7666666666666668 0.2791666666666667 0.011111111111111112 0.01875
1 1.151851851851852 0.1796875 0.014814814814814815 0.009375
1 1.2175925925925926 0.18125 0.012962962962962964 0.0125
1 0.8944444444444445 0.24687499999999998 0.022222222222222223 0.014583333333333334
1 0.9166666666666667 0.4197916666666667 0.02962962962962963 0.0375
1 0.5212962962962964 0.4515625 0.02777777777777778 0.040625
1 0.45555555555555555 0.48072916666666665 0.04814814814814815 0.036458333333333336
1 0.3592592592592593 0.4552083333333333 0.022222222222222223 0.03958333333333333
1 0.41574074074074074 0.23854166666666665 0.012962962962962964 0.020833333333333332
1 0.7564814814814815 0.18489583333333334 0.009259259259259259 0.021875
1 0.6648148148148149 0.178125 0.014814814814814815 0.01875
1 0.788888888888889 0.16666666666666666 0.011111111111111112 0.010416666666666666
1 1.162037037037037 0.159375 0.009259259259259259 0.014583333333333334
1 1.1777777777777778 0.16666666666666666 0.007407407407407408 0.0125
1 1.2712962962962964 0.1671875 0.009259259259259259 0.013541666666666667
1 0.9037037037037038 0.15833333333333333 0.014814814814814815 0.008333333333333333
1 1.4935185185185185 0.12604166666666666 0.020370370370370372 0.010416666666666666
1 1.5314814814814814 0.13020833333333334 0.014814814814814815 0.010416666666666666
3 1.0592592592592593 0.09166666666666666 0.018518518518518517 0.0125
3 1.1027777777777779 0.09375 0.02777777777777778 0.010416666666666666
3 1.0694444444444444 0.05677083333333333 0.024074074074074074 0.005208333333333333
3 0.8342592592592593 0.10364583333333333 0.024074074074074074 0.009375
3 0.8564814814814815 0.11302083333333333 0.020370370370370372 0.009375
3 0.8731481481481482 0.11875 0.03518518518518519 0.010416666666666666
3 0.9046296296296297 0.13177083333333334 0.04259259259259259 0.013541666666666667
3 0.9342592592592593 0.14427083333333332 0.04259259259259259 0.017708333333333333
3 0.8740740740740741 0.08854166666666667 0.022222222222222223 0.0125
3 0.8925925925925926 0.09583333333333333 0.022222222222222223 0.010416666666666666
3 0.9175925925925926 0.10208333333333333 0.02777777777777778 0.010416666666666666
3 0.9388888888888889 0.1109375 0.02962962962962963 0.009375
3 0.9675925925925927 0.1203125 0.0462962962962963 0.013541666666666667
3 0.8703703703703703 0.10104166666666667 0.014814814814814815 0.004166666666666667
3 0.8861111111111112 0.10572916666666667 0.020370370370370372 0.013541666666666667
4 0.9222222222222223 0.11927083333333333 0.037037037037037035 0.015625
3 0.3611111111111111 0.17083333333333334 0.05185185185185186 0.029166666666666667
3 0.0712962962962963 0.1828125 0.05740740740740741 0.028125
3 0.017592592592592594 0.184375 0.031481481481481485 0.022916666666666665
3 0.4166666666666667 0.16979166666666667 0.05185185185185186 0.027083333333333334
3 0.4620370370370371 0.16614583333333333 0.03518518518518519 0.019791666666666666
3 0.5185185185185185 0.165625 0.037037037037037035 0.01875
3 0.5675925925925926 0.16197916666666667 0.04259259259259259 0.017708333333333333
3 0.6796296296296297 0.1578125 0.05185185185185186 0.015625
3 0.7574074074074074 0.14583333333333334 0.08148148148148149 0.016666666666666666
3 0.7277777777777779 0.12395833333333334 0.07037037037037037 0.0125
3 0.712037037037037 0.1171875 0.05740740740740741 0.013541666666666667
4 0.6953703703703704 0.0984375 0.061111111111111116 0.011458333333333333
3 0.5351851851851852 0.12552083333333333 0.07407407407407407 0.013541666666666667
3 0.5407407407407407 0.11614583333333334 0.06296296296296297 0.011458333333333333
4 0.5453703703703704 0.103125 0.06481481481481481 0.0125
4 0.5518518518518519 0.08958333333333333 0.06666666666666667 0.010416666666666666
4 0.5509259259259259 0.090625 0.0462962962962963 0.014583333333333334
3 1.512962962962963 0.16458333333333333 0.08518518518518518 0.016666666666666666
3 1.6944444444444444 0.17135416666666667 0.08148148148148149 0.017708333333333333
3 1.6805555555555556 0.1625 0.07222222222222223 0.016666666666666666
4 1.5675925925925926 0.14583333333333334 0.09074074074074075 0.020833333333333332
3 1.4787037037037039 0.14791666666666667 0.07222222222222223 0.0125
3 1.489814814814815 0.15416666666666667 0.07592592592592592 0.0125
3 1.5925925925925926 0.15677083333333333 0.08148148148148149 0.017708333333333333
3 1.6416666666666668 0.14322916666666666 0.05 0.011458333333333333
3 1.7092592592592593 0.1296875 0.05925925925925926 0.011458333333333333
3 1.700925925925926 0.14375 0.0462962962962963 0.016666666666666666
3 1.737962962962963 0.1515625 0.061111111111111116 0.017708333333333333
8 1.7537037037037038 0.13072916666666667 0.044444444444444446 0.040625
3 1.1666666666666667 0.11354166666666667 0.05185185185185186 0.016666666666666666
9 1.501851851851852 0.3546875 0.06296296296296297 0.019791666666666666
9 0.8990740740740741 0.2557291666666667 0.020370370370370372 0.013541666666666667
2 0.9166666666666667 0.43645833333333334 0.02962962962962963 0.03125
2 1.3685185185185185 0.384375 0.05185185185185186 0.020833333333333332
2 1.613888888888889 0.3619791666666667 0.0462962962962963 0.015625
2 1.738888888888889 0.2973958333333333 0.05555555555555556 0.017708333333333333
2 1.5342592592592592 0.3385416666666667 0.031481481481481485 0.01875
2 1.1046296296296296 0.19947916666666665 0.020370370370370372 0.011458333333333333
2 0.9435185185185185 0.2328125 0.02777777777777778 0.015625
9 0.8462962962962963 0.24166666666666667 0.02962962962962963 0.014583333333333334
1 0.8444444444444444 0.234375 0.022222222222222223 0.01875
1 0.9750000000000001 0.21979166666666666 0.009259259259259259 0.0125
2 0.9490740740740741 0.23124999999999998 0.020370370370370372 0.010416666666666666
2 0.9768518518518519 0.2296875 0.012962962962962964 0.013541666666666667
2 0.4620370370370371 0.4927083333333333 0.10185185185185186 0.025
3 0.6305555555555555 0.1609375 0.053703703703703705 0.015625
2 0.4166666666666667 0.24375 0.05555555555555556 0.014583333333333334
2 0.6648148148148149 0.1828125 0.044444444444444446 0.015625
2 0.7574074074074074 0.1875 0.02592592592592593 0.0125
2 0.9018518518518519 0.16458333333333333 0.018518518518518517 0.008333333333333333
2 0.788888888888889 0.17395833333333333 0.018518518518518517 0.00625
2 1.2203703703703703 0.18958333333333333 0.02592592592592593 0.008333333333333333
2 1.1472222222222224 0.19010416666666666 0.016666666666666666 0.009375
9 1.2694444444444446 0.175 0.031481481481481485 0.010416666666666666
9 0.9435185185185185 0.23124999999999998 0.024074074074074074 0.010416666666666666
9 1.0175925925925926 0.20989583333333334 0.012962962962962964 0.011458333333333333
4 0.6824074074074075 0.09322916666666667 0.053703703703703705 0.015625
3 0.6722222222222223 0.08697916666666666 0.040740740740740744 0.009375
3 0.8472222222222222 0.09322916666666667 0.020370370370370372 0.013541666666666667
3 0.825925925925926 0.08645833333333333 0.022222222222222223 0.008333333333333333
3 0.8064814814814815 0.08177083333333333 0.020370370370370372 0.011458333333333333
3 0.837962962962963 0.07864583333333333 0.012962962962962964 0.009375
3 0.8287037037037037 0.07604166666666666 0.020370370370370372 0.0125
3 0.8185185185185185 0.06927083333333334 0.018518518518518517 0.007291666666666667
3 0.7972222222222223 0.07447916666666667 0.016666666666666666 0.011458333333333333
3 0.7814814814814816 0.0703125 0.014814814814814815 0.011458333333333333
3 0.7666666666666667 0.0640625 0.018518518518518517 0.011458333333333333
3 0.7861111111111111 0.06354166666666666 0.009259259259259259 0.008333333333333333
3 0.7981481481481482 0.06458333333333333 0.018518518518518517 0.010416666666666666
