3 1.0143790849673202 0.5286764705882353 0.10980392156862745 0.0661764705882353
3 0.8607843137254901 0.5253676470588236 0.10849673202614378 0.07279411764705883
5 1.030065359477124 0.43713235294117647 0.08888888888888888 0.08455882352941177
3 0.8529411764705882 0.3963235294117647 0.0849673202614379 0.07058823529411765
3 0.7281045751633987 0.4275735294117647 0.08104575163398692 0.06985294117647059
3 1.0352941176470587 0.36066176470588235 0.0784313725490196 0.05955882352941176
3 0.9875816993464052 0.3029411764705882 0.06405228758169934 0.05
3 0.8522875816993464 0.30661764705882355 0.07058823529411765 0.05
3 0.722875816993464 0.30919117647058825 0.08104575163398692 0.05220588235294118
3 0.6313725490196078 0.2474264705882353 0.065359477124183 0.03897058823529412
3 1.0163398692810457 0.225 0.050980392156862744 0.029411764705882353
4 0.9509803921568627 0.24485294117647058 0.06143790849673202 0.04852941176470588
3 0.8686274509803921 0.2474264705882353 0.06666666666666667 0.04338235294117647
3 0.9692810457516339 0.18933823529411764 0.0457516339869281 0.030147058823529412
3 0.8797385620915033 0.2036764705882353 0.054901960784313725 0.033823529411764704
8 0.7607843137254902 0.2349264705882353 0.10718954248366012 0.09191176470588235
8 0.7372549019607842 0.17095588235294118 0.08888888888888888 0.06397058823529411
3 0.9633986928104574 0.15698529411764706 0.04444444444444444 0.025735294117647058
3 0.8928104575163398 0.15919117647058822 0.0392156862745098 0.025735294117647058
3 0.8385620915032679 0.15992647058823528 0.04836601307189542 0.025735294117647058
3 0.968627450980392 0.13051470588235295 0.04183006535947712 0.022794117647058822
4 0.9045751633986927 0.12867647058823528 0.04444444444444444 0.030882352941176472
3 0.8496732026143791 0.13970588235294118 0.03398692810457516 0.022058823529411763
3 0.9627450980392156 0.10992647058823529 0.03529411764705882 0.019852941176470587
3 0.9169934640522875 0.10110294117647059 0.0326797385620915 0.016911764705882352
4 0.8777777777777778 0.1 0.02483660130718954 0.016176470588235292
3 0.8594771241830065 0.11985294117647059 0.03006535947712418 0.01911764705882353
3 0.7339869281045751 0.0875 0.03790849673202614 0.01911764705882353
3 0.7215686274509804 0.05110294117647059 0.0261437908496732 0.0125
3 0.6156862745098038 0.05661764705882353 0.03137254901960784 0.016176470588235292
3 0.3477124183006536 0.12610294117647058 0.0522875816993464 0.022794117647058822
3 0.18627450980392155 0.17316176470588235 0.06928104575163398 0.030147058823529412
4 0.04444444444444444 0.4838235294117647 0.0915032679738562 0.1161764705882353
5 0.5516339869281045 0.012867647058823529 0.03660130718954248 0.027205882352941177
8 0.8437908496732025 0.0875 0.07973856209150326 0.04264705882352941
3 0.9725490196078431 0.09669117647058824 0.03137254901960784 0.01838235294117647
3 0.9084967320261438 0.08860294117647059 0.0261437908496732 0.013970588235294117
5 0.9790849673202614 0.07316176470588236 0.04183006535947712 0.030147058823529412
3 0.9503267973856209 0.07058823529411765 0.023529411764705882 0.014705882352941176
3 0.9084967320261438 0.07426470588235294 0.023529411764705882 0.013235294117647059
3 0.9143790849673202 0.06507352941176471 0.0196078431372549 0.015441176470588236
3 0.8849673202614379 0.057720588235294114 0.023529411764705882 0.011029411764705881
3 0.9294117647058823 0.05551470588235294 0.02091503267973856 0.0125
3 0.9738562091503268 0.052941176470588235 0.02091503267973856 0.011764705882352941
3 0.9385620915032679 0.05 0.01830065359477124 0.011764705882352941
3 0.888235294117647 0.047058823529411764 0.02222222222222222 0.011764705882352941
3 0.8856209150326797 0.0400735294117647 0.02222222222222222 0.011029411764705881
3 0.9594771241830065 0.042279411764705885 0.02091503267973856 0.011029411764705881
3 0.9202614379084967 0.039705882352941174 0.02091503267973856 0.011764705882352941
8 0.9124183006535947 0.02610294117647059 0.04183006535947712 0.028676470588235293
5 0.9509803921568627 0.01911764705882353 0.04052287581699346 0.029411764705882353
3 0.9522875816993464 0.03529411764705882 0.0196078431372549 0.011764705882352941
3 1.4379084967320261 0.00625 0.04444444444444444 0.011029411764705881
3 1.3849673202614379 0.013602941176470588 0.0457516339869281 0.011029411764705881
3 1.2732026143790849 0.011397058823529411 0.047058823529411764 0.0125
3 1.3483660130718953 0.002573529411764706 0.04836601307189542 0.006617647058823529
3 1.3640522875816992 0.010294117647058823 0.04052287581699346 0.007352941176470588
3 1.352941176470588 0.006985294117647058 0.03660130718954248 0.006617647058823529
3 1.2470588235294118 0.004411764705882353 0.047058823529411764 0.010294117647058823
3 1.5581699346405227 0.003676470588235294 0.04444444444444444 0.007352941176470588
