3 0.5412037037037037 0.44166666666666665 0.0712962962962963 0.04479166666666667
3 0.7305555555555556 0.41432291666666665 0.07592592592592592 0.044270833333333336
3 0.9208333333333334 0.45078124999999997 0.09907407407407408 0.04635416666666667
4 1.1087962962962963 0.5114583333333333 0.13240740740740742 0.06145833333333333
3 0.612037037037037 0.5408854166666667 0.08703703703703704 0.0421875
3 0.46574074074074073 0.5408854166666667 0.07962962962962963 0.0421875
3 0.8074074074074075 0.3653645833333333 0.05925925925925926 0.027604166666666666
3 0.6125 0.346875 0.05277777777777778 0.03229166666666666
3 0.913425925925926 0.38671875 0.08425925925925926 0.0390625
3 1.0287037037037037 0.4114583333333333 0.09444444444444444 0.041666666666666664
4 1.2726851851851853 0.5369791666666667 0.14722222222222223 0.05
8 1.1500000000000001 0.41041666666666665 0.2240740740740741 0.11458333333333333
2 0.2337962962962963 0.5182291666666666 0.019444444444444445 0.026041666666666668
1 0.23148148148148148 0.509375 0.02592592592592593 0.029166666666666667
3 0.9185185185185185 0.3450520833333333 0.05925925925925926 0.025520833333333333
8 0.9217592592592593 0.3065104166666667 0.11944444444444445 0.0609375
3 0.7907407407407407 0.31171875 0.05185185185185186 0.021354166666666667
3 0.7203703703703704 0.29921875 0.0462962962962963 0.019270833333333334
3 0.8115740740740741 0.29453125 0.049074074074074076 0.0203125
8 0.8152777777777778 0.2578125 0.08796296296296297 0.04583333333333333
3 0.6990740740740741 0.2786458333333333 0.040740740740740744 0.017708333333333333
3 0.7143518518518519 0.2630208333333333 0.03796296296296296 0.016666666666666666
3 0.7412037037037037 0.2552083333333333 0.03796296296296296 0.016666666666666666
3 0.6717592592592593 0.25859375 0.036111111111111115 0.015104166666666667
3 0.675462962962963 0.23072916666666665 0.032407407407407406 0.014583333333333334
8 0.6347222222222223 0.22630208333333332 0.0638888888888889 0.03802083333333333
3 0.6805555555555556 0.22109375 0.02777777777777778 0.011979166666666666
3 0.6592592592592593 0.20703125 0.022222222222222223 0.009895833333333333
3 0.6013888888888889 0.21458333333333332 0.025 0.011458333333333333
8 0.5037037037037038 0.20416666666666666 0.0462962962962963 0.030208333333333334
3 0.5898148148148148 0.20260416666666667 0.024074074074074074 0.010416666666666666
3 0.6282407407407408 0.19479166666666667 0.026851851851851852 0.010416666666666666
8 0.6407407407407407 0.18125 0.040740740740740744 0.022916666666666665
3 0.5893518518518519 0.18828125 0.021296296296296296 0.009895833333333333
3 0.5643518518518519 0.19088541666666667 0.02314814814814815 0.009895833333333333
3 0.5773148148148148 0.17916666666666667 0.019444444444444445 0.008333333333333333
3 0.5435185185185185 0.178125 0.020370370370370372 0.008333333333333333
3 0.587037037037037 0.17239583333333333 0.018518518518518517 0.008333333333333333
3 0.5546296296296297 0.16744791666666667 0.018518518518518517 0.0078125
3 0.5620370370370371 0.16145833333333334 0.018518518518518517 0.007291666666666667
8 0.4601851851851852 0.25286458333333334 0.05555555555555556 0.04739583333333333
3 0.45046296296296295 0.2265625 0.025 0.016666666666666666
3 0.44027777777777777 0.20989583333333334 0.021296296296296296 0.015625
3 0.5745370370370371 0.15703125 0.015740740740740743 0.0067708333333333336
3 0.5287037037037037 0.1546875 0.014814814814814815 0.007291666666666667
2 1.387962962962963 0.4265625 0.03888888888888889 0.020833333333333332
1 1.3925925925925926 0.42161458333333335 0.018518518518518517 0.021354166666666667
2 1.174074074074074 0.37864583333333335 0.022222222222222223 0.016666666666666666
1 1.176388888888889 0.3729166666666667 0.015740740740740743 0.01875
9 1.2958333333333334 0.403125 0.028703703703703703 0.01875
1 1.3 0.3963541666666667 0.012962962962962964 0.017708333333333333
9 1.3435185185185186 0.40729166666666666 0.03333333333333333 0.015625
1 1.3467592592592592 0.4 0.015740740740740743 0.014583333333333334
2 1.2541666666666667 0.365625 0.03425925925925926 0.011458333333333333
1 1.2587962962962964 0.3611979166666667 0.017592592592592594 0.0234375
9 1.0791666666666666 0.31875 0.019444444444444445 0.011458333333333333
1 1.0787037037037037 0.31536458333333334 0.014814814814814815 0.01614583333333333
9 1.0680555555555555 0.31588541666666664 0.017592592592592594 0.0109375
1 1.0685185185185186 0.31171875 0.007407407407407408 0.0140625
2 1.051388888888889 0.2916666666666667 0.026851851851851852 0.011458333333333333
9 1.0037037037037038 0.278125 0.024074074074074074 0.010416666666666666
9 0.1398148148148148 0.31875 0.03518518518518519 0.0125
1 0.13564814814814816 0.31614583333333335 0.010185185185185186 0.01875
9 0.12361111111111112 0.3143229166666667 0.025 0.0109375
3 0.07361111111111111 0.3078125 0.09722222222222222 0.020833333333333332
3 0.537962962962963 0.14921875 0.014814814814814815 0.005729166666666666
3 0.5518518518518519 0.14635416666666667 0.012962962962962964 0.00625
3 0.5152777777777778 0.14765625 0.01388888888888889 0.0067708333333333336
3 0.5263888888888889 0.14244791666666667 0.01388888888888889 0.005729166666666666
3 0.487962962962963 0.14036458333333332 0.012962962962962964 0.005729166666666666
4 0.052314814814814814 0.2700520833333333 0.09351851851851853 0.018229166666666668
9 0.014351851851851852 0.328125 0.030555555555555558 0.0125
1 0.009722222222222222 0.3247395833333333 0.015740740740740743 0.015104166666666667
2 0.018055555555555557 0.3203125 0.03425925925925926 0.008333333333333333
1 0.015277777777777779 0.31484375 0.012037037037037037 0.01614583333333333
3 0.020833333333333336 0.2942708333333333 0.04351851851851852 0.022916666666666665
3 0.01712962962962963 0.2799479166666667 0.036111111111111115 0.01614583333333333
2 0.3675925925925926 0.2453125 0.009259259259259259 0.008333333333333333
1 0.36712962962962964 0.24140625 0.008333333333333333 0.009895833333333333
9 0.3462962962962963 0.234375 0.011111111111111112 0.008333333333333333
1 0.34675925925925927 0.23151041666666666 0.010185185185185186 0.008854166666666666
