3 0.17712418300653593 0.08602941176470588 0.12156862745098039 0.060294117647058824
3 0.4294117647058823 0.03308823529411765 0.08235294117647059 0.033823529411764704
3 1.103267973856209 0.18419117647058822 0.08627450980392157 0.06397058823529411
3 1.1830065359477124 0.3246323529411765 0.3032679738562091 0.07573529411764705
3 1.2026143790849673 0.3922794117647059 0.3137254901960784 0.08308823529411764
3 1.2372549019607841 0.47830882352941173 0.3254901960784313 0.09191176470588235
2 1.6091503267973855 0.5345588235294118 0.07320261437908496 0.054411764705882354
3 1.2849673202614378 0.5430147058823529 0.2745098039215686 0.0375
1 0.8431372549019607 0.2746323529411765 0.03137254901960784 0.03455882352941177
2 0.8457516339869281 0.29375 0.01830065359477124 0.01838235294117647
3 0.7490196078431373 0.04963235294117647 0.04967320261437908 0.03897058823529412
3 0.75359477124183 0.013970588235294117 0.04836601307189542 0.027941176470588233
9 0.14183006535947712 0.03419117647058823 0.03006535947712418 0.0125
1 0.134640522875817 0.029044117647058824 0.01830065359477124 0.021323529411764706
1 0.7633986928104575 0.26875 0.023529411764705882 0.016911764705882352
1 0.7555555555555555 0.28455882352941175 0.01830065359477124 0.014705882352941176
9 0.765359477124183 0.2823529411764706 0.027450980392156862 0.03676470588235294
