3 1.450925925925926 0.4265625 0.11296296296296297 0.08645833333333333
9 1.652777777777778 0.3541666666666667 0.06481481481481481 0.035416666666666666
2 1.3898148148148148 0.19479166666666667 0.020370370370370372 0.01875
3 1.1305555555555555 0.025520833333333333 0.03518518518518519 0.019791666666666666
9 1.151851851851852 0.0078125 0.022222222222222223 0.013541666666666667
3 1.125925925925926 0.003125 0.02592592592592593 0.008333333333333333
3 1.0231481481481481 0.052083333333333336 0.02777777777777778 0.016666666666666666
4 0.9527777777777778 0.026041666666666668 0.024074074074074074 0.016666666666666666
3 1.0731481481481482 0.18020833333333333 0.0462962962962963 0.029166666666666667
1 1.012962962962963 0.17395833333333333 0.014814814814814815 0.020833333333333332
2 1.011111111111111 0.17760416666666667 0.014814814814814815 0.017708333333333333
3 1.2111111111111112 0.528125 0.10370370370370371 0.06666666666666667
6 0.21666666666666667 0.496875 0.0925925925925926 0.06041666666666667
3 0.4962962962962963 0.38697916666666665 0.11111111111111112 0.071875
6 0.32962962962962966 0.4786458333333333 0.1 0.06979166666666667
6 0.38333333333333336 0.4192708333333333 0.08888888888888889 0.06145833333333333
6 0.4324074074074074 0.37604166666666666 0.08333333333333334 0.05416666666666667
4 0.26296296296296295 0.5395833333333333 0.12222222222222223 0.04375
9 0.7388888888888889 0.0640625 0.014814814814814815 0.013541666666666667
9 0.7962962962962963 0.1125 0.014814814814814815 0.014583333333333334
3 0.8472222222222222 0.11614583333333334 0.03888888888888889 0.026041666666666668
1 0.7527777777777778 0.13854166666666667 0.016666666666666666 0.014583333333333334
6 0.7574074074074074 0.14166666666666666 0.02592592592592593 0.020833333333333332
1 0.7592592592592593 0.159375 0.014814814814814815 0.016666666666666666
1 0.762962962962963 0.15677083333333333 0.011111111111111112 0.013541666666666667
9 0.7611111111111112 0.16354166666666667 0.018518518518518517 0.016666666666666666
3 0.6805555555555556 0.134375 0.03888888888888889 0.027083333333333334
6 0.4990740740740741 0.08072916666666667 0.05 0.015625
6 0.5027777777777778 0.0765625 0.053703703703703705 0.013541666666666667
6 0.4638888888888889 0.07604166666666666 0.02777777777777778 0.014583333333333334
3 0.5398148148148149 0.11875 0.09074074074074075 0.020833333333333332
3 0.5203703703703704 0.14114583333333333 0.1 0.021875
3 0.4953703703703704 0.15729166666666666 0.09444444444444444 0.022916666666666665
3 0.5333333333333333 0.28072916666666664 0.05925925925925926 0.042708333333333334
3 0.612037037037037 0.22239583333333332 0.05 0.034375
6 0.28055555555555556 0.19375 0.09444444444444444 0.022916666666666665
6 0.2712962962962963 0.2046875 0.08333333333333334 0.021875
6 0.2601851851851852 0.21458333333333332 0.08703703703703704 0.020833333333333332
6 0.10092592592592593 0.2947916666666667 0.10185185185185186 0.025
6 0.11481481481481481 0.278125 0.1 0.029166666666666667
6 0.13333333333333333 0.26458333333333334 0.10740740740740741 0.029166666666666667
6 0.18055555555555555 0.2421875 0.11666666666666667 0.026041666666666668
6 0.21666666666666667 0.234375 0.07777777777777778 0.025
6 0.26203703703703707 0.24375 0.07222222222222223 0.029166666666666667
6 0.031481481481481485 0.5338541666666666 0.06666666666666667 0.036458333333333336
6 0.049074074074074076 0.5078125 0.10185185185185186 0.036458333333333336
6 0.06481481481481481 0.48541666666666666 0.13333333333333333 0.03333333333333333
6 0.0962962962962963 0.46510416666666665 0.13333333333333333 0.03229166666666666
2 0.1287037037037037 0.4432291666666667 0.13518518518518519 0.028125
6 0.1564814814814815 0.42291666666666666 0.1277777777777778 0.029166666666666667
6 0.04259259259259259 0.3578125 0.08888888888888889 0.03854166666666667
6 0.026851851851851852 0.384375 0.05740740740740741 0.025
3 0.8768518518518519 0.3177083333333333 0.06851851851851852 0.058333333333333334
