5 1.6215686274509802 0.5330882352941176 0.12156862745098039 0.057352941176470586
1 1.3673202614379083 0.5117647058823529 0.023529411764705882 0.025
4 1.3588235294117645 0.4886029411764706 0.14248366013071895 0.0713235294117647
3 0.6882352941176471 0.5426470588235294 0.11633986928104574 0.03823529411764706
4 0.058823529411764705 0.5474264705882352 0.11764705882352941 0.028676470588235293
1 0.8320261437908496 0.5121323529411764 0.03790849673202614 0.027205882352941177
9 0.8320261437908496 0.5283088235294118 0.0326797385620915 0.04485294117647059
3 1.084313725490196 0.4154411764705882 0.09019607843137255 0.058823529411764705
1 0.8045751633986927 0.42720588235294116 0.027450980392156862 0.029411764705882353
9 0.8039215686274509 0.43713235294117647 0.023529411764705882 0.03308823529411765
3 0.7058823529411764 0.37316176470588236 0.0784313725490196 0.05220588235294118
4 0.7281045751633987 0.31066176470588236 0.05751633986928104 0.04485294117647059
3 0.47973856209150323 0.4128676470588235 0.10718954248366012 0.06691176470588235
3 0.24444444444444444 0.36911764705882355 0.1568627450980392 0.039705882352941174
4 0.5013071895424837 0.2952205882352941 0.06405228758169934 0.04191176470588235
9 0.261437908496732 0.27352941176470585 0.0392156862745098 0.014705882352941176
4 0.388235294117647 0.2878676470588235 0.13594771241830064 0.03455882352941177
4 0.4091503267973856 0.2411764705882353 0.054901960784313725 0.030882352941176472
6 0.4156862745098039 0.26176470588235295 0.03660130718954248 0.01764705882352941
9 0.36209150326797385 0.21911764705882353 0.0261437908496732 0.013235294117647059
6 0.3915032679738562 0.20735294117647057 0.0196078431372549 0.011764705882352941
2 0.4241830065359477 0.1838235294117647 0.01437908496732026 0.010294117647058823
2 0.4562091503267974 0.17683823529411766 0.0130718954248366 0.008088235294117646
3 1.054248366013072 0.1113970588235294 0.03790849673202614 0.009558823529411765
5 1.0366013071895424 0.10294117647058823 0.03660130718954248 0.010294117647058823
1 1.0294117647058822 0.19264705882352942 0.011764705882352941 0.011764705882352941
2 1.0287581699346404 0.19852941176470587 0.0130718954248366 0.014705882352941176
3 0.9751633986928104 0.21470588235294116 0.03660130718954248 0.01911764705882353
4 0.9078431372549018 0.1713235294117647 0.027450980392156862 0.01764705882352941
3 0.8098039215686273 0.1275735294117647 0.02222222222222222 0.011029411764705881
3 0.9045751633986927 0.14448529411764705 0.023529411764705882 0.0125
3 0.9156862745098039 0.12941176470588234 0.02222222222222222 0.011764705882352941
1 0.95359477124183 0.12095588235294118 0.0065359477124183 0.006617647058823529
9 0.95359477124183 0.12389705882352942 0.00915032679738562 0.006617647058823529
1 0.9215686274509803 0.10514705882352941 0.00784313725490196 0.0058823529411764705
9 0.9222222222222222 0.10845588235294118 0.00392156862745098 0.006617647058823529
1 0.922875816993464 0.1161764705882353 0.00522875816993464 0.0058823529411764705
9 0.9215686274509803 0.11875 0.00784313725490196 0.006617647058823529
1 0.8241830065359477 0.09852941176470588 0.0065359477124183 0.0058823529411764705
9 0.8241830065359477 0.10220588235294117 0.00392156862745098 0.0058823529411764705
4 0.8803921568627451 0.10477941176470588 0.01437908496732026 0.011029411764705881
3 0.884313725490196 0.09632352941176471 0.01437908496732026 0.007352941176470588
3 0.8973856209150326 0.09264705882352942 0.011764705882352941 0.007352941176470588
3 0.8875816993464052 0.08419117647058823 0.01045751633986928 0.006617647058823529
3 0.8790849673202614 0.06985294117647059 0.00915032679738562 0.004411764705882353
3 0.8640522875816993 0.0838235294117647 0.01568627450980392 0.0058823529411764705
3 0.8633986928104574 0.07536764705882353 0.011764705882352941 0.005147058823529412
5 0.861437908496732 0.07095588235294117 0.01045751633986928 0.005147058823529412
5 0.8339869281045751 0.07316176470588236 0.01568627450980392 0.009558823529411765
3 0.8339869281045751 0.07867647058823529 0.0130718954248366 0.0058823529411764705
3 0.8398692810457515 0.0875 0.01437908496732026 0.007352941176470588
3 0.8294117647058823 0.09117647058823529 0.01437908496732026 0.008823529411764706
3 0.8006535947712418 0.07757352941176471 0.011764705882352941 0.006617647058823529
3 0.7947712418300653 0.08897058823529412 0.01568627450980392 0.007352941176470588
3 0.5823529411764705 0.17720588235294119 0.03529411764705882 0.014705882352941176
3 0.538562091503268 0.17830882352941177 0.0392156862745098 0.01838235294117647
6 0.5104575163398692 0.1625 0.03790849673202614 0.011764705882352941
4 0.5895424836601306 0.14044117647058824 0.065359477124183 0.016176470588235292
6 0.5490196078431372 0.1349264705882353 0.00784313725490196 0.006617647058823529
2 0.5483660130718954 0.14154411764705882 0.02483660130718954 0.008088235294117646
4 0.6758169934640522 0.10036764705882353 0.0392156862745098 0.008088235294117646
3 0.6745098039215686 0.10661764705882353 0.04183006535947712 0.007352941176470588
3 0.6934640522875817 0.0974264705882353 0.03529411764705882 0.006617647058823529
3 0.6973856209150326 0.09485294117647058 0.03529411764705882 0.007352941176470588
3 0.6366013071895424 0.0974264705882353 0.0392156862745098 0.006617647058823529
