8 0.7692810457516339 0.4930147058823529 0.1790849673202614 0.1375
3 0.2176470588235294 0.016176470588235292 0.0326797385620915 0.013235294117647059
3 0.7993464052287581 0.23124999999999998 0.05620915032679738 0.03308823529411765
3 0.8888888888888888 0.23345588235294118 0.054901960784313725 0.03161764705882353
3 0.888235294117647 0.19595588235294117 0.050980392156862744 0.028676470588235293
3 0.8032679738562091 0.1915441176470588 0.04836601307189542 0.028676470588235293
3 0.8679738562091502 0.1661764705882353 0.04183006535947712 0.023529411764705882
3 0.7901960784313725 0.15 0.03529411764705882 0.020588235294117647
3 0.8607843137254901 0.14411764705882352 0.03790849673202614 0.01911764705882353
3 0.8601307189542483 0.1290441176470588 0.04183006535947712 0.019852941176470587
3 0.8594771241830065 0.11176470588235293 0.03529411764705882 0.01764705882352941
3 0.8496732026143791 0.09889705882352941 0.03660130718954248 0.016911764705882352
3 0.7980392156862745 0.1213235294117647 0.03790849673202614 0.022058823529411763
3 0.7856209150326797 0.10220588235294117 0.03137254901960784 0.01764705882352941
3 0.7967320261437908 0.08860294117647059 0.0326797385620915 0.015441176470588236
4 0.8366013071895424 0.08308823529411764 0.02875816993464052 0.01911764705882353
3 0.8477124183006536 0.07610294117647058 0.0326797385620915 0.015441176470588236
3 0.8333333333333333 0.06727941176470588 0.03006535947712418 0.013970588235294117
3 0.780392156862745 0.07058823529411765 0.02875816993464052 0.014705882352941176
3 0.7790849673202613 0.059926470588235296 0.0261437908496732 0.011029411764705881
5 0.8281045751633986 0.05367647058823529 0.03006535947712418 0.016176470588235292
3 0.7758169934640522 0.05110294117647059 0.02222222222222222 0.011029411764705881
3 0.818954248366013 0.04926470588235294 0.02483660130718954 0.011764705882352941
3 0.8104575163398692 0.04338235294117647 0.02091503267973856 0.010294117647058823
3 0.7751633986928104 0.04485294117647059 0.023529411764705882 0.010294117647058823
3 0.8117647058823528 0.039338235294117646 0.02091503267973856 0.009558823529411765
3 0.7725490196078431 0.03786764705882353 0.023529411764705882 0.009558823529411765
3 0.8098039215686273 0.03272058823529412 0.02222222222222222 0.009558823529411765
3 0.7686274509803921 0.033823529411764704 0.02091503267973856 0.008823529411764706
3 0.8058823529411764 0.029044117647058824 0.02222222222222222 0.009558823529411765
3 0.7666666666666666 0.028308823529411765 0.0196078431372549 0.008088235294117646
3 0.7986928104575163 0.02463235294117647 0.01830065359477124 0.009558823529411765
4 0.8039215686274509 0.01911764705882353 0.02091503267973856 0.011764705882352941
3 0.7647058823529411 0.023529411764705882 0.01830065359477124 0.008823529411764706
3 0.7647058823529411 0.01801470588235294 0.02091503267973856 0.008088235294117646
3 0.765359477124183 0.013602941176470588 0.0196078431372549 0.008088235294117646
4 0.7660130718954248 0.006985294117647058 0.01568627450980392 0.008088235294117646
3 0.7620915032679738 0.010661764705882353 0.01568627450980392 0.008088235294117646
5 0.7986928104575163 0.007352941176470588 0.023529411764705882 0.016176470588235292
3 0.7601307189542483 0.0033088235294117647 0.01437908496732026 0.008088235294117646
5 0.7908496732026143 0.003676470588235294 0.023529411764705882 0.008823529411764706
