3 0.21699346405228756 0.19705882352941176 0.08627450980392157 0.014705882352941176
9 0.22156862745098038 0.2275735294117647 0.01437908496732026 0.0125
1 0.22156862745098038 0.22463235294117648 0.00915032679738562 0.015441176470588236
3 0.29934640522875816 0.17683823529411766 0.03137254901960784 0.013970588235294117
3 0.2895424836601307 0.16801470588235293 0.03529411764705882 0.016911764705882352
2 0.18888888888888888 0.3533088235294118 0.03529411764705882 0.02426470588235294
3 0.11699346405228757 0.35441176470588237 0.0196078431372549 0.025
3 0.3398692810457516 0.41066176470588234 0.11764705882352941 0.0625
3 0.4490196078431372 0.3503676470588235 0.08758169934640522 0.04632352941176471
8 0.4666666666666666 0.2922794117647059 0.13333333333333333 0.09044117647058823
3 0.5607843137254902 0.2389705882352941 0.04444444444444444 0.022058823529411763
3 0.6241830065359477 0.22536764705882353 0.03790849673202614 0.019852941176470587
3 0.6738562091503267 0.21176470588235294 0.03529411764705882 0.01764705882352941
3 0.5607843137254902 0.14669117647058824 0.04183006535947712 0.008088235294117646
3 0.7019607843137254 0.25073529411764706 0.04444444444444444 0.023529411764705882
3 0.6359477124183006 0.25073529411764706 0.04836601307189542 0.026470588235294117
3 0.5738562091503268 0.26544117647058824 0.0522875816993464 0.029411764705882353
3 0.5934640522875817 0.2963235294117647 0.065359477124183 0.039705882352941174
3 0.5705882352941176 0.34558823529411764 0.07712418300653594 0.047058823529411764
3 0.6869281045751634 0.3261029411764706 0.06666666666666667 0.04044117647058824
3 0.6176470588235293 0.4279411764705882 0.11633986928104574 0.07058823529411765
3 1.6980392156862745 0.5481617647058823 0.1568627450980392 0.027205882352941177
2 1.4751633986928103 0.5011029411764706 0.05620915032679738 0.04926470588235294
1 1.4777777777777776 0.48713235294117646 0.03790849673202614 0.04632352941176471
3 1.511111111111111 0.45036764705882354 0.18562091503267972 0.06544117647058824
3 1.0568627450980392 0.4827205882352941 0.134640522875817 0.0801470588235294
3 1.2941176470588234 0.4566176470588235 0.13333333333333333 0.0661764705882353
3 0.9751633986928104 0.38125 0.08366013071895424 0.04338235294117647
3 1.0862745098039215 0.3610294117647059 0.0915032679738562 0.041176470588235294
3 1.1875816993464052 0.36323529411764705 0.09803921568627451 0.039705882352941174
3 1.3294117647058823 0.3488970588235294 0.09934640522875816 0.04338235294117647
2 1.511111111111111 0.38125 0.0392156862745098 0.025735294117647058
2 1.6202614379084965 0.4176470588235294 0.05359477124183006 0.025
2 1.6137254901960782 0.4073529411764706 0.058823529411764705 0.027941176470588233
2 1.595424836601307 0.3290441176470588 0.03790849673202614 0.021323529411764706
1 1.6006535947712417 0.3224264705882353 0.02483660130718954 0.03308823529411765
9 1.4568627450980391 0.3095588235294118 0.02222222222222222 0.023529411764705882
1 1.4601307189542483 0.3029411764705882 0.023529411764705882 0.023529411764705882
1 1.3555555555555554 0.3297794117647059 0.02091503267973856 0.019852941176470587
2 1.3738562091503268 0.2952205882352941 0.01568627450980392 0.019852941176470587
1 1.3758169934640523 0.28823529411764703 0.01699346405228758 0.022058823529411763
2 1.3261437908496732 0.28308823529411764 0.03529411764705882 0.01764705882352941
1 1.3261437908496732 0.27941176470588236 0.02222222222222222 0.023529411764705882
9 1.3183006535947712 0.24669117647058822 0.00915032679738562 0.0125
2 1.0986928104575162 0.23566176470588235 0.02483660130718954 0.013970588235294117
2 1.2405228758169933 0.25735294117647056 0.01568627450980392 0.016176470588235292
1 1.241176470588235 0.25183823529411764 0.01437908496732026 0.01838235294117647
9 1.2130718954248365 0.24926470588235294 0.01568627450980392 0.013235294117647059
1 1.215032679738562 0.24338235294117647 0.01437908496732026 0.01764705882352941
6 1.1771241830065358 0.24889705882352942 0.03006535947712418 0.01838235294117647
1 1.181045751633987 0.24558823529411763 0.011764705882352941 0.01764705882352941
3 1.1065359477124181 0.20808823529411766 0.043137254901960784 0.016176470588235292
3 1.0830065359477123 0.20147058823529412 0.04052287581699346 0.014705882352941176
3 0.9320261437908496 0.3235294117647059 0.07058823529411765 0.033823529411764704
3 0.8954248366013071 0.2863970588235294 0.06274509803921569 0.030147058823529412
3 0.95359477124183 0.26066176470588237 0.05620915032679738 0.022794117647058822
3 0.9836601307189542 0.24375 0.05620915032679738 0.025735294117647058
3 0.8784313725490196 0.2647058823529412 0.047058823529411764 0.022058823529411763
3 0.8999999999999999 0.22830882352941176 0.043137254901960784 0.01838235294117647
3 0.9202614379084967 0.24191176470588235 0.0392156862745098 0.01911764705882353
4 0.8588235294117647 0.2485294117647059 0.04444444444444444 0.027941176470588233
3 0.8483660130718954 0.23970588235294119 0.04444444444444444 0.01764705882352941
3 0.837908496732026 0.22647058823529412 0.04183006535947712 0.01911764705882353
3 0.8790849673202614 0.21801470588235294 0.04052287581699346 0.019852941176470587
3 0.9457516339869281 0.20441176470588235 0.03529411764705882 0.016176470588235292
3 0.8529411764705882 0.20955882352941177 0.0326797385620915 0.014705882352941176
3 0.8235294117647058 0.21654411764705883 0.03660130718954248 0.016911764705882352
3 0.8078431372549019 0.20955882352941177 0.03398692810457516 0.014705882352941176
3 0.8326797385620914 0.2 0.02875816993464052 0.014705882352941176
3 0.7908496732026143 0.20073529411764707 0.03137254901960784 0.014705882352941176
3 0.7758169934640522 0.19375 0.03006535947712418 0.0125
3 0.7594771241830065 0.18713235294117647 0.02875816993464052 0.0125
3 0.7542483660130719 0.18198529411764705 0.02875816993464052 0.011029411764705881
3 0.7333333333333333 0.17683823529411766 0.0261437908496732 0.009558823529411765
3 0.7196078431372549 0.17022058823529412 0.02483660130718954 0.011029411764705881
3 0.7032679738562091 0.16580882352941176 0.023529411764705882 0.009558823529411765
3 0.6947712418300653 0.16213235294117648 0.02483660130718954 0.009558823529411765
3 0.6816993464052287 0.1588235294117647 0.02222222222222222 0.008823529411764706
3 0.818954248366013 0.19411764705882353 0.03006535947712418 0.013235294117647059
3 0.8052287581699346 0.18786764705882353 0.02875816993464052 0.0125
3 0.788235294117647 0.18125 0.02875816993464052 0.0125
3 0.7738562091503267 0.17610294117647057 0.0261437908496732 0.011029411764705881
3 0.7588235294117647 0.17279411764705882 0.02483660130718954 0.010294117647058823
3 0.7464052287581698 0.16875 0.023529411764705882 0.009558823529411765
3 0.7274509803921568 0.16433823529411765 0.02222222222222222 0.008088235294117646
3 0.7169934640522875 0.15992647058823528 0.02222222222222222 0.008088235294117646
3 0.8483660130718954 0.19044117647058822 0.023529411764705882 0.011764705882352941
3 0.8333333333333333 0.18455882352941178 0.027450980392156862 0.010294117647058823
3 0.8150326797385621 0.1801470588235294 0.027450980392156862 0.010294117647058823
3 0.8032679738562091 0.17573529411764705 0.027450980392156862 0.010294117647058823
3 0.7901960784313725 0.1713235294117647 0.027450980392156862 0.010294117647058823
3 0.7732026143790849 0.1676470588235294 0.0196078431372549 0.008823529411764706
3 0.7568627450980392 0.1625 0.023529411764705882 0.010294117647058823
3 0.7437908496732025 0.15955882352941175 0.02091503267973856 0.007352941176470588
8 0.9019607843137254 0.1963235294117647 0.06797385620915032 0.041176470588235294
3 0.8607843137254901 0.18161764705882352 0.027450980392156862 0.011764705882352941
3 0.8437908496732025 0.17573529411764705 0.027450980392156862 0.011764705882352941
3 0.8222222222222222 0.17022058823529412 0.02875816993464052 0.009558823529411765
3 0.8058823529411764 0.16580882352941176 0.027450980392156862 0.009558823529411765
8 0.780392156862745 0.15588235294117647 0.04967320261437908 0.022058823529411763
3 1.0032679738562091 0.17794117647058824 0.05620915032679738 0.010294117647058823
3 0.9784313725490196 0.17205882352941176 0.0457516339869281 0.008823529411764706
4 0.9568627450980391 0.1698529411764706 0.047058823529411764 0.010294117647058823
3 0.9392156862745097 0.1676470588235294 0.03529411764705882 0.008823529411764706
3 0.9254901960784313 0.16580882352941176 0.03660130718954248 0.009558823529411765
3 0.5771241830065359 0.544485294117647 0.11895424836601307 0.03455882352941177
