3 0.08425925925925926 0.13515625 0.07592592592592592 0.015104166666666667
4 0.0962962962962963 0.12317708333333333 0.09444444444444444 0.0203125
9 0.15925925925925927 0.1125 0.018518518518518517 0.005208333333333333
1 0.14027777777777778 0.13854166666666667 0.012037037037037037 0.010416666666666666
9 0.1449074074074074 0.1421875 0.025 0.008333333333333333
1 0.07962962962962963 0.1375 0.011111111111111112 0.008333333333333333
1 0.0962962962962963 0.175 0.012962962962962964 0.0125
1 0.1953703703703704 0.15677083333333333 0.014814814814814815 0.013541666666666667
3 0.20416666666666666 0.14479166666666665 0.04537037037037037 0.015625
1 0.18472222222222223 0.13020833333333334 0.008333333333333333 0.009375
9 0.1875 0.13411458333333334 0.025 0.0078125
1 0.20185185185185187 0.12135416666666667 0.009259259259259259 0.011458333333333333
9 0.2740740740740741 0.09322916666666667 0.018518518518518517 0.007291666666666667
8 0.2939814814814815 0.10833333333333334 0.08425925925925926 0.027083333333333334
1 0.21064814814814817 0.1296875 0.012037037037037037 0.010416666666666666
9 0.2152777777777778 0.13359375 0.025 0.0067708333333333336
9 0.33564814814814814 0.12239583333333333 0.021296296296296296 0.009375
1 0.29583333333333334 0.13125 0.010185185185185186 0.010416666666666666
1 0.3037037037037037 0.13411458333333334 0.011111111111111112 0.009895833333333333
9 0.2962962962962963 0.13489583333333333 0.016666666666666666 0.00625
9 0.3092592592592593 0.13854166666666667 0.018518518518518517 0.00625
3 0.2976851851851852 0.14661458333333333 0.04722222222222222 0.015104166666666667
1 0.2569444444444445 0.17083333333333334 0.010185185185185186 0.009375
9 0.25972222222222224 0.17682291666666666 0.017592592592592594 0.008854166666666666
1 0.2833333333333333 0.16692708333333334 0.011111111111111112 0.013020833333333334
1 0.3472222222222222 0.15026041666666667 0.009259259259259259 0.009895833333333333
9 0.34814814814814815 0.15572916666666667 0.012962962962962964 0.009375
3 0.425 0.12552083333333333 0.05 0.014583333333333334
3 0.45925925925925926 0.13463541666666667 0.031481481481481485 0.0140625
4 0.4620370370370371 0.15833333333333333 0.037037037037037035 0.01875
9 0.4532407407407408 0.11041666666666666 0.02314814814814815 0.00625
1 0.4939814814814815 0.11067708333333333 0.010185185185185186 0.009895833333333333
3 0.3231481481481482 0.09375 0.014814814814814815 0.008333333333333333
5 0.41250000000000003 0.09635416666666667 0.02314814814814815 0.019791666666666666
3 0.41805555555555557 0.08723958333333333 0.021296296296296296 0.009895833333333333
3 0.42314814814814816 0.07708333333333334 0.018518518518518517 0.009375
3 0.5541666666666667 0.0828125 0.019444444444444445 0.008333333333333333
3 0.5532407407407408 0.07630208333333333 0.019444444444444445 0.0067708333333333336
4 0.5208333333333334 0.05026041666666667 0.01388888888888889 0.0109375
3 0.46342592592592596 0.031510416666666666 0.01388888888888889 0.005729166666666666
8 0.48564814814814816 0.01875 0.012037037037037037 0.008333333333333333
3 0.48888888888888893 0.024739583333333332 0.009259259259259259 0.0067708333333333336
3 0.48703703703703705 0.03411458333333333 0.011111111111111112 0.005729166666666666
4 0.7680555555555556 0.1171875 0.049074074074074076 0.013541666666666667
9 0.9425925925925926 0.22213541666666667 0.011111111111111112 0.013020833333333334
1 0.725925925925926 0.21614583333333334 0.011111111111111112 0.013541666666666667
3 0.6949074074074074 0.2708333333333333 0.04166666666666667 0.025
9 0.8592592592592593 0.3294270833333333 0.0462962962962963 0.0140625
9 0.8541666666666667 0.321875 0.04166666666666667 0.013541666666666667
3 0.14444444444444446 0.2520833333333333 0.07407407407407407 0.029166666666666667
3 0.812962962962963 0.390625 0.020370370370370372 0.027083333333333334
9 0.8912037037037037 0.38619791666666664 0.02314814814814815 0.03177083333333333
9 0.8425925925925927 0.38984375 0.014814814814814815 0.024479166666666666
9 0.8115740740740741 0.3736979166666667 0.019444444444444445 0.013020833333333334
9 0.8652777777777778 0.3875 0.019444444444444445 0.021875
9 0.9981481481481482 0.38359375 0.04259259259259259 0.015104166666666667
1 0.9819444444444445 0.42161458333333335 0.012037037037037037 0.0140625
1 0.987962962962963 0.4236979166666667 0.011111111111111112 0.028645833333333332
9 0.9796296296296296 0.4296875 0.061111111111111116 0.019791666666666666
9 0.9439814814814815 0.28802083333333334 0.03981481481481482 0.013541666666666667
9 1.0092592592592593 0.26536458333333335 0.018518518518518517 0.013020833333333334
2 1.050925925925926 0.4067708333333333 0.020370370370370372 0.025
5 1.0425925925925927 0.45208333333333334 0.1574074074074074 0.051041666666666666
1 0.5287037037037037 0.5510416666666667 0.037037037037037035 0.019791666666666666
2 0.5375 0.4401041666666667 0.019444444444444445 0.03125
1 0.18194444444444446 0.19296875 0.015740740740740743 0.0140625
2 0.1814814814814815 0.19869791666666667 0.022222222222222223 0.008854166666666666
1 0.2050925925925926 0.19583333333333333 0.012037037037037037 0.014583333333333334
1 0.12361111111111112 0.21510416666666665 0.015740740740740743 0.013541666666666667
9 0.125 0.2203125 0.022222222222222223 0.017708333333333333
1 0.2796296296296296 0.19609375 0.011111111111111112 0.009895833333333333
1 0.30972222222222223 0.1828125 0.012037037037037037 0.010416666666666666
9 0.3092592592592593 0.18776041666666665 0.011111111111111112 0.011979166666666666
1 0.30648148148148147 0.20598958333333334 0.012962962962962964 0.013020833333333334
9 0.3078703703703704 0.2109375 0.017592592592592594 0.011458333333333333
3 0.1685185185185185 0.22708333333333333 0.061111111111111116 0.026041666666666668
1 0.12222222222222223 0.24192708333333332 0.012962962962962964 0.0140625
1 0.022685185185185187 0.28515625 0.019444444444444445 0.015104166666666667
3 0.0763888888888889 0.27682291666666664 0.08425925925925926 0.0328125
3 0.02962962962962963 0.3106770833333333 0.061111111111111116 0.033854166666666664
8 0.06805555555555556 0.3828125 0.13796296296296298 0.10729166666666666
9 1.3365740740740741 0.4388020833333333 0.028703703703703703 0.030729166666666665
2 1.4287037037037038 0.43463541666666666 0.014814814814814815 0.0265625
2 1.450462962962963 0.4354166666666667 0.019444444444444445 0.029166666666666667
9 1.288888888888889 0.5440104166666666 0.05 0.0359375
9 1.3231481481481482 0.5356770833333333 0.04259259259259259 0.0484375
9 1.3583333333333334 0.5393229166666667 0.0462962962962963 0.04010416666666666
9 1.386111111111111 0.5341145833333333 0.02962962962962963 0.043229166666666666
9 1.4199074074074074 0.5364583333333334 0.03425925925925926 0.041666666666666664
9 1.4481481481481482 0.534375 0.02962962962962963 0.0375
9 1.4851851851851852 0.5333333333333333 0.044444444444444446 0.036458333333333336
9 1.5421296296296296 0.5317708333333333 0.058333333333333334 0.036458333333333336
9 1.5689814814814815 0.5359375 0.05277777777777778 0.029166666666666667
9 1.6018518518518519 0.528125 0.05925925925925926 0.0375
9 1.6328703703703704 0.5229166666666667 0.04537037037037037 0.04375
9 1.6675925925925927 0.5221354166666666 0.07222222222222223 0.03697916666666667
9 1.701388888888889 0.5197916666666667 0.06574074074074074 0.0375
9 1.75 0.5158854166666667 0.053703703703703705 0.0390625
4 1.6083333333333334 0.42890625 0.1462962962962963 0.05677083333333333
