4 1.5875816993464051 0.1900735294117647 0.03006535947712418 0.008088235294117646
3 1.5751633986928104 0.18970588235294117 0.03137254901960784 0.007352941176470588
4 1.573202614379085 0.18860294117647058 0.02483660130718954 0.008088235294117646
4 1.5666666666666667 0.1875 0.027450980392156862 0.0058823529411764705
4 1.545751633986928 0.18419117647058822 0.027450980392156862 0.008088235294117646
3 1.5352941176470587 0.18345588235294116 0.02483660130718954 0.006617647058823529
3 1.5320261437908496 0.18198529411764705 0.02875816993464052 0.005147058823529412
5 1.5313725490196077 0.17720588235294119 0.04052287581699346 0.010294117647058823
3 1.6130718954248364 0.18455882352941178 0.03398692810457516 0.0058823529411764705
3 1.5980392156862744 0.1827205882352941 0.02483660130718954 0.005147058823529412
3 1.6542483660130718 0.1900735294117647 0.04052287581699346 0.006617647058823529
3 1.6411764705882352 0.18823529411764706 0.03006535947712418 0.0058823529411764705
3 1.6522875816993463 0.18308823529411763 0.02875816993464052 0.0058823529411764705
4 1.656862745098039 0.18419117647058822 0.03006535947712418 0.006617647058823529
4 1.6666666666666665 0.1849264705882353 0.03137254901960784 0.006617647058823529
3 1.6699346405228757 0.18639705882352942 0.02222222222222222 0.005147058823529412
3 1.6928104575163399 0.1889705882352941 0.03398692810457516 0.007352941176470588
3 1.6947712418300653 0.1900735294117647 0.03006535947712418 0.006617647058823529
3 1.7084967320261437 0.19044117647058822 0.03398692810457516 0.007352941176470588
3 1.7346405228758168 0.19338235294117648 0.03660130718954248 0.008823529411764706
3 1.7176470588235293 0.1827205882352941 0.023529411764705882 0.005147058823529412
4 1.7326797385620913 0.18419117647058822 0.02222222222222222 0.005147058823529412
5 1.7633986928104575 0.18786764705882353 0.0261437908496732 0.008088235294117646
3 1.315686274509804 0.1948529411764706 0.03006535947712418 0.011764705882352941
3 1.3967320261437908 0.2025735294117647 0.0326797385620915 0.009558823529411765
3 1.138562091503268 0.17463235294117646 0.01568627450980392 0.006617647058823529
3 1.1254901960784314 0.16580882352941176 0.00784313725490196 0.005147058823529412
9 0.12352941176470587 0.3558823529411765 0.04836601307189542 0.022058823529411763
1 0.11830065359477124 0.3488970588235294 0.027450980392156862 0.022794117647058822
1 0.22875816993464052 0.3503676470588235 0.03137254901960784 0.01838235294117647
