1 1.7607843137254902 0.41102941176470587 0.02875816993464052 0.030882352941176472
6 1.7542483660130719 0.4139705882352941 0.04183006535947712 0.032352941176470584
3 1.3333333333333333 0.5367647058823529 0.12549019607843137 0.05
1 1.1352941176470588 0.39595588235294116 0.03006535947712418 0.03455882352941177
9 1.1326797385620915 0.40625 0.03006535947712418 0.030147058823529412
3 1.0385620915032678 0.4463235294117647 0.1372549019607843 0.08970588235294118
1 0.9816993464052287 0.47463235294117645 0.03137254901960784 0.03161764705882353
9 0.9771241830065359 0.4775735294117647 0.04052287581699346 0.04926470588235294
1 0.5470588235294117 0.29375 0.02222222222222222 0.022794117647058822
2 0.6712418300653594 0.3426470588235294 0.03006535947712418 0.022058823529411763
1 0.0196078431372549 0.28713235294117645 0.023529411764705882 0.028676470588235293
9 0.023529411764705882 0.29191176470588237 0.04183006535947712 0.01911764705882353
2 0.21111111111111108 0.19926470588235293 0.0326797385620915 0.013235294117647059
2 0.3150326797385621 0.20073529411764707 0.0392156862745098 0.014705882352941176
2 0.7745098039215685 0.1426470588235294 0.011764705882352941 0.014705882352941176
2 0.42745098039215684 0.19816176470588234 0.0392156862745098 0.01838235294117647
2 0.5078431372549019 0.17941176470588235 0.01699346405228758 0.01764705882352941
2 0.6071895424836601 0.19338235294117648 0.02483660130718954 0.01764705882352941
2 0.4947712418300653 0.16727941176470587 0.02222222222222222 0.011029411764705881
9 0.8490196078431372 0.13455882352941176 0.011764705882352941 0.013235294117647059
3 1.2660130718954248 0.2863970588235294 0.09281045751633986 0.05220588235294118
3 0.9869281045751633 0.23933823529411766 0.0784313725490196 0.04779411764705882
3 1.0784313725490196 0.23529411764705882 0.1045751633986928 0.032352941176470584
5 0.31241830065359477 0.2698529411764706 0.2849673202614379 0.07352941176470588
4 1.057516339869281 0.07316176470588236 0.03137254901960784 0.016911764705882352
3 0.9568627450980391 0.06544117647058824 0.02875816993464052 0.011764705882352941
3 0.8437908496732025 0.05625 0.027450980392156862 0.0125
3 0.822875816993464 0.03860294117647059 0.02483660130718954 0.011029411764705881
3 0.8464052287581699 0.03125 0.0196078431372549 0.011029411764705881
3 0.9045751633986927 0.025735294117647058 0.02091503267973856 0.008823529411764706
3 0.8529411764705882 0.0011029411764705882 0.01699346405228758 0.003676470588235294
3 0.8156862745098039 0.006617647058823529 0.01830065359477124 0.008823529411764706
5 0.7816993464052288 0.003676470588235294 0.01830065359477124 0.008823529411764706
3 1.0248366013071895 0.03125 0.04444444444444444 0.009558823529411765
3 0.9784313725490196 0.033823529411764704 0.03790849673202614 0.010294117647058823
9 0.9699346405228757 0.05 0.00784313725490196 0.007352941176470588
1 0.9692810457516339 0.04779411764705882 0.0065359477124183 0.008823529411764706
3 1.1751633986928103 0.011397058823529411 0.047058823529411764 0.009558823529411765
3 1.2117647058823529 0.0125 0.03398692810457516 0.008823529411764706
3 1.211111111111111 0.009558823529411765 0.0326797385620915 0.008823529411764706
3 1.2908496732026142 0.004044117647058823 0.0326797385620915 0.008088235294117646
3 1.3091503267973856 0.006617647058823529 0.03006535947712418 0.008823529411764706
3 1.3254901960784313 0.009926470588235294 0.02875816993464052 0.008088235294117646
3 1.333986928104575 0.011764705882352941 0.0326797385620915 0.007352941176470588
4 1.4307189542483658 0.02536764705882353 0.043137254901960784 0.011029411764705881
4 1.4555555555555555 0.008455882352941176 0.0326797385620915 0.009558823529411765
3 1.4588235294117646 0.014338235294117646 0.0392156862745098 0.008088235294117646
3 1.4176470588235293 0.0375 0.043137254901960784 0.010294117647058823
3 1.4503267973856209 0.039338235294117646 0.0457516339869281 0.011029411764705881
3 1.4986928104575163 0.020955882352941175 0.0457516339869281 0.009558823529411765
3 1.5313725490196077 0.02389705882352941 0.04836601307189542 0.009558823529411765
3 1.5032679738562091 0.03786764705882353 0.04444444444444444 0.009558823529411765
4 1.5235294117647058 0.04926470588235294 0.043137254901960784 0.011764705882352941
3 1.526797385620915 0.04338235294117647 0.04183006535947712 0.011764705882352941
3 1.5359477124183005 0.04485294117647059 0.047058823529411764 0.010294117647058823
3 1.588235294117647 0.04852941176470588 0.04967320261437908 0.010294117647058823
3 1.5888888888888888 0.052573529411764706 0.05359477124183006 0.011029411764705881
3 1.603267973856209 0.05514705882352941 0.0457516339869281 0.011764705882352941
3 1.6444444444444444 0.06066176470588235 0.047058823529411764 0.0125
4 1.657516339869281 0.06323529411764706 0.04967320261437908 0.013235294117647059
4 1.6653594771241829 0.06397058823529411 0.0392156862745098 0.013235294117647059
3 1.6450980392156862 0.039705882352941174 0.04052287581699346 0.010294117647058823
3 1.6601307189542482 0.041176470588235294 0.047058823529411764 0.010294117647058823
4 1.6529411764705881 0.04926470588235294 0.03790849673202614 0.014705882352941176
3 1.6745098039215685 0.04595588235294117 0.04183006535947712 0.011029411764705881
4 1.7137254901960783 0.04926470588235294 0.047058823529411764 0.011764705882352941
3 1.7549019607843137 0.05477941176470588 0.04052287581699346 0.0125
4 1.7620915032679738 0.055882352941176466 0.02875816993464052 0.013235294117647059
4 1.7385620915032678 0.07426470588235294 0.05751633986928104 0.013235294117647059
3 1.6967320261437908 0.08125 0.065359477124183 0.013970588235294117
3 1.718954248366013 0.0713235294117647 0.05751633986928104 0.013235294117647059
3 1.6941176470588235 0.07022058823529412 0.04444444444444444 0.011029411764705881
4 1.7542483660130719 0.07830882352941176 0.04444444444444444 0.013970588235294117
3 1.749019607843137 0.09080882352941176 0.054901960784313725 0.013970588235294117
