3 1.2791666666666668 0.44088541666666664 0.09351851851851853 0.06302083333333333
3 1.4990740740740742 0.45729166666666665 0.0962962962962963 0.06354166666666666
3 1.4847222222222223 0.3372395833333333 0.06944444444444445 0.03697916666666667
4 1.6847222222222222 0.39166666666666666 0.0712962962962963 0.05
3 1.340277777777778 0.32526041666666666 0.07314814814814816 0.0390625
3 1.1847222222222222 0.39375 0.09907407407407408 0.04583333333333333
3 1.3273148148148148 0.2817708333333333 0.05648148148148149 0.03229166666666666
3 1.5611111111111111 0.29713541666666665 0.061111111111111116 0.030729166666666665
3 1.4328703703703705 0.27708333333333335 0.049074074074074076 0.029166666666666667
3 1.3824074074074075 0.24114583333333334 0.04814814814814815 0.022916666666666665
3 1.4541666666666668 0.2453125 0.04537037037037037 0.021875
4 1.5370370370370372 0.2453125 0.04259259259259259 0.028125
3 1.625925925925926 0.24479166666666666 0.053703703703703705 0.025
3 1.5486111111111112 0.20442708333333334 0.03425925925925926 0.013020833333333334
3 1.5046296296296298 0.18307291666666667 0.02777777777777778 0.013020833333333334
3 1.462962962962963 0.19635416666666666 0.02962962962962963 0.015625
3 1.3865740740740742 0.20963541666666666 0.03796296296296296 0.0171875
3 1.4101851851851852 0.19348958333333333 0.03333333333333333 0.018229166666666668
3 1.3435185185185186 0.178125 0.02962962962962963 0.016666666666666666
5 1.451851851851852 0.17838541666666666 0.03518518518518519 0.018229166666666668
3 1.3912037037037037 0.175 0.028703703703703703 0.013541666666666667
3 1.4180555555555556 0.17109375 0.02314814814814815 0.013020833333333334
3 1.427314814814815 0.16067708333333333 0.025 0.009895833333333333
3 1.3810185185185186 0.15520833333333334 0.021296296296296296 0.0125
8 1.5587962962962965 0.17109375 0.06018518518518519 0.034895833333333334
3 1.7555555555555555 0.32786458333333335 0.037037037037037035 0.0359375
5 0.9907407407407408 0.2604166666666667 0.07407407407407407 0.029166666666666667
3 0.8592592592592593 0.24765625 0.05925925925925926 0.0234375
3 0.9240740740740742 0.20416666666666666 0.04814814814814815 0.017708333333333333
3 1.224537037037037 0.19140625 0.05277777777777778 0.018229166666666668
3 1.1532407407407408 0.17395833333333333 0.03425925925925926 0.015625
5 1.1708333333333334 0.15 0.030555555555555558 0.022916666666666665
3 1.4300925925925927 0.15104166666666666 0.02314814814814815 0.009375
2 1.0319444444444446 0.4184895833333333 0.025 0.022395833333333334
2 0.9921296296296297 0.4158854166666667 0.032407407407407406 0.019270833333333334
9 0.8217592592592593 0.5083333333333333 0.036111111111111115 0.028125
8 0.44583333333333336 0.0984375 0.032407407407407406 0.015625
