9 1.306535947712418 0.4878676470588235 0.09803921568627451 0.03897058823529412
9 1.364705882352941 0.4753676470588235 0.11764705882352941 0.04044117647058824
9 1.330718954248366 0.45294117647058824 0.12287581699346405 0.03823529411764706
9 1.2980392156862743 0.44191176470588234 0.07058823529411765 0.041176470588235294
1 1.3104575163398693 0.48455882352941176 0.05359477124183006 0.057352941176470586
1 1.3620915032679737 0.46838235294117647 0.04444444444444444 0.04264705882352941
1 1.3509803921568626 0.45183823529411765 0.04052287581699346 0.04044117647058824
1 1.3679738562091501 0.4466911764705882 0.03790849673202614 0.0375
1 1.3013071895424835 0.4334558823529412 0.04052287581699346 0.04485294117647059
1 1.2738562091503267 0.17169117647058824 0.011764705882352941 0.0125
9 1.741830065359477 0.07242647058823529 0.027450980392156862 0.015441176470588236
2 1.572549019607843 0.09595588235294117 0.04183006535947712 0.015441176470588236
1 1.5823529411764705 0.0849264705882353 0.01437908496732026 0.019852941176470587
1 1.572549019607843 0.08455882352941177 0.0130718954248366 0.01764705882352941
1 1.5588235294117645 0.08897058823529412 0.01699346405228758 0.014705882352941176
1 1.5405228758169933 0.09338235294117647 0.01699346405228758 0.016176470588235292
1 1.5241830065359476 0.10110294117647059 0.02091503267973856 0.01838235294117647
1 1.5202614379084967 0.10845588235294118 0.02091503267973856 0.022794117647058822
1 1.50718954248366 0.11102941176470588 0.01830065359477124 0.01911764705882353
1 1.4973856209150325 0.11875 0.02483660130718954 0.01838235294117647
1 1.4973856209150325 0.12095588235294118 0.02222222222222222 0.016911764705882352
1 1.4901960784313724 0.13713235294117646 0.02091503267973856 0.0125
1 1.4947712418300652 0.14191176470588235 0.03006535947712418 0.020588235294117647
1 1.4947712418300652 0.16323529411764706 0.02483660130718954 0.026470588235294117
6 1.4581699346405228 0.17941176470588235 0.10065359477124182 0.023529411764705882
2 1.5777777777777777 0.0375 0.023529411764705882 0.011764705882352941
9 1.192156862745098 0.002573529411764706 0.01830065359477124 0.006617647058823529
1 1.2169934640522875 0.005147058823529412 0.02091503267973856 0.011764705882352941
1 1.2137254901960783 0.004044117647058823 0.01699346405228758 0.009558823529411765
1 1.2287581699346404 0.006985294117647058 0.02091503267973856 0.011029411764705881
1 1.2359477124183005 0.008455882352941176 0.01699346405228758 0.011029411764705881
9 1.233986928104575 0.014338235294117646 0.023529411764705882 0.009558823529411765
2 1.1679738562091502 0.05036764705882353 0.01437908496732026 0.0125
1 1.1019607843137254 0.06654411764705882 0.02091503267973856 0.016911764705882352
6 1.1130718954248364 0.06948529411764706 0.058823529411764705 0.01838235294117647
1 1.0045751633986928 0.05036764705882353 0.011764705882352941 0.013970588235294117
6 1.0130718954248366 0.05367647058823529 0.06013071895424836 0.014705882352941176
1 0.949673202614379 0.07867647058823529 0.01437908496732026 0.014705882352941176
2 0.9490196078431372 0.08235294117647059 0.0261437908496732 0.014705882352941176
1 0.15751633986928104 0.5533088235294118 0.05359477124183006 0.016911764705882352
9 0.054901960784313725 0.50625 0.07581699346405228 0.04926470588235294
6 0.11045751633986928 0.4386029411764706 0.08758169934640522 0.05661764705882353
9 0.1718954248366013 0.44779411764705884 0.05620915032679738 0.047058823529411764
9 0.1699346405228758 0.4143382352941176 0.04444444444444444 0.04338235294117647
3 0.07581699346405228 0.36838235294117644 0.15424836601307187 0.06323529411764706
9 0.03725490196078431 0.30073529411764705 0.058823529411764705 0.026470588235294117
2 0.07777777777777778 0.23970588235294119 0.11895424836601307 0.04264705882352941
1 0.21111111111111108 0.2636029411764706 0.03790849673202614 0.028676470588235293
1 0.21437908496732025 0.2595588235294118 0.03660130718954248 0.025
1 0.15620915032679739 0.32095588235294115 0.02483660130718954 0.021323529411764706
1 0.16470588235294117 0.31470588235294117 0.03137254901960784 0.01764705882352941
3 0.12287581699346405 0.26323529411764707 0.20392156862745098 0.06323529411764706
1 0.00522875816993464 0.06985294117647059 0.01045751633986928 0.013235294117647059
1 0.00261437908496732 0.06433823529411764 0.00784313725490196 0.01838235294117647
3 0.03790849673202614 0.03860294117647059 0.0784313725490196 0.021323529411764706
4 0.02287581699346405 0.1025735294117647 0.04836601307189542 0.03897058823529412
2 0.011764705882352941 0.02389705882352941 0.0261437908496732 0.0125
3 0.03790849673202614 0.017279411764705883 0.0784313725490196 0.019852941176470587
3 0.060784313725490195 0.0058823529411764705 0.08758169934640522 0.013235294117647059
3 0.1372549019607843 0.004411764705882353 0.054901960784313725 0.010294117647058823
3 0.17516339869281045 0.006985294117647058 0.04183006535947712 0.015441176470588236
1 0.1679738562091503 0.014338235294117646 0.01437908496732026 0.013970588235294117
1 0.17058823529411762 0.013602941176470588 0.011764705882352941 0.009558823529411765
9 0.1679738562091503 0.016911764705882352 0.01699346405228758 0.013235294117647059
1 0.16732026143790849 0.06985294117647059 0.01830065359477124 0.01764705882352941
9 0.16862745098039214 0.07279411764705883 0.01568627450980392 0.01764705882352941
3 0.35947712418300654 0.007352941176470588 0.0784313725490196 0.014705882352941176
3 0.3522875816993464 0.014338235294117646 0.058823529411764705 0.015441176470588236
3 0.36470588235294116 0.01948529411764706 0.065359477124183 0.01838235294117647
3 0.3437908496732026 0.03897058823529412 0.0784313725490196 0.01911764705882353
3 0.226797385620915 0.05 0.06666666666666667 0.01911764705882353
1 0.22614379084967318 0.05808823529411765 0.01568627450980392 0.014705882352941176
2 0.2281045751633987 0.06213235294117647 0.011764705882352941 0.015441176470588236
2 0.23464052287581696 0.09191176470588235 0.02222222222222222 0.014705882352941176
9 0.36470588235294116 0.06139705882352941 0.03660130718954248 0.0125
3 0.3111111111111111 0.051470588235294115 0.04967320261437908 0.023529411764705882
3 0.2803921568627451 0.06838235294117646 0.08758169934640522 0.020588235294117647
1 0.2699346405228758 0.09080882352941176 0.01437908496732026 0.021323529411764706
4 0.30196078431372547 0.08713235294117647 0.11503267973856209 0.027205882352941177
3 0.31176470588235294 0.10808823529411765 0.134640522875817 0.032352941176470584
3 0.26274509803921564 0.1275735294117647 0.12287581699346405 0.028676470588235293
4 0.2901960784313725 0.13713235294117646 0.1411764705882353 0.03897058823529412
9 0.2026143790849673 0.16470588235294117 0.0392156862745098 0.01911764705882353
1 0.3202614379084967 0.14191176470588235 0.02091503267973856 0.027941176470588233
1 0.3424836601307189 0.1474264705882353 0.0130718954248366 0.015441176470588236
1 0.3359477124183006 0.1400735294117647 0.01045751633986928 0.022794117647058822
1 0.31176470588235294 0.16213235294117648 0.02483660130718954 0.016911764705882352
4 0.05555555555555555 0.18713235294117647 0.11372549019607843 0.04632352941176471
3 0.17973856209150327 0.21875 0.16862745098039214 0.04338235294117647
1 0.2522875816993464 0.506985294117647 0.04183006535947712 0.019852941176470587
1 0.27385620915032677 0.49080882352941174 0.03790849673202614 0.03602941176470588
1 0.33856209150326794 0.47830882352941173 0.04183006535947712 0.030147058823529412
1 0.3607843137254902 0.4573529411764706 0.03398692810457516 0.04852941176470588
1 0.30588235294117644 0.45808823529411763 0.03398692810457516 0.04852941176470588
1 0.3405228758169934 0.4591911764705882 0.05359477124183006 0.028676470588235293
1 0.3549019607843137 0.40698529411764706 0.03006535947712418 0.0375
1 0.39477124183006534 0.40588235294117647 0.04183006535947712 0.027941176470588233
1 0.4013071895424836 0.3948529411764706 0.03398692810457516 0.027941176470588233
1 0.41699346405228754 0.3533088235294118 0.04967320261437908 0.028676470588235293
1 0.4084967320261438 0.3466911764705882 0.027450980392156862 0.021323529411764706
1 0.8928104575163398 0.06507352941176471 0.0130718954248366 0.0125
1 0.8967320261437908 0.05808823529411765 0.01045751633986928 0.011764705882352941
1 0.8888888888888888 0.061764705882352944 0.01045751633986928 0.008823529411764706
1 0.8823529411764706 0.06985294117647059 0.01568627450980392 0.013235294117647059
1 0.8784313725490196 0.06470588235294117 0.01045751633986928 0.011764705882352941
1 0.8705882352941176 0.06213235294117647 0.0130718954248366 0.009558823529411765
1 0.8588235294117647 0.06838235294117646 0.0130718954248366 0.022058823529411763
1 0.8549019607843137 0.06654411764705882 0.01830065359477124 0.011029411764705881
1 0.8509803921568627 0.05955882352941176 0.0130718954248366 0.01911764705882353
1 0.8464052287581699 0.060294117647058824 0.011764705882352941 0.013235294117647059
1 0.8117647058823528 0.06433823529411764 0.0130718954248366 0.013970588235294117
1 0.7967320261437908 0.06213235294117647 0.011764705882352941 0.015441176470588236
1 0.7712418300653594 0.06764705882352941 0.0130718954248366 0.013235294117647059
1 0.7549019607843137 0.06985294117647059 0.011764705882352941 0.007352941176470588
1 0.7666666666666666 0.061764705882352944 0.011764705882352941 0.013235294117647059
1 0.7235294117647059 0.0661764705882353 0.01699346405228758 0.01911764705882353
1 0.6901960784313725 0.07022058823529412 0.01568627450980392 0.013970588235294117
1 0.6437908496732025 0.06911764705882353 0.01437908496732026 0.01764705882352941
1 0.6313725490196078 0.06838235294117646 0.01568627450980392 0.023529411764705882
1 0.6202614379084966 0.07095588235294117 0.01437908496732026 0.019852941176470587
9 0.5529411764705882 0.05036764705882353 0.01568627450980392 0.01838235294117647
9 0.5424836601307189 0.06544117647058824 0.01568627450980392 0.01911764705882353
1 0.534640522875817 0.06727941176470588 0.0130718954248366 0.022794117647058822
1 0.5320261437908497 0.08860294117647059 0.0130718954248366 0.02426470588235294
1 0.2718954248366013 0.2908088235294118 0.03660130718954248 0.03308823529411765
1 0.33856209150326794 0.31580882352941175 0.03137254901960784 0.021323529411764706
1 0.3372549019607843 0.3055147058823529 0.02875816993464052 0.016911764705882352
1 0.2915032679738562 0.25441176470588234 0.02875816993464052 0.016176470588235292
6 0.29673202614379085 0.23713235294117646 0.09934640522875816 0.027205882352941177
1 0.27058823529411763 0.22389705882352942 0.0261437908496732 0.022794117647058822
1 0.28431372549019607 0.22169117647058822 0.027450980392156862 0.027205882352941177
1 0.27908496732026145 0.21764705882352942 0.0196078431372549 0.023529411764705882
1 0.28104575163398693 0.1963235294117647 0.0261437908496732 0.01764705882352941
1 0.2856209150326797 0.18970588235294117 0.02483660130718954 0.01764705882352941
1 0.2901960784313725 0.1838235294117647 0.02091503267973856 0.014705882352941176
1 0.3849673202614379 0.12095588235294118 0.02222222222222222 0.015441176470588236
1 0.3699346405228758 0.14411764705882352 0.0261437908496732 0.016176470588235292
1 0.37516339869281046 0.14080882352941176 0.01830065359477124 0.013970588235294117
1 0.44705882352941173 0.16691176470588234 0.01830065359477124 0.014705882352941176
1 0.4457516339869281 0.16397058823529412 0.02875816993464052 0.01911764705882353
1 0.38888888888888884 0.16691176470588234 0.01699346405228758 0.025
1 0.40784313725490196 0.16397058823529412 0.0130718954248366 0.01911764705882353
1 0.39673202614379083 0.1636029411764706 0.0196078431372549 0.025735294117647058
1 0.5398692810457516 0.14227941176470588 0.01830065359477124 0.028676470588235293
1 0.5555555555555555 0.11985294117647059 0.01830065359477124 0.023529411764705882
1 0.5431372549019607 0.12242647058823529 0.01437908496732026 0.019852941176470587
1 0.43267973856209146 0.09595588235294117 0.0130718954248366 0.013970588235294117
1 0.4313725490196078 0.10661764705882353 0.01568627450980392 0.023529411764705882
1 0.4509803921568627 0.10514705882352941 0.01830065359477124 0.014705882352941176
1 0.4509803921568627 0.10625 0.02091503267973856 0.025735294117647058
1 0.6581699346405229 0.12389705882352942 0.011764705882352941 0.008088235294117646
