4 0.25620915032679736 0.4275735294117647 0.2196078431372549 0.10514705882352941
3 0.6431372549019607 0.5272058823529412 0.23267973856209148 0.06911764705882353
3 0.7215686274509804 0.3790441176470588 0.1411764705882353 0.05808823529411765
3 0.884313725490196 0.4264705882352941 0.16601307189542483 0.07352941176470588
3 0.9098039215686274 0.3588235294117647 0.16470588235294117 0.0661764705882353
1 0.8274509803921568 0.28161764705882353 0.03137254901960784 0.025
2 0.8281045751633986 0.29558823529411765 0.04052287581699346 0.01911764705882353
3 0.7477124183006535 0.24448529411764705 0.10980392156862745 0.04338235294117647
5 1.091503267973856 0.28823529411764703 0.16470588235294117 0.09117647058823529
5 1.2215686274509803 0.2286764705882353 0.1111111111111111 0.060294117647058824
3 1.2908496732026142 0.1915441176470588 0.0718954248366013 0.028676470588235293
3 1.2529411764705882 0.15551470588235294 0.06666666666666667 0.019852941176470587
3 1.3450980392156862 0.1610294117647059 0.06013071895424836 0.029411764705882353
3 1.4352941176470588 0.16213235294117648 0.06013071895424836 0.025735294117647058
3 1.3973856209150326 0.13272058823529412 0.0392156862745098 0.022794117647058822
3 1.4758169934640522 0.12389705882352942 0.04967320261437908 0.021323529411764706
3 1.4235294117647057 0.11948529411764705 0.0392156862745098 0.01838235294117647
3 1.491503267973856 0.02426470588235294 0.01830065359477124 0.011764705882352941
9 1.4555555555555555 0.016911764705882352 0.01437908496732026 0.0058823529411764705
1 1.4549019607843137 0.015441176470588236 0.00784313725490196 0.0058823529411764705
3 1.45359477124183 0.09889705882352941 0.0392156862745098 0.01838235294117647
3 1.5130718954248366 0.10183823529411765 0.03790849673202614 0.019852941176470587
4 1.5346405228758169 0.08308823529411764 0.03660130718954248 0.01911764705882353
3 1.4790849673202613 0.0849264705882353 0.0326797385620915 0.015441176470588236
3 1.4228758169934639 0.07977941176470588 0.03529411764705882 0.013970588235294117
3 1.4483660130718954 0.07058823529411765 0.03398692810457516 0.011764705882352941
3 1.468627450980392 0.05955882352941176 0.027450980392156862 0.013235294117647059
3 1.5588235294117645 0.0713235294117647 0.03006535947712418 0.013235294117647059
3 1.4941176470588233 0.07647058823529412 0.02875816993464052 0.013235294117647059
3 1.5052287581699346 0.06875 0.03006535947712418 0.011029411764705881
3 1.5333333333333332 0.06102941176470588 0.02875816993464052 0.010294117647058823
3 1.5143790849673202 0.055882352941176466 0.02483660130718954 0.011764705882352941
3 1.537908496732026 0.05110294117647059 0.02222222222222222 0.009558823529411765
3 1.5836601307189542 0.05183823529411764 0.027450980392156862 0.0125
4 1.6026143790849672 0.04191176470588235 0.02091503267973856 0.010294117647058823
3 1.6176470588235292 0.027205882352941177 0.011764705882352941 0.008823529411764706
3 1.6326797385620915 0.023529411764705882 0.01568627450980392 0.007352941176470588
3 1.5535947712418299 0.04742647058823529 0.02222222222222222 0.009558823529411765
3 1.5130718954248366 0.04264705882352941 0.02483660130718954 0.010294117647058823
4 1.5196078431372548 0.03713235294117647 0.0196078431372549 0.011029411764705881
4 1.5503267973856207 0.039705882352941174 0.02091503267973856 0.011764705882352941
3 1.5372549019607842 0.03125 0.01568627450980392 0.008088235294117646
3 1.5522875816993462 0.02610294117647059 0.01699346405228758 0.008088235294117646
3 1.56078431372549 0.02463235294117647 0.01830065359477124 0.008088235294117646
4 1.5777777777777777 0.039705882352941174 0.02091503267973856 0.011764705882352941
5 1.5745098039215686 0.033823529411764704 0.02483660130718954 0.014705882352941176
3 1.5875816993464051 0.02977941176470588 0.01437908496732026 0.009558823529411765
3 1.5941176470588234 0.025735294117647058 0.01699346405228758 0.008823529411764706
3 1.5294117647058822 0.005147058823529412 0.0130718954248366 0.0058823529411764705
3 1.507843137254902 0.004411764705882353 0.01437908496732026 0.008823529411764706
3 1.4816993464052286 0.004411764705882353 0.01437908496732026 0.0058823529411764705
