3 0.5101851851851852 0.4109375 0.06851851851851852 0.051041666666666666
9 0.19814814814814816 0.4067708333333333 0.07407407407407407 0.028125
9 0.18888888888888888 0.37395833333333334 0.06666666666666667 0.022916666666666665
9 0.22314814814814815 0.36666666666666664 0.07222222222222223 0.022916666666666665
2 0.2101851851851852 0.36302083333333335 0.06851851851851852 0.021875
1 0.9842592592592593 0.4552083333333333 0.02777777777777778 0.029166666666666667
9 0.9842592592592593 0.4635416666666667 0.02777777777777778 0.03333333333333333
9 0.8953703703703704 0.44114583333333335 0.024074074074074074 0.028125
1 0.8953703703703704 0.43697916666666664 0.024074074074074074 0.030208333333333334
1 0.8842592592592593 0.3875 0.020370370370370372 0.016666666666666666
1 0.887962962962963 0.39427083333333335 0.031481481481481485 0.019791666666666666
6 0.887962962962963 0.3953125 0.024074074074074074 0.026041666666666668
3 0.787962962962963 0.4114583333333333 0.07222222222222223 0.052083333333333336
1 0.862962962962963 0.3458333333333333 0.018518518518518517 0.020833333333333332
9 0.8611111111111112 0.3494791666666667 0.022222222222222223 0.02395833333333333
3 0.7527777777777778 0.3640625 0.05740740740740741 0.034375
4 0.750925925925926 0.3296875 0.05740740740740741 0.036458333333333336
3 0.6222222222222222 0.33958333333333335 0.05555555555555556 0.0375
1 0.8944444444444445 0.30364583333333334 0.014814814814814815 0.015625
9 0.8925925925925926 0.30885416666666665 0.014814814814814815 0.017708333333333333
1 0.8685185185185186 0.2859375 0.014814814814814815 0.015625
9 0.8685185185185186 0.290625 0.014814814814814815 0.016666666666666666
1 0.7898148148148149 0.30052083333333335 0.020370370370370372 0.017708333333333333
1 0.8138888888888889 0.2817708333333333 0.016666666666666666 0.013541666666666667
9 0.7907407407407407 0.3052083333333333 0.022222222222222223 0.01875
6 0.8166666666666667 0.2890625 0.02592592592592593 0.019791666666666666
4 0.7472222222222222 0.2994791666666667 0.0462962962962963 0.030208333333333334
3 0.7425925925925926 0.278125 0.040740740740740744 0.022916666666666665
3 0.7407407407407408 0.2609375 0.037037037037037035 0.021875
1 0.8009259259259259 0.2625 0.020370370370370372 0.016666666666666666
9 0.8018518518518519 0.26458333333333334 0.018518518518518517 0.016666666666666666
1 0.3712962962962963 0.259375 0.016666666666666666 0.016666666666666666
9 0.3712962962962963 0.26197916666666665 0.03518518518518519 0.013541666666666667
3 0.41111111111111115 0.24947916666666667 0.1 0.021875
3 1.0435185185185185 0.2109375 0.07222222222222223 0.015625
9 0.312962962962963 0.23489583333333333 0.03333333333333333 0.011458333333333333
1 0.3962962962962963 0.225 0.011111111111111112 0.0125
9 0.3962962962962963 0.228125 0.011111111111111112 0.0125
1 0.37222222222222223 0.21927083333333333 0.014814814814814815 0.011458333333333333
9 0.3712962962962963 0.22135416666666666 0.024074074074074074 0.011458333333333333
9 0.3842592592592593 0.20885416666666667 0.009259259259259259 0.007291666666666667
9 0.37777777777777777 0.20989583333333334 0.007407407407407408 0.007291666666666667
9 0.38333333333333336 0.21302083333333333 0.022222222222222223 0.007291666666666667
5 0.812962962962963 0.240625 0.03333333333333333 0.029166666666666667
1 0.8185185185185185 0.22916666666666666 0.014814814814814815 0.010416666666666666
1 0.7240740740740741 0.21875 0.014814814814814815 0.0125
9 0.7268518518518519 0.22239583333333332 0.024074074074074074 0.011458333333333333
1 0.8120370370370371 0.21979166666666666 0.009259259259259259 0.010416666666666666
9 0.8120370370370371 0.221875 0.012962962962962964 0.0125
1 0.8092592592592593 0.20677083333333332 0.011111111111111112 0.013541666666666667
9 0.8092592592592593 0.20833333333333334 0.02962962962962963 0.0125
1 0.7768518518518519 0.20260416666666667 0.009259259259259259 0.011458333333333333
9 0.7768518518518519 0.20520833333333333 0.009259259259259259 0.010416666666666666
1 0.7222222222222222 0.20572916666666666 0.011111111111111112 0.009375
9 0.7212962962962963 0.20885416666666667 0.012962962962962964 0.011458333333333333
1 0.7166666666666667 0.1921875 0.011111111111111112 0.009375
9 0.7166666666666667 0.19427083333333334 0.022222222222222223 0.009375
3 0.7231481481481482 0.19895833333333332 0.06481481481481481 0.0125
1 0.6638888888888889 0.19010416666666666 0.012962962962962964 0.011458333333333333
9 0.6638888888888889 0.1921875 0.009259259259259259 0.009375
4 0.625925925925926 0.14427083333333332 0.018518518518518517 0.011458333333333333
3 0.6703703703703704 0.175 0.022222222222222223 0.0125
3 0.675 0.16927083333333334 0.024074074074074074 0.011458333333333333
3 0.6768518518518519 0.16354166666666667 0.020370370370370372 0.0125
3 0.7083333333333334 0.1578125 0.020370370370370372 0.011458333333333333
1 0.7342592592592593 0.15677083333333333 0.009259259259259259 0.007291666666666667
9 0.7333333333333334 0.15885416666666666 0.007407407407407408 0.007291666666666667
3 0.7574074074074074 0.1578125 0.022222222222222223 0.011458333333333333
9 0.7592592592592593 0.14739583333333334 0.018518518518518517 0.007291666666666667
3 0.6861111111111111 0.09010416666666667 0.009259259259259259 0.005208333333333333
1 0.6657407407407407 0.140625 0.005555555555555556 0.00625
9 0.6657407407407407 0.14322916666666666 0.005555555555555556 0.007291666666666667
1 0.6759259259259259 0.14479166666666665 0.007407407407407408 0.00625
1 0.6824074074074075 0.13958333333333334 0.005555555555555556 0.004166666666666667
9 0.6759259259259259 0.146875 0.007407407407407408 0.00625
9 0.6833333333333333 0.14270833333333333 0.007407407407407408 0.00625
1 0.712962962962963 0.13697916666666665 0.003703703703703704 0.005208333333333333
6 0.7138888888888889 0.13958333333333334 0.009259259259259259 0.008333333333333333
5 0.8462962962962963 0.12916666666666665 0.02962962962962963 0.010416666666666666
3 0.8407407407407408 0.13541666666666666 0.02592592592592593 0.00625
1 0.8787037037037038 0.13020833333333334 0.005555555555555556 0.008333333333333333
1 0.8833333333333334 0.13958333333333334 0.003703703703703704 0.00625
3 0.8777777777777778 0.14635416666666667 0.022222222222222223 0.009375
9 0.8898148148148148 0.14895833333333333 0.012962962962962964 0.008333333333333333
3 0.8518518518518519 0.1546875 0.044444444444444446 0.011458333333333333
1 0.8240740740740741 0.18125 0.007407407407407408 0.00625
9 0.8231481481481482 0.18333333333333332 0.009259259259259259 0.008333333333333333
3 0.8009259259259259 0.146875 0.03888888888888889 0.008333333333333333
3 0.7962962962962963 0.15 0.040740740740740744 0.010416666666666666
3 0.8027777777777778 0.15416666666666667 0.0462962962962963 0.010416666666666666
3 0.8074074074074075 0.15729166666666666 0.04814814814814815 0.010416666666666666
3 0.8222222222222223 0.16666666666666666 0.05185185185185186 0.010416666666666666
3 0.8277777777777778 0.16822916666666665 0.04814814814814815 0.011458333333333333
4 0.8398148148148148 0.16822916666666665 0.04259259259259259 0.013541666666666667
3 0.8481481481481482 0.17135416666666667 0.04814814814814815 0.011458333333333333
4 0.8537037037037037 0.17447916666666666 0.044444444444444446 0.013541666666666667
4 0.8657407407407408 0.1765625 0.05 0.015625
3 1.026851851851852 0.16458333333333333 0.03888888888888889 0.010416666666666666
3 1.0574074074074074 0.16666666666666666 0.044444444444444446 0.010416666666666666
3 1.0620370370370371 0.17395833333333333 0.053703703703703705 0.0125
3 1.0462962962962963 0.18020833333333333 0.02592592592592593 0.016666666666666666
3 1.0861111111111112 0.18125 0.031481481481481485 0.014583333333333334
4 1.137037037037037 0.1859375 0.05185185185185186 0.015625
3 1.1324074074074075 0.18333333333333332 0.03888888888888889 0.014583333333333334
3 1.1703703703703705 0.18177083333333333 0.02962962962962963 0.017708333333333333
1 1.1842592592592593 0.1609375 0.009259259259259259 0.009375
1 1.3898148148148148 0.17447916666666666 0.009259259259259259 0.013541666666666667
3 1.5 0.18125 0.02592592592592593 0.01875
