3 1.0470588235294116 0.47720588235294115 0.08366013071895424 0.07794117647058824
3 0.9869281045751633 0.37941176470588234 0.07581699346405228 0.058823529411764705
3 0.8431372549019607 0.35661764705882354 0.05751633986928104 0.051470588235294115
3 0.8235294117647058 0.47904411764705884 0.08104575163398692 0.08161764705882353
3 0.8562091503267973 0.29816176470588235 0.054901960784313725 0.04191176470588235
3 0.6248366013071895 0.44485294117647056 0.1045751633986928 0.08676470588235294
3 0.7117647058823529 0.26838235294117646 0.06666666666666667 0.044117647058823525
3 0.8065359477124182 0.20404411764705882 0.0915032679738562 0.028676470588235293
3 0.7169934640522875 0.15955882352941175 0.09542483660130718 0.01911764705882353
3 0.8692810457516339 0.1400735294117647 0.047058823529411764 0.022794117647058822
3 0.19215686274509802 0.16911764705882354 0.10718954248366012 0.023529411764705882
3 0.8084967320261437 0.12279411764705882 0.0326797385620915 0.020588235294117647
9 1.0875816993464051 0.39301470588235293 0.03398692810457516 0.03161764705882353
9 1.1261437908496732 0.4540441176470588 0.0326797385620915 0.03161764705882353
2 1.2568627450980392 0.2841911764705882 0.02222222222222222 0.021323529411764706
3 0.9568627450980391 0.2775735294117647 0.05751633986928104 0.03897058823529412
3 0.8633986928104574 0.2400735294117647 0.04836601307189542 0.03308823529411765
3 0.9431372549019608 0.23823529411764705 0.043137254901960784 0.029411764705882353
3 1.0156862745098039 0.25073529411764706 0.0522875816993464 0.033823529411764704
3 0.2006535947712418 0.1474264705882353 0.08758169934640522 0.01838235294117647
4 0.44052287581699345 0.11948529411764705 0.0784313725490196 0.019852941176470587
9 0.6078431372549019 0.10882352941176471 0.0130718954248366 0.010294117647058823
3 0.6320261437908496 0.09522058823529411 0.0326797385620915 0.016911764705882352
3 0.6895424836601307 0.060294117647058824 0.02483660130718954 0.011764705882352941
3 0.7581699346405228 0.12169117647058823 0.03660130718954248 0.019852941176470587
3 0.7326797385620915 0.1113970588235294 0.03529411764705882 0.019852941176470587
3 0.7777777777777777 0.09669117647058824 0.02875816993464052 0.016911764705882352
3 0.7941176470588235 0.06727941176470588 0.02483660130718954 0.0125
3 0.8196078431372549 0.10772058823529411 0.02875816993464052 0.016911764705882352
3 0.8287581699346405 0.0974264705882353 0.023529411764705882 0.015441176470588236
3 0.8320261437908496 0.08897058823529412 0.027450980392156862 0.016176470588235292
3 0.8372549019607842 0.07536764705882353 0.02483660130718954 0.013970588235294117
3 0.8366013071895424 0.06691176470588235 0.023529411764705882 0.011764705882352941
3 0.8980392156862744 0.048161764705882355 0.01830065359477124 0.011029411764705881
3 0.8549019607843137 0.03272058823529412 0.01568627450980392 0.008088235294117646
3 0.8712418300653594 0.01948529411764706 0.01437908496732026 0.008088235294117646
3 0.8679738562091502 0.013235294117647059 0.0130718954248366 0.008823529411764706
3 0.8666666666666666 0.005147058823529412 0.0130718954248366 0.007352941176470588
3 0.85359477124183 0.0014705882352941176 0.0130718954248366 0.004411764705882353
6 0.8183006535947712 0.047058823529411764 0.0130718954248366 0.010294117647058823
3 1.0169934640522875 0.033823529411764704 0.01568627450980392 0.007352941176470588
3 1.00718954248366 0.027941176470588233 0.01699346405228758 0.0058823529411764705
3 0.9941176470588234 0.015073529411764706 0.011764705882352941 0.008088235294117646
3 0.9895424836601306 0.008823529411764706 0.0130718954248366 0.007352941176470588
3 0.8464052287581699 0.026838235294117645 0.01699346405228758 0.008088235294117646
3 0.7104575163398692 0.04926470588235294 0.0196078431372549 0.010294117647058823
5 0.7222222222222222 0.041176470588235294 0.03006535947712418 0.013235294117647059
9 0.8281045751633986 0.01801470588235294 0.00915032679738562 0.005147058823529412
9 0.8124183006535947 0.027205882352941177 0.00915032679738562 0.0058823529411764705
3 1.0437908496732025 0.06213235294117647 0.02222222222222222 0.011029411764705881
2 0.9385620915032679 0.019852941176470587 0.00522875816993464 0.0058823529411764705
3 0.7849673202614379 0.07794117647058824 0.00915032679738562 0.008823529411764706
3 1.0895424836601306 0.10698529411764705 0.03006535947712418 0.013970588235294117
9 0.9202614379084967 0.19852941176470587 0.0261437908496732 0.016176470588235292
9 0.7261437908496732 0.18529411764705883 0.03790849673202614 0.011764705882352941
9 0.892156862745098 0.20625 0.01699346405228758 0.016911764705882352
