3 0.12745098039215685 0.16433823529411765 0.058823529411764705 0.04191176470588235
3 0.38954248366013067 0.1988970588235294 0.0522875816993464 0.03602941176470588
1 0.3137254901960784 0.2227941176470588 0.02091503267973856 0.016176470588235292
1 0.3222222222222222 0.1323529411764706 0.0196078431372549 0.014705882352941176
9 0.322875816993464 0.13823529411764707 0.01830065359477124 0.016176470588235292
9 0.3156862745098039 0.23272058823529412 0.01699346405228758 0.01838235294117647
3 0.3006535947712418 0.048161764705882355 0.04183006535947712 0.021323529411764706
3 0.3836601307189542 0.022794117647058822 0.04052287581699346 0.022058823529411763
3 0.7202614379084967 0.044117647058823525 0.08888888888888888 0.025
3 0.680392156862745 0.010294117647058823 0.03790849673202614 0.022058823529411763
3 0.8797385620915033 0.28823529411764703 0.07320261437908496 0.051470588235294115
9 1.0745098039215686 0.2900735294117647 0.02091503267973856 0.025735294117647058
3 0.9980392156862744 0.2775735294117647 0.07712418300653594 0.04779411764705882
3 0.9960784313725489 0.4183823529411765 0.09934640522875816 0.07941176470588235
