3 0.9627450980392156 0.46948529411764706 0.06405228758169934 0.022794117647058822
9 0.9549019607843137 0.5099264705882353 0.02222222222222222 0.006617647058823529
9 0.9607843137254901 0.5051470588235294 0.023529411764705882 0.0058823529411764705
9 0.9601307189542483 0.49522058823529413 0.02222222222222222 0.006617647058823529
9 0.9640522875816993 0.48823529411764705 0.02222222222222222 0.007352941176470588
3 0.9503267973856209 0.43676470588235294 0.07058823529411765 0.026470588235294117
3 0.95359477124183 0.4011029411764706 0.06666666666666667 0.021323529411764706
3 0.8222222222222222 0.4102941176470588 0.023529411764705882 0.03823529411764706
3 0.884313725490196 0.35551470588235295 0.0326797385620915 0.0375
3 0.6562091503267974 0.4834558823529412 0.06013071895424836 0.022794117647058822
3 0.7810457516339869 0.34852941176470587 0.027450980392156862 0.03823529411764706
3 0.7065359477124182 0.3397058823529412 0.027450980392156862 0.03823529411764706
9 0.7333333333333333 0.34852941176470587 0.0130718954248366 0.014705882352941176
1 0.7339869281045751 0.3492647058823529 0.011764705882352941 0.008823529411764706
3 0.6542483660130719 0.23088235294117646 0.06666666666666667 0.016176470588235292
3 0.6503267973856208 0.18235294117647058 0.06405228758169934 0.01911764705882353
3 0.6490196078431372 0.14926470588235294 0.06666666666666667 0.023529411764705882
3 0.8287581699346405 0.23161764705882354 0.03398692810457516 0.03676470588235294
9 0.9784313725490196 0.21580882352941178 0.02222222222222222 0.005147058823529412
9 0.9692810457516339 0.22573529411764706 0.02222222222222222 0.0058823529411764705
9 0.992156862745098 0.22683823529411765 0.02091503267973856 0.005147058823529412
9 0.9888888888888888 0.23455882352941176 0.02222222222222222 0.007352941176470588
9 0.9039215686274509 0.23529411764705882 0.02483660130718954 0.0058823529411764705
9 0.9019607843137254 0.2301470588235294 0.0261437908496732 0.004411764705882353
9 0.8947712418300653 0.21029411764705883 0.01437908496732026 0.011764705882352941
9 0.8496732026143791 0.18933823529411764 0.01045751633986928 0.013970588235294117
9 0.8248366013071895 0.16911764705882354 0.01045751633986928 0.013235294117647059
9 0.8986928104575163 0.14522058823529413 0.02483660130718954 0.005147058823529412
3 0.8666666666666666 0.15625 0.03137254901960784 0.0375
1 0.8254901960784313 0.1724264705882353 0.00915032679738562 0.005147058823529412
1 0.8254901960784313 0.16875 0.00915032679738562 0.006617647058823529
1 0.903267973856209 0.14375 0.0130718954248366 0.006617647058823529
9 0.8405228758169934 0.15183823529411763 0.00784313725490196 0.013970588235294117
1 0.8470588235294118 0.15220588235294116 0.01045751633986928 0.007352941176470588
3 0.8653594771241829 0.1113970588235294 0.023529411764705882 0.03602941176470588
9 0.8986928104575163 0.12058823529411765 0.02222222222222222 0.007352941176470588
9 0.9078431372549018 0.11727941176470588 0.01699346405228758 0.006617647058823529
9 0.8986928104575163 0.10882352941176471 0.02222222222222222 0.008823529411764706
9 0.9790849673202614 0.10772058823529411 0.02091503267973856 0.009558823529411765
9 0.9771241830065359 0.10147058823529412 0.02222222222222222 0.0058823529411764705
9 0.9764705882352941 0.09301470588235294 0.023529411764705882 0.006617647058823529
1 0.8450980392156863 0.11948529411764705 0.0065359477124183 0.006617647058823529
3 0.8019607843137254 0.10073529411764706 0.027450980392156862 0.03529411764705882
9 0.7222222222222222 0.1323529411764706 0.00915032679738562 0.013235294117647059
1 0.7215686274509804 0.13014705882352942 0.01045751633986928 0.008823529411764706
1 0.7241830065359477 0.07647058823529412 0.01045751633986928 0.008823529411764706
9 0.7241830065359477 0.07757352941176471 0.01045751633986928 0.016911764705882352
3 0.6516339869281045 0.0713235294117647 0.06143790849673202 0.020588235294117647
6 0.6516339869281045 0.052941176470588235 0.04052287581699346 0.011764705882352941
9 0.722875816993464 0.025735294117647058 0.01045751633986928 0.011764705882352941
1 0.7222222222222222 0.02463235294117647 0.00915032679738562 0.006617647058823529
