3 0.0962962962962963 0.5533854166666666 0.1574074074074074 0.0171875
3 0.22777777777777777 0.4622395833333333 0.0962962962962963 0.0453125
3 1.1041666666666667 0.18932291666666667 0.015740740740740743 0.009895833333333333
4 1.0777777777777777 0.18671875 0.012962962962962964 0.009895833333333333
3 0.10138888888888889 0.4544270833333333 0.08425925925925926 0.0421875
9 0.3148148148148148 0.4544270833333333 0.040740740740740744 0.0203125
9 0.27731481481481485 0.44687499999999997 0.02314814814814815 0.029166666666666667
1 0.3597222222222222 0.4197916666666667 0.01388888888888889 0.013541666666666667
1 0.3902777777777778 0.4153645833333333 0.028703703703703703 0.018229166666666668
1 0.3907407407407408 0.42604166666666665 0.016666666666666666 0.014583333333333334
1 0.4240740740740741 0.4302083333333333 0.020370370370370372 0.016666666666666666
1 0.46574074074074073 0.4791666666666667 0.018518518518518517 0.027083333333333334
6 0.4939814814814815 0.4796875 0.036111111111111115 0.02395833333333333
2 1.0597222222222222 0.54765625 0.05092592592592593 0.0203125
9 1.05 0.5388020833333333 0.06851851851851852 0.028645833333333332
5 1.027777777777778 0.5143229166666666 0.11296296296296297 0.04739583333333333
4 1.0199074074074075 0.47109375 0.06759259259259259 0.04635416666666667
9 1.0171296296296297 0.43984375 0.06018518518518519 0.022395833333333334
9 1.0333333333333334 0.42916666666666664 0.04814814814814815 0.017708333333333333
2 1.0236111111111112 0.4083333333333333 0.04166666666666667 0.019791666666666666
9 1.0157407407407408 0.3971354166666667 0.03888888888888889 0.0140625
1 1.0106481481481482 0.3893229166666667 0.015740740740740743 0.018229166666666668
9 1.0175925925925926 0.3846354166666667 0.05925925925925926 0.0265625
1 0.9472222222222223 0.39036458333333335 0.012962962962962964 0.018229166666666668
2 0.9444444444444445 0.3984375 0.014814814814814815 0.01875
1 0.6787037037037037 0.40208333333333335 0.022222222222222223 0.025
9 0.6805555555555556 0.4046875 0.02592592592592593 0.020833333333333332
1 0.9856481481481482 0.37109375 0.012037037037037037 0.018229166666666668
9 0.9842592592592593 0.3455729166666667 0.02777777777777778 0.01614583333333333
3 0.8944444444444445 0.35625 0.0462962962962963 0.027083333333333334
4 0.8111111111111111 0.34609375 0.044444444444444446 0.033854166666666664
1 0.9037037037037038 0.31640625 0.009259259259259259 0.0109375
9 0.9037037037037038 0.3221354166666667 0.009259259259259259 0.009895833333333333
1 0.8060185185185186 0.3145833333333333 0.012037037037037037 0.011458333333333333
9 0.8037037037037037 0.31953125 0.020370370370370372 0.01614583333333333
1 1.0074074074074075 0.30859375 0.009259259259259259 0.013020833333333334
9 1.0078703703703704 0.30963541666666666 0.025 0.0109375
3 0.9398148148148149 0.3026041666666667 0.037037037037037035 0.021875
1 0.9902777777777778 0.2760416666666667 0.010185185185185186 0.011458333333333333
9 0.9898148148148148 0.28203125 0.007407407407407408 0.0078125
3 0.8907407407407407 0.30390625 0.037037037037037035 0.0203125
4 0.8550925925925926 0.2890625 0.04166666666666667 0.026041666666666668
1 0.837962962962963 0.27760416666666665 0.009259259259259259 0.007291666666666667
9 0.837037037037037 0.2828125 0.009259259259259259 0.009375
3 0.775 0.2908854166666667 0.03518518518518519 0.0203125
6 0.8199074074074074 0.27291666666666664 0.021296296296296296 0.013541666666666667
3 0.9097222222222222 0.20729166666666665 0.026851851851851852 0.010416666666666666
4 0.7083333333333334 0.19765625 0.031481481481481485 0.0109375
3 0.7217592592592593 0.21041666666666667 0.03425925925925926 0.007291666666666667
3 0.6541666666666667 0.1984375 0.04537037037037037 0.009375
3 0.5861111111111111 0.1953125 0.044444444444444446 0.010416666666666666
1 0.9546296296296297 0.2598958333333333 0.009259259259259259 0.008333333333333333
9 0.9550925925925926 0.26484375 0.008333333333333333 0.0078125
1 0.9518518518518518 0.24739583333333334 0.005555555555555556 0.007291666666666667
9 0.951388888888889 0.25286458333333334 0.008333333333333333 0.0078125
1 0.8907407407407407 0.23307291666666666 0.009259259259259259 0.0067708333333333336
9 0.8893518518518518 0.23776041666666667 0.010185185185185186 0.008854166666666666
1 0.8708333333333333 0.23411458333333332 0.008333333333333333 0.0078125
9 0.8699074074074075 0.23828125 0.008333333333333333 0.0078125
1 0.8421296296296297 0.22916666666666666 0.010185185185185186 0.007291666666666667
9 0.8412037037037038 0.23385416666666667 0.010185185185185186 0.010416666666666666
1 0.8486111111111111 0.2 0.004629629629629629 0.00625
6 0.8495370370370371 0.20390624999999998 0.008333333333333333 0.0067708333333333336
1 0.9699074074074074 0.23489583333333333 0.006481481481481482 0.007291666666666667
9 0.9685185185185186 0.23880208333333333 0.007407407407407408 0.0067708333333333336
1 0.9361111111111111 0.22421875 0.007407407407407408 0.0067708333333333336
9 0.9351851851851852 0.22890625 0.005555555555555556 0.005729166666666666
1 0.9236111111111112 0.21927083333333333 0.008333333333333333 0.005208333333333333
9 0.9231481481481482 0.22291666666666665 0.011111111111111112 0.00625
1 0.9694444444444444 0.20208333333333334 0.005555555555555556 0.00625
9 0.9694444444444444 0.20598958333333334 0.005555555555555556 0.005729166666666666
1 0.9810185185185185 0.20911458333333333 0.004629629629629629 0.0046875
1 0.9805555555555556 0.20677083333333332 0.005555555555555556 0.005208333333333333
9 0.9805555555555556 0.21119791666666665 0.005555555555555556 0.005729166666666666
9 0.9712962962962963 0.22239583333333332 0.011111111111111112 0.0125
1 0.9712962962962963 0.22213541666666667 0.007407407407407408 0.005729166666666666
