3 1.1738562091503266 0.3981617647058823 0.2797385620915033 0.07573529411764705
3 0.9960784313725489 0.2974264705882353 0.19869281045751633 0.09485294117647058
3 0.21241830065359477 0.20661764705882352 0.19999999999999998 0.0838235294117647
3 0.065359477124183 0.21102941176470588 0.13333333333333333 0.06470588235294117
3 0.7568627450980392 0.013970588235294117 0.09411764705882353 0.029411764705882353
3 0.7437908496732025 0.05036764705882353 0.11241830065359476 0.04338235294117647
9 0.4784313725490196 0.5246323529411765 0.0784313725490196 0.05955882352941176
1 0.47058823529411764 0.5158088235294117 0.06013071895424836 0.0375
3 1.522875816993464 0.03713235294117647 0.1437908496732026 0.03897058823529412
3 1.549019607843137 0.020955882352941175 0.12810457516339868 0.03161764705882353
1 1.445751633986928 0.15330882352941178 0.02875816993464052 0.027205882352941177
1 1.476470588235294 0.16066176470588234 0.03529411764705882 0.015441176470588236
1 1.4758169934640522 0.14705882352941177 0.023529411764705882 0.014705882352941176
1 1.5777777777777777 0.13345588235294117 0.0261437908496732 0.02426470588235294
1 1.6235294117647057 0.13786764705882354 0.02875816993464052 0.025735294117647058
9 1.7274509803921567 0.02426470588235294 0.0196078431372549 0.01911764705882353
9 1.4699346405228757 0.08272058823529412 0.04836601307189542 0.015441176470588236
1 1.7542483660130719 0.09705882352941177 0.023529411764705882 0.029411764705882353
3 0.16601307189542483 0.08897058823529412 0.1411764705882353 0.058823529411764705
3 0.3352941176470588 0.054411764705882354 0.134640522875817 0.03676470588235294
3 0.025490196078431372 0.05661764705882353 0.05359477124183006 0.033823529411764704
3 0.12287581699346405 0.03419117647058823 0.14640522875816991 0.03602941176470588
2 1.7078431372549019 0.25073529411764706 0.04052287581699346 0.039705882352941174
