3 0.3137254901960784 0.4363970588235294 0.12026143790849672 0.07573529411764705
3 0.44509803921568625 0.3316176470588235 0.0849673202614379 0.05
3 0.3627450980392157 0.3275735294117647 0.09019607843137255 0.04779411764705882
3 0.492156862745098 0.21654411764705883 0.05359477124183006 0.027205882352941177
3 0.42287581699346405 0.20808823529411766 0.050980392156862744 0.023529411764705882
9 0.2941176470588235 0.30625 0.03137254901960784 0.025735294117647058
1 0.29346405228758166 0.3044117647058823 0.0326797385620915 0.029411764705882353
1 0.29673202614379085 0.30073529411764705 0.023529411764705882 0.025
3 1.7045751633986927 0.34191176470588236 0.13856209150326795 0.041176470588235294
3 0.9836601307189542 0.3088235294117647 0.12941176470588234 0.03529411764705882
6 0.9137254901960784 0.2691176470588235 0.09673202614379084 0.030882352941176472
1 0.8941176470588235 0.2672794117647059 0.0261437908496732 0.022794117647058822
4 1.4699346405228757 0.29558823529411765 0.11895424836601307 0.03823529411764706
4 1.75359477124183 0.16654411764705881 0.0457516339869281 0.021323529411764706
5 1.664705882352941 0.20330882352941176 0.20784313725490194 0.04779411764705882
5 1.6196078431372547 0.1922794117647059 0.17777777777777776 0.04338235294117647
6 1.3973856209150326 0.17463235294117646 0.04967320261437908 0.0125
3 1.3915032679738562 0.16875 0.06405228758169934 0.015441176470588236
4 1.4215686274509802 0.14154411764705882 0.05359477124183006 0.015441176470588236
5 1.3895424836601307 0.15404411764705883 0.10196078431372549 0.027205882352941177
4 1.3294117647058823 0.15735294117647058 0.06274509803921569 0.01764705882352941
3 1.2836601307189541 0.15110294117647058 0.05751633986928104 0.015441176470588236
3 1.2555555555555555 0.14558823529411766 0.06143790849673202 0.014705882352941176
4 1.2333333333333332 0.11286764705882353 0.050980392156862744 0.01838235294117647
3 1.2078431372549019 0.13676470588235293 0.0522875816993464 0.014705882352941176
3 1.1797385620915033 0.13125 0.05359477124183006 0.013970588235294117
4 1.1581699346405228 0.12830882352941175 0.047058823529411764 0.013970588235294117
3 0.9699346405228757 0.09632352941176471 0.04183006535947712 0.010294117647058823
3 1.0013071895424837 0.09889705882352941 0.0392156862745098 0.011029411764705881
6 0.926797385620915 0.11323529411764706 0.02091503267973856 0.010294117647058823
1 0.9215686274509803 0.10992647058823529 0.00784313725490196 0.008088235294117646
3 0.8084967320261437 0.09816176470588235 0.03006535947712418 0.011029411764705881
3 0.6084967320261437 0.12794117647058822 0.027450980392156862 0.016176470588235292
3 0.5934640522875817 0.09632352941176471 0.02091503267973856 0.011764705882352941
3 0.6032679738562091 0.07316176470588236 0.01699346405228758 0.006617647058823529
3 0.6542483660130719 0.07058823529411765 0.02483660130718954 0.008823529411764706
5 0.7986928104575163 0.06801470588235294 0.08627450980392157 0.016911764705882352
4 0.745751633986928 0.06911764705882353 0.0196078431372549 0.008823529411764706
3 0.7163398692810456 0.06507352941176471 0.01830065359477124 0.008088235294117646
4 0.6666666666666666 0.04926470588235294 0.01568627450980392 0.007352941176470588
4 0.6732026143790849 0.03786764705882353 0.02091503267973856 0.006617647058823529
6 0.5647058823529412 0.11838235294117647 0.01830065359477124 0.013235294117647059
1 0.5633986928104575 0.11654411764705883 0.00784313725490196 0.009558823529411765
3 0.6209150326797385 0.04448529411764706 0.0130718954248366 0.005147058823529412
3 0.5934640522875817 0.03308823529411765 0.01045751633986928 0.0058823529411764705
4 0.6130718954248365 0.03713235294117647 0.01568627450980392 0.006617647058823529
3 0.6241830065359477 0.03860294117647059 0.0196078431372549 0.003676470588235294
3 0.5849673202614378 0.03897058823529412 0.011764705882352941 0.004411764705882353
3 0.565359477124183 0.03419117647058823 0.011764705882352941 0.005147058823529412
3 0.5666666666666667 0.03860294117647059 0.011764705882352941 0.005147058823529412
3 0.5738562091503268 0.04191176470588235 0.01045751633986928 0.0058823529411764705
3 0.588235294117647 0.04522058823529412 0.01568627450980392 0.005147058823529412
