3 1.3935185185185186 0.4322916666666667 0.30185185185185187 0.07083333333333333
3 1.6902777777777778 0.4328125 0.17314814814814816 0.08020833333333333
2 0.9782407407407407 0.39947916666666666 0.028703703703703703 0.03229166666666666
2 0.9236111111111112 0.3609375 0.02314814814814815 0.021875
2 0.18703703703703706 0.45651041666666664 0.0962962962962963 0.05677083333333333
2 0.2972222222222222 0.4244791666666667 0.05 0.051041666666666666
3 0.5962962962962963 0.4734375 0.1685185185185185 0.084375
3 0.4726851851851852 0.42552083333333335 0.16203703703703703 0.07291666666666667
3 0.6935185185185185 0.4158854166666667 0.11851851851851852 0.0546875
3 0.5277777777777778 0.39453125 0.11481481481481481 0.0453125
3 0.7055555555555556 0.37213541666666666 0.07962962962962963 0.034895833333333334
3 0.6194444444444445 0.34921875 0.07222222222222223 0.0296875
3 0.7277777777777779 0.33984375 0.05185185185185186 0.0265625
3 0.7912037037037037 0.3171875 0.03425925925925926 0.01875
2 0.513425925925926 0.36640625 0.06018518518518519 0.024479166666666666
3 0.7222222222222222 0.32760416666666664 0.05 0.02395833333333333
3 0.7351851851851852 0.31744791666666666 0.03888888888888889 0.0171875
3 0.7435185185185186 0.31197916666666664 0.03333333333333333 0.014583333333333334
3 0.7578703703703704 0.30234375 0.02314814814814815 0.011979166666666666
3 0.7912037037037037 0.30859375 0.026851851851851852 0.011979166666666666
3 0.7828703703703704 0.30494791666666665 0.028703703703703703 0.0109375
3 0.7708333333333334 0.29609375 0.021296296296296296 0.009895833333333333
4 0.8296296296296297 0.29921875 0.018518518518518517 0.011979166666666666
2 0.700925925925926 0.31223958333333335 0.02592592592592593 0.008854166666666666
9 0.6800925925925926 0.32395833333333335 0.015740740740740743 0.014583333333333334
3 0.6564814814814816 0.3065104166666667 0.061111111111111116 0.0140625
2 0.4416666666666667 0.3684895833333333 0.031481481481481485 0.025520833333333333
