4 0.8993464052287581 0.2838235294117647 0.08627450980392157 0.061764705882352944
4 0.8509803921568627 0.22683823529411765 0.054901960784313725 0.03602941176470588
4 0.5588235294117647 0.44448529411764703 0.09803921568627451 0.09044117647058823
4 0.35686274509803917 0.34338235294117647 0.12287581699346405 0.08823529411764705
4 0.04836601307189542 0.3029411764705882 0.09934640522875816 0.051470588235294115
4 0.3627450980392157 0.10294117647058823 0.09281045751633986 0.023529411764705882
3 0.588235294117647 0.21029411764705883 0.047058823529411764 0.03529411764705882
3 0.6444444444444444 0.07169117647058823 0.02875816993464052 0.015441176470588236
3 0.6915032679738562 0.06580882352941177 0.02875816993464052 0.015441176470588236
3 0.7745098039215685 0.07022058823529412 0.02483660130718954 0.013970588235294117
3 0.661437908496732 0.03676470588235294 0.02091503267973856 0.008823529411764706
3 0.7261437908496732 0.0400735294117647 0.0196078431372549 0.009558823529411765
4 0.7248366013071895 0.054411764705882354 0.02222222222222222 0.013235294117647059
4 0.7209150326797386 0.026470588235294117 0.01699346405228758 0.010294117647058823
3 0.6169934640522875 0.027205882352941177 0.02091503267973856 0.008823529411764706
3 0.6542483660130719 0.01838235294117647 0.01437908496732026 0.0058823529411764705
3 0.6398692810457516 0.013235294117647059 0.01699346405228758 0.008823529411764706
3 0.6183006535947712 0.011764705882352941 0.01568627450980392 0.008823529411764706
3 0.043137254901960784 0.4183823529411765 0.08888888888888888 0.060294117647058824
3 0.4718954248366013 0.054411764705882354 0.054901960784313725 0.011764705882352941
3 0.47516339869281043 0.044117647058823525 0.050980392156862744 0.010294117647058823
3 0.49346405228758167 0.03602941176470588 0.050980392156862744 0.010294117647058823
3 0.43725490196078426 0.0400735294117647 0.050980392156862744 0.011029411764705881
2 0.9908496732026143 0.2801470588235294 0.02091503267973856 0.022058823529411763
2 0.41437908496732023 0.17426470588235293 0.01045751633986928 0.013235294117647059
9 0.04967320261437908 0.2286764705882353 0.0392156862745098 0.016176470588235292
2 0.1679738562091503 0.17022058823529412 0.01699346405228758 0.019852941176470587
3 0.3431372549019608 0.16727941176470587 0.05359477124183006 0.027205882352941177
3 0.2718954248366013 0.1698529411764706 0.047058823529411764 0.022058823529411763
9 0.3901960784313725 0.13051470588235295 0.0326797385620915 0.011029411764705881
9 0.6411764705882352 0.11985294117647059 0.01437908496732026 0.010294117647058823
9 0.30196078431372547 0.10698529411764705 0.0261437908496732 0.009558823529411765
3 0.9196078431372549 0.05551470588235294 0.03529411764705882 0.011029411764705881
3 0.8928104575163398 0.04448529411764706 0.03660130718954248 0.011029411764705881
3 0.8633986928104574 0.025735294117647058 0.027450980392156862 0.008823529411764706
