3 1.176388888888889 0.4635416666666667 0.08055555555555556 0.05416666666666667
5 0.6472222222222223 0.46484375 0.13518518518518519 0.1546875
3 0.5462962962962963 0.35859375 0.07037037037037037 0.049479166666666664
3 0.5958333333333333 0.32421875 0.05277777777777778 0.03802083333333333
3 0.6208333333333333 0.29244791666666664 0.03981481481481482 0.025520833333333333
3 0.6458333333333334 0.2721354166666667 0.04537037037037037 0.025520833333333333
3 0.7189814814814816 0.21588541666666666 0.03425925925925926 0.0203125
5 0.7384259259259259 0.2015625 0.025 0.022916666666666665
5 0.8231481481481482 0.24348958333333334 0.05185185185185186 0.06927083333333334
3 0.7439814814814815 0.1890625 0.025 0.014583333333333334
3 0.7564814814814815 0.18072916666666666 0.02592592592592593 0.0125
3 0.7694444444444445 0.17239583333333333 0.022222222222222223 0.010416666666666666
3 0.8601851851851852 0.14661458333333333 0.022222222222222223 0.013020833333333334
3 0.8953703703703704 0.12786458333333334 0.016666666666666666 0.01614583333333333
3 0.9472222222222223 0.17057291666666666 0.022222222222222223 0.015104166666666667
3 1.0444444444444445 0.17578125 0.024074074074074074 0.011979166666666666
3 0.7115740740740741 0.3265625 0.05648148148148149 0.035416666666666666
