3 0.8824074074074074 0.4354166666666667 0.06481481481481481 0.0625
3 0.9518518518518518 0.3890625 0.05925925925925926 0.04895833333333333
3 0.8962962962962964 0.2791666666666667 0.040740740740740744 0.029166666666666667
3 0.8425925925925927 0.24166666666666667 0.040740740740740744 0.025
3 0.7324074074074074 0.1921875 0.031481481481481485 0.02395833333333333
3 0.7287037037037037 0.15677083333333333 0.02777777777777778 0.017708333333333333
3 0.8851851851851852 0.18697916666666667 0.03333333333333333 0.017708333333333333
3 0.9259259259259259 0.19583333333333333 0.03333333333333333 0.020833333333333332
3 0.9712962962962963 0.22916666666666666 0.03888888888888889 0.022916666666666665
3 1.0657407407407409 0.31145833333333334 0.061111111111111116 0.03125
3 0.8712962962962963 0.14270833333333333 0.031481481481481485 0.01875
3 0.7194444444444444 0.13697916666666665 0.031481481481481485 0.013541666666666667
3 0.5305555555555556 0.2661458333333333 0.09074074074074075 0.021875
5 1.175 0.34479166666666666 0.1388888888888889 0.04791666666666666
3 0.43333333333333335 0.3328125 0.07777777777777778 0.051041666666666666
3 0.5768518518518518 0.12343749999999999 0.04259259259259259 0.015625
3 0.6342592592592593 0.11875 0.0462962962962963 0.0125
3 0.6453703703703704 0.12604166666666666 0.0462962962962963 0.0125
3 0.7212962962962963 0.11354166666666667 0.0462962962962963 0.0125
4 0.8055555555555556 0.10052083333333334 0.044444444444444446 0.015625
1 0.7333333333333334 0.08333333333333333 0.011111111111111112 0.004166666666666667
1 0.6898148148148149 0.22135416666666666 0.016666666666666666 0.011458333333333333
1 0.9083333333333333 0.15520833333333334 0.012962962962962964 0.004166666666666667
1 0.7731481481481481 0.13802083333333334 0.012962962962962964 0.005208333333333333
1 0.5268518518518519 0.16145833333333334 0.012962962962962964 0.008333333333333333
1 0.5314814814814816 0.159375 0.011111111111111112 0.008333333333333333
2 0.6907407407407408 0.23020833333333332 0.022222222222222223 0.0125
9 0.7731481481481481 0.14427083333333332 0.020370370370370372 0.011458333333333333
9 0.9092592592592593 0.1609375 0.018518518518518517 0.007291666666666667
9 0.7314814814814815 0.08645833333333333 0.014814814814814815 0.00625
3 1.4472222222222222 0.4557291666666667 0.10185185185185186 0.07604166666666666
3 1.087962962962963 0.096875 0.03888888888888889 0.010416666666666666
3 1.1231481481481482 0.08958333333333333 0.03888888888888889 0.010416666666666666
3 1.0472222222222223 0.08958333333333333 0.03888888888888889 0.010416666666666666
9 1.0444444444444445 0.09479166666666666 0.02962962962962963 0.010416666666666666
