6 1.2986928104575162 0.38198529411764703 0.09542483660130718 0.06691176470588235
9 1.2084967320261437 0.4319852941176471 0.050980392156862744 0.03602941176470588
3 1.2281045751633985 0.4948529411764706 0.09803921568627451 0.08676470588235294
3 0.5973856209150327 0.3452205882352941 0.12287581699346405 0.08308823529411764
9 0.3483660130718954 0.2363970588235294 0.03006535947712418 0.027205882352941177
9 0.40457516339869276 0.19816176470588234 0.02483660130718954 0.019852941176470587
1 0.4065359477124183 0.1338235294117647 0.01045751633986928 0.011764705882352941
3 0.503921568627451 0.16838235294117646 0.12941176470588234 0.025
9 0.6928104575163399 0.2952205882352941 0.023529411764705882 0.027205882352941177
1 0.6888888888888889 0.2863970588235294 0.023529411764705882 0.030147058823529412
3 0.7692810457516339 0.225 0.06666666666666667 0.045588235294117645
4 0.7261437908496732 0.14154411764705882 0.050980392156862744 0.0375
4 0.6647058823529411 0.08676470588235294 0.0457516339869281 0.027941176470588233
1 0.4209150326797385 0.08125 0.01568627450980392 0.013970588235294117
4 0.46928104575163393 0.019852941176470587 0.02875816993464052 0.014705882352941176
3 0.49999999999999994 0.014705882352941176 0.03790849673202614 0.013235294117647059
3 0.5156862745098039 0.020955882352941175 0.03790849673202614 0.0125
3 0.5052287581699346 0.005147058823529412 0.027450980392156862 0.010294117647058823
3 0.5666666666666667 0.01801470588235294 0.0326797385620915 0.0125
1 0.6274509803921569 0.009191176470588236 0.01045751633986928 0.009558823529411765
1 0.4810457516339869 0.004779411764705883 0.00784313725490196 0.009558823529411765
3 0.6359477124183006 0.054044117647058826 0.050980392156862744 0.019852941176470587
3 0.6888888888888889 0.06875 0.04444444444444444 0.01838235294117647
3 0.7209150326797386 0.0849264705882353 0.050980392156862744 0.021323529411764706
9 0.6542483660130719 0.14080882352941176 0.01699346405228758 0.016911764705882352
1 0.6542483660130719 0.1338235294117647 0.01699346405228758 0.016176470588235292
9 0.6797385620915032 0.13455882352941176 0.0130718954248366 0.016176470588235292
1 0.6784313725490195 0.12867647058823528 0.01568627450980392 0.01764705882352941
3 0.792156862745098 0.11580882352941177 0.0522875816993464 0.02426470588235294
3 0.8490196078431372 0.16838235294117646 0.05620915032679738 0.029411764705882353
3 0.8771241830065359 0.21470588235294116 0.065359477124183 0.03676470588235294
3 0.9013071895424836 0.2647058823529412 0.07450980392156863 0.044117647058823525
3 1.0045751633986928 0.2889705882352941 0.07712418300653594 0.044117647058823525
3 0.9052287581699345 0.39080882352941176 0.09019607843137255 0.07279411764705883
6 0.95359477124183 0.31948529411764703 0.05359477124183006 0.04485294117647059
1 0.9483660130718954 0.30772058823529413 0.02222222222222222 0.019852941176470587
3 1.0869281045751633 0.27794117647058825 0.07973856209150326 0.054411764705882354
6 1.0947712418300652 0.2227941176470588 0.10849673202614378 0.030882352941176472
1 1.0470588235294116 0.1922794117647059 0.01568627450980392 0.019852941176470587
1 0.8588235294117647 0.0849264705882353 0.01830065359477124 0.0125
6 0.8581699346405228 0.11911764705882352 0.027450980392156862 0.020588235294117647
1 0.8568627450980392 0.1125 0.011764705882352941 0.011764705882352941
1 0.8522875816993464 0.11470588235294117 0.0130718954248366 0.016176470588235292
1 0.9124183006535947 0.10882352941176471 0.01830065359477124 0.013235294117647059
1 0.9745098039215686 0.14154411764705882 0.01699346405228758 0.0125
6 0.9869281045751633 0.1297794117647059 0.05751633986928104 0.016911764705882352
3 1.1222222222222222 0.07389705882352941 0.05620915032679738 0.021323529411764706
3 1.0947712418300652 0.059926470588235296 0.0457516339869281 0.016911764705882352
3 0.9555555555555555 0.03676470588235294 0.06013071895424836 0.013235294117647059
3 0.9156862745098039 0.030147058823529412 0.058823529411764705 0.011764705882352941
3 0.841830065359477 0.03713235294117647 0.065359477124183 0.013970588235294117
6 0.7679738562091503 0.05220588235294118 0.043137254901960784 0.013235294117647059
6 0.7869281045751634 0.033455882352941176 0.04183006535947712 0.011029411764705881
