3 1.307843137254902 0.08639705882352941 0.0457516339869281 0.013970588235294117
3 1.257516339869281 0.10220588235294117 0.06797385620915032 0.016176470588235292
5 1.1875816993464052 0.1 0.06928104575163398 0.020588235294117647
3 1.2091503267973855 0.12720588235294117 0.0522875816993464 0.026470588235294117
3 1.1705882352941175 0.15330882352941178 0.0718954248366013 0.025735294117647058
9 1.1261437908496732 0.1297794117647059 0.02222222222222222 0.013970588235294117
9 1.1098039215686273 0.09926470588235294 0.01568627450980392 0.011764705882352941
1 1.110457516339869 0.09595588235294117 0.011764705882352941 0.0125
9 1.0248366013071895 0.08639705882352941 0.02091503267973856 0.011029411764705881
2 0.9607843137254901 0.10845588235294118 0.02875816993464052 0.011029411764705881
3 1.5947712418300652 0.044117647058823525 0.01568627450980392 0.007352941176470588
3 1.5869281045751633 0.054411764705882354 0.01830065359477124 0.010294117647058823
3 1.5143790849673202 0.06764705882352941 0.02483660130718954 0.010294117647058823
3 1.5758169934640522 0.07830882352941176 0.027450980392156862 0.011029411764705881
3 1.50718954248366 0.08970588235294118 0.02875816993464052 0.013235294117647059
3 1.5137254901960784 0.09448529411764706 0.03137254901960784 0.016911764705882352
3 1.5196078431372548 0.10110294117647059 0.03529411764705882 0.019852941176470587
3 1.2424836601307188 0.20294117647058824 0.1111111111111111 0.03676470588235294
3 1.5124183006535947 0.10845588235294118 0.03398692810457516 0.015441176470588236
3 1.515032679738562 0.11801470588235294 0.0392156862745098 0.019852941176470587
3 1.5156862745098039 0.12867647058823528 0.043137254901960784 0.025
3 1.515032679738562 0.1411764705882353 0.04444444444444444 0.022058823529411763
3 1.4993464052287582 0.15294117647058825 0.0522875816993464 0.029411764705882353
3 1.4934640522875815 0.17352941176470588 0.06143790849673202 0.030882352941176472
3 1.4980392156862745 0.19338235294117648 0.06797385620915032 0.03823529411764706
3 1.4823529411764704 0.2213235294117647 0.07320261437908496 0.03823529411764706
3 1.503921568627451 0.2551470588235294 0.0849673202614379 0.04852941176470588
3 1.3862745098039215 0.2025735294117647 0.06405228758169934 0.0375
3 1.3601307189542482 0.22316176470588234 0.07712418300653594 0.04779411764705882
3 1.3294117647058823 0.26029411764705884 0.08888888888888888 0.054411764705882354
4 1.4633986928104574 0.27941176470588236 0.09019607843137255 0.07205882352941176
9 1.687581699346405 0.4099264705882353 0.1437908496732026 0.04926470588235294
1 1.6947712418300653 0.4051470588235294 0.05620915032679738 0.047058823529411764
2 1.4888888888888887 0.3584558823529412 0.06013071895424836 0.03161764705882353
1 1.3934640522875816 0.3588235294117647 0.0261437908496732 0.030882352941176472
2 1.3660130718954246 0.35698529411764707 0.08104575163398692 0.03897058823529412
3 1.1712418300653593 0.25330882352941175 0.0915032679738562 0.04779411764705882
9 1.2209150326797384 0.31470588235294117 0.0784313725490196 0.033823529411764704
1 1.2549019607843137 0.3139705882352941 0.03398692810457516 0.033823529411764704
9 0.7581699346405228 0.4959558823529412 0.07058823529411765 0.06691176470588235
1 0.7660130718954248 0.48676470588235293 0.054901960784313725 0.07058823529411765
9 1.2385620915032678 0.16580882352941176 0.0196078431372549 0.01838235294117647
1 1.237908496732026 0.1636029411764706 0.0130718954248366 0.015441176470588236
1 1.241176470588235 0.16213235294117648 0.01437908496732026 0.021323529411764706
9 1.0679738562091503 0.1974264705882353 0.0261437908496732 0.021323529411764706
1 1.0686274509803921 0.1922794117647059 0.0196078431372549 0.030147058823529412
9 1.0248366013071895 0.20551470588235293 0.04444444444444444 0.021323529411764706
1 1.0235294117647058 0.20147058823529412 0.023529411764705882 0.029411764705882353
9 0.9901960784313725 0.1463235294117647 0.03006535947712418 0.014705882352941176
9 1.0483660130718953 0.2595588235294118 0.0261437908496732 0.029411764705882353
1 1.049019607843137 0.25183823529411764 0.02483660130718954 0.030147058823529412
9 0.8993464052287581 0.27352941176470585 0.04444444444444444 0.027941176470588233
1 0.8973856209150326 0.26580882352941176 0.0326797385620915 0.03455882352941177
1 0.0261437908496732 0.20294117647058824 0.023529411764705882 0.025
1 0.041176470588235294 0.20147058823529412 0.01437908496732026 0.022058823529411763
9 0.17843137254901958 0.2051470588235294 0.0326797385620915 0.025
9 0.22352941176470587 0.20698529411764705 0.02875816993464052 0.021323529411764706
9 0.2483660130718954 0.20588235294117646 0.03398692810457516 0.026470588235294117
9 0.2856209150326797 0.20404411764705882 0.03006535947712418 0.025735294117647058
9 0.3431372549019608 0.20588235294117646 0.0196078431372549 0.025
9 0.322875816993464 0.19522058823529412 0.01568627450980392 0.022794117647058822
9 0.3607843137254902 0.19301470588235295 0.0130718954248366 0.02426470588235294
9 0.37973856209150325 0.20404411764705882 0.02222222222222222 0.022794117647058822
9 0.39673202614379083 0.19264705882352942 0.0196078431372549 0.025
3 0.14313725490196078 0.26029411764705884 0.1503267973856209 0.05
3 0.34509803921568627 0.26286764705882354 0.15163398692810456 0.04926470588235294
3 0.4633986928104575 0.2525735294117647 0.12941176470588234 0.04338235294117647
1 0.5248366013071895 0.13198529411764706 0.01437908496732026 0.013970588235294117
1 0.7169934640522875 0.125 0.01437908496732026 0.013235294117647059
1 0.6947712418300653 0.12683823529411764 0.01699346405228758 0.013970588235294117
4 0.9019607843137254 0.21102941176470588 0.1411764705882353 0.045588235294117645
9 0.8594771241830065 0.1838235294117647 0.0457516339869281 0.020588235294117647
9 0.8274509803921568 0.17977941176470588 0.03660130718954248 0.021323529411764706
9 0.8281045751633986 0.16875 0.02222222222222222 0.019852941176470587
2 0.6875816993464052 0.15992647058823528 0.0392156862745098 0.015441176470588236
9 0.7209150326797386 0.15955882352941175 0.0196078431372549 0.01764705882352941
9 0.7026143790849673 0.17058823529411765 0.01699346405228758 0.01764705882352941
6 0.6973856209150326 0.19117647058823528 0.027450980392156862 0.023529411764705882
9 0.7261437908496732 0.1801470588235294 0.0196078431372549 0.01764705882352941
9 0.7725490196078431 0.17205882352941176 0.0392156862745098 0.01911764705882353
9 0.7875816993464052 0.19264705882352942 0.02222222222222222 0.022058823529411763
2 0.7686274509803921 0.20147058823529412 0.03660130718954248 0.023529411764705882
9 0.7686274509803921 0.19411764705882353 0.01568627450980392 0.022058823529411763
9 0.6163398692810457 0.24338235294117647 0.03006535947712418 0.030882352941176472
9 0.5254901960784313 0.19595588235294117 0.02091503267973856 0.025735294117647058
1 0.6176470588235293 0.2363970588235294 0.03006535947712418 0.03602941176470588
1 0.6209150326797385 0.2363970588235294 0.01830065359477124 0.02426470588235294
2 0.6352941176470588 0.21544117647058822 0.023529411764705882 0.026470588235294117
9 0.5862745098039215 0.2139705882352941 0.02483660130718954 0.025
9 0.6065359477124183 0.21544117647058822 0.023529411764705882 0.026470588235294117
9 0.5875816993464051 0.1625 0.0196078431372549 0.020588235294117647
9 0.6039215686274509 0.17316176470588235 0.02091503267973856 0.021323529411764706
2 0.6339869281045751 0.16139705882352942 0.01568627450980392 0.01838235294117647
2 0.6274509803921569 0.17022058823529412 0.01830065359477124 0.021323529411764706
9 0.6372549019607843 0.1786764705882353 0.01699346405228758 0.020588235294117647
2 0.49999999999999994 0.1915441176470588 0.0196078431372549 0.021323529411764706
9 0.42745098039215684 0.17095588235294118 0.01830065359477124 0.01838235294117647
9 0.426797385620915 0.20036764705882354 0.03006535947712418 0.02426470588235294
9 0.4359477124183006 0.18786764705882353 0.01699346405228758 0.027205882352941177
9 0.44967320261437904 0.17941176470588235 0.02091503267973856 0.020588235294117647
9 0.45816993464052286 0.2077205882352941 0.027450980392156862 0.027205882352941177
2 0.48496732026143785 0.19595588235294117 0.023529411764705882 0.025735294117647058
