6 0.6169934640522875 0.23198529411764707 0.11503267973856209 0.03602941176470588
1 0.7745098039215685 0.21911764705882353 0.03006535947712418 0.026470588235294117
1 0.903267973856209 0.19301470588235295 0.023529411764705882 0.015441176470588236
1 0.8810457516339869 0.20036764705882354 0.03398692810457516 0.03161764705882353
1 1.0313725490196077 0.1786764705882353 0.023529411764705882 0.025
1 1.0464052287581698 0.17830882352941177 0.02222222222222222 0.02426470588235294
1 1.1169934640522876 0.16875 0.03006535947712418 0.028676470588235293
1 1.203921568627451 0.16139705882352942 0.01830065359477124 0.025735294117647058
1 1.2816993464052286 0.15514705882352942 0.03006535947712418 0.023529411764705882
1 1.3294117647058823 0.15183823529411763 0.01830065359477124 0.021323529411764706
2 1.3111111111111111 0.1625 0.04967320261437908 0.023529411764705882
2 1.7405228758169933 0.09632352941176471 0.0457516339869281 0.014705882352941176
1 1.5006535947712418 0.09044117647058823 0.0130718954248366 0.013235294117647059
1 1.3470588235294116 0.06985294117647059 0.02222222222222222 0.016176470588235292
2 1.4215686274509802 0.023529411764705882 0.027450980392156862 0.011764705882352941
9 1.4254901960784312 0.03051470588235294 0.01437908496732026 0.0125
1 1.4052287581699345 0.03308823529411765 0.02091503267973856 0.013235294117647059
1 1.3738562091503268 0.01911764705882353 0.0130718954248366 0.013235294117647059
1 1.396078431372549 0.026470588235294117 0.02091503267973856 0.013235294117647059
9 1.3640522875816992 0.03713235294117647 0.027450980392156862 0.0125
1 0.9993464052287581 0.011029411764705881 0.011764705882352941 0.008823529411764706
1 1.0019607843137255 0.009926470588235294 0.00915032679738562 0.008088235294117646
4 0.857516339869281 0.06323529411764706 0.054901960784313725 0.032352941176470584
6 0.8692810457516339 0.057720588235294114 0.04967320261437908 0.01838235294117647
1 0.7261437908496732 0.057352941176470586 0.011764705882352941 0.011764705882352941
1 0.6784313725490195 0.05477941176470588 0.01045751633986928 0.0125
1 0.6647058823529411 0.06433823529411764 0.01699346405228758 0.015441176470588236
1 0.6 0.04889705882352941 0.01045751633986928 0.0125
1 0.6183006535947712 0.051470588235294115 0.01568627450980392 0.014705882352941176
1 0.5718954248366013 0.054411764705882354 0.01699346405228758 0.010294117647058823
1 0.5620915032679739 0.05661764705882353 0.0130718954248366 0.008823529411764706
6 0.4209150326797385 0.03860294117647059 0.04967320261437908 0.016911764705882352
3 0.44052287581699345 0.011029411764705881 0.065359477124183 0.016176470588235292
3 0.31045751633986923 0.010661764705882353 0.06928104575163398 0.016911764705882352
3 0.35686274509803917 0.01911764705882353 0.06797385620915032 0.022058823529411763
3 0.28888888888888886 0.02977941176470588 0.08627450980392157 0.01838235294117647
3 0.15294117647058822 0.027205882352941177 0.06797385620915032 0.01911764705882353
3 0.10065359477124182 0.01213235294117647 0.0784313725490196 0.022794117647058822
3 0.03071895424836601 0.022426470588235294 0.06405228758169934 0.01838235294117647
4 0.052941176470588235 0.05330882352941176 0.09542483660130718 0.027205882352941177
1 0.0196078431372549 0.10808823529411765 0.01568627450980392 0.013235294117647059
1 0.0058823529411764705 0.10919117647058824 0.01437908496732026 0.0125
1 0.17254901960784313 0.07720588235294118 0.03137254901960784 0.011764705882352941
2 0.17973856209150327 0.046691176470588236 0.01437908496732026 0.013970588235294117
4 0.22026143790849673 0.044117647058823525 0.08758169934640522 0.029411764705882353
4 0.03333333333333333 0.07794117647058824 0.06928104575163398 0.030882352941176472
3 0.04771241830065359 0.07169117647058823 0.08758169934640522 0.025735294117647058
6 0.09934640522875816 0.07205882352941176 0.047058823529411764 0.027941176470588233
4 0.13006535947712417 0.06139705882352941 0.10588235294117647 0.027205882352941177
