3 1.1532407407407408 0.32916666666666666 0.09166666666666667 0.01875
3 0.49444444444444446 0.49192708333333335 0.10370370370370371 0.05260416666666667
3 0.05 0.5453125 0.10185185185185186 0.03333333333333333
2 0.13842592592592592 0.5450520833333333 0.036111111111111115 0.033854166666666664
1 0.13842592592592592 0.5346354166666667 0.03796296296296296 0.04114583333333333
3 0.3662037037037037 0.47760416666666666 0.08796296296296297 0.05
3 0.24675925925925926 0.4830729166666667 0.09166666666666667 0.049479166666666664
3 0.2689814814814815 0.4393229166666667 0.07314814814814816 0.0328125
2 0.16018518518518518 0.49114583333333334 0.031481481481481485 0.029166666666666667
1 0.15972222222222224 0.47812499999999997 0.030555555555555558 0.03333333333333333
3 0.11574074074074074 0.47812499999999997 0.09814814814814815 0.046875
3 0.14120370370370372 0.44947916666666665 0.075 0.03229166666666666
2 0.10740740740740741 0.4036458333333333 0.03888888888888889 0.013541666666666667
3 0.2523148148148148 0.39765625 0.05277777777777778 0.025520833333333333
3 0.3101851851851852 0.38359375 0.04814814814814815 0.024479166666666666
3 0.3092592592592593 0.36302083333333335 0.03888888888888889 0.017708333333333333
3 0.3050925925925926 0.34921875 0.030555555555555558 0.013020833333333334
2 0.3337962962962963 0.3421875 0.010185185185185186 0.009375
1 0.33333333333333337 0.3385416666666667 0.009259259259259259 0.010416666666666666
1 0.47222222222222227 0.3927083333333333 0.016666666666666666 0.021875
3 0.27083333333333337 0.3403645833333333 0.026851851851851852 0.0109375
3 0.25833333333333336 0.34739583333333335 0.02962962962962963 0.014583333333333334
3 0.20740740740740743 0.3640625 0.037037037037037035 0.015625
3 0.19074074074074074 0.39036458333333335 0.05185185185185186 0.025520833333333333
3 0.19166666666666668 0.38125 0.04814814814814815 0.015625
2 0.425 0.38307291666666665 0.014814814814814815 0.013020833333333334
1 0.42453703703703705 0.37994791666666666 0.01388888888888889 0.018229166666666668
2 0.3662037037037037 0.39140625 0.015740740740740743 0.0171875
1 0.36712962962962964 0.38776041666666666 0.015740740740740743 0.021354166666666667
1 0.3703703703703704 0.3731770833333333 0.014814814814814815 0.0171875
2 0.36944444444444446 0.378125 0.014814814814814815 0.015625
2 0.39861111111111114 0.3924479166666667 0.015740740740740743 0.015104166666666667
1 0.3995370370370371 0.3875 0.015740740740740743 0.019791666666666666
2 0.39351851851851855 0.38359375 0.016666666666666666 0.011979166666666666
1 0.39351851851851855 0.3807291666666667 0.014814814814814815 0.015625
2 0.38657407407407407 0.37083333333333335 0.010185185185185186 0.0125
1 0.38657407407407407 0.36822916666666666 0.008333333333333333 0.016666666666666666
1 0.3939814814814815 0.37057291666666664 0.01388888888888889 0.0140625
2 0.39490740740740743 0.37421875 0.01388888888888889 0.011979166666666666
