5 1.0529411764705883 0.48161764705882354 0.1895424836601307 0.1602941176470588
3 0.8516339869281045 0.3466911764705882 0.07712418300653594 0.06544117647058824
3 0.9594771241830065 0.3165441176470588 0.0784313725490196 0.05661764705882353
3 0.8248366013071895 0.2731617647058823 0.07320261437908496 0.05073529411764706
3 0.8503267973856209 0.22794117647058823 0.06143790849673202 0.041176470588235294
3 0.9647058823529411 0.1698529411764706 0.0522875816993464 0.032352941176470584
3 0.8522875816993464 0.17058823529411765 0.05751633986928104 0.03529411764705882
3 0.9424836601307189 0.12279411764705882 0.04183006535947712 0.026470588235294117
3 0.9326797385620914 0.0974264705882353 0.04052287581699346 0.019852941176470587
5 0.9503267973856209 0.05845588235294118 0.054901960784313725 0.06102941176470588
8 0.8647058823529411 0.10551470588235294 0.06143790849673202 0.06397058823529411
5 0.8803921568627451 0.044117647058823525 0.0457516339869281 0.04264705882352941
5 0.5705882352941176 0.034926470588235295 0.06928104575163398 0.05073529411764706
4 0.6464052287581699 0.012867647058823529 0.03790849673202614 0.027205882352941177
3 0.5130718954248366 0.026838235294117645 0.0326797385620915 0.015441176470588236
3 0.24771241830065358 0.17058823529411765 0.07712418300653594 0.03529411764705882
3 0.14509803921568626 0.16691176470588234 0.07581699346405228 0.03529411764705882
5 0.16274509803921566 0.3610294117647059 0.3281045751633987 0.27352941176470585
3 0.8627450980392156 0.538235294117647 0.12026143790849672 0.047058823529411764
3 0.134640522875817 0.06323529411764706 0.04444444444444444 0.020588235294117647
3 0.029411764705882353 0.11360294117647059 0.06143790849673202 0.027205882352941177
3 0.02287581699346405 0.08529411764705883 0.04836601307189542 0.022058823529411763
3 1.7 0.11985294117647059 0.11372549019607843 0.027941176470588233
3 1.5686274509803921 0.08088235294117647 0.09934640522875816 0.020588235294117647
3 1.5627450980392157 0.07426470588235294 0.09803921568627451 0.01764705882352941
3 1.5549019607843135 0.07022058823529412 0.09803921568627451 0.01838235294117647
3 1.5026143790849673 0.06066176470588235 0.07973856209150326 0.015441176470588236
3 1.487581699346405 0.05367647058823529 0.07058823529411765 0.016176470588235292
3 1.4660130718954247 0.048161764705882355 0.06928104575163398 0.015441176470588236
3 1.4522875816993464 0.04375 0.07320261437908496 0.013970588235294117
3 1.4254901960784312 0.039338235294117646 0.06666666666666667 0.0125
3 1.4241830065359475 0.034926470588235295 0.06405228758169934 0.0125
3 1.4202614379084966 0.03051470588235294 0.06405228758169934 0.011029411764705881
3 1.4104575163398692 0.026470588235294117 0.08104575163398692 0.011764705882352941
3 1.3751633986928105 0.022058823529411763 0.05751633986928104 0.008823529411764706
3 1.3712418300653595 0.01948529411764706 0.054901960784313725 0.011029411764705881
3 1.3588235294117645 0.015808823529411764 0.05359477124183006 0.011029411764705881
3 1.3503267973856208 0.011397058823529411 0.04967320261437908 0.009558823529411765
3 1.3398692810457515 0.008455882352941176 0.04967320261437908 0.0125
3 1.7503267973856207 0.07205882352941176 0.0522875816993464 0.020588235294117647
3 1.7307189542483659 0.06066176470588235 0.0915032679738562 0.016911764705882352
3 1.703267973856209 0.05477941176470588 0.06797385620915032 0.016911764705882352
3 1.6856209150326795 0.051470588235294115 0.07450980392156863 0.014705882352941176
3 1.6673202614379083 0.04485294117647059 0.08758169934640522 0.01764705882352941
3 1.6392156862745098 0.040808823529411765 0.07581699346405228 0.016911764705882352
3 1.5790849673202614 0.02977941176470588 0.07320261437908496 0.0125
3 1.7241830065359476 0.041176470588235294 0.07581699346405228 0.016176470588235292
3 1.7058823529411764 0.03419117647058823 0.07581699346405228 0.013970588235294117
4 1.6313725490196078 0.020955882352941175 0.07320261437908496 0.016911764705882352
3 1.5699346405228758 0.026470588235294117 0.06797385620915032 0.013235294117647059
3 1.549019607843137 0.023529411764705882 0.06797385620915032 0.013235294117647059
3 1.537908496732026 0.01801470588235294 0.06405228758169934 0.011029411764705881
3 1.5241830065359476 0.015808823529411764 0.06797385620915032 0.013970588235294117
3 1.4666666666666666 0.006985294117647058 0.07058823529411765 0.011029411764705881
3 1.4934640522875815 0.011029411764705881 0.06666666666666667 0.014705882352941176
3 1.5875816993464051 0.016544117647058824 0.05359477124183006 0.011029411764705881
3 1.5660130718954248 0.013235294117647059 0.04967320261437908 0.010294117647058823
3 1.556862745098039 0.008455882352941176 0.06274509803921569 0.0125
3 1.50718954248366 0.003676470588235294 0.054901960784313725 0.008823529411764706
3 1.4398692810457516 0.003676470588235294 0.05620915032679738 0.008823529411764706
3 1.7601307189542483 0.02022058823529412 0.0326797385620915 0.013970588235294117
3 1.7562091503267974 0.015441176470588236 0.04052287581699346 0.011764705882352941
3 1.7202614379084966 0.010661764705882353 0.06797385620915032 0.0125
3 1.6973856209150326 0.006617647058823529 0.06143790849673202 0.011764705882352941
4 1.6732026143790848 0.005147058823529412 0.054901960784313725 0.011764705882352941
3 1.6398692810457516 0.003676470588235294 0.05620915032679738 0.008823529411764706
