1 0.058333333333333334 0.4822916666666667 0.024074074074074074 0.022916666666666665
2 0.05787037037037037 0.49557291666666664 0.036111111111111115 0.0234375
1 0.08750000000000001 0.509375 0.026851851851851852 0.028125
2 0.08472222222222223 0.5200520833333333 0.026851851851851852 0.022395833333333334
1 0.10787037037037038 0.43333333333333335 0.02314814814814815 0.02395833333333333
2 0.1087962962962963 0.44479166666666664 0.026851851851851852 0.01875
1 0.16018518518518518 0.40208333333333335 0.020370370370370372 0.017708333333333333
2 0.16111111111111112 0.4125 0.024074074074074074 0.016666666666666666
1 0.18981481481481483 0.4122395833333333 0.018518518518518517 0.022395833333333334
2 0.1925925925925926 0.4203125 0.02592592592592593 0.016666666666666666
3 0.5972222222222222 0.4903645833333333 0.07407407407407407 0.06197916666666667
3 0.7875 0.5375 0.08611111111111111 0.04895833333333333
3 0.8467592592592593 0.48463541666666665 0.08240740740740742 0.04739583333333333
3 0.9407407407407408 0.4869791666666667 0.08703703703703704 0.046875
3 0.8949074074074075 0.43333333333333335 0.07314814814814816 0.0375
3 0.7337962962962963 0.44114583333333335 0.06759259259259259 0.041666666666666664
3 0.8171296296296297 0.3690104166666667 0.05462962962962963 0.025520833333333333
3 0.7587962962962963 0.38125 0.05462962962962963 0.028125
3 0.675 0.3536458333333333 0.05 0.026041666666666668
3 0.7606481481481482 0.30833333333333335 0.04537037037037037 0.02395833333333333
4 0.7027777777777778 0.303125 0.04259259259259259 0.022916666666666665
3 0.65 0.30182291666666666 0.03888888888888889 0.019270833333333334
8 0.37777777777777777 0.33619791666666665 0.08148148148148149 0.08385416666666666
8 0.7467592592592592 0.2515625 0.062037037037037036 0.040625
3 0.7064814814814815 0.26119791666666664 0.037037037037037035 0.0171875
3 0.6925925925925926 0.24427083333333333 0.02777777777777778 0.014583333333333334
3 0.6569444444444444 0.24895833333333334 0.032407407407407406 0.017708333333333333
3 0.6162037037037037 0.25234375 0.028703703703703703 0.0140625
3 0.6277777777777778 0.27369791666666665 0.03333333333333333 0.018229166666666668
3 0.6157407407407408 0.23671875 0.02777777777777778 0.013020833333333334
3 0.6671296296296296 0.22604166666666667 0.025 0.011458333333333333
3 0.5962962962962963 0.21953124999999998 0.024074074074074074 0.0109375
8 0.6958333333333334 0.21510416666666665 0.04351851851851852 0.02395833333333333
3 0.6555555555555556 0.21328125 0.024074074074074074 0.011979166666666666
3 0.6166666666666667 0.20494791666666667 0.020370370370370372 0.009895833333333333
3 0.6449074074074075 0.20494791666666667 0.021296296296296296 0.008854166666666666
3 0.47870370370370374 0.22916666666666666 0.024074074074074074 0.013541666666666667
3 0.5106481481481482 0.2015625 0.021296296296296296 0.010416666666666666
8 0.5837962962962964 0.18880208333333334 0.030555555555555558 0.0234375
3 0.6111111111111112 0.19270833333333334 0.018518518518518517 0.009375
3 0.6300925925925926 0.18697916666666667 0.017592592592592594 0.008333333333333333
3 0.6421296296296296 0.19609375 0.017592592592592594 0.0078125
3 0.6166666666666667 0.17630208333333333 0.018518518518518517 0.0078125
3 0.5939814814814816 0.17708333333333334 0.017592592592592594 0.008333333333333333
8 0.6703703703703704 0.19166666666666665 0.044444444444444446 0.027083333333333334
8 0.625925925925926 0.15755208333333334 0.02592592592592593 0.01614583333333333
3 0.48564814814814816 0.16927083333333334 0.015740740740740743 0.007291666666666667
3 0.563425925925926 0.16901041666666666 0.015740740740740743 0.0067708333333333336
3 0.5791666666666667 0.16666666666666666 0.015740740740740743 0.00625
3 0.5620370370370371 0.16067708333333333 0.014814814814814815 0.0078125
3 0.600925925925926 0.15989583333333332 0.012962962962962964 0.00625
3 0.5967592592592593 0.15729166666666666 0.01388888888888889 0.00625
3 0.612037037037037 0.15208333333333332 0.009259259259259259 0.005208333333333333
3 0.5925925925925926 0.15182291666666667 0.012962962962962964 0.005729166666666666
3 0.5930555555555556 0.15494791666666666 0.01388888888888889 0.0046875
3 0.49074074074074076 0.15442708333333333 0.012962962962962964 0.0067708333333333336
3 0.5407407407407407 0.15260416666666665 0.012962962962962964 0.00625
3 0.5555555555555556 0.14921875 0.011111111111111112 0.005729166666666666
3 0.575462962962963 0.15338541666666666 0.012037037037037037 0.005729166666666666
3 0.5722222222222223 0.14895833333333333 0.011111111111111112 0.005208333333333333
3 0.5893518518518519 0.14765625 0.012037037037037037 0.0067708333333333336
3 0.5143518518518518 0.14322916666666666 0.010185185185185186 0.005208333333333333
3 0.5032407407407408 0.14140625 0.010185185185185186 0.005729166666666666
3 0.5564814814814815 0.13880208333333333 0.009259259259259259 0.0046875
3 0.5726851851851852 0.14479166666666665 0.010185185185185186 0.005208333333333333
3 0.587037037037037 0.14427083333333332 0.011111111111111112 0.005208333333333333
3 0.5726851851851852 0.14166666666666666 0.008333333333333333 0.004166666666666667
3 0.5856481481481481 0.13984375 0.006481481481481482 0.0036458333333333334
3 0.5694444444444444 0.13828125 0.009259259259259259 0.005729166666666666
3 0.5861111111111111 0.13671875 0.009259259259259259 0.0046875
3 0.5810185185185185 0.134375 0.008333333333333333 0.004166666666666667
3 0.5912037037037037 0.13463541666666667 0.008333333333333333 0.0046875
3 0.5120370370370371 0.13229166666666667 0.007407407407407408 0.004166666666666667
3 0.5203703703703704 0.13463541666666667 0.009259259259259259 0.0046875
3 0.5467592592592593 0.13229166666666667 0.008333333333333333 0.004166666666666667
3 0.5560185185185186 0.13567708333333334 0.010185185185185186 0.0046875
3 0.512962962962963 0.12734375 0.007407407407407408 0.0036458333333333334
3 0.5083333333333333 0.12604166666666666 0.007407407407407408 0.004166666666666667
3 0.525 0.12630208333333334 0.007407407407407408 0.0036458333333333334
8 0.5851851851851853 0.12838541666666667 0.014814814814814815 0.009895833333333333
3 0.5689814814814815 0.13463541666666667 0.008333333333333333 0.0046875
3 0.5569444444444445 0.13359375 0.008333333333333333 0.0036458333333333334
4 0.48750000000000004 0.14166666666666666 0.010185185185185186 0.005208333333333333
3 0.5564814814814815 0.13125 0.007407407407407408 0.003125
3 0.5671296296296297 0.13020833333333334 0.008333333333333333 0.003125
3 0.5708333333333333 0.13203125 0.006481481481481482 0.0036458333333333334
3 0.5958333333333333 0.12734375 0.008333333333333333 0.0046875
3 0.5578703703703703 0.12890625 0.008333333333333333 0.0036458333333333334
3 0.5587962962962963 0.12604166666666666 0.008333333333333333 0.003125
4 0.5703703703703704 0.1265625 0.009259259259259259 0.005208333333333333
5 0.07407407407407407 0.36666666666666664 0.13703703703703704 0.084375
