3 0.8305555555555556 0.25390625 0.08518518518518518 0.0703125
3 0.8833333333333334 0.37864583333333335 0.14814814814814814 0.09791666666666667
3 0.8212962962962963 0.5106770833333333 0.18888888888888888 0.1015625
2 0.24166666666666667 0.43828125 0.08888888888888889 0.044270833333333336
1 0.23425925925925928 0.4322916666666667 0.05185185185185186 0.034375
9 0.04814814814814815 0.3736979166666667 0.09814814814814815 0.030729166666666665
1 0.03657407407407408 0.37135416666666665 0.04537037037037037 0.0375
9 0.32175925925925924 0.22578125 0.0638888888888889 0.028645833333333332
1 0.31527777777777777 0.21953124999999998 0.03981481481481482 0.03177083333333333
1 0.3388888888888889 0.22395833333333334 0.02777777777777778 0.022916666666666665
9 0.37777777777777777 0.1796875 0.05740740740740741 0.027083333333333334
1 0.3726851851851852 0.17395833333333333 0.032407407407407406 0.028125
1 0.3861111111111111 0.17604166666666665 0.02592592592592593 0.025
9 0.4481481481481482 0.1734375 0.05740740740740741 0.027083333333333334
1 0.4444444444444445 0.16640625 0.03518518518518519 0.025520833333333333
3 0.5875 0.10989583333333333 0.14537037037037037 0.04791666666666666
3 0.3453703703703704 0.06822916666666666 0.12222222222222223 0.04895833333333333
3 1.4726851851851852 0.13619791666666667 0.14351851851851852 0.03802083333333333
3 1.6412037037037037 0.11588541666666667 0.14166666666666666 0.0359375
4 1.6157407407407407 0.06380208333333333 0.12037037037037038 0.0328125
4 1.5574074074074076 0.04479166666666667 0.09074074074074075 0.028125
5 1.4671296296296297 0.06848958333333333 0.2138888888888889 0.06614583333333333
4 1.3888888888888888 0.057812499999999996 0.11851851851851852 0.03854166666666667
3 1.2902777777777779 0.11875 0.1398148148148148 0.036458333333333336
3 1.2550925925925926 0.09322916666666667 0.14907407407407408 0.034375
3 1.212037037037037 0.07447916666666667 0.1425925925925926 0.03125
3 1.2046296296296297 0.054947916666666666 0.11481481481481481 0.027604166666666666
3 1.0430555555555556 0.09348958333333333 0.13796296296296298 0.034895833333333334
3 1.0472222222222223 0.0703125 0.1277777777777778 0.030208333333333334
3 0.9722222222222222 0.12604166666666666 0.13703703703703704 0.036458333333333336
5 1.6990740740740742 0.03229166666666666 0.15555555555555556 0.059375
3 1.737962962962963 0.07317708333333334 0.07777777777777778 0.03177083333333333
