4 1.261111111111111 0.5447916666666667 0.16111111111111112 0.034375
9 1.2416666666666667 0.29713541666666665 0.018518518518518517 0.0203125
9 1.1064814814814816 0.37604166666666666 0.0462962962962963 0.020833333333333332
9 1.1074074074074074 0.3580729166666667 0.03333333333333333 0.018229166666666668
9 1.0717592592592593 0.33541666666666664 0.010185185185185186 0.015625
9 1.0240740740740741 0.3341145833333333 0.04259259259259259 0.0203125
6 1.0319444444444446 0.3546875 0.03981481481481482 0.030208333333333334
1 1.1939814814814815 0.24895833333333334 0.010185185185185186 0.0125
1 1.2439814814814816 0.23255208333333333 0.021296296296296296 0.013020833333333334
9 0.46064814814814814 0.5239583333333333 0.04537037037037037 0.02395833333333333
2 0.5893518518518519 0.4591145833333333 0.05648148148148149 0.019270833333333334
9 0.5296296296296297 0.4515625 0.044444444444444446 0.017708333333333333
9 0.4935185185185185 0.46640624999999997 0.05740740740740741 0.021354166666666667
9 0.9564814814814815 0.49140625 0.02962962962962963 0.03177083333333333
1 0.9569444444444445 0.4856770833333333 0.02314814814814815 0.022395833333333334
9 0.9912037037037037 0.4981770833333333 0.02314814814814815 0.028645833333333332
1 0.9935185185185186 0.4934895833333333 0.024074074074074074 0.028645833333333332
1 0.9935185185185186 0.5 0.016666666666666666 0.01875
6 0.7805555555555556 0.5450520833333333 0.05185185185185186 0.033854166666666664
2 0.5231481481481481 0.5536458333333333 0.06296296296296297 0.016666666666666666
9 0.5745370370370371 0.5450520833333333 0.03796296296296296 0.024479166666666666
9 0.5416666666666667 0.5458333333333333 0.053703703703703705 0.027083333333333334
2 0.5388888888888889 0.5328125 0.061111111111111116 0.020833333333333332
9 0.5680555555555555 0.5200520833333333 0.06574074074074074 0.025520833333333333
9 0.5476851851851852 0.51328125 0.062037037037037036 0.0203125
5 0.5425925925925926 0.4192708333333333 0.12407407407407407 0.0375
9 0.6736111111111112 0.35494791666666664 0.04166666666666667 0.0171875
3 0.6800925925925926 0.3763020833333333 0.05648148148148149 0.043229166666666666
2 0.7083333333333334 0.5385416666666667 0.020370370370370372 0.03333333333333333
1 0.7101851851851853 0.5270833333333333 0.024074074074074074 0.030208333333333334
9 0.6768518518518519 0.5252604166666667 0.02777777777777778 0.0390625
1 0.6773148148148148 0.5223958333333333 0.03425925925925926 0.03125
1 0.5412037037037037 0.30963541666666666 0.02314814814814815 0.0171875
9 0.8055555555555556 0.17135416666666667 0.012962962962962964 0.0125
3 0.8962962962962964 0.16927083333333334 0.022222222222222223 0.013541666666666667
3 0.8967592592592593 0.18671875 0.026851851851851852 0.015104166666666667
3 0.8634259259259259 0.18385416666666665 0.025 0.014583333333333334
3 0.8384259259259259 0.21588541666666666 0.028703703703703703 0.018229166666666668
9 0.8074074074074075 0.30442708333333335 0.014814814814814815 0.018229166666666668
1 0.8083333333333333 0.30078125 0.014814814814814815 0.01614583333333333
9 0.7490740740740741 0.3106770833333333 0.014814814814814815 0.01614583333333333
1 0.7518518518518519 0.30833333333333335 0.018518518518518517 0.017708333333333333
3 0.7550925925925926 0.2895833333333333 0.04537037037037037 0.028125
9 0.7337962962962963 0.240625 0.025 0.009375
3 1.1101851851851852 0.13463541666666667 0.04259259259259259 0.0109375
9 0.9074074074074074 0.28463541666666664 0.012962962962962964 0.0140625
1 0.9078703703703704 0.28229166666666666 0.012037037037037037 0.014583333333333334
9 0.8148148148148149 0.2565104166666667 0.012962962962962964 0.013020833333333334
1 0.8148148148148149 0.2544270833333333 0.011111111111111112 0.015104166666666667
3 0.9773148148148149 0.2591145833333333 0.03425925925925926 0.019270833333333334
9 0.9055555555555556 0.24739583333333334 0.014814814814814815 0.014583333333333334
1 0.9055555555555556 0.2453125 0.011111111111111112 0.013541666666666667
1 0.9046296296296297 0.24583333333333332 0.014814814814814815 0.011458333333333333
6 0.7476851851851852 0.22760416666666666 0.032407407407407406 0.013541666666666667
1 0.7583333333333334 0.22526041666666666 0.012962962962962964 0.0109375
6 0.7546296296296297 0.21901041666666665 0.031481481481481485 0.011979166666666666
3 0.7773148148148148 0.19635416666666666 0.030555555555555558 0.014583333333333334
9 0.7898148148148149 0.21380208333333334 0.012962962962962964 0.0140625
1 0.7907407407407407 0.2125 0.016666666666666666 0.014583333333333334
9 0.8444444444444444 0.16979166666666667 0.007407407407407408 0.009375
1 0.8435185185185186 0.16822916666666665 0.007407407407407408 0.010416666666666666
9 0.8166666666666667 0.1796875 0.007407407407407408 0.009375
1 0.8171296296296297 0.17682291666666666 0.010185185185185186 0.009895833333333333
9 0.8268518518518518 0.18567708333333333 0.009259259259259259 0.009895833333333333
1 0.8277777777777778 0.18359375 0.007407407407407408 0.0109375
9 0.8291666666666667 0.17786458333333333 0.008333333333333333 0.0078125
1 0.8296296296296297 0.1765625 0.007407407407407408 0.009375
2 1.2037037037037037 0.26145833333333335 0.024074074074074074 0.010416666666666666
