3 0.7607843137254902 0.4301470588235294 0.17777777777777776 0.08823529411764705
3 1.0241830065359476 0.3125 0.14248366013071895 0.06911764705882353
3 1.5555555555555554 0.2125 0.10718954248366012 0.04264705882352941
3 1.5745098039215686 0.11727941176470588 0.07450980392156863 0.03161764705882353
3 1.4392156862745098 0.14154411764705882 0.06013071895424836 0.04044117647058824
3 1.611111111111111 0.025735294117647058 0.05620915032679738 0.025
3 1.4562091503267973 0.07463235294117647 0.07320261437908496 0.03161764705882353
3 1.4869281045751632 0.10036764705882353 0.06928104575163398 0.03455882352941177
4 1.5424836601307188 0.07242647058823529 0.06274509803921569 0.03308823529411765
3 1.5503267973856207 0.05073529411764706 0.07320261437908496 0.030882352941176472
3 0.08235294117647059 0.49227941176470585 0.16732026143790849 0.07279411764705883
3 1.3490196078431371 0.1514705882352941 0.0915032679738562 0.03676470588235294
3 1.333986928104575 0.518014705882353 0.2679738562091503 0.0875
3 0.4810457516339869 0.5338235294117647 0.20130718954248364 0.055882352941176466
3 1.6640522875816992 0.010294117647058823 0.065359477124183 0.022058823529411763
3 1.7254901960784312 0.18529411764705883 0.10196078431372549 0.044117647058823525
3 1.5183006535947712 0.3625 0.21830065359477122 0.054411764705882354
3 1.2986928104575162 0.10698529411764705 0.09019607843137255 0.028676470588235293
3 1.3738562091503268 0.04485294117647059 0.08366013071895424 0.023529411764705882
3 1.487581699346405 0.24816176470588236 0.13594771241830064 0.06102941176470588
9 1.037908496732026 0.2025735294117647 0.0261437908496732 0.027205882352941177
9 0.9405228758169935 0.23345588235294118 0.043137254901960784 0.02426470588235294
6 1.1287581699346405 0.13051470588235295 0.06143790849673202 0.027205882352941177
8 1.2052287581699346 0.15441176470588236 0.1830065359477124 0.08676470588235294
9 1.1444444444444444 0.09963235294117646 0.02222222222222222 0.021323529411764706
9 1.1627450980392156 0.10147058823529412 0.02222222222222222 0.022058823529411763
1 1.5169934640522875 0.01838235294117647 0.011764705882352941 0.013235294117647059
1 1.3790849673202614 0.11397058823529412 0.01568627450980392 0.014705882352941176
1 1.4013071895424836 0.10698529411764705 0.01568627450980392 0.015441176470588236
1 1.4098039215686273 0.10845588235294118 0.01699346405228758 0.0125
9 1.480392156862745 0.016911764705882352 0.03529411764705882 0.01764705882352941
9 1.5143790849673202 0.02463235294117647 0.02222222222222222 0.009558823529411765
9 1.399346405228758 0.11838235294117647 0.02483660130718954 0.016176470588235292
9 1.2784313725490195 0.058823529411764705 0.02875816993464052 0.020588235294117647
9 1.1980392156862745 0.09080882352941176 0.0326797385620915 0.021323529411764706
9 1.3411764705882352 0.047058823529411764 0.02875816993464052 0.016176470588235292
9 1.4241830065359475 0.009926470588235294 0.03006535947712418 0.016911764705882352
9 1.661437908496732 0.2452205882352941 0.065359477124183 0.025735294117647058
9 1.6947712418300653 0.34595588235294117 0.07450980392156863 0.030147058823529412
9 1.6359477124183006 0.3488970588235294 0.05359477124183006 0.03308823529411765
2 1.7137254901960783 0.31286764705882353 0.07320261437908496 0.027205882352941177
6 1.733986928104575 0.21985294117647058 0.07973856209150326 0.025
9 1.676470588235294 0.20477941176470588 0.05359477124183006 0.022794117647058822
9 1.75359477124183 0.2838235294117647 0.0457516339869281 0.03529411764705882
9 1.3836601307189542 0.49779411764705883 0.09542483660130718 0.04264705882352941
9 1.45359477124183 0.4613970588235294 0.054901960784313725 0.05073529411764706
9 1.3653594771241828 0.37463235294117647 0.0718954248366013 0.04779411764705882
9 1.4477124183006536 0.31029411764705883 0.06666666666666667 0.04264705882352941
2 1.4202614379084966 0.03860294117647059 0.03790849673202614 0.015441176470588236
1 1.6967320261437908 0.07352941176470588 0.023529411764705882 0.023529411764705882
6 1.6967320261437908 0.08088235294117647 0.04967320261437908 0.01911764705882353
