5 1.6450980392156862 0.1860294117647059 0.1241830065359477 0.12205882352941176
5 1.6745098039215685 0.08051470588235295 0.14901960784313725 0.08602941176470588
5 1.1098039215686273 0.10110294117647059 0.2065359477124183 0.07867647058823529
5 0.7477124183006535 0.17683823529411766 0.31633986928104574 0.11985294117647059
5 0.8647058823529411 0.2389705882352941 0.31241830065359477 0.125
5 0.9960784313725489 0.2772058823529412 0.3398692810457516 0.1338235294117647
5 1.1372549019607843 0.30772058823529413 0.2980392156862745 0.12426470588235294
6 1.4934640522875815 0.5113970588235294 0.28366013071895424 0.09632352941176471
5 0.14640522875816991 0.38823529411764707 0.2954248366013072 0.22352941176470587
3 0.08235294117647059 0.06470588235294117 0.13856209150326795 0.044117647058823525
6 0.134640522875817 0.08419117647058823 0.12549019607843137 0.04191176470588235
1 1.4960784313725488 0.51875 0.0849673202614379 0.04926470588235294
1 1.5522875816993462 0.5316176470588235 0.07450980392156863 0.060294117647058824
