3 0.9430555555555556 0.42994791666666665 0.13055555555555556 0.05572916666666666
3 1.0041666666666667 0.3497395833333333 0.11018518518518519 0.0296875
9 0.7328703703703704 0.4348958333333333 0.026851851851851852 0.020833333333333332
9 0.8189814814814815 0.40520833333333334 0.026851851851851852 0.020833333333333332
9 0.7435185185185186 0.3841145833333333 0.022222222222222223 0.018229166666666668
9 0.8416666666666667 0.3541666666666667 0.022222222222222223 0.019791666666666666
9 0.7527777777777778 0.31484375 0.024074074074074074 0.01614583333333333
9 0.8361111111111111 0.31744791666666666 0.024074074074074074 0.01614583333333333
9 0.8666666666666667 0.31979166666666664 0.016666666666666666 0.015625
9 0.6245370370370371 0.4536458333333333 0.06944444444444445 0.020833333333333332
9 0.5606481481481481 0.30833333333333335 0.05648148148148149 0.017708333333333333
9 0.7111111111111111 0.296875 0.014814814814814815 0.0125
3 0.9949074074074075 0.2825520833333333 0.05092592592592593 0.022395833333333334
3 0.9050925925925927 0.26796875 0.04351851851851852 0.0203125
3 0.6199074074074075 0.2700520833333333 0.0712962962962963 0.0171875
2 0.9805555555555556 0.3255208333333333 0.03888888888888889 0.014583333333333334
9 0.8763888888888889 0.24166666666666667 0.015740740740740743 0.011458333333333333
9 0.9041666666666667 0.23151041666666666 0.010185185185185186 0.011979166666666666
9 0.9194444444444445 0.22942708333333334 0.007407407407407408 0.0078125
9 0.938425925925926 0.24192708333333332 0.008333333333333333 0.0078125
9 0.912962962962963 0.24635416666666665 0.007407407407407408 0.007291666666666667
5 0.7421296296296297 0.24010416666666667 0.049074074074074076 0.040625
3 0.5509259259259259 0.2877604166666667 0.14074074074074075 0.0234375
