4 0.6196078431372548 0.4125 0.14901960784313725 0.044117647058823525
3 0.5078431372549019 0.5301470588235294 0.09542483660130718 0.060294117647058824
3 0.27908496732026145 0.5290441176470588 0.12679738562091503 0.06544117647058824
9 0.13594771241830064 0.4077205882352941 0.047058823529411764 0.015441176470588236
1 0.1411764705882353 0.4007352941176471 0.03137254901960784 0.023529411764705882
9 0.09869281045751634 0.3830882352941176 0.05359477124183006 0.01911764705882353
1 0.09542483660130718 0.37683823529411764 0.03137254901960784 0.021323529411764706
1 0.06143790849673202 0.34852941176470587 0.02091503267973856 0.014705882352941176
3 0.3830065359477124 0.37536764705882353 0.1568627450980392 0.03897058823529412
2 0.44248366013071894 0.34301470588235294 0.02483660130718954 0.028676470588235293
2 0.37516339869281046 0.31323529411764706 0.01830065359477124 0.020588235294117647
2 0.3901960784313725 0.31323529411764706 0.0196078431372549 0.023529411764705882
9 0.4529411764705882 0.31580882352941175 0.02222222222222222 0.02426470588235294
4 0.522875816993464 0.3426470588235294 0.065359477124183 0.052941176470588235
9 0.5941176470588235 0.33492647058823527 0.043137254901960784 0.030147058823529412
3 0.6516339869281045 0.36213235294117646 0.06405228758169934 0.05220588235294118
3 0.715032679738562 0.34338235294117647 0.06013071895424836 0.047058823529411764
2 0.6372549019607843 0.3286764705882353 0.03790849673202614 0.01764705882352941
9 0.7790849673202613 0.3113970588235294 0.0522875816993464 0.01838235294117647
1 0.8699346405228757 0.31470588235294117 0.02483660130718954 0.022058823529411763
1 0.9091503267973856 0.28602941176470587 0.01437908496732026 0.01764705882352941
4 1.0104575163398692 0.3724264705882353 0.15947712418300652 0.04632352941176471
6 0.9973856209150326 0.33786764705882355 0.07320261437908496 0.022794117647058822
9 1.018954248366013 0.3202205882352941 0.0457516339869281 0.019852941176470587
2 1.11437908496732 0.31838235294117645 0.05359477124183006 0.014705882352941176
9 1.1058823529411763 0.31470588235294117 0.04444444444444444 0.016176470588235292
9 1.1862745098039216 0.32683823529411765 0.01699346405228758 0.02426470588235294
9 1.241176470588235 0.3297794117647059 0.02222222222222222 0.027205882352941177
2 1.241176470588235 0.31948529411764703 0.04836601307189542 0.01838235294117647
3 1.1875816993464052 0.37536764705882353 0.14248366013071895 0.03602941176470588
3 1.3640522875816992 0.3790441176470588 0.1503267973856209 0.03602941176470588
1 1.476470588235294 0.3275735294117647 0.02222222222222222 0.015441176470588236
1 1.438562091503268 0.29926470588235293 0.02222222222222222 0.014705882352941176
2 1.6366013071895424 0.32683823529411765 0.04967320261437908 0.01838235294117647
9 1.5660130718954248 0.35698529411764707 0.023529411764705882 0.025735294117647058
3 1.7666666666666666 0.34301470588235294 0.01699346405228758 0.025735294117647058
1 1.7169934640522875 0.3602941176470588 0.01437908496732026 0.016176470588235292
1 1.7294117647058822 0.3533088235294118 0.0261437908496732 0.025735294117647058
5 1.6692810457516338 0.3827205882352941 0.18562091503267972 0.04044117647058824
2 1.5784313725490196 0.47720588235294115 0.06666666666666667 0.020588235294117647
1 1.5862745098039215 0.49227941176470585 0.03006535947712418 0.01838235294117647
3 1.6660130718954247 0.5397058823529411 0.14509803921568626 0.04264705882352941
3 1.5535947712418299 0.5352941176470588 0.14248366013071895 0.05
3 1.2679738562091503 0.5426470588235294 0.08104575163398692 0.03823529411764706
6 1.2980392156862743 0.5033088235294118 0.12810457516339868 0.03308823529411765
4 1.1300653594771242 0.4900735294117647 0.1241830065359477 0.06838235294117646
3 1.4503267973856209 0.44338235294117645 0.17124183006535945 0.044117647058823525
