1 1.4084967320261437 0.02426470588235294 0.01699346405228758 0.01911764705882353
9 1.4052287581699345 0.032352941176470584 0.02875816993464052 0.022058823529411763
1 1.6261437908496732 0.011397058823529411 0.01568627450980392 0.022794117647058822
2 1.6169934640522874 0.01764705882352941 0.0261437908496732 0.014705882352941176
3 1.5143790849673202 0.15735294117647058 0.1111111111111111 0.047058823529411764
3 1.5666666666666667 0.3297794117647059 0.16339869281045752 0.09485294117647058
4 1.6673202614379083 0.2727941176470588 0.15816993464052287 0.07352941176470588
3 0.5529411764705882 0.5044117647058823 0.15424836601307187 0.11470588235294117
4 1.0660130718954248 0.32279411764705884 0.10326797385620914 0.08529411764705883
4 1.0411764705882351 0.2338235294117647 0.07712418300653594 0.09264705882352942
1 0.5718954248366013 0.20735294117647057 0.0326797385620915 0.020588235294117647
1 0.584313725490196 0.2742647058823529 0.02091503267973856 0.014705882352941176
1 0.7045751633986927 0.2716911764705882 0.02875816993464052 0.028676470588235293
1 0.7385620915032679 0.26838235294117646 0.01568627450980392 0.016176470588235292
5 0.722875816993464 0.3110294117647059 0.08104575163398692 0.075
2 0.7163398692810456 0.14301470588235293 0.03398692810457516 0.025735294117647058
1 0.7640522875816993 0.15294117647058825 0.02483660130718954 0.01911764705882353
3 0.6712418300653594 0.10588235294117647 0.06405228758169934 0.058823529411764705
9 0.7065359477124182 0.03125 0.04052287581699346 0.013970588235294117
1 0.8679738562091502 0.07095588235294117 0.02091503267973856 0.01838235294117647
1 0.9620915032679738 0.09669117647058824 0.023529411764705882 0.019852941176470587
9 0.9124183006535947 0.05477941176470588 0.01568627450980392 0.019852941176470587
1 0.9287581699346404 0.0400735294117647 0.01437908496732026 0.02426470588235294
1 0.9901960784313725 0.19595588235294117 0.02483660130718954 0.019852941176470587
