3 1.1212962962962962 0.40989583333333335 0.27222222222222225 0.096875
5 1.6597222222222223 0.24010416666666667 0.10648148148148148 0.028125
3 1.6662037037037039 0.2986979166666667 0.2212962962962963 0.0546875
3 1.3592592592592594 0.28411458333333334 0.17592592592592593 0.04114583333333333
3 1.4231481481481483 0.2578125 0.15185185185185185 0.03229166666666666
3 0.7675925925925926 0.20260416666666667 0.06481481481481481 0.01875
3 0.47361111111111115 0.16223958333333333 0.030555555555555558 0.009895833333333333
3 0.3893518518518519 0.15833333333333333 0.025 0.009375
3 0.26435185185185184 0.14322916666666666 0.012037037037037037 0.004166666666666667
3 0.2990740740740741 0.14765625 0.012962962962962964 0.0046875
3 0.312962962962963 0.15078125 0.018518518518518517 0.005729166666666666
3 1.5240740740740741 0.1796875 0.014814814814814815 0.007291666666666667
3 1.6444444444444446 0.184375 0.016666666666666666 0.008333333333333333
4 1.6694444444444445 0.18385416666666665 0.022222222222222223 0.009375
3 1.7 0.1859375 0.02592592592592593 0.007291666666666667
