1 1.038888888888889 0.47604166666666664 0.04814814814814815 0.03125
1 1.0574074074074074 0.46979166666666666 0.03333333333333333 0.027083333333333334
6 1.0453703703703705 0.4744791666666667 0.07592592592592592 0.071875
6 1.3212962962962964 0.42552083333333335 0.18703703703703706 0.053125
1 1.5527777777777778 0.3890625 0.04259259259259259 0.028125
1 1.3990740740740741 0.5411458333333333 0.04259259259259259 0.040625
1 1.4268518518518518 0.5390625 0.0462962962962963 0.04479166666666667
9 1.4203703703703705 0.5421875 0.12592592592592594 0.03854166666666667
4 1.3055555555555556 0.3854166666666667 0.2814814814814815 0.07916666666666666
6 1.576851851851852 0.39947916666666666 0.17222222222222222 0.046875
9 1.538888888888889 0.3515625 0.07777777777777778 0.03229166666666666
9 1.3962962962962964 0.35572916666666665 0.1 0.03229166666666666
4 1.3398148148148148 0.3307291666666667 0.22777777777777777 0.059375
1 1.6231481481481482 0.3453125 0.031481481481481485 0.030208333333333334
1 1.6601851851851852 0.35 0.03888888888888889 0.03333333333333333
9 1.4601851851851853 0.30052083333333335 0.061111111111111116 0.028125
5 1.2175925925925926 0.24635416666666665 0.17962962962962964 0.059375
9 1.164814814814815 0.3421875 0.07037037037037037 0.034375
1 1.1314814814814815 0.303125 0.02592592592592593 0.025
1 1.136111111111111 0.2947916666666667 0.024074074074074074 0.025
6 1.001851851851852 0.3208333333333333 0.05185185185185186 0.041666666666666664
1 0.912962962962963 0.3848958333333333 0.040740740740740744 0.04479166666666667
9 0.913888888888889 0.3989583333333333 0.03888888888888889 0.04791666666666666
1 0.763888888888889 0.36666666666666664 0.02777777777777778 0.0375
9 0.7592592592592593 0.38177083333333334 0.03333333333333333 0.046875
1 0.6925925925925926 0.3130208333333333 0.02962962962962963 0.030208333333333334
9 0.6907407407407408 0.32135416666666666 0.037037037037037035 0.03854166666666667
1 0.33240740740740743 0.4890625 0.07222222222222223 0.05520833333333333
9 0.3351851851851852 0.49947916666666664 0.0962962962962963 0.059375
9 0.5074074074074074 0.28229166666666666 0.05555555555555556 0.029166666666666667
9 0.6231481481481481 0.26510416666666664 0.0462962962962963 0.021875
9 1.099074074074074 0.2713541666666667 0.06851851851851852 0.02395833333333333
9 1.0796296296296297 0.2546875 0.10370370370370371 0.030208333333333334
9 1.0231481481481481 0.2359375 0.0462962962962963 0.019791666666666666
9 1.2055555555555555 0.20781249999999998 0.018518518518518517 0.017708333333333333
6 1.0722222222222222 0.2109375 0.07037037037037037 0.021875
3 1.1611111111111112 0.1921875 0.08888888888888889 0.021875
1 0.9722222222222222 0.18385416666666665 0.014814814814814815 0.013541666666666667
9 0.9750000000000001 0.18697916666666667 0.03518518518518519 0.013541666666666667
9 1.2712962962962964 0.2109375 0.031481481481481485 0.017708333333333333
3 1.1972222222222222 0.17916666666666667 0.07962962962962963 0.01875
9 0.6046296296296296 0.21875 0.04259259259259259 0.016666666666666666
1 0.7657407407407407 0.21510416666666665 0.012962962962962964 0.021875
1 0.850925925925926 0.20364583333333333 0.016666666666666666 0.013541666666666667
1 0.8092592592592593 0.21302083333333333 0.018518518518518517 0.021875
6 0.85 0.20885416666666667 0.022222222222222223 0.019791666666666666
9 0.8101851851851852 0.21510416666666665 0.03518518518518519 0.017708333333333333
9 0.7657407407407407 0.21666666666666667 0.031481481481481485 0.016666666666666666
9 0.7907407407407407 0.20625 0.03333333333333333 0.016666666666666666
5 0.7675925925925926 0.17916666666666667 0.03518518518518519 0.022916666666666665
3 0.8018518518518519 0.17083333333333334 0.02962962962962963 0.01875
6 0.8203703703703704 0.15416666666666667 0.044444444444444446 0.0125
1 0.8342592592592593 0.14947916666666666 0.012962962962962964 0.011458333333333333
6 0.8694444444444445 0.1640625 0.020370370370370372 0.011458333333333333
1 0.8907407407407407 0.14270833333333333 0.011111111111111112 0.010416666666666666
9 0.8907407407407407 0.14479166666666665 0.011111111111111112 0.010416666666666666
1 0.9268518518518519 0.14479166666666665 0.009259259259259259 0.010416666666666666
1 0.9120370370370371 0.1515625 0.009259259259259259 0.009375
6 0.9500000000000001 0.16041666666666665 0.018518518518518517 0.014583333333333334
6 0.925 0.1609375 0.016666666666666666 0.013541666666666667
