3 1.1166666666666667 0.4856770833333333 0.10740740740740741 0.05677083333333333
3 1.3430555555555557 0.5348958333333333 0.14351851851851852 0.05416666666666667
3 0.975925925925926 0.32421875 0.06296296296296297 0.0296875
3 0.8569444444444445 0.2864583333333333 0.04537037037037037 0.022916666666666665
3 0.9087962962962963 0.24140625 0.036111111111111115 0.019270833333333334
3 0.8087962962962963 0.21458333333333332 0.028703703703703703 0.014583333333333334
3 0.9018518518518519 0.21484375 0.02777777777777778 0.013020833333333334
3 0.8592592592592593 0.2109375 0.02777777777777778 0.0125
3 0.8537037037037037 0.2015625 0.02592592592592593 0.010416666666666666
3 0.8421296296296297 0.19322916666666667 0.02314814814814815 0.011458333333333333
3 0.8013888888888889 0.19427083333333334 0.02314814814814815 0.010416666666666666
3 0.8902777777777778 0.18802083333333333 0.025 0.011458333333333333
2 0.8912037037037037 0.20338541666666665 0.006481481481481482 0.0078125
9 0.888888888888889 0.19921875 0.009259259259259259 0.0078125
1 0.8925925925925926 0.2 0.007407407407407408 0.009375
1 0.888888888888889 0.19713541666666667 0.007407407407407408 0.008854166666666666
5 0.8453703703703704 0.18411458333333333 0.02777777777777778 0.0171875
3 0.8652777777777778 0.18151041666666667 0.019444444444444445 0.009895833333333333
3 0.8375 0.18229166666666666 0.019444444444444445 0.011458333333333333
3 0.850925925925926 0.16875 0.018518518518518517 0.007291666666666667
3 0.8282407407407407 0.17421875 0.021296296296296296 0.0109375
3 0.8273148148148148 0.16901041666666666 0.015740740740740743 0.0067708333333333336
3 0.8231481481481482 0.1671875 0.016666666666666666 0.007291666666666667
3 0.8245370370370371 0.1640625 0.015740740740740743 0.007291666666666667
3 0.8250000000000001 0.1609375 0.016666666666666666 0.00625
3 0.8148148148148149 0.15833333333333333 0.016666666666666666 0.008333333333333333
8 0.8439814814814816 0.15598958333333332 0.028703703703703703 0.0171875
3 0.7833333333333333 0.15078125 0.014814814814814815 0.0067708333333333336
3 0.7787037037037038 0.14505208333333333 0.012962962962962964 0.005729166666666666
9 0.7180555555555556 0.1578125 0.004629629629629629 0.005208333333333333
1 0.7185185185185186 0.15651041666666665 0.005555555555555556 0.0046875
3 0.8194444444444445 0.15598958333333332 0.012962962962962964 0.0067708333333333336
3 0.8097222222222222 0.15208333333333332 0.015740740740740743 0.007291666666666667
3 0.7305555555555556 0.14270833333333333 0.016666666666666666 0.007291666666666667
3 0.7143518518518519 0.13567708333333334 0.021296296296296296 0.0046875
3 0.7407407407407408 0.1328125 0.016666666666666666 0.005208333333333333
3 0.7837962962962963 0.13255208333333332 0.012037037037037037 0.0046875
3 0.8245370370370371 0.13645833333333332 0.02314814814814815 0.005208333333333333
4 0.8902777777777778 0.12734375 0.017592592592592594 0.0046875
4 0.763888888888889 0.13020833333333334 0.012962962962962964 0.00625
3 0.7787037037037038 0.13020833333333334 0.011111111111111112 0.004166666666666667
5 1.614814814814815 0.17395833333333333 0.05925925925925926 0.013541666666666667
3 0.45972222222222225 0.11328125 0.026851851851851852 0.005729166666666666
3 0.4851851851851852 0.11302083333333333 0.02592592592592593 0.00625
4 0.9370370370370371 0.11145833333333333 0.022222222222222223 0.00625
3 0.8532407407407407 0.11197916666666667 0.028703703703703703 0.005208333333333333
3 0.8856481481481482 0.11223958333333334 0.025 0.0046875
