2 1.6052287581699345 0.40551470588235294 0.0522875816993464 0.04632352941176471
1 1.5633986928104575 0.44595588235294115 0.04183006535947712 0.028676470588235293
9 1.4901960784313724 0.45698529411764705 0.04183006535947712 0.04779411764705882
9 1.5274509803921568 0.5371323529411764 0.08758169934640522 0.028676470588235293
2 1.4052287581699345 0.4474264705882353 0.07320261437908496 0.03161764705882353
9 1.392156862745098 0.43088235294117644 0.065359477124183 0.022058823529411763
9 1.4705882352941175 0.5147058823529411 0.06013071895424836 0.020588235294117647
9 1.2562091503267974 0.31727941176470587 0.065359477124183 0.022794117647058822
1 1.3745098039215686 0.3029411764705882 0.02483660130718954 0.01764705882352941
1 1.368627450980392 0.29558823529411765 0.02875816993464052 0.01764705882352941
3 1.2745098039215685 0.4466911764705882 0.15163398692810456 0.10073529411764706
3 1.164705882352941 0.3382352941176471 0.12810457516339868 0.06764705882352941
3 1.0320261437908496 0.2551470588235294 0.15294117647058822 0.045588235294117645
3 1.0431372549019606 0.19963235294117646 0.08627450980392157 0.04632352941176471
3 0.9692810457516339 0.1588235294117647 0.09019607843137255 0.03823529411764706
9 1.1555555555555554 0.2202205882352941 0.04967320261437908 0.019852941176470587
9 1.1437908496732025 0.2036764705882353 0.04444444444444444 0.01911764705882353
9 1.0686274509803921 0.16397058823529412 0.04052287581699346 0.016176470588235292
3 0.9633986928104574 0.12426470588235294 0.06274509803921569 0.03676470588235294
3 0.9196078431372549 0.06911764705882353 0.058823529411764705 0.029411764705882353
3 0.8941176470588235 0.04338235294117647 0.054901960784313725 0.026470588235294117
9 0.8895424836601307 0.11360294117647059 0.01699346405228758 0.022794117647058822
1 0.8901960784313725 0.11176470588235293 0.01568627450980392 0.013235294117647059
1 0.8875816993464052 0.10882352941176471 0.01830065359477124 0.020588235294117647
3 0.9418300653594771 0.008088235294117646 0.09542483660130718 0.01764705882352941
3 0.7248366013071895 0.012867647058823529 0.043137254901960784 0.022794117647058822
3 0.7287581699346405 0.03455882352941177 0.04052287581699346 0.025
3 0.7450980392156862 0.059926470588235296 0.04967320261437908 0.028676470588235293
3 0.7529411764705882 0.10367647058823529 0.04967320261437908 0.032352941176470584
3 0.7725490196078431 0.1400735294117647 0.06013071895424836 0.03897058823529412
3 0.8124183006535947 0.1948529411764706 0.0718954248366013 0.04852941176470588
3 0.8006535947712418 0.3463235294117647 0.18431372549019606 0.0661764705882353
9 1.0176470588235293 0.3518382352941176 0.03006535947712418 0.03308823529411765
1 1.0235294117647058 0.3477941176470588 0.02875816993464052 0.027941176470588233
3 0.4398692810457516 0.011764705882352941 0.09019607843137255 0.025
3 0.503921568627451 0.03455882352941177 0.043137254901960784 0.026470588235294117
3 0.49738562091503263 0.057352941176470586 0.050980392156862744 0.03529411764705882
3 0.48823529411764705 0.08602941176470588 0.050980392156862744 0.03676470588235294
3 0.48235294117647054 0.13161764705882353 0.06274509803921569 0.045588235294117645
3 0.46993464052287576 0.17904411764705883 0.06405228758169934 0.04926470588235294
3 0.4588235294117647 0.225 0.07581699346405228 0.06470588235294117
3 0.43725490196078426 0.30772058823529413 0.08758169934640522 0.07279411764705883
3 0.4183006535947712 0.3911764705882353 0.10980392156862745 0.10735294117647058
3 0.3875816993464052 0.5194852941176471 0.12679738562091503 0.08455882352941177
9 0.27385620915032677 0.3845588235294118 0.0326797385620915 0.03529411764705882
9 0.34901960784313724 0.2665441176470588 0.05751633986928104 0.021323529411764706
9 0.25163398692810457 0.2551470588235294 0.027450980392156862 0.027941176470588233
9 0.4006535947712418 0.09926470588235294 0.043137254901960784 0.013235294117647059
9 0.34967320261437906 0.09522058823529411 0.027450980392156862 0.01838235294117647
9 0.3176470588235294 0.14338235294117646 0.02091503267973856 0.01911764705882353
