3 1.1431372549019607 0.48198529411764707 0.06405228758169934 0.05220588235294118
3 1.2104575163398692 0.42058823529411765 0.10718954248366012 0.033823529411764704
3 1.5673202614379085 0.3261029411764706 0.07058823529411765 0.0375
3 1.6202614379084965 0.3246323529411765 0.050980392156862744 0.02426470588235294
3 1.7143790849673202 0.3301470588235294 0.0718954248366013 0.029411764705882353
3 1.7588235294117647 0.3316176470588235 0.03529411764705882 0.027941176470588233
6 1.3006535947712417 0.30661764705882355 0.03398692810457516 0.027941176470588233
3 1.1594771241830064 0.32095588235294115 0.0915032679738562 0.030147058823529412
3 1.0758169934640522 0.28198529411764706 0.04183006535947712 0.030147058823529412
8 1.0784313725490196 0.23455882352941176 0.05751633986928104 0.055882352941176466
3 1.0529411764705883 0.17573529411764705 0.043137254901960784 0.020588235294117647
4 0.322875816993464 0.5091911764705882 0.08366013071895424 0.06544117647058824
2 0.22352941176470587 0.5191176470588236 0.04967320261437908 0.016176470588235292
2 0.2503267973856209 0.5117647058823529 0.050980392156862744 0.014705882352941176
2 0.40784313725490196 0.46397058823529413 0.023529411764705882 0.022058823529411763
1 0.40784313725490196 0.4577205882352941 0.023529411764705882 0.015441176470588236
3 0.6888888888888889 0.3786764705882353 0.04967320261437908 0.047058823529411764
3 0.6 0.36911764705882355 0.05751633986928104 0.045588235294117645
9 0.4856209150326797 0.4073529411764706 0.01699346405228758 0.023529411764705882
1 0.484313725490196 0.40183823529411766 0.01699346405228758 0.013970588235294117
4 0.3908496732026144 0.4091911764705882 0.06013071895424836 0.03897058823529412
1 0.2437908496732026 0.3764705882352941 0.0196078431372549 0.013235294117647059
3 0.44509803921568625 0.3547794117647059 0.04836601307189542 0.0375
9 0.4549019607843137 0.3301470588235294 0.04183006535947712 0.011764705882352941
3 0.47516339869281043 0.3099264705882353 0.05359477124183006 0.03897058823529412
2 0.6437908496732025 0.3014705882352941 0.01437908496732026 0.016176470588235292
1 0.6437908496732025 0.29558823529411765 0.01437908496732026 0.013235294117647059
6 0.5202614379084967 0.24338235294117647 0.02875816993464052 0.025
6 0.4679738562091503 0.22977941176470587 0.03137254901960784 0.01838235294117647
3 0.5352941176470588 0.21801470588235294 0.07450980392156863 0.027205882352941177
4 0.561437908496732 0.1915441176470588 0.043137254901960784 0.03308823529411765
9 0.526797385620915 0.1827205882352941 0.03137254901960784 0.011029411764705881
6 0.6241830065359477 0.18345588235294116 0.02222222222222222 0.016911764705882352
1 0.6248366013071895 0.1764705882352941 0.0130718954248366 0.008823529411764706
3 0.826797385620915 0.3003676470588235 0.043137254901960784 0.03161764705882353
8 0.9026143790849672 0.24044117647058824 0.050980392156862744 0.061764705882352944
3 0.8339869281045751 0.2375 0.0392156862745098 0.027941176470588233
3 0.7601307189542483 0.2411764705882353 0.03790849673202614 0.032352941176470584
3 0.7477124183006535 0.18566176470588236 0.03137254901960784 0.02426470588235294
3 0.992156862745098 0.1349264705882353 0.04444444444444444 0.01838235294117647
4 0.6568627450980392 0.14080882352941176 0.06143790849673202 0.019852941176470587
3 0.8045751633986927 0.11727941176470588 0.03006535947712418 0.021323529411764706
3 0.8594771241830065 0.10919117647058824 0.02483660130718954 0.016911764705882352
9 0.6405228758169934 0.12426470588235294 0.02091503267973856 0.010294117647058823
1 0.6372549019607843 0.12169117647058823 0.011764705882352941 0.008088235294117646
1 0.6411764705882352 0.12095588235294118 0.01437908496732026 0.009558823529411765
5 0.5509803921568627 0.11948529411764705 0.05359477124183006 0.021323529411764706
3 0.5725490196078431 0.10110294117647059 0.05751633986928104 0.015441176470588236
3 0.569281045751634 0.09154411764705882 0.06143790849673202 0.013970588235294117
3 0.5738562091503268 0.0849264705882353 0.06013071895424836 0.0125
3 0.6464052287581699 0.08602941176470588 0.027450980392156862 0.01764705882352941
3 0.580392156862745 0.07794117647058824 0.047058823529411764 0.013235294117647059
3 0.426797385620915 0.06691176470588235 0.0457516339869281 0.013235294117647059
3 0.4398692810457516 0.05698529411764706 0.058823529411764705 0.011029411764705881
3 0.4529411764705882 0.05110294117647059 0.05620915032679738 0.011029411764705881
3 0.4620915032679738 0.04522058823529412 0.050980392156862744 0.009558823529411765
3 0.4633986928104575 0.03897058823529412 0.05359477124183006 0.010294117647058823
4 0.4686274509803921 0.033455882352941176 0.05359477124183006 0.015441176470588236
3 0.6320261437908496 0.025735294117647058 0.043137254901960784 0.013235294117647059
3 0.680392156862745 0.04779411764705882 0.02483660130718954 0.013235294117647059
3 0.6888888888888889 0.03529411764705882 0.023529411764705882 0.016176470588235292
3 0.7124183006535947 0.006985294117647058 0.02091503267973856 0.0125
3 0.8313725490196078 0.021691176470588235 0.02091503267973856 0.0125
3 0.6418300653594771 0.020588235294117647 0.04183006535947712 0.013235294117647059
3 0.8411764705882352 0.003676470588235294 0.02222222222222222 0.008823529411764706
9 0.9222222222222222 0.030147058823529412 0.00915032679738562 0.010294117647058823
9 0.9215686274509803 0.04044117647058824 0.00784313725490196 0.010294117647058823
3 1.0124183006535947 0.055882352941176466 0.02222222222222222 0.016176470588235292
3 1.003921568627451 0.03308823529411765 0.02091503267973856 0.013235294117647059
3 1.0679738562091503 0.06948529411764706 0.0392156862745098 0.011029411764705881
3 0.4790849673202614 0.025735294117647058 0.050980392156862744 0.011764705882352941
3 0.49084967320261436 0.021691176470588235 0.04836601307189542 0.011029411764705881
3 0.4888888888888889 0.015808823529411764 0.0522875816993464 0.009558823529411765
3 0.49542483660130715 0.010661764705882353 0.047058823529411764 0.011029411764705881
3 0.49999999999999994 0.00625 0.03529411764705882 0.009558823529411765
