3 0.6148148148148148 0.5041666666666667 0.08518518518518518 0.07083333333333333
9 0.7564814814814815 0.3729166666666667 0.02777777777777778 0.03125
1 0.7574074074074074 0.37395833333333334 0.022222222222222223 0.016666666666666666
1 0.7518518518518519 0.34270833333333334 0.018518518518518517 0.016666666666666666
9 0.7518518518518519 0.3484375 0.014814814814814815 0.015625
9 0.7759259259259259 0.3380208333333333 0.014814814814814815 0.013541666666666667
1 0.7759259259259259 0.33229166666666665 0.014814814814814815 0.016666666666666666
9 0.7546296296296297 0.32135416666666666 0.012962962962962964 0.013541666666666667
1 0.7546296296296297 0.31614583333333335 0.012962962962962964 0.013541666666666667
9 0.775 0.315625 0.016666666666666666 0.010416666666666666
1 0.775 0.309375 0.016666666666666666 0.014583333333333334
9 0.7490740740740741 0.2911458333333333 0.016666666666666666 0.017708333333333333
1 0.750925925925926 0.2911458333333333 0.012962962962962964 0.011458333333333333
5 0.7000000000000001 0.30104166666666665 0.06296296296296297 0.06458333333333333
2 0.7648148148148148 0.2708333333333333 0.011111111111111112 0.010416666666666666
1 0.7648148148148148 0.2677083333333333 0.011111111111111112 0.010416666666666666
3 0.7842592592592593 0.24739583333333334 0.02777777777777778 0.013541666666666667
3 0.5453703703703704 0.23177083333333334 0.03888888888888889 0.009375
3 0.7814814814814816 0.22864583333333333 0.02592592592592593 0.013541666666666667
1 0.8666666666666667 0.2677083333333333 0.011111111111111112 0.010416666666666666
9 0.8657407407407408 0.2703125 0.012962962962962964 0.009375
3 0.8342592592592593 0.2984375 0.03518518518518519 0.017708333333333333
1 0.887962962962963 0.30364583333333334 0.009259259259259259 0.011458333333333333
2 0.8870370370370371 0.3067708333333333 0.011111111111111112 0.013541666666666667
3 0.9277777777777778 0.25729166666666664 0.04814814814814815 0.014583333333333334
3 0.925 0.23333333333333334 0.03888888888888889 0.0125
9 0.9972222222222222 0.4630208333333333 0.02777777777777778 0.026041666666666668
1 0.9972222222222222 0.45625 0.02777777777777778 0.020833333333333332
1 0.9981481481481482 0.4609375 0.037037037037037035 0.019791666666666666
1 0.8138888888888889 0.22083333333333333 0.009259259259259259 0.008333333333333333
1 0.8361111111111111 0.221875 0.005555555555555556 0.00625
1 0.8111111111111111 0.21458333333333332 0.007407407407407408 0.00625
1 0.8148148148148149 0.20885416666666667 0.007407407407407408 0.007291666666666667
1 0.763888888888889 0.21979166666666666 0.005555555555555556 0.00625
1 0.7564814814814815 0.21614583333333334 0.009259259259259259 0.007291666666666667
1 0.762962962962963 0.21562499999999998 0.007407407407407408 0.00625
2 0.812962962962963 0.22291666666666665 0.011111111111111112 0.004166666666666667
2 0.8361111111111111 0.22395833333333334 0.005555555555555556 0.004166666666666667
2 0.8157407407407408 0.2109375 0.009259259259259259 0.003125
2 0.763888888888889 0.22447916666666667 0.009259259259259259 0.005208333333333333
9 0.7555555555555555 0.21875 0.007407407407407408 0.004166666666666667
9 0.8111111111111111 0.2171875 0.007407407407407408 0.005208333333333333
3 0.787962962962963 0.19583333333333333 0.016666666666666666 0.008333333333333333
3 0.7703703703703704 0.1875 0.014814814814814815 0.00625
3 0.7944444444444445 0.18958333333333333 0.014814814814814815 0.00625
4 0.7925925925925926 0.18385416666666665 0.011111111111111112 0.007291666666666667
9 0.8064814814814815 0.196875 0.009259259259259259 0.010416666666666666
1 0.8064814814814815 0.19427083333333334 0.009259259259259259 0.005208333333333333
5 0.8324074074074075 0.19947916666666665 0.020370370370370372 0.013541666666666667
