2 0.062037037037037036 0.5127604166666666 0.014814814814814815 0.01614583333333333
3 0.18425925925925926 0.5268229166666667 0.07407407407407407 0.04114583333333333
3 0.30185185185185187 0.46197916666666666 0.07222222222222223 0.036458333333333336
3 0.39212962962962966 0.48463541666666665 0.06759259259259259 0.03802083333333333
3 0.4550925925925926 0.42994791666666665 0.05277777777777778 0.027604166666666666
1 0.25 0.3802083333333333 0.009259259259259259 0.009375
2 0.2513888888888889 0.3875 0.012037037037037037 0.009375
1 0.2689814814814815 0.37109375 0.008333333333333333 0.009895833333333333
2 0.2689814814814815 0.3770833333333333 0.010185185185185186 0.010416666666666666
4 0.2972222222222222 0.3815104166666667 0.040740740740740744 0.0140625
2 0.3888888888888889 0.35703125 0.022222222222222223 0.0078125
1 0.3736111111111111 0.3442708333333333 0.008333333333333333 0.010416666666666666
2 0.37222222222222223 0.3489583333333333 0.020370370370370372 0.007291666666666667
2 0.3976851851851852 0.35 0.02314814814814815 0.007291666666666667
2 0.39351851851851855 0.34375 0.018518518518518517 0.009375
2 0.6805555555555556 0.24869791666666666 0.007407407407407408 0.005729166666666666
3 0.5412037037037037 0.34661458333333334 0.04166666666666667 0.018229166666666668
3 0.5875 0.5127604166666666 0.05462962962962963 0.0328125
3 0.6796296296296297 0.4591145833333333 0.040740740740740744 0.028645833333333332
3 0.6305555555555555 0.41119791666666666 0.044444444444444446 0.0234375
3 0.5375 0.37994791666666666 0.04351851851851852 0.022395833333333334
3 0.6791666666666667 0.3653645833333333 0.03981481481481482 0.018229166666666668
3 0.701388888888889 0.38776041666666666 0.03796296296296296 0.019270833333333334
3 0.6300925925925926 0.3221354166666667 0.032407407407407406 0.015104166666666667
3 0.7212962962962963 0.36953125 0.03518518518518519 0.018229166666666668
3 0.7134259259259259 0.34375 0.03425925925925926 0.015625
3 0.7375 0.3528645833333333 0.032407407407407406 0.015104166666666667
8 0.7550925925925926 0.3794270833333333 0.06944444444444445 0.059895833333333336
3 0.6319444444444444 0.2838541666666667 0.032407407407407406 0.014583333333333334
3 0.675 0.2895833333333333 0.031481481481481485 0.014583333333333334
3 0.7245370370370371 0.3299479166666667 0.030555555555555558 0.011979166666666666
3 0.7527777777777778 0.3377604166666667 0.03333333333333333 0.015104166666666667
3 0.75 0.315625 0.02777777777777778 0.0125
3 0.7560185185185185 0.303125 0.025 0.011458333333333333
1 0.8601851851851852 0.5216145833333333 0.012962962962962964 0.011979166666666666
9 0.8601851851851852 0.5270833333333333 0.014814814814814815 0.01875
1 0.837962962962963 0.5513020833333333 0.018518518518518517 0.01614583333333333
2 0.8685185185185186 0.48125 0.009259259259259259 0.015625
2 1.073611111111111 0.4984375 0.012037037037037037 0.01875
1 1.099537037037037 0.48385416666666664 0.015740740740740743 0.0125
9 1.0555555555555556 0.4734375 0.012962962962962964 0.015625
2 1.0398148148148147 0.46484375 0.018518518518518517 0.0171875
4 0.9310185185185186 0.42213541666666665 0.032407407407407406 0.025520833333333333
1 1.014351851851852 0.3888020833333333 0.012037037037037037 0.008854166666666666
1 0.8907407407407407 0.40338541666666666 0.009259259259259259 0.009895833333333333
2 0.8916666666666667 0.40911458333333334 0.007407407407407408 0.013020833333333334
1 0.8925925925925926 0.3872395833333333 0.009259259259259259 0.009895833333333333
2 0.8930555555555556 0.39140625 0.006481481481481482 0.013020833333333334
1 0.8671296296296297 0.39140625 0.010185185185185186 0.011979166666666666
9 0.8675925925925926 0.3958333333333333 0.007407407407407408 0.010416666666666666
1 0.8851851851851852 0.36640625 0.011111111111111112 0.008854166666666666
9 0.8856481481481482 0.3716145833333333 0.008333333333333333 0.009895833333333333
1 0.8930555555555556 0.35130208333333335 0.008333333333333333 0.009895833333333333
2 0.8935185185185186 0.35494791666666664 0.009259259259259259 0.009895833333333333
1 0.9046296296296297 0.35260416666666666 0.007407407407407408 0.009375
2 0.9041666666666667 0.3559895833333333 0.006481481481481482 0.009895833333333333
1 0.9819444444444445 0.3528645833333333 0.008333333333333333 0.008854166666666666
9 0.9814814814814815 0.3559895833333333 0.009259259259259259 0.0078125
4 1.0 0.3359375 0.02592592592592593 0.019791666666666666
2 0.8856481481481482 0.32265625 0.008333333333333333 0.009895833333333333
3 0.7782407407407408 0.32317708333333334 0.02314814814814815 0.011979166666666666
8 0.8 0.3346354166666667 0.05925925925925926 0.043229166666666666
3 0.7856481481481482 0.28541666666666665 0.028703703703703703 0.010416666666666666
3 0.8148148148148149 0.2869791666666667 0.024074074074074074 0.011458333333333333
3 0.7958333333333334 0.2984375 0.028703703703703703 0.0125
3 0.8412037037037038 0.30104166666666665 0.028703703703703703 0.011458333333333333
8 0.8652777777777778 0.278125 0.04537037037037037 0.03229166666666666
1 0.7023148148148148 0.24947916666666667 0.006481481481481482 0.00625
2 0.701388888888889 0.2515625 0.008333333333333333 0.005208333333333333
3 0.7018518518518518 0.24401041666666667 0.024074074074074074 0.0078125
3 0.737962962962963 0.25416666666666665 0.020370370370370372 0.009375
3 0.7726851851851853 0.2359375 0.021296296296296296 0.011458333333333333
3 0.7847222222222222 0.24270833333333333 0.019444444444444445 0.009375
3 0.7625000000000001 0.21796875 0.015740740740740743 0.0067708333333333336
1 0.7717592592592593 0.22005208333333334 0.006481481481481482 0.0046875
3 0.7708333333333334 0.21380208333333334 0.015740740740740743 0.005729166666666666
8 0.6143518518518519 0.24427083333333333 0.05277777777777778 0.019791666666666666
8 0.6699074074074074 0.23072916666666665 0.06018518518518519 0.013541666666666667
3 0.7796296296296297 0.21119791666666665 0.014814814814814815 0.005729166666666666
3 0.8148148148148149 0.228125 0.018518518518518517 0.008333333333333333
3 0.8060185185185186 0.22239583333333332 0.017592592592592594 0.007291666666666667
3 0.8277777777777778 0.22135416666666666 0.016666666666666666 0.007291666666666667
3 0.825925925925926 0.20989583333333334 0.016666666666666666 0.00625
3 0.8532407407407407 0.20677083333333332 0.015740740740740743 0.00625
3 0.8412037037037038 0.21354166666666666 0.015740740740740743 0.007291666666666667
3 0.8634259259259259 0.19375 0.012037037037037037 0.00625
3 0.8819444444444445 0.19401041666666666 0.01388888888888889 0.005729166666666666
3 0.862037037037037 0.18828125 0.014814814814814815 0.0046875
3 0.8287037037037037 0.25546875 0.022222222222222223 0.0067708333333333336
3 0.8412037037037038 0.23359375 0.017592592592592594 0.0078125
3 0.8449074074074074 0.2453125 0.017592592592592594 0.008333333333333333
3 0.8541666666666667 0.23906249999999998 0.017592592592592594 0.008333333333333333
3 0.8643518518518519 0.23255208333333333 0.019444444444444445 0.008854166666666666
3 0.8643518518518519 0.25104166666666666 0.017592592592592594 0.009375
8 0.8828703703703704 0.25390625 0.03425925925925926 0.019270833333333334
3 0.875 0.24244791666666665 0.018518518518518517 0.0078125
3 0.8847222222222223 0.23541666666666666 0.017592592592592594 0.007291666666666667
3 0.9027777777777778 0.24375 0.016666666666666666 0.008333333333333333
3 0.9087962962962963 0.2375 0.019444444444444445 0.007291666666666667
8 0.9032407407407408 0.22343749999999998 0.025 0.019791666666666666
3 0.9361111111111111 0.228125 0.012962962962962964 0.007291666666666667
3 0.9217592592592593 0.22552083333333334 0.01388888888888889 0.007291666666666667
3 0.888888888888889 0.21979166666666666 0.012962962962962964 0.007291666666666667
3 0.8907407407407407 0.21223958333333334 0.014814814814814815 0.0067708333333333336
3 0.9231481481481482 0.21927083333333333 0.018518518518518517 0.008333333333333333
3 0.9013888888888889 0.20546875 0.010185185185185186 0.005729166666666666
8 0.9148148148148149 0.20781249999999998 0.022222222222222223 0.015625
3 0.9342592592592593 0.21666666666666667 0.012962962962962964 0.007291666666666667
3 0.9351851851851852 0.21328125 0.012962962962962964 0.005729166666666666
3 0.9342592592592593 0.20989583333333334 0.011111111111111112 0.005208333333333333
3 0.9407407407407408 0.20755208333333333 0.012962962962962964 0.0067708333333333336
3 0.9481481481481482 0.20416666666666666 0.011111111111111112 0.00625
3 0.9412037037037038 0.19869791666666667 0.01388888888888889 0.0046875
3 0.9074074074074074 0.19635416666666666 0.012962962962962964 0.005208333333333333
3 0.9199074074074074 0.19739583333333333 0.012037037037037037 0.005208333333333333
3 0.9231481481481482 0.19375 0.012962962962962964 0.005208333333333333
3 0.9296296296296297 0.19010416666666666 0.011111111111111112 0.005208333333333333
4 0.9444444444444445 0.19296875 0.012962962962962964 0.0067708333333333336
3 0.9476851851851852 0.18828125 0.01388888888888889 0.0046875
3 0.875 0.17265625 0.011111111111111112 0.0046875
3 0.8875000000000001 0.17578125 0.010185185185185186 0.0046875
3 0.9013888888888889 0.17604166666666665 0.008333333333333333 0.004166666666666667
3 0.8990740740740741 0.16901041666666666 0.009259259259259259 0.0046875
3 0.9189814814814815 0.17213541666666665 0.010185185185185186 0.0046875
3 0.9125000000000001 0.16875 0.010185185185185186 0.005208333333333333
8 0.8967592592592593 0.16015625 0.01388888888888889 0.0109375
3 0.9212962962962963 0.16614583333333333 0.011111111111111112 0.004166666666666667
3 0.9074074074074074 0.16588541666666667 0.009259259259259259 0.0036458333333333334
3 0.9328703703703705 0.16380208333333332 0.010185185185185186 0.0046875
3 0.9166666666666667 0.15885416666666666 0.007407407407407408 0.004166666666666667
3 0.9097222222222222 0.15520833333333334 0.008333333333333333 0.007291666666666667
3 0.9564814814814815 0.17135416666666667 0.009259259259259259 0.004166666666666667
8 0.9578703703703704 0.16015625 0.015740740740740743 0.008854166666666666
3 0.9787037037037037 0.17317708333333334 0.009259259259259259 0.0046875
8 0.9949074074074075 0.1671875 0.015740740740740743 0.008333333333333333
3 0.9782407407407407 0.16432291666666665 0.008333333333333333 0.0036458333333333334
3 0.9722222222222222 0.159375 0.007407407407407408 0.003125
3 0.9328703703703705 0.159375 0.010185185185185186 0.003125
3 0.9439814814814815 0.15703125 0.008333333333333333 0.0036458333333333334
3 0.9217592592592593 0.15546875 0.008333333333333333 0.0036458333333333334
4 0.975925925925926 0.15390625 0.011111111111111112 0.0078125
3 1.0101851851851853 0.1578125 0.007407407407407408 0.00625
8 0.9902777777777778 0.16171875 0.010185185185185186 0.008854166666666666
3 0.9986111111111111 0.15364583333333334 0.006481481481481482 0.003125
