3 1.0398692810457515 0.4264705882352941 0.09542483660130718 0.075
3 0.8084967320261437 0.37977941176470587 0.07973856209150326 0.0875
3 0.9065359477124182 0.19779411764705881 0.06405228758169934 0.044117647058823525
6 0.9980392156862744 0.14338235294117646 0.03529411764705882 0.033823529411764704
3 0.9202614379084967 0.12205882352941176 0.04444444444444444 0.027941176470588233
3 1.0176470588235293 0.05919117647058823 0.04052287581699346 0.021323529411764706
3 0.7379084967320261 0.04485294117647059 0.04052287581699346 0.023529411764705882
4 0.5124183006535947 0.08419117647058823 0.047058823529411764 0.03602941176470588
3 0.2568627450980392 0.3088235294117647 0.1241830065359477 0.06323529411764706
4 1.491503267973856 0.07169117647058823 0.11241830065359476 0.027205882352941177
3 1.4823529411764704 0.20036764705882354 0.14640522875816991 0.03308823529411765
3 1.3653594771241828 0.13125 0.12156862745098039 0.02426470588235294
3 1.345751633986928 0.10551470588235294 0.11372549019607843 0.025735294117647058
3 0.2620915032679738 0.08970588235294118 0.09281045751633986 0.022058823529411763
3 0.3111111111111111 0.05955882352941176 0.09934640522875816 0.022058823529411763
3 0.3901960784313725 0.03161764705882353 0.04836601307189542 0.020588235294117647
3 0.3326797385620915 0.03308823529411765 0.0457516339869281 0.022058823529411763
4 0.3810457516339869 0.015441176470588236 0.04052287581699346 0.022058823529411763
3 0.3032679738562091 0.004779411764705883 0.04444444444444444 0.011029411764705881
4 1.745098039215686 0.18308823529411763 0.06274509803921569 0.032352941176470584
6 1.5098039215686274 0.4797794117647059 0.10196078431372549 0.08161764705882353
3 0.984313725490196 0.015808823529411764 0.02875816993464052 0.019852941176470587
9 0.19477124183006533 0.041176470588235294 0.03137254901960784 0.013235294117647059
9 0.14248366013071895 0.05955882352941176 0.01568627450980392 0.023529411764705882
9 0.029411764705882353 0.10110294117647059 0.02222222222222222 0.019852941176470587
3 0.24117647058823527 0.02022058823529412 0.01699346405228758 0.0125
2 0.5483660130718954 0.10367647058823529 0.01699346405228758 0.014705882352941176
9 0.7411764705882352 0.09705882352941177 0.01568627450980392 0.016176470588235292
3 1.3522875816993463 0.045588235294117645 0.05620915032679738 0.023529411764705882
6 1.3790849673202614 0.028308823529411765 0.06013071895424836 0.019852941176470587
