1 1.556862745098039 0.4863970588235294 0.065359477124183 0.04485294117647059
9 1.4444444444444444 0.47610294117647056 0.08888888888888888 0.04779411764705882
1 1.4588235294117646 0.46948529411764706 0.06013071895424836 0.04191176470588235
3 0.5673202614379085 0.4345588235294118 0.2483660130718954 0.1
3 0.30392156862745096 0.36875 0.15816993464052287 0.10955882352941176
3 0.10522875816993463 0.5261029411764706 0.2130718954248366 0.0713235294117647
1 1.5202614379084967 0.12463235294117647 0.0261437908496732 0.015441176470588236
1 1.6248366013071893 0.08161764705882353 0.01568627450980392 0.0058823529411764705
9 0.9156862745098039 0.11764705882352941 0.050980392156862744 0.01911764705882353
2 0.8209150326797385 0.15441176470588236 0.0261437908496732 0.014705882352941176
1 0.8215686274509804 0.15183823529411763 0.01699346405228758 0.009558823529411765
1 0.7849673202614379 0.13970588235294118 0.027450980392156862 0.01911764705882353
1 0.7424836601307189 0.14595588235294119 0.02091503267973856 0.02426470588235294
1 0.6379084967320261 0.1536764705882353 0.02091503267973856 0.020588235294117647
1 0.657516339869281 0.1514705882352941 0.02875816993464052 0.020588235294117647
1 0.680392156862745 0.15110294117647058 0.02483660130718954 0.022794117647058822
1 0.43464052287581695 0.2551470588235294 0.02222222222222222 0.026470588235294117
