5 1.0944444444444446 0.41822916666666665 0.11666666666666667 0.08020833333333333
4 1.0518518518518518 0.36692708333333335 0.07222222222222223 0.043229166666666666
5 1.0287037037037037 0.3221354166666667 0.08518518518518518 0.0640625
4 0.9162037037037037 0.30390625 0.05648148148148149 0.0390625
5 0.8388888888888889 0.3260416666666667 0.06851851851851852 0.04583333333333333
5 0.9490740740740741 0.24088541666666666 0.04814814814814815 0.025520833333333333
3 0.937962962962963 0.22786458333333334 0.037037037037037035 0.019270833333333334
4 1.7092592592592593 0.35182291666666665 0.10740740740740741 0.04010416666666666
3 1.449537037037037 0.23958333333333334 0.08240740740740742 0.022916666666666665
3 1.4916666666666667 0.22734374999999998 0.08518518518518518 0.018229166666666668
3 1.4680555555555557 0.22239583333333332 0.08240740740740742 0.016666666666666666
5 1.3412037037037037 0.1953125 0.06574074074074074 0.021875
5 1.223148148148148 0.1765625 0.08148148148148149 0.022916666666666665
5 0.9111111111111111 0.18776041666666665 0.03518518518518519 0.022395833333333334
5 0.9050925925925927 0.17838541666666666 0.028703703703703703 0.018229166666666668
3 0.8532407407407407 0.1671875 0.019444444444444445 0.011458333333333333
3 0.8175925925925926 0.15234375 0.018518518518518517 0.008854166666666666
3 0.850462962962963 0.15963541666666667 0.019444444444444445 0.009895833333333333
3 0.8486111111111111 0.15104166666666666 0.017592592592592594 0.008333333333333333
5 0.8819444444444445 0.15520833333333334 0.019444444444444445 0.011458333333333333
3 0.8467592592592593 0.14114583333333333 0.015740740740740743 0.007291666666666667
5 0.32222222222222224 0.1515625 0.06296296296296297 0.0125
4 0.8148148148148149 0.1171875 0.011111111111111112 0.007291666666666667
3 0.8388888888888889 0.12734375 0.014814814814814815 0.0067708333333333336
8 0.8569444444444445 0.11848958333333333 0.019444444444444445 0.0140625
5 0.8791666666666667 0.14817708333333332 0.025 0.0171875
5 0.875925925925926 0.14036458333333332 0.022222222222222223 0.01614583333333333
4 0.8689814814814815 0.13229166666666667 0.01388888888888889 0.009375
3 0.8023148148148148 0.12291666666666666 0.012037037037037037 0.008333333333333333
3 0.8319444444444445 0.1125 0.010185185185185186 0.004166666666666667
