1 0.9235294117647058 0.09191176470588235 0.02483660130718954 0.030882352941176472
1 0.9542483660130718 0.08786764705882352 0.023529411764705882 0.021323529411764706
1 1.118954248366013 0.10036764705882353 0.023529411764705882 0.021323529411764706
1 1.0967320261437907 0.10036764705882353 0.023529411764705882 0.021323529411764706
1 1.0562091503267974 0.09375 0.023529411764705882 0.021323529411764706
6 0.7640522875816993 0.029411764705882353 0.09281045751633986 0.033823529411764704
1 0.7973856209150326 0.025 0.023529411764705882 0.01911764705882353
4 1.0431372549019606 0.04779411764705882 0.12810457516339868 0.05
5 1.2098039215686274 0.02977941176470588 0.134640522875817 0.06102941176470588
3 1.3679738562091501 0.07610294117647058 0.1503267973856209 0.05955882352941176
3 1.461437908496732 0.10661764705882353 0.15424836601307187 0.05
3 1.5928104575163398 0.13088235294117648 0.18692810457516337 0.058823529411764705
3 1.6784313725490194 0.06838235294117646 0.10196078431372549 0.04852941176470588
3 1.5588235294117645 0.01948529411764706 0.10065359477124182 0.0375
3 1.6483660130718953 0.03308823529411765 0.1045751633986928 0.04264705882352941
3 1.7026143790849673 0.1577205882352941 0.1477124183006536 0.06838235294117646
3 1.745098039215686 0.03860294117647059 0.06274509803921569 0.05367647058823529
