6 0.5529411764705882 0.46544117647058825 0.16470588235294117 0.041176470588235294
1 0.1679738562091503 0.5227941176470589 0.050980392156862744 0.030882352941176472
1 0.1287581699346405 0.5290441176470588 0.0326797385620915 0.028676470588235293
1 0.10588235294117647 0.5481617647058823 0.03398692810457516 0.021323529411764706
1 0.05163398692810457 0.5389705882352941 0.0457516339869281 0.027941176470588233
1 0.565359477124183 0.21654411764705883 0.01437908496732026 0.013970588235294117
1 0.5176470588235293 0.46654411764705883 0.03137254901960784 0.03897058823529412
9 1.4156862745098038 0.37279411764705883 0.04967320261437908 0.032352941176470584
2 1.0287581699346404 0.42830882352941174 0.03398692810457516 0.04338235294117647
1 1.0013071895424837 0.38235294117647056 0.047058823529411764 0.030882352941176472
1 1.3581699346405227 0.3044117647058823 0.03398692810457516 0.027941176470588233
1 1.345751633986928 0.29816176470588235 0.043137254901960784 0.028676470588235293
1 1.318954248366013 0.2893382352941176 0.03398692810457516 0.022794117647058822
9 1.218954248366013 0.2400735294117647 0.03790849673202614 0.021323529411764706
9 1.2450980392156863 0.2113970588235294 0.03529411764705882 0.022794117647058822
1 1.2019607843137254 0.2077205882352941 0.027450980392156862 0.021323529411764706
1 1.0973856209150326 0.17316176470588235 0.01699346405228758 0.019852941176470587
1 1.0823529411764705 0.1713235294117647 0.02091503267973856 0.020588235294117647
1 1.0790849673202614 0.16580882352941176 0.0196078431372549 0.01838235294117647
9 0.5673202614379085 0.16544117647058823 0.01830065359477124 0.01911764705882353
