3 0.2976851851851852 0.28489583333333335 0.12314814814814816 0.022916666666666665
3 0.45601851851851855 0.30833333333333335 0.12685185185185185 0.030208333333333334
3 0.6944444444444444 0.2791666666666667 0.10925925925925926 0.02395833333333333
3 0.7125 0.38125 0.13240740740740742 0.04479166666666667
4 1.0287037037037037 0.3846354166666667 0.0925925925925926 0.057812499999999996
3 1.1930555555555555 0.37395833333333334 0.10092592592592593 0.042708333333333334
4 1.2712962962962964 0.41328125 0.07962962962962963 0.06302083333333333
4 1.227314814814815 0.4692708333333333 0.08981481481481482 0.06875
4 1.2421296296296296 0.5408854166666667 0.1287037037037037 0.0421875
5 1.3810185185185186 0.48463541666666665 0.22685185185185186 0.1546875
2 1.4370370370370371 0.3971354166666667 0.037037037037037035 0.025520833333333333
2 1.462037037037037 0.365625 0.03888888888888889 0.021875
3 1.2587962962962964 0.3046875 0.11574074074074074 0.025
3 0.7560185185185185 0.32578125 0.1175925925925926 0.034895833333333334
3 0.8319444444444445 0.3072916666666667 0.11574074074074074 0.025
4 0.975462962962963 0.27630208333333334 0.08981481481481482 0.025520833333333333
4 1.2277777777777779 0.2825520833333333 0.11666666666666667 0.03697916666666667
4 1.3361111111111112 0.27109375 0.10925925925925926 0.027604166666666666
4 1.3912037037037037 0.2518229166666667 0.08240740740740742 0.030729166666666665
4 1.5949074074074074 0.28489583333333335 0.11388888888888889 0.029166666666666667
8 1.6699074074074074 0.2609375 0.2138888888888889 0.04583333333333333
3 1.5236111111111112 0.23515624999999998 0.0638888888888889 0.018229166666666668
2 0.47222222222222227 0.48932291666666666 0.07037037037037037 0.0296875
5 1.2912037037037039 0.1859375 0.05462962962962963 0.027083333333333334
3 1.2439814814814816 0.18203125 0.032407407407407406 0.011979166666666666
1 1.2782407407407408 0.1953125 0.008333333333333333 0.008333333333333333
1 1.2638888888888888 0.19557291666666665 0.009259259259259259 0.008854166666666666
5 1.5782407407407408 0.16692708333333334 0.03981481481481482 0.015104166666666667
3 1.551388888888889 0.16692708333333334 0.030555555555555558 0.008854166666666666
3 1.537962962962963 0.16302083333333334 0.03333333333333333 0.010416666666666666
3 1.5041666666666667 0.16328125 0.030555555555555558 0.008854166666666666
3 1.4856481481481483 0.1609375 0.03425925925925926 0.008333333333333333
4 1.5189814814814815 0.16015625 0.028703703703703703 0.009895833333333333
3 1.4574074074074075 0.15885416666666666 0.02962962962962963 0.008333333333333333
3 1.4310185185185185 0.15729166666666666 0.028703703703703703 0.008333333333333333
3 1.4078703703703703 0.15625 0.026851851851851852 0.008333333333333333
3 1.448611111111111 0.153125 0.03425925925925926 0.008333333333333333
3 1.4319444444444445 0.15234375 0.032407407407407406 0.008854166666666666
3 1.4092592592592592 0.14869791666666665 0.03333333333333333 0.008854166666666666
3 1.3703703703703705 0.14765625 0.03518518518518519 0.0078125
3 1.3972222222222224 0.14322916666666666 0.02777777777777778 0.007291666666666667
5 1.475925925925926 0.14765625 0.02777777777777778 0.013020833333333334
4 1.4657407407407408 0.14375 0.03333333333333333 0.008333333333333333
3 1.4787037037037039 0.14635416666666667 0.04259259259259259 0.007291666666666667
3 1.438425925925926 0.14010416666666667 0.036111111111111115 0.00625
3 1.4574074074074075 0.14348958333333334 0.02962962962962963 0.0067708333333333336
3 1.3564814814814816 0.14505208333333333 0.031481481481481485 0.0067708333333333336
3 1.363425925925926 0.14322916666666666 0.03425925925925926 0.00625
3 1.3708333333333333 0.1390625 0.030555555555555558 0.00625
4 1.400462962962963 0.13385416666666666 0.025 0.007291666666666667
3 1.3888888888888888 0.13359375 0.02592592592592593 0.005729166666666666
3 1.3620370370370372 0.15833333333333333 0.02962962962962963 0.008333333333333333
3 1.3365740740740741 0.16197916666666667 0.03796296296296296 0.007291666666666667
3 1.3439814814814814 0.16354166666666667 0.03796296296296296 0.008333333333333333
4 1.3546296296296296 0.16432291666666665 0.05925925925925926 0.013020833333333334
4 1.3439814814814814 0.16822916666666665 0.032407407407407406 0.011458333333333333
3 1.3203703703703704 0.17005208333333333 0.02777777777777778 0.0109375
3 1.2935185185185185 0.1703125 0.03333333333333333 0.010416666666666666
3 1.2703703703703704 0.17109375 0.031481481481481485 0.0109375
4 1.2449074074074074 0.16927083333333334 0.028703703703703703 0.0125
3 1.2208333333333334 0.1703125 0.030555555555555558 0.009375
3 1.1930555555555555 0.1703125 0.032407407407407406 0.010416666666666666
3 1.1657407407407407 0.1703125 0.02962962962962963 0.010416666666666666
6 1.1449074074074075 0.17057291666666666 0.015740740740740743 0.0078125
3 1.1180555555555556 0.1703125 0.028703703703703703 0.009375
4 1.0939814814814814 0.19661458333333334 0.06574074074074074 0.0234375
3 0.8990740740740741 0.17057291666666666 0.024074074074074074 0.009895833333333333
4 0.875462962962963 0.16875 0.021296296296296296 0.013541666666666667
3 0.8467592592592593 0.17057291666666666 0.025 0.009895833333333333
3 0.9222222222222223 0.18333333333333332 0.02777777777777778 0.014583333333333334
3 0.8648148148148148 0.18307291666666667 0.020370370370370372 0.0109375
3 0.7615740740740741 0.17005208333333333 0.019444444444444445 0.009895833333333333
3 0.725 0.1703125 0.020370370370370372 0.010416666666666666
3 0.6958333333333334 0.1703125 0.021296296296296296 0.010416666666666666
3 0.6351851851851852 0.16875 0.031481481481481485 0.011458333333333333
3 0.6041666666666667 0.16796875 0.021296296296296296 0.0109375
3 0.575462962962963 0.16953125 0.021296296296296296 0.0109375
4 0.5425925925925926 0.16770833333333332 0.024074074074074074 0.013541666666666667
3 0.7652777777777778 0.18307291666666667 0.025 0.011979166666666666
4 0.6680555555555556 0.18567708333333333 0.02314814814814815 0.013020833333333334
3 0.6407407407407407 0.18177083333333333 0.024074074074074074 0.011458333333333333
3 0.6069444444444445 0.1859375 0.028703703703703703 0.0125
3 0.6097222222222223 0.18020833333333333 0.02314814814814815 0.010416666666666666
3 0.5699074074074074 0.18671875 0.028703703703703703 0.011979166666666666
3 0.5810185185185185 0.1796875 0.025 0.013541666666666667
3 0.5486111111111112 0.17994791666666665 0.028703703703703703 0.013020833333333334
3 0.5328703703703704 0.18776041666666665 0.030555555555555558 0.013020833333333334
4 0.43472222222222223 0.18333333333333332 0.026851851851851852 0.0125
4 0.37592592592592594 0.17734375 0.02777777777777778 0.0140625
3 0.08287037037037037 0.17864583333333334 0.03981481481481482 0.014583333333333334
4 0.09305555555555556 0.16588541666666667 0.028703703703703703 0.013020833333333334
4 0.19444444444444445 0.16666666666666666 0.02592592592592593 0.0125
3 0.22592592592592595 0.16901041666666666 0.018518518518518517 0.0109375
3 0.26296296296296295 0.16822916666666665 0.02962962962962963 0.009375
3 0.031018518518518518 0.16770833333333332 0.03981481481481482 0.0125
