3 1.6392156862745098 0.513235294117647 0.23267973856209148 0.09705882352941177
9 1.60718954248366 0.3327205882352941 0.07450980392156863 0.03308823529411765
9 1.5640522875816993 0.3150735294117647 0.06928104575163398 0.028676470588235293
9 1.40718954248366 0.22536764705882353 0.03529411764705882 0.021323529411764706
3 1.4143790849673201 0.3966911764705882 0.2222222222222222 0.09338235294117647
3 1.3437908496732025 0.3095588235294118 0.1699346405228758 0.07205882352941176
3 1.2758169934640522 0.25919117647058826 0.09673202614379084 0.04191176470588235
3 1.2666666666666666 0.1838235294117647 0.06797385620915032 0.029411764705882353
2 1.1954248366013072 0.12941176470588234 0.0326797385620915 0.011764705882352941
9 1.1823529411764706 0.11948529411764705 0.0196078431372549 0.015441176470588236
3 1.3169934640522876 0.1290441176470588 0.10326797385620914 0.019852941176470587
3 1.1235294117647059 0.1025735294117647 0.03529411764705882 0.016911764705882352
3 1.0751633986928104 0.1213235294117647 0.043137254901960784 0.022058823529411763
4 1.0640522875816993 0.08639705882352941 0.0784313725490196 0.019852941176470587
2 1.0013071895424837 0.08602941176470588 0.00522875816993464 0.011764705882352941
1 1.0019607843137255 0.0838235294117647 0.00915032679738562 0.011764705882352941
9 0.9522875816993464 0.06691176470588235 0.00915032679738562 0.010294117647058823
1 0.9522875816993464 0.06507352941176471 0.00915032679738562 0.011029411764705881
3 0.9666666666666666 0.04779411764705882 0.02222222222222222 0.010294117647058823
9 0.3908496732026144 0.4511029411764706 0.10196078431372549 0.0375
9 0.4967320261437908 0.2647058823529412 0.0784313725490196 0.026470588235294117
3 0.6594771241830065 0.4261029411764706 0.26013071895424833 0.12720588235294117
3 0.6673202614379085 0.34595588235294117 0.134640522875817 0.07720588235294118
3 0.7006535947712418 0.27536764705882355 0.1437908496732026 0.04779411764705882
3 0.7202614379084967 0.24338235294117647 0.130718954248366 0.04264705882352941
3 0.7503267973856209 0.22242647058823528 0.12549019607843137 0.04191176470588235
3 0.7196078431372549 0.18823529411764706 0.058823529411764705 0.032352941176470584
3 0.7339869281045751 0.1650735294117647 0.050980392156862744 0.03161764705882353
3 0.6555555555555556 0.11580882352941177 0.04052287581699346 0.022794117647058822
3 0.711111111111111 0.1150735294117647 0.047058823529411764 0.022794117647058822
3 0.692156862745098 0.09080882352941176 0.09281045751633986 0.01838235294117647
3 0.7810457516339869 0.11360294117647059 0.043137254901960784 0.021323529411764706
3 0.776470588235294 0.09301470588235294 0.047058823529411764 0.01838235294117647
3 0.8679738562091502 0.08713235294117647 0.054901960784313725 0.016911764705882352
3 0.7986928104575163 0.08051470588235295 0.07058823529411765 0.015441176470588236
3 0.765359477124183 0.075 0.06928104575163398 0.014705882352941176
4 0.8065359477124182 0.07279411764705883 0.04967320261437908 0.01764705882352941
3 0.8058823529411764 0.0661764705882353 0.05359477124183006 0.014705882352941176
4 0.8359477124183006 0.06102941176470588 0.027450980392156862 0.014705882352941176
4 0.80718954248366 0.055882352941176466 0.04836601307189542 0.014705882352941176
8 0.8104575163398692 0.04963235294117647 0.07581699346405228 0.025735294117647058
3 0.8856209150326797 0.02426470588235294 0.01437908496732026 0.007352941176470588
3 0.8359477124183006 0.036397058823529414 0.01699346405228758 0.008088235294117646
3 0.8084967320261437 0.03786764705882353 0.02222222222222222 0.006617647058823529
3 0.8176470588235294 0.033823529411764704 0.02483660130718954 0.007352941176470588
3 0.80718954248366 0.03602941176470588 0.01437908496732026 0.007352941176470588
3 0.8816993464052287 0.020588235294117647 0.01437908496732026 0.007352941176470588
3 0.8738562091503267 0.013970588235294117 0.011764705882352941 0.0058823529411764705
3 0.9431372549019608 0.03308823529411765 0.01699346405228758 0.007352941176470588
3 0.9431372549019608 0.03125 0.01699346405228758 0.006617647058823529
3 0.9366013071895424 0.02022058823529412 0.02483660130718954 0.005147058823529412
3 0.9176470588235294 0.020588235294117647 0.02875816993464052 0.0058823529411764705
3 0.9222222222222222 0.023161764705882354 0.02483660130718954 0.006617647058823529
3 0.9294117647058823 0.02426470588235294 0.0130718954248366 0.008823529411764706
3 0.9326797385620914 0.026470588235294117 0.01437908496732026 0.007352941176470588
