3 0.7675925925925926 0.09010416666666667 0.016666666666666666 0.007291666666666667
3 0.7231481481481482 0.10104166666666667 0.016666666666666666 0.010416666666666666
5 0.6870370370370371 0.1796875 0.044444444444444446 0.04895833333333333
5 0.7907407407407407 0.18958333333333333 0.04814814814814815 0.052083333333333336
3 0.8101851851851852 0.09739583333333333 0.012962962962962964 0.007291666666666667
3 0.8138888888888889 0.1 0.012962962962962964 0.00625
3 0.8157407407407408 0.10625 0.012962962962962964 0.008333333333333333
5 0.8351851851851853 0.1828125 0.02962962962962963 0.019791666666666666
4 0.8990740740740741 0.19270833333333334 0.03518518518518519 0.01875
5 0.9240740740740742 0.21041666666666667 0.037037037037037035 0.01875
3 0.9407407407407408 0.22864583333333333 0.037037037037037035 0.017708333333333333
3 0.9583333333333334 0.2484375 0.0462962962962963 0.02395833333333333
3 0.9814814814814815 0.2671875 0.044444444444444446 0.02395833333333333
3 1.0027777777777778 0.2911458333333333 0.05 0.028125
3 1.0351851851851852 0.32395833333333335 0.05555555555555556 0.029166666666666667
3 1.1009259259259259 0.3848958333333333 0.07222222222222223 0.042708333333333334
3 1.1611111111111112 0.4479166666666667 0.0925925925925926 0.052083333333333336
3 1.2370370370370372 0.5104166666666666 0.10740740740740741 0.06458333333333333
3 1.0166666666666666 0.4739583333333333 0.08518518518518518 0.06041666666666667
6 0.9212962962962963 0.3052083333333333 0.03888888888888889 0.029166666666666667
3 0.837962962962963 0.3385416666666667 0.05 0.035416666666666666
3 0.6907407407407408 0.3421875 0.05185185185185186 0.036458333333333336
3 0.24722222222222223 0.5244791666666666 0.11296296296296297 0.06354166666666666
1 0.27870370370370373 0.3541666666666667 0.024074074074074074 0.016666666666666666
9 0.28055555555555556 0.36302083333333335 0.024074074074074074 0.019791666666666666
4 0.45833333333333337 0.30833333333333335 0.09074074074074075 0.03125
