3 0.9058823529411764 0.37573529411764706 0.08104575163398692 0.07941176470588235
3 0.926797385620915 0.2202205882352941 0.05751633986928104 0.05367647058823529
3 0.5124183006535947 0.2338235294117647 0.13594771241830064 0.044117647058823525
3 0.6797385620915032 0.14595588235294119 0.0522875816993464 0.04191176470588235
3 0.7006535947712418 0.18088235294117647 0.12549019607843137 0.05
3 0.8346405228758169 0.13272058823529412 0.050980392156862744 0.03897058823529412
3 0.9013071895424836 0.10147058823529412 0.04052287581699346 0.029411764705882353
3 0.9058823529411764 0.039705882352941174 0.03398692810457516 0.022058823529411763
3 0.826797385620915 0.03051470588235294 0.04052287581699346 0.030147058823529412
3 0.1196078431372549 0.27058823529411763 0.13986928104575164 0.06911764705882353
3 0.03529411764705882 0.2625 0.07320261437908496 0.060294117647058824
3 0.23986928104575161 0.4808823529411765 0.20784313725490194 0.06323529411764706
5 1.2522875816993464 0.29411764705882354 0.2065359477124183 0.06764705882352941
5 1.1862745098039216 0.22720588235294117 0.18169934640522875 0.047058823529411764
5 1.1699346405228757 0.18676470588235294 0.1803921568627451 0.03676470588235294
8 1.4895424836601305 0.09264705882352942 0.20784313725490194 0.05
3 1.7098039215686274 0.18198529411764705 0.13333333333333333 0.04191176470588235
3 1.745098039215686 0.13602941176470587 0.06274509803921569 0.030882352941176472
3 1.7320261437908495 0.10183823529411765 0.08888888888888888 0.030147058823529412
3 0.3790849673202614 0.11911764705882352 0.11503267973856209 0.029411764705882353
3 0.42156862745098034 0.0974264705882353 0.11895424836601307 0.025735294117647058
3 0.4339869281045751 0.08455882352941177 0.08366013071895424 0.023529411764705882
3 0.44967320261437904 0.07279411764705883 0.1045751633986928 0.027941176470588233
3 0.4810457516339869 0.04926470588235294 0.09934640522875816 0.026470588235294117
3 0.4986928104575163 0.026838235294117645 0.09019607843137255 0.019852941176470587
3 0.49803921568627446 0.01764705882352941 0.09411764705882353 0.020588235294117647
3 0.5130718954248366 0.008823529411764706 0.07973856209150326 0.016176470588235292
3 0.2764705882352941 0.011397058823529411 0.07450980392156863 0.02426470588235294
3 0.25163398692810457 0.2731617647058823 0.16078431372549018 0.06397058823529411
2 0.14248366013071895 0.10477941176470588 0.03660130718954248 0.016911764705882352
1 0.5771241830065359 0.09154411764705882 0.01699346405228758 0.015441176470588236
1 0.9392156862745097 0.06066176470588235 0.00915032679738562 0.0125
9 0.9392156862745097 0.06580882352941177 0.011764705882352941 0.016911764705882352
9 1.3287581699346405 0.06102941176470588 0.01437908496732026 0.016176470588235292
9 1.3169934640522876 0.061764705882352944 0.01437908496732026 0.016176470588235292
2 1.2790849673202613 0.03566176470588235 0.02222222222222222 0.011029411764705881
2 1.2679738562091503 0.03419117647058823 0.02091503267973856 0.011029411764705881
2 1.2712418300653594 0.029044117647058824 0.027450980392156862 0.008088235294117646
2 1.2509803921568627 0.01838235294117647 0.0130718954248366 0.013235294117647059
