5 1.150925925925926 0.4901041666666667 0.18333333333333335 0.14375
3 1.7097222222222224 0.49453125 0.125 0.05572916666666666
3 1.6532407407407408 0.46640624999999997 0.14166666666666666 0.043229166666666666
3 1.600925925925926 0.43255208333333334 0.15925925925925927 0.04739583333333333
4 1.5402777777777779 0.403125 0.16018518518518518 0.04583333333333333
4 1.489814814814815 0.38229166666666664 0.1425925925925926 0.042708333333333334
3 1.3351851851851853 0.2739583333333333 0.07222222222222223 0.026041666666666668
3 1.2412037037037038 0.26796875 0.11203703703703705 0.028645833333333332
4 1.225462962962963 0.253125 0.08425925925925926 0.026041666666666668
4 1.2564814814814815 0.24244791666666665 0.11111111111111112 0.030729166666666665
4 1.3208333333333333 0.19010416666666666 0.05092592592592593 0.020833333333333332
5 1.7523148148148149 0.17473958333333334 0.049074074074074076 0.019270833333333334
5 1.7361111111111112 0.16875 0.08148148148148149 0.019791666666666666
3 1.7314814814814816 0.16328125 0.053703703703703705 0.0109375
5 1.713425925925926 0.15859375 0.07685185185185185 0.018229166666666668
3 1.2453703703703705 0.15 0.053703703703703705 0.013541666666666667
1 1.1745370370370372 0.15182291666666667 0.012037037037037037 0.009895833333333333
3 1.289814814814815 0.14609375 0.05185185185185186 0.009895833333333333
3 1.277777777777778 0.14348958333333334 0.05740740740740741 0.009895833333333333
5 1.1245370370370371 0.1171875 0.058333333333333334 0.014583333333333334
5 1.201851851851852 0.12942708333333333 0.05 0.015104166666666667
5 0.40694444444444444 0.09322916666666667 0.04351851851851852 0.011458333333333333
5 0.9583333333333334 0.20416666666666666 0.05 0.030208333333333334
4 0.9458333333333334 0.19166666666666665 0.03425925925925926 0.021875
5 0.9388888888888889 0.17526041666666667 0.044444444444444446 0.0328125
5 0.9055555555555556 0.14635416666666667 0.02777777777777778 0.016666666666666666
3 0.8981481481481481 0.14166666666666666 0.022222222222222223 0.0125
5 0.8837962962962963 0.1203125 0.026851851851851852 0.016666666666666666
5 0.8800925925925926 0.11510416666666666 0.017592592592592594 0.011458333333333333
2 0.8847222222222223 0.14921875 0.008333333333333333 0.009895833333333333
3 0.8425925925925927 0.1140625 0.018518518518518517 0.009375
1 0.7842592592592593 0.14375 0.007407407407407408 0.009375
2 0.7842592592592593 0.14713541666666666 0.007407407407407408 0.008854166666666666
3 0.8296296296296297 0.09479166666666666 0.014814814814814815 0.008333333333333333
5 0.862037037037037 0.09765625 0.018518518518518517 0.0140625
4 0.8277777777777778 0.0828125 0.011111111111111112 0.007291666666666667
3 0.8240740740740741 0.07760416666666667 0.009259259259259259 0.005208333333333333
8 0.8462962962962963 0.07786458333333333 0.016666666666666666 0.011979166666666666
5 0.8587962962962963 0.0921875 0.017592592592592594 0.0125
3 0.7986111111111112 0.08151041666666667 0.008333333333333333 0.0067708333333333336
