3 1.2065359477124182 0.49338235294117644 0.32418300653594767 0.13676470588235293
3 0.8261437908496732 0.33308823529411763 0.11503267973856209 0.1
3 1.1562091503267973 0.2661764705882353 0.13202614379084968 0.07205882352941176
3 0.8254901960784313 0.2338235294117647 0.09281045751633986 0.07058823529411765
9 0.7084967320261437 0.25220588235294117 0.023529411764705882 0.033823529411764704
9 0.6209150326797385 0.21948529411764706 0.04444444444444444 0.04044117647058824
3 0.4620915032679738 0.18345588235294116 0.19215686274509802 0.05955882352941176
6 0.06601307189542484 0.2536764705882353 0.10849673202614378 0.032352941176470584
9 0.7359477124183006 0.2 0.02875816993464052 0.027941176470588233
3 0.8758169934640522 0.15110294117647058 0.07320261437908496 0.05220588235294118
4 0.7071895424836601 0.10110294117647059 0.07058823529411765 0.05955882352941176
3 1.1215686274509804 0.19338235294117648 0.0915032679738562 0.051470588235294115
3 1.054248366013072 0.13272058823529412 0.07973856209150326 0.03897058823529412
3 0.9934640522875816 0.07389705882352941 0.05751633986928104 0.03161764705882353
9 0.7954248366013071 0.06102941176470588 0.011764705882352941 0.01764705882352941
6 0.7542483660130719 0.03860294117647059 0.0261437908496732 0.02426470588235294
3 0.9908496732026143 0.022794117647058822 0.0522875816993464 0.027941176470588233
9 1.037908496732026 0.013602941176470588 0.0130718954248366 0.015441176470588236
3 1.1797385620915033 0.01875 0.09542483660130718 0.021323529411764706
9 1.2137254901960783 0.14816176470588235 0.03529411764705882 0.03161764705882353
9 1.2607843137254902 0.13786764705882354 0.04836601307189542 0.019852941176470587
9 1.3058823529411763 0.1661764705882353 0.065359477124183 0.023529411764705882
1 1.741830065359477 0.3382352941176471 0.03529411764705882 0.027941176470588233
9 1.3169934640522876 0.07867647058823529 0.05620915032679738 0.020588235294117647
9 1.2633986928104575 0.04154411764705882 0.05359477124183006 0.01838235294117647
3 0.7915032679738562 0.009191176470588236 0.05620915032679738 0.019852941176470587
