3 1.5861111111111112 0.128125 0.09444444444444444 0.020833333333333332
3 1.5648148148148149 0.1375 0.0925925925925926 0.020833333333333332
3 1.3907407407407408 0.1328125 0.08888888888888889 0.021875
3 1.2370370370370372 0.0067708333333333336 0.02592592592592593 0.013541666666666667
3 1.0972222222222223 0.013541666666666667 0.02777777777777778 0.0125
3 0.9740740740740741 0.0036458333333333334 0.022222222222222223 0.009375
9 0.8981481481481481 0.008333333333333333 0.007407407407407408 0.010416666666666666
1 0.8972222222222223 0.007291666666666667 0.005555555555555556 0.008333333333333333
3 1.0333333333333334 0.0390625 0.02592592592592593 0.015625
3 0.9768518518518519 0.057291666666666664 0.02777777777777778 0.016666666666666666
3 1.0787037037037037 0.065625 0.024074074074074074 0.016666666666666666
3 0.28611111111111115 0.13489583333333333 0.04259259259259259 0.034375
5 0.3685185185185185 0.1828125 0.12592592592592594 0.03229166666666666
3 1.0777777777777777 0.23541666666666666 0.06296296296296297 0.03333333333333333
3 0.987037037037037 0.2515625 0.04814814814814815 0.03854166666666667
3 0.8916666666666667 0.27239583333333334 0.05740740740740741 0.046875
3 0.7481481481481482 0.14270833333333333 0.04814814814814815 0.027083333333333334
3 0.6796296296296297 0.23802083333333332 0.06296296296296297 0.03854166666666667
3 0.812962962962963 0.4296875 0.08888888888888889 0.078125
4 0.7731481481481481 0.3026041666666667 0.09814814814814815 0.042708333333333334
3 0.2611111111111111 0.17708333333333334 0.0962962962962963 0.029166666666666667
6 0.08796296296296297 0.42135416666666664 0.16481481481481483 0.08645833333333333
3 0.42592592592592593 0.3645833333333333 0.10740740740740741 0.06458333333333333
9 1.0574074074074074 0.12604166666666666 0.014814814814814815 0.016666666666666666
1 1.0583333333333333 0.12343749999999999 0.012962962962962964 0.011458333333333333
