6 0.5435185185185185 0.5046875 0.10555555555555556 0.109375
1 0.5203703703703704 0.47239583333333335 0.040740740740740744 0.040625
6 0.19814814814814816 0.5182291666666666 0.25925925925925924 0.084375
1 0.45555555555555555 0.3875 0.08148148148148149 0.0375
1 0.020370370370370372 0.4197916666666667 0.044444444444444446 0.04791666666666666
6 0.4305555555555556 0.36822916666666666 0.10925925925925926 0.034375
9 0.5703703703703704 0.34270833333333334 0.05185185185185186 0.04375
6 0.46111111111111114 0.34479166666666666 0.1814814814814815 0.04375
6 0.46296296296296297 0.315625 0.17777777777777778 0.03958333333333333
9 0.7222222222222222 0.2984375 0.037037037037037035 0.040625
1 0.7222222222222222 0.2942708333333333 0.037037037037037035 0.040625
9 1.0203703703703704 0.3333333333333333 0.044444444444444446 0.052083333333333336
9 1.0138888888888888 0.28541666666666665 0.061111111111111116 0.03125
9 0.9925925925925926 0.265625 0.040740740740740744 0.03958333333333333
5 0.888888888888889 0.25 0.08148148148148149 0.06666666666666667
6 0.8009259259259259 0.2578125 0.04259259259259259 0.040625
1 0.8018518518518519 0.2484375 0.037037037037037035 0.026041666666666668
1 0.7953703703703704 0.24166666666666667 0.024074074074074074 0.022916666666666665
9 0.7722222222222223 0.19479166666666667 0.02592592592592593 0.025
1 0.7703703703703704 0.18697916666666667 0.022222222222222223 0.021875
6 0.5546296296296297 0.23697916666666666 0.12407407407407407 0.03229166666666666
6 0.5824074074074075 0.18541666666666667 0.13518518518518519 0.0375
6 0.6805555555555556 0.184375 0.07222222222222223 0.025
9 1.2 0.47239583333333335 0.0962962962962963 0.084375
1 1.2046296296296297 0.4666666666666667 0.06851851851851852 0.07083333333333333
1 1.1861111111111111 0.4552083333333333 0.04259259259259259 0.06458333333333333
1 1.1833333333333333 0.44479166666666664 0.02962962962962963 0.025
9 1.213888888888889 0.40989583333333335 0.1388888888888889 0.046875
1 1.2194444444444446 0.40520833333333334 0.0462962962962963 0.07083333333333333
1 1.2416666666666667 0.3984375 0.031481481481481485 0.04895833333333333
1 1.537962962962963 0.37135416666666665 0.0462962962962963 0.051041666666666666
9 1.577777777777778 0.3484375 0.05555555555555556 0.04895833333333333
6 1.500925925925926 0.35885416666666664 0.1462962962962963 0.04479166666666667
3 1.6453703703703704 0.29375 0.19814814814814816 0.06041666666666667
1 1.2055555555555555 0.3229166666666667 0.05185185185185186 0.035416666666666666
1 1.1342592592592593 0.33958333333333335 0.0462962962962963 0.025
1 1.050925925925926 0.24427083333333333 0.03518518518518519 0.030208333333333334
6 1.062962962962963 0.23906249999999998 0.11111111111111112 0.03229166666666666
9 1.2796296296296297 0.20729166666666665 0.05555555555555556 0.022916666666666665
1 1.3 0.18385416666666665 0.022222222222222223 0.019791666666666666
1 1.2824074074074074 0.184375 0.020370370370370372 0.01875
1 1.2537037037037038 0.18385416666666665 0.022222222222222223 0.019791666666666666
6 1.0666666666666667 0.20260416666666667 0.10740740740740741 0.02395833333333333
6 1.0675925925925926 0.18802083333333333 0.11666666666666667 0.028125
6 1.037962962962963 0.16614583333333333 0.10185185185185186 0.021875
6 1.2444444444444445 0.15208333333333332 0.05925925925925926 0.022916666666666665
5 1.2203703703703703 0.12604166666666666 0.1925925925925926 0.0625
6 1.2833333333333334 0.14270833333333333 0.0925925925925926 0.025
6 0.8250000000000001 0.14791666666666667 0.020370370370370372 0.01875
1 0.825925925925926 0.14114583333333333 0.014814814814814815 0.017708333333333333
9 0.9259259259259259 0.14479166666666665 0.044444444444444446 0.020833333333333332
9 0.8870370370370371 0.13489583333333333 0.018518518518518517 0.015625
9 0.9018518518518519 0.11562499999999999 0.014814814814814815 0.016666666666666666
9 0.8703703703703703 0.11770833333333333 0.018518518518518517 0.014583333333333334
9 0.8388888888888889 0.11875 0.018518518518518517 0.014583333333333334
9 0.8333333333333334 0.084375 0.014814814814814815 0.0125
9 0.875 0.06875 0.012962962962962964 0.010416666666666666
1 0.837962962962963 0.11510416666666666 0.016666666666666666 0.015625
1 0.8870370370370371 0.13020833333333334 0.018518518518518517 0.01875
1 0.8694444444444445 0.11302083333333333 0.016666666666666666 0.015625
1 0.9 0.11302083333333333 0.014814814814814815 0.017708333333333333
1 0.8324074074074075 0.08020833333333333 0.012962962962962964 0.0125
1 0.875 0.06666666666666667 0.012962962962962964 0.014583333333333334
6 0.8064814814814815 0.096875 0.016666666666666666 0.016666666666666666
1 0.8055555555555556 0.09270833333333334 0.014814814814814815 0.014583333333333334
4 0.7759259259259259 0.06145833333333333 0.02592592592592593 0.016666666666666666
1 0.9611111111111111 0.0734375 0.011111111111111112 0.009375
9 0.8166666666666667 0.05677083333333333 0.007407407407407408 0.009375
9 0.8462962962962963 0.053125 0.011111111111111112 0.008333333333333333
9 0.8601851851851852 0.052083333333333336 0.009259259259259259 0.008333333333333333
1 0.8175925925925926 0.0546875 0.009259259259259259 0.011458333333333333
1 0.8453703703703704 0.050520833333333334 0.009259259259259259 0.009375
1 0.8592592592592593 0.051041666666666666 0.011111111111111112 0.010416666666666666
6 0.8824074074074074 0.057812499999999996 0.012962962962962964 0.011458333333333333
1 0.8861111111111112 0.05572916666666666 0.009259259259259259 0.007291666666666667
4 0.9425925925925926 0.0515625 0.05185185185185186 0.013541666666666667
3 0.9648148148148149 0.05 0.05185185185185186 0.014583333333333334
4 0.8472222222222222 0.03125 0.016666666666666666 0.010416666666666666
