5 0.7084967320261437 0.31029411764705883 0.7843137254901961 0.125
5 0.765359477124183 0.23823529411764705 0.7019607843137254 0.08088235294117647
5 0.8006535947712418 0.2113970588235294 0.5084967320261438 0.05661764705882353
5 0.8549019607843137 0.17352941176470588 0.5673202614379085 0.07205882352941176
5 0.872549019607843 0.15073529411764705 0.5398692810457516 0.05
5 0.9385620915032679 0.12426470588235294 0.4156862745098039 0.05
5 0.9320261437908496 0.10845588235294118 0.4888888888888889 0.04632352941176471
5 0.8986928104575163 0.07794117647058824 0.35947712418300654 0.044117647058823525
5 0.8098039215686273 0.059926470588235296 0.41437908496732023 0.04338235294117647
5 0.792156862745098 0.03860294117647059 0.4313725490196078 0.0375
5 0.7934640522875817 0.027573529411764705 0.4287581699346405 0.028676470588235293
5 0.788235294117647 0.013602941176470588 0.4287581699346405 0.028676470588235293
5 0.7176470588235294 0.49558823529411766 0.8862745098039215 0.1323529411764706
5 1.2908496732026142 0.01875 0.2549019607843137 0.03897058823529412
