3 0.7935185185185185 0.10416666666666667 0.012962962962962964 0.00625
3 0.7898148148148149 0.13020833333333334 0.016666666666666666 0.00625
3 0.7916666666666667 0.1375 0.016666666666666666 0.00625
3 0.788888888888889 0.14635416666666667 0.018518518518518517 0.009375
3 0.8555555555555556 0.11041666666666666 0.011111111111111112 0.00625
3 0.8592592592592593 0.1140625 0.011111111111111112 0.009375
3 0.7564814814814815 0.14375 0.016666666666666666 0.010416666666666666
3 0.9351851851851852 0.21145833333333333 0.037037037037037035 0.016666666666666666
3 0.8185185185185185 0.1015625 0.011111111111111112 0.005208333333333333
3 0.8305555555555556 0.10572916666666667 0.009259259259259259 0.005208333333333333
3 0.7953703703703704 0.11510416666666666 0.012962962962962964 0.005208333333333333
3 0.7277777777777779 0.1546875 0.022222222222222223 0.011458333333333333
3 0.763888888888889 0.10364583333333333 0.009259259259259259 0.007291666666666667
1 0.700925925925926 0.1828125 0.009259259259259259 0.011458333333333333
1 0.7175925925925927 0.190625 0.009259259259259259 0.010416666666666666
1 0.675 0.20208333333333334 0.009259259259259259 0.010416666666666666
1 0.6527777777777778 0.23489583333333333 0.012962962962962964 0.011458333333333333
1 0.7027777777777778 0.203125 0.009259259259259259 0.010416666666666666
1 0.7064814814814815 0.20989583333333334 0.009259259259259259 0.011458333333333333
1 0.8861111111111112 0.16770833333333332 0.009259259259259259 0.008333333333333333
1 0.9018518518518519 0.16666666666666666 0.007407407407407408 0.010416666666666666
1 0.8981481481481481 0.17864583333333334 0.011111111111111112 0.007291666666666667
1 0.9111111111111111 0.2171875 0.011111111111111112 0.009375
1 0.9101851851851852 0.21562499999999998 0.012962962962962964 0.0125
1 0.9324074074074075 0.24479166666666666 0.012962962962962964 0.016666666666666666
1 0.9055555555555556 0.2598958333333333 0.014814814814814815 0.015625
1 0.9694444444444444 0.29791666666666666 0.016666666666666666 0.016666666666666666
1 1.0138888888888888 0.29270833333333335 0.020370370370370372 0.01875
1 1.0296296296296297 0.3692708333333333 0.018518518518518517 0.02395833333333333
1 0.7666666666666667 0.3494791666666667 0.022222222222222223 0.021875
1 1.0027777777777778 0.5255208333333333 0.024074074074074074 0.03229166666666666
9 1.1537037037037037 0.378125 0.04814814814814815 0.020833333333333332
9 1.0 0.5385416666666667 0.02592592592592593 0.03125
9 1.025925925925926 0.37916666666666665 0.018518518518518517 0.014583333333333334
9 1.011111111111111 0.3 0.011111111111111112 0.014583333333333334
9 0.9685185185185186 0.303125 0.018518518518518517 0.016666666666666666
9 0.9314814814814815 0.2515625 0.014814814814814815 0.015625
9 0.9037037037037038 0.2661458333333333 0.014814814814814815 0.015625
9 0.912962962962963 0.22083333333333333 0.011111111111111112 0.010416666666666666
9 0.8981481481481481 0.18177083333333333 0.014814814814814815 0.007291666666666667
9 0.9027777777777778 0.1703125 0.012962962962962964 0.009375
9 0.8842592592592593 0.17135416666666667 0.012962962962962964 0.007291666666666667
9 0.7018518518518518 0.18802083333333333 0.011111111111111112 0.009375
9 0.7185185185185186 0.19583333333333333 0.007407407407407408 0.010416666666666666
9 0.675 0.20833333333333334 0.016666666666666666 0.010416666666666666
9 0.6518518518518519 0.240625 0.014814814814814815 0.0125
9 0.7018518518518518 0.20781249999999998 0.011111111111111112 0.011458333333333333
9 0.7064814814814815 0.21510416666666665 0.012962962962962964 0.013541666666666667
9 0.7685185185185186 0.3572916666666667 0.018518518518518517 0.025
2 0.48888888888888893 0.3296875 0.040740740740740744 0.015625
9 0.36388888888888893 0.3338541666666667 0.06481481481481481 0.019791666666666666
1 0.4 0.41041666666666665 0.018518518518518517 0.01875
1 0.4138888888888889 0.4119791666666667 0.012962962962962964 0.015625
1 0.42685185185185187 0.40989583333333335 0.024074074074074074 0.03229166666666666
2 1.3148148148148149 0.3807291666666667 0.044444444444444446 0.017708333333333333
