1 0.4032679738562091 0.4588235294117647 0.058823529411764705 0.057352941176470586
9 0.4091503267973856 0.46654411764705883 0.08104575163398692 0.05514705882352941
4 1.3666666666666665 0.04742647058823529 0.134640522875817 0.05220588235294118
9 1.3640522875816992 0.0125 0.05359477124183006 0.020588235294117647
4 1.4235294117647057 0.03051470588235294 0.13594771241830064 0.04044117647058824
3 1.4882352941176469 0.015441176470588236 0.14248366013071895 0.032352941176470584
4 1.5464052287581698 0.010661764705882353 0.12287581699346405 0.022794117647058822
3 1.0209150326797385 0.1290441176470588 0.15947712418300652 0.06102941176470588
3 0.8294117647058823 0.13933823529411765 0.19999999999999998 0.06102941176470588
3 0.7627450980392156 0.10294117647058823 0.18169934640522875 0.060294117647058824
2 0.8470588235294118 0.044117647058823525 0.05751633986928104 0.026470588235294117
9 0.630718954248366 0.054044117647058826 0.06143790849673202 0.027205882352941177
4 0.615032679738562 0.09595588235294117 0.16862745098039214 0.05808823529411765
3 0.5261437908496732 0.07941176470588235 0.1477124183006536 0.05
4 0.49084967320261436 0.04852941176470588 0.17124183006535945 0.051470588235294115
1 0.1241830065359477 0.17610294117647057 0.0522875816993464 0.03602941176470588
9 0.11699346405228757 0.18125 0.050980392156862744 0.04485294117647059
4 0.4111111111111111 0.01801470588235294 0.16601307189542483 0.0375
