6 1.3935185185185186 0.2953125 0.09074074074074075 0.02395833333333333
1 0.6240740740740741 0.3416666666666667 0.02592592592592593 0.03125
9 0.6203703703703703 0.35052083333333334 0.06296296296296297 0.02395833333333333
1 1.0620370370370371 0.37916666666666665 0.031481481481481485 0.029166666666666667
9 1.0601851851851851 0.3859375 0.03888888888888889 0.03229166666666666
1 1.2601851851851853 0.22864583333333333 0.016666666666666666 0.02395833333333333
1 1.2574074074074075 0.2421875 0.02962962962962963 0.030208333333333334
1 0.9648148148148149 0.1859375 0.022222222222222223 0.017708333333333333
1 0.987962962962963 0.2515625 0.016666666666666666 0.021875
1 0.950925925925926 0.24427083333333333 0.020370370370370372 0.02395833333333333
9 0.950925925925926 0.25364583333333335 0.0462962962962963 0.02395833333333333
1 0.9222222222222223 0.18697916666666667 0.018518518518518517 0.015625
1 0.8703703703703703 0.20781249999999998 0.018518518518518517 0.015625
