3 0.7647058823529411 0.3422794117647059 0.05751633986928104 0.027205882352941177
3 0.9124183006535947 0.29448529411764707 0.04183006535947712 0.019852941176470587
3 0.8496732026143791 0.2323529411764706 0.03660130718954248 0.01764705882352941
3 0.7954248366013071 0.21764705882352942 0.0326797385620915 0.014705882352941176
3 0.9869281045751633 0.21544117647058822 0.0261437908496732 0.011764705882352941
3 0.9633986928104574 0.19669117647058823 0.023529411764705882 0.011029411764705881
8 0.7549019607843137 0.17904411764705883 0.04836601307189542 0.021323529411764706
5 1.2385620915032678 0.18345588235294116 0.03790849673202614 0.027205882352941177
5 1.3699346405228756 0.14522058823529413 0.07058823529411765 0.013970588235294117
5 0.8967320261437908 0.13014705882352942 0.02091503267973856 0.004411764705882353
5 0.973202614379085 0.11764705882352941 0.02483660130718954 0.010294117647058823
5 1.6901960784313725 0.15404411764705883 0.07581699346405228 0.019852941176470587
3 1.634640522875817 0.15514705882352942 0.0457516339869281 0.008823529411764706
3 1.1529411764705881 0.10661764705882353 0.00522875816993464 0.0029411764705882353
3 1.0712418300653594 0.09669117647058824 0.0065359477124183 0.003676470588235294
3 1.0862745098039215 0.10110294117647059 0.00522875816993464 0.0022058823529411764
3 1.095424836601307 0.10514705882352941 0.00522875816993464 0.0029411764705882353
3 1.0875816993464051 0.1113970588235294 0.00522875816993464 0.003676470588235294
3 1.0875816993464051 0.1161764705882353 0.00522875816993464 0.0029411764705882353
8 1.0594771241830065 0.11323529411764706 0.011764705882352941 0.007352941176470588
8 1.0470588235294116 0.10882352941176471 0.01045751633986928 0.007352941176470588
8 1.11437908496732 0.1150735294117647 0.011764705882352941 0.008088235294117646
4 1.026797385620915 0.17352941176470588 0.0196078431372549 0.011764705882352941
3 0.9503267973856209 0.16286764705882353 0.01568627450980392 0.006617647058823529
