3 1.0562091503267974 0.4632352941176471 0.07058823529411765 0.0661764705882353
4 1.041830065359477 0.3845588235294118 0.065359477124183 0.052941176470588235
3 0.8836601307189542 0.3290441176470588 0.0522875816993464 0.03602941176470588
3 0.8032679738562091 0.23272058823529412 0.04052287581699346 0.030147058823529412
3 0.884313725490196 0.21213235294117647 0.04052287581699346 0.025735294117647058
3 0.8777777777777778 0.15404411764705883 0.027450980392156862 0.019852941176470587
3 0.8895424836601307 0.11580882352941177 0.03006535947712418 0.016911764705882352
3 0.8901960784313725 0.09227941176470589 0.0261437908496732 0.015441176470588236
3 0.8281045751633986 0.08639705882352941 0.02483660130718954 0.016911764705882352
3 0.7790849673202613 0.09301470588235294 0.0261437908496732 0.015441176470588236
3 0.5771241830065359 0.4264705882352941 0.09542483660130718 0.06470588235294117
3 0.5117647058823529 0.5172794117647058 0.10849673202614378 0.0875
3 0.2915032679738562 0.37022058823529413 0.0915032679738562 0.04926470588235294
3 0.357516339869281 0.31948529411764703 0.08758169934640522 0.04632352941176471
4 0.34967320261437906 0.13051470588235295 0.05359477124183006 0.021323529411764706
4 0.08169934640522876 0.5327205882352941 0.14509803921568626 0.05808823529411765
5 0.6320261437908496 0.3095588235294118 0.09019607843137255 0.08088235294117647
5 0.9895424836601306 0.2301470588235294 0.054901960784313725 0.051470588235294115
4 1.464705882352941 0.5121323529411764 0.14248366013071895 0.09926470588235294
3 1.3967320261437908 0.4389705882352941 0.09803921568627451 0.06764705882352941
3 1.3019607843137253 0.44191176470588234 0.09673202614379084 0.0661764705882353
3 1.3281045751633986 0.36433823529411763 0.0784313725490196 0.05661764705882353
3 1.2601307189542483 0.3738970588235294 0.08366013071895424 0.05514705882352941
3 1.2745098039215685 0.28602941176470587 0.04967320261437908 0.03529411764705882
3 1.218954248366013 0.18125 0.05620915032679738 0.028676470588235293
3 1.2065359477124182 0.2889705882352941 0.06274509803921569 0.03823529411764706
3 1.2908496732026142 0.2261029411764706 0.06143790849673202 0.03308823529411765
3 1.3183006535947712 0.25183823529411764 0.10326797385620914 0.03897058823529412
6 1.3836601307189542 0.2746323529411765 0.03529411764705882 0.02426470588235294
6 1.4156862745098038 0.32573529411764707 0.05751633986928104 0.033823529411764704
5 0.9725490196078431 0.1463235294117647 0.047058823529411764 0.04264705882352941
5 0.9594771241830065 0.10551470588235294 0.03660130718954248 0.03161764705882353
5 0.9529411764705882 0.07941176470588235 0.03660130718954248 0.025
4 0.9450980392156862 0.05110294117647059 0.01830065359477124 0.019852941176470587
3 0.8856209150326797 0.06323529411764706 0.02222222222222222 0.014705882352941176
3 0.884313725490196 0.07647058823529412 0.0196078431372549 0.010294117647058823
3 0.8947712418300653 0.05183823529411764 0.01699346405228758 0.011029411764705881
5 0.8973856209150326 0.03676470588235294 0.027450980392156862 0.020588235294117647
5 0.937908496732026 0.027573529411764705 0.02222222222222222 0.013970588235294117
5 0.8542483660130719 0.027573529411764705 0.027450980392156862 0.021323529411764706
3 0.8222222222222222 0.01213235294117647 0.01568627450980392 0.008088235294117646
3 0.8235294117647058 0.005147058823529412 0.0130718954248366 0.007352941176470588
4 0.7790849673202613 0.04301470588235294 0.0392156862745098 0.011029411764705881
3 0.7777777777777777 0.032352941176470584 0.02091503267973856 0.010294117647058823
3 0.618954248366013 0.027573529411764705 0.0326797385620915 0.011029411764705881
3 0.6320261437908496 0.02463235294117647 0.03790849673202614 0.008088235294117646
3 0.6477124183006535 0.013970588235294117 0.0326797385620915 0.008823529411764706
3 0.6522875816993463 0.01213235294117647 0.03137254901960784 0.006617647058823529
3 0.6594771241830065 0.009191176470588236 0.03006535947712418 0.008088235294117646
3 0.6509803921568627 0.003676470588235294 0.01568627450980392 0.007352941176470588
4 0.7359477124183006 0.021691176470588235 0.04444444444444444 0.011029411764705881
3 0.7339869281045751 0.028676470588235293 0.04052287581699346 0.0058823529411764705
3 0.7294117647058823 0.03161764705882353 0.03660130718954248 0.0058823529411764705
3 0.7496732026143791 0.013235294117647059 0.043137254901960784 0.008823529411764706
3 0.7529411764705882 0.009558823529411765 0.03398692810457516 0.007352941176470588
3 0.7509803921568627 0.007720588235294118 0.0326797385620915 0.008088235294117646
3 0.90718954248366 0.020955882352941175 0.01830065359477124 0.009558823529411765
5 0.8928104575163398 0.02389705882352941 0.02091503267973856 0.015441176470588236
3 0.9163398692810457 0.009558823529411765 0.01568627450980392 0.007352941176470588
3 0.9137254901960784 0.002573529411764706 0.01568627450980392 0.006617647058823529
9 0.9169934640522875 0.059926470588235296 0.0065359477124183 0.008088235294117646
2 1.2790849673202613 0.18529411764705883 0.01699346405228758 0.013235294117647059
2 1.472549019607843 0.3220588235294118 0.027450980392156862 0.01911764705882353
2 1.4581699346405228 0.3205882352941176 0.04052287581699346 0.013235294117647059
9 1.4588235294117646 0.3367647058823529 0.01830065359477124 0.022058823529411763
