9 1.4342592592592593 0.27760416666666665 0.020370370370370372 0.011458333333333333
3 1.2555555555555555 0.1671875 0.03333333333333333 0.007291666666666667
3 1.325 0.18541666666666667 0.03518518518518519 0.010416666666666666
3 1.387962962962963 0.178125 0.03518518518518519 0.00625
3 1.4296296296296296 0.18177083333333333 0.02962962962962963 0.007291666666666667
3 1.387962962962963 0.16510416666666666 0.031481481481481485 0.007291666666666667
3 1.525925925925926 0.1625 0.02592592592592593 0.00625
3 1.550925925925926 0.1625 0.024074074074074074 0.00625
3 1.5824074074074075 0.16197916666666667 0.02777777777777778 0.007291666666666667
3 1.0037037037037038 0.17552083333333332 0.03333333333333333 0.007291666666666667
9 0.8444444444444444 0.24583333333333332 0.011111111111111112 0.010416666666666666
9 0.9805555555555556 0.5557291666666666 0.024074074074074074 0.011458333333333333
2 0.7527777777777778 0.378125 0.012962962962962964 0.014583333333333334
1 0.7537037037037038 0.37447916666666664 0.014814814814814815 0.013541666666666667
3 0.6888888888888889 0.37395833333333334 0.044444444444444446 0.029166666666666667
3 0.04537037037037037 0.48854166666666665 0.09444444444444444 0.05416666666666667
3 0.41111111111111115 0.39791666666666664 0.06296296296296297 0.0375
3 0.525 0.29270833333333335 0.03518518518518519 0.01875
4 0.7944444444444445 0.17552083333333332 0.02962962962962963 0.009375
4 0.7546296296296297 0.17135416666666667 0.020370370370370372 0.009375
3 0.737962962962963 0.2557291666666667 0.024074074074074074 0.013541666666666667
3 0.6759259259259259 0.21770833333333334 0.037037037037037035 0.010416666666666666
3 0.6370370370370371 0.15989583333333332 0.014814814814814815 0.007291666666666667
3 0.6425925925925926 0.14010416666666667 0.014814814814814815 0.005208333333333333
3 0.6722222222222223 0.14322916666666666 0.014814814814814815 0.005208333333333333
3 0.7222222222222222 0.14010416666666667 0.011111111111111112 0.005208333333333333
3 0.7444444444444445 0.13802083333333334 0.011111111111111112 0.005208333333333333
3 0.6925925925925926 0.13854166666666667 0.011111111111111112 0.004166666666666667
3 0.7824074074074074 0.14270833333333333 0.024074074074074074 0.00625
3 0.788888888888889 0.13854166666666667 0.011111111111111112 0.004166666666666667
3 0.7092592592592593 0.14479166666666665 0.011111111111111112 0.00625
3 0.7018518518518518 0.15364583333333334 0.014814814814814815 0.005208333333333333
3 0.6953703703703704 0.159375 0.012962962962962964 0.00625
3 0.6907407407407408 0.17447916666666666 0.014814814814814815 0.007291666666666667
3 0.7268518518518519 0.1546875 0.012962962962962964 0.005208333333333333
3 0.6509259259259259 0.17916666666666667 0.016666666666666666 0.008333333333333333
3 0.6935185185185185 0.18697916666666667 0.020370370370370372 0.007291666666666667
5 0.725 0.17864583333333334 0.012962962962962964 0.007291666666666667
4 0.7222222222222222 0.17291666666666666 0.011111111111111112 0.010416666666666666
3 0.7138888888888889 0.16666666666666666 0.012962962962962964 0.00625
9 0.6759259259259259 0.26666666666666666 0.007407407407407408 0.010416666666666666
1 0.6768518518518519 0.2640625 0.009259259259259259 0.009375
9 0.49722222222222223 0.2630208333333333 0.009259259259259259 0.009375
1 0.4962962962962963 0.26145833333333335 0.007407407407407408 0.008333333333333333
1 0.49722222222222223 0.2609375 0.009259259259259259 0.009375
