3 0.5324074074074074 0.25625 0.05 0.01875
3 0.6092592592592593 0.24114583333333334 0.06296296296296297 0.019791666666666666
5 0.8787037037037038 0.23697916666666666 0.16111111111111112 0.06145833333333333
5 0.9555555555555556 0.20052083333333334 0.12962962962962962 0.046875
3 0.8268518518518518 0.17135416666666667 0.04259259259259259 0.015625
4 0.8916666666666667 0.17083333333333334 0.04259259259259259 0.01875
3 0.875 0.16354166666666667 0.03888888888888889 0.0125
4 1.0564814814814816 0.13229166666666667 0.031481481481481485 0.0125
3 0.975925925925926 0.14583333333333334 0.02592592592592593 0.010416666666666666
3 1.0574074074074074 0.13802083333333334 0.02962962962962963 0.009375
3 1.037037037037037 0.20416666666666666 0.044444444444444446 0.014583333333333334
3 1.0703703703703704 0.20885416666666667 0.040740740740740744 0.015625
3 1.0796296296296297 0.178125 0.037037037037037035 0.0125
3 1.1305555555555555 0.17760416666666667 0.03518518518518519 0.011458333333333333
3 1.088888888888889 0.18854166666666666 0.037037037037037035 0.0125
3 1.1583333333333334 0.18385416666666665 0.03888888888888889 0.013541666666666667
5 1.1157407407407407 0.19479166666666667 0.05 0.01875
5 1.525925925925926 0.08385416666666666 0.02592592592592593 0.011458333333333333
5 1.5907407407407408 0.0765625 0.044444444444444446 0.013541666666666667
3 1.413888888888889 0.10052083333333334 0.024074074074074074 0.009375
3 1.3148148148148149 0.1203125 0.02592592592592593 0.009375
3 1.287037037037037 0.11927083333333333 0.022222222222222223 0.007291666666666667
3 1.3046296296296296 0.11510416666666666 0.020370370370370372 0.009375
4 1.4861111111111112 0.17760416666666667 0.03518518518518519 0.019791666666666666
3 1.5064814814814815 0.1265625 0.024074074074074074 0.009375
1 0.8925925925925926 0.29791666666666666 0.011111111111111112 0.0125
9 0.8935185185185186 0.30364583333333334 0.020370370370370372 0.015625
1 0.6055555555555556 0.2515625 0.011111111111111112 0.013541666666666667
1 0.6231481481481481 0.25416666666666665 0.012962962962962964 0.010416666666666666
9 0.6212962962962963 0.25677083333333334 0.020370370370370372 0.013541666666666667
9 0.6046296296296296 0.2552083333333333 0.016666666666666666 0.0125
