5 1.1653594771241829 0.27941176470588236 0.11895424836601307 0.0838235294117647
5 0.9156862745098039 0.15294117647058825 0.0326797385620915 0.016176470588235292
5 0.9581699346405228 0.15919117647058822 0.0261437908496732 0.016911764705882352
5 0.20718954248366012 0.23161764705882354 0.16601307189542483 0.033823529411764704
4 0.18235294117647058 0.20330882352941176 0.0457516339869281 0.015441176470588236
5 0.21111111111111108 0.22977941176470587 0.15816993464052287 0.028676470588235293
3 0.3071895424836601 0.21875 0.07320261437908496 0.013970588235294117
3 0.3555555555555555 0.20551470588235293 0.07058823529411765 0.0125
3 0.9065359477124182 0.1963235294117647 0.02483660130718954 0.013235294117647059
5 0.8163398692810457 0.1525735294117647 0.01437908496732026 0.008088235294117646
3 0.8294117647058823 0.13897058823529412 0.01437908496732026 0.0058823529411764705
3 0.7999999999999999 0.13529411764705881 0.01045751633986928 0.0058823529411764705
4 0.8124183006535947 0.1363970588235294 0.011764705882352941 0.006617647058823529
3 0.8202614379084967 0.13419117647058823 0.011764705882352941 0.006617647058823529
5 0.9281045751633986 0.13933823529411765 0.02091503267973856 0.016911764705882352
4 1.2549019607843137 0.2088235294117647 0.02875816993464052 0.016176470588235292
3 1.1928104575163399 0.21286764705882352 0.0326797385620915 0.0125
3 1.2202614379084966 0.18676470588235294 0.02483660130718954 0.010294117647058823
3 1.1620915032679737 0.20404411764705882 0.0261437908496732 0.0125
3 1.1503267973856208 0.19669117647058823 0.02875816993464052 0.011029411764705881
3 1.134640522875817 0.1922794117647059 0.02875816993464052 0.009558823529411765
3 1.1222222222222222 0.18639705882352942 0.02483660130718954 0.009558823529411765
3 1.2019607843137254 0.2036764705882353 0.027450980392156862 0.010294117647058823
3 1.1823529411764706 0.1974264705882353 0.02483660130718954 0.011029411764705881
3 1.1692810457516338 0.19117647058823528 0.02483660130718954 0.008823529411764706
3 1.2084967320261437 0.1948529411764706 0.02483660130718954 0.008823529411764706
3 1.1888888888888889 0.18713235294117647 0.02483660130718954 0.009558823529411765
3 1.0176470588235293 0.15808823529411764 0.01699346405228758 0.007352941176470588
3 1.1098039215686273 0.18125 0.023529411764705882 0.009558823529411765
3 1.1013071895424835 0.17463235294117646 0.02483660130718954 0.009558823529411765
3 1.092156862745098 0.17095588235294118 0.02483660130718954 0.009558823529411765
4 1.084313725490196 0.16691176470588234 0.02483660130718954 0.011764705882352941
3 1.076470588235294 0.16323529411764706 0.02483660130718954 0.008823529411764706
4 1.0529411764705883 0.15735294117647058 0.01699346405228758 0.007352941176470588
3 1.172549019607843 0.19044117647058822 0.023529411764705882 0.008823529411764706
3 1.1529411764705881 0.18639705882352942 0.023529411764705882 0.008088235294117646
3 1.1431372549019607 0.18125 0.02222222222222222 0.008088235294117646
3 1.1320261437908496 0.1775735294117647 0.023529411764705882 0.008088235294117646
3 1.122875816993464 0.1738970588235294 0.023529411764705882 0.008088235294117646
3 1.1130718954248364 0.16875 0.02222222222222222 0.008088235294117646
3 1.0980392156862744 0.16433823529411765 0.023529411764705882 0.008088235294117646
3 1.1745098039215685 0.1827205882352941 0.02222222222222222 0.008088235294117646
3 1.1640522875816992 0.17904411764705883 0.02222222222222222 0.008088235294117646
3 1.1516339869281045 0.17463235294117646 0.02091503267973856 0.008088235294117646
3 1.1444444444444444 0.1713235294117647 0.02222222222222222 0.007352941176470588
3 1.1352941176470588 0.16875 0.02222222222222222 0.008088235294117646
3 1.111111111111111 0.16286764705882353 0.02091503267973856 0.008088235294117646
3 1.0758169934640522 0.15808823529411764 0.01830065359477124 0.004411764705882353
3 1.069281045751634 0.15588235294117647 0.01830065359477124 0.004411764705882353
4 1.0980392156862744 0.1577205882352941 0.02091503267973856 0.008088235294117646
4 1.184313725490196 0.17352941176470588 0.02091503267973856 0.008823529411764706
4 1.172549019607843 0.17095588235294118 0.02091503267973856 0.008088235294117646
4 1.1967320261437908 0.16691176470588234 0.01699346405228758 0.007352941176470588
4 1.1653594771241829 0.1650735294117647 0.01699346405228758 0.006617647058823529
5 1.2084967320261437 0.17683823529411766 0.0326797385620915 0.015441176470588236
5 1.226797385620915 0.16875 0.03790849673202614 0.02426470588235294
5 1.276470588235294 0.17463235294117646 0.0326797385620915 0.021323529411764706
5 1.2522875816993464 0.16654411764705881 0.03660130718954248 0.022794117647058822
5 1.222222222222222 0.1525735294117647 0.0392156862745098 0.015441176470588236
5 1.192156862745098 0.1488970588235294 0.01568627450980392 0.011029411764705881
5 1.1699346405228757 0.14595588235294119 0.01568627450980392 0.011029411764705881
5 1.1372549019607843 0.14448529411764705 0.023529411764705882 0.011029411764705881
5 1.1078431372549018 0.14448529411764705 0.02483660130718954 0.013970588235294117
5 1.1437908496732025 0.15698529411764706 0.04967320261437908 0.016911764705882352
3 0.8366013071895424 0.13125 0.0130718954248366 0.005147058823529412
3 0.8549019607843137 0.1297794117647059 0.0130718954248366 0.005147058823529412
3 0.9529411764705882 0.13897058823529412 0.0130718954248366 0.0058823529411764705
