3 0.661437908496732 0.3838235294117647 0.08104575163398692 0.07352941176470588
3 0.07124183006535947 0.21433823529411763 0.14509803921568626 0.0375
3 0.09869281045751634 0.19191176470588234 0.1372549019607843 0.027941176470588233
4 0.14705882352941174 0.16911764705882354 0.15294117647058822 0.04264705882352941
3 0.37516339869281046 0.046691176470588236 0.08627450980392157 0.021323529411764706
3 0.4620915032679738 0.004411764705882353 0.07450980392156863 0.010294117647058823
9 0.9398692810457515 0.4658088235294118 0.0261437908496732 0.03455882352941177
1 0.9385620915032679 0.46102941176470585 0.023529411764705882 0.023529411764705882
4 1.0856209150326797 0.5213235294117647 0.08758169934640522 0.07647058823529412
2 0.757516339869281 0.25477941176470587 0.011764705882352941 0.022794117647058822
1 0.8810457516339869 0.27536764705882355 0.01568627450980392 0.01838235294117647
2 0.8810457516339869 0.2801470588235294 0.02091503267973856 0.025
9 1.0137254901960784 0.24154411764705883 0.02222222222222222 0.021323529411764706
3 0.9673202614379084 0.20698529411764705 0.0522875816993464 0.04191176470588235
3 0.8692810457516339 0.1775735294117647 0.04967320261437908 0.03161764705882353
1 0.9287581699346404 0.15588235294117647 0.01699346405228758 0.016176470588235292
6 0.926797385620915 0.1588235294117647 0.02875816993464052 0.025
9 0.9718954248366012 0.14044117647058824 0.0196078431372549 0.032352941176470584
2 1.0294117647058822 0.15073529411764705 0.01699346405228758 0.020588235294117647
1 0.8117647058823528 0.06985294117647059 0.0130718954248366 0.014705882352941176
1 0.8065359477124182 0.04375 0.0130718954248366 0.0125
9 0.8058823529411764 0.04852941176470588 0.011764705882352941 0.011764705882352941
9 0.811111111111111 0.075 0.011764705882352941 0.013235294117647059
5 0.7450980392156862 0.02536764705882353 0.04444444444444444 0.03161764705882353
4 0.9320261437908496 0.054411764705882354 0.03398692810457516 0.026470588235294117
6 0.6568627450980392 0.29705882352941176 0.09542483660130718 0.027941176470588233
9 1.2869281045751633 0.4886029411764706 0.06666666666666667 0.022794117647058822
9 1.703921568627451 0.30625 0.02222222222222222 0.021323529411764706
1 1.765359477124183 0.2908088235294118 0.02222222222222222 0.01838235294117647
