3 1.569281045751634 0.38676470588235295 0.09281045751633986 0.032352941176470584
5 1.0745098039215686 0.26433823529411765 0.06274509803921569 0.04191176470588235
5 1.0058823529411764 0.22426470588235295 0.058823529411764705 0.032352941176470584
3 0.8888888888888888 0.24080882352941177 0.03137254901960784 0.01838235294117647
1 0.8653594771241829 0.45992647058823527 0.02875816993464052 0.025735294117647058
9 0.8640522875816993 0.46544117647058825 0.0261437908496732 0.032352941176470584
5 0.10261437908496732 0.26801470588235293 0.10326797385620914 0.022794117647058822
5 0.03137254901960784 0.2933823529411765 0.065359477124183 0.023529411764705882
3 1.2790849673202613 0.2650735294117647 0.050980392156862744 0.01838235294117647
3 1.2346405228758168 0.2514705882352941 0.04052287581699346 0.016176470588235292
3 1.2869281045751633 0.2511029411764706 0.0457516339869281 0.015441176470588236
3 1.2529411764705882 0.24044117647058824 0.03790849673202614 0.016176470588235292
3 1.2124183006535947 0.2400735294117647 0.043137254901960784 0.015441176470588236
3 1.1836601307189543 0.22977941176470587 0.03529411764705882 0.013970588235294117
3 1.2294117647058822 0.23088235294117646 0.043137254901960784 0.014705882352941176
3 1.2705882352941176 0.23161764705882354 0.03660130718954248 0.013235294117647059
3 1.2470588235294118 0.22169117647058822 0.03398692810457516 0.011029411764705881
3 1.2241830065359476 0.21580882352941178 0.03529411764705882 0.0125
3 1.2013071895424836 0.22095588235294117 0.03398692810457516 0.011029411764705881
3 1.1823529411764706 0.21286764705882352 0.027450980392156862 0.009558823529411765
3 1.203267973856209 0.20808823529411766 0.03006535947712418 0.010294117647058823
5 1.1640522875816992 0.22205882352941175 0.03529411764705882 0.014705882352941176
3 1.1777777777777776 0.19852941176470587 0.0261437908496732 0.010294117647058823
3 1.142483660130719 0.21323529411764705 0.03398692810457516 0.014705882352941176
3 1.1666666666666665 0.20588235294117646 0.027450980392156862 0.010294117647058823
3 1.126797385620915 0.2077205882352941 0.02875816993464052 0.0125
3 1.1503267973856208 0.20073529411764707 0.0261437908496732 0.010294117647058823
4 1.3019607843137253 0.2400735294117647 0.0392156862745098 0.016911764705882352
3 1.2862745098039214 0.22095588235294117 0.03660130718954248 0.013970588235294117
5 1.3006535947712417 0.18860294117647058 0.0915032679738562 0.03602941176470588
5 1.2477124183006536 0.17095588235294118 0.04836601307189542 0.02426470588235294
5 1.1718954248366011 0.17683823529411766 0.05620915032679738 0.022794117647058822
5 1.1065359477124181 0.1588235294117647 0.04052287581699346 0.01911764705882353
5 1.1450980392156862 0.15808823529411764 0.03660130718954248 0.013235294117647059
5 1.1777777777777776 0.15698529411764706 0.03398692810457516 0.013970588235294117
5 1.1986928104575163 0.16176470588235295 0.0392156862745098 0.013235294117647059
5 1.2673202614379084 0.20661764705882352 0.043137254901960784 0.022058823529411763
3 1.2431372549019608 0.20477941176470588 0.02875816993464052 0.0125
3 1.2248366013071894 0.1988970588235294 0.02875816993464052 0.011029411764705881
3 1.2058823529411764 0.19448529411764706 0.02483660130718954 0.009558823529411765
3 1.2320261437908495 0.18860294117647058 0.02222222222222222 0.008088235294117646
5 1.222875816993464 0.1827205882352941 0.0326797385620915 0.0125
3 1.1980392156862745 0.1875 0.027450980392156862 0.010294117647058823
3 1.16078431372549 0.19338235294117648 0.01830065359477124 0.007352941176470588
3 0.8692810457516339 0.16433823529411765 0.01568627450980392 0.008088235294117646
3 0.9477124183006536 0.16323529411764706 0.01830065359477124 0.007352941176470588
5 0.8993464052287581 0.14816176470588235 0.03137254901960784 0.027205882352941177
3 0.8647058823529411 0.15735294117647058 0.0196078431372549 0.008823529411764706
8 0.9124183006535947 0.13713235294117646 0.01830065359477124 0.015441176470588236
3 0.7745098039215685 0.14558823529411766 0.01437908496732026 0.0058823529411764705
3 0.7490196078431373 0.1650735294117647 0.0130718954248366 0.009558823529411765
3 0.745751633986928 0.15735294117647058 0.01437908496732026 0.007352941176470588
3 0.7810457516339869 0.1426470588235294 0.01437908496732026 0.0058823529411764705
3 0.8209150326797385 0.1411764705882353 0.01568627450980392 0.0058823529411764705
3 0.7660130718954248 0.14816176470588235 0.0130718954248366 0.006617647058823529
3 0.7954248366013071 0.1463235294117647 0.011764705882352941 0.0058823529411764705
3 0.5620915032679739 0.14558823529411766 0.01568627450980392 0.0058823529411764705
3 0.5398692810457516 0.15 0.01568627450980392 0.007352941176470588
3 0.4941176470588235 0.15036764705882352 0.02091503267973856 0.008088235294117646
3 0.5111111111111111 0.14411764705882352 0.0130718954248366 0.0058823529411764705
3 1.1254901960784314 0.2025735294117647 0.02875816993464052 0.011029411764705881
3 1.1398692810457516 0.18823529411764706 0.023529411764705882 0.010294117647058823
3 1.0529411764705883 0.17610294117647057 0.02222222222222222 0.008088235294117646
4 1.11437908496732 0.1974264705882353 0.02483660130718954 0.0125
4 1.0973856209150326 0.19411764705882353 0.02222222222222222 0.010294117647058823
4 1.0973856209150326 0.18823529411764706 0.03006535947712418 0.011764705882352941
4 1.1045751633986927 0.175 0.023529411764705882 0.010294117647058823
3 1.0784313725490196 0.1786764705882353 0.02091503267973856 0.007352941176470588
3 1.115032679738562 0.17977941176470588 0.02091503267973856 0.008088235294117646
3 1.1287581699346405 0.18345588235294116 0.0196078431372549 0.008088235294117646
3 1.0470588235294116 0.17095588235294118 0.01830065359477124 0.008088235294117646
3 1.0509803921568626 0.17316176470588235 0.01830065359477124 0.008088235294117646
