3 1.3163398692810457 0.45 0.12810457516339868 0.047058823529411764
3 1.1098039215686273 0.425 0.06797385620915032 0.047058823529411764
3 1.092156862745098 0.37463235294117647 0.06143790849673202 0.0375
3 0.6993464052287581 0.29558823529411765 0.054901960784313725 0.032352941176470584
3 0.730718954248366 0.26691176470588235 0.04967320261437908 0.025
3 0.7640522875816993 0.24448529411764705 0.04836601307189542 0.019852941176470587
3 1.0398692810457515 0.32941176470588235 0.10326797385620914 0.03529411764705882
3 1.030065359477124 0.26066176470588237 0.04444444444444444 0.022794117647058822
3 1.011764705882353 0.23786764705882352 0.07058823529411765 0.02426470588235294
3 0.8777777777777778 0.16875 0.027450980392156862 0.015441176470588236
3 0.5326797385620915 0.3724264705882353 0.11895424836601307 0.04191176470588235
3 0.11633986928104574 0.4875 0.21176470588235294 0.060294117647058824
3 0.08104575163398692 0.5334558823529412 0.16470588235294117 0.05514705882352941
3 1.6470588235294117 0.5349264705882353 0.17516339869281045 0.05220588235294118
3 1.0483660130718953 0.3088235294117647 0.09673202614379084 0.033823529411764704
3 1.0437908496732025 0.2893382352941176 0.08758169934640522 0.030147058823529412
3 1.0830065359477123 0.20147058823529412 0.03529411764705882 0.01764705882352941
3 1.0196078431372548 0.21029411764705883 0.04444444444444444 0.01911764705882353
3 1.018954248366013 0.1988970588235294 0.0326797385620915 0.015441176470588236
3 1.007843137254902 0.18455882352941178 0.03398692810457516 0.022058823529411763
3 1.030718954248366 0.17058823529411765 0.06405228758169934 0.016176470588235292
3 1.0098039215686274 0.1625 0.0326797385620915 0.016176470588235292
3 0.8405228758169934 0.13125 0.0261437908496732 0.0125
3 0.7620915032679738 0.22352941176470587 0.047058823529411764 0.022058823529411763
1 0.9601307189542483 0.31176470588235294 0.01437908496732026 0.01911764705882353
1 0.9745098039215686 0.12169117647058823 0.0065359477124183 0.008088235294117646
1 0.9718954248366012 0.12205882352941176 0.0065359477124183 0.007352941176470588
1 0.9973856209150326 0.12463235294117647 0.00784313725490196 0.006617647058823529
9 0.9738562091503268 0.12316176470588235 0.0130718954248366 0.005147058823529412
6 0.9888888888888888 0.13014705882352942 0.0326797385620915 0.008823529411764706
5 0.8124183006535947 0.14301470588235293 0.043137254901960784 0.030147058823529412
5 0.7196078431372549 0.19117647058823528 0.0849673202614379 0.027941176470588233
9 0.6732026143790849 0.21838235294117647 0.03137254901960784 0.014705882352941176
9 0.6320261437908496 0.26066176470588237 0.027450980392156862 0.015441176470588236
9 0.6379084967320261 0.25330882352941175 0.03398692810457516 0.013970588235294117
9 0.5516339869281045 0.31470588235294117 0.03398692810457516 0.016176470588235292
9 1.0862745098039215 0.23602941176470588 0.02875816993464052 0.011764705882352941
2 0.9601307189542483 0.3150735294117647 0.01437908496732026 0.019852941176470587
4 1.0836601307189542 0.09522058823529411 0.03137254901960784 0.009558823529411765
1 0.9588235294117646 0.5518382352941177 0.027450980392156862 0.019852941176470587
