3 0.7091503267973855 0.37941176470588234 0.10849673202614378 0.07794117647058824
3 0.4967320261437908 0.36213235294117646 0.09934640522875816 0.0713235294117647
3 0.48823529411764705 0.4540441176470588 0.10588235294117647 0.09485294117647058
3 1.4437908496732026 0.5268382352941177 0.20522875816993463 0.06985294117647059
3 0.538562091503268 0.5422794117647058 0.12287581699346405 0.03897058823529412
3 1.222222222222222 0.3573529411764706 0.1568627450980392 0.07352941176470588
3 0.9699346405228757 0.2827205882352941 0.09934640522875816 0.04485294117647059
3 0.8653594771241829 0.2301470588235294 0.08888888888888888 0.03676470588235294
3 0.3875816993464052 0.18198529411764705 0.10065359477124182 0.03308823529411765
3 0.5202614379084967 0.08198529411764706 0.04444444444444444 0.01838235294117647
3 0.5542483660130718 0.055882352941176466 0.04183006535947712 0.01764705882352941
3 0.9052287581699345 0.18125 0.0849673202614379 0.03161764705882353
3 0.8823529411764706 0.17022058823529412 0.09411764705882353 0.02426470588235294
1 0.8941176470588235 0.32573529411764707 0.02875816993464052 0.022058823529411763
9 0.892156862745098 0.33345588235294116 0.043137254901960784 0.028676470588235293
1 0.11307189542483659 0.44191176470588234 0.03529411764705882 0.027941176470588233
9 0.21176470588235294 0.36066176470588235 0.07581699346405228 0.025735294117647058
9 0.17516339869281045 0.35110294117647056 0.07320261437908496 0.027205882352941177
9 0.7411764705882352 0.10441176470588236 0.04183006535947712 0.014705882352941176
3 0.3483660130718954 0.14595588235294119 0.11372549019607843 0.02426470588235294
3 0.33137254901960783 0.12573529411764706 0.09281045751633986 0.030882352941176472
3 0.3026143790849673 0.07610294117647058 0.043137254901960784 0.022794117647058822
3 0.2751633986928104 0.09044117647058823 0.07712418300653594 0.022058823529411763
3 0.3705882352941176 0.02977941176470588 0.0326797385620915 0.019852941176470587
3 0.2725490196078431 0.027205882352941177 0.027450980392156862 0.016176470588235292
1 0.13333333333333333 0.2202205882352941 0.02091503267973856 0.016911764705882352
6 0.6895424836601307 0.09522058823529411 0.03529411764705882 0.021323529411764706
2 0.6686274509803921 0.06838235294117646 0.027450980392156862 0.011764705882352941
3 0.49738562091503263 0.019852941176470587 0.03529411764705882 0.016176470588235292
3 0.46013071895424834 0.008088235294117646 0.0261437908496732 0.014705882352941176
6 0.18758169934640523 0.30367647058823527 0.12156862745098039 0.033823529411764704
2 0.5745098039215686 0.021691176470588235 0.02222222222222222 0.008088235294117646
2 0.561437908496732 0.015073529411764706 0.01699346405228758 0.009558823529411765
2 0.584313725490196 0.033455882352941176 0.023529411764705882 0.009558823529411765
2 0.6535947712418301 0.05698529411764706 0.02875816993464052 0.009558823529411765
