2 0.950462962962963 0.11640625 0.06759259259259259 0.03697916666666667
5 0.39166666666666666 0.14895833333333333 0.46851851851851856 0.23541666666666666
3 0.10972222222222222 0.17109375 0.2212962962962963 0.0890625
3 0.09583333333333334 0.06692708333333333 0.15833333333333333 0.03177083333333333
5 0.5393518518518519 0.0609375 0.30833333333333335 0.07395833333333333
4 0.9430555555555556 0.06927083333333334 0.13240740740740742 0.034375
3 1.375462962962963 0.08307291666666666 0.1638888888888889 0.0359375
4 1.1018518518518519 0.06901041666666667 0.10925925925925926 0.03177083333333333
3 0.9555555555555556 0.04869791666666667 0.02962962962962963 0.009895833333333333
3 1.0101851851851853 0.04973958333333333 0.02962962962962963 0.0109375
3 1.0407407407407407 0.049479166666666664 0.02962962962962963 0.010416666666666666
5 1.1222222222222222 0.047135416666666666 0.05740740740740741 0.025520833333333333
6 0.9861111111111112 0.04921875 0.016666666666666666 0.0067708333333333336
2 0.9277777777777778 0.05 0.014814814814814815 0.007291666666666667
3 1.1574074074074074 0.050520833333333334 0.02962962962962963 0.011458333333333333
5 1.1972222222222222 0.04895833333333333 0.05555555555555556 0.026041666666666668
2 1.2319444444444445 0.058854166666666666 0.012037037037037037 0.009375
2 1.276851851851852 0.06197916666666667 0.024074074074074074 0.010416666666666666
9 1.264351851851852 0.0609375 0.025 0.010416666666666666
2 1.2541666666666667 0.06197916666666667 0.02314814814814815 0.009375
