9 0.20925925925925926 0.46875 0.06851851851851852 0.03125
9 0.24166666666666667 0.4557291666666667 0.0462962962962963 0.020833333333333332
1 0.2837962962962963 0.4231770833333333 0.017592592592592594 0.018229166666666668
9 0.33240740740740743 0.4002604166666667 0.0462962962962963 0.01614583333333333
4 0.32731481481481484 0.17760416666666667 0.04166666666666667 0.009375
3 0.6027777777777777 0.48828125 0.06481481481481481 0.044270833333333336
1 0.8314814814814815 0.5177083333333333 0.012962962962962964 0.015625
1 0.8342592592592593 0.5106770833333333 0.018518518518518517 0.024479166666666666
9 0.8342592592592593 0.509375 0.03888888888888889 0.04479166666666667
3 0.9615740740740741 0.521875 0.07685185185185185 0.057291666666666664
1 0.8939814814814815 0.47265625 0.019444444444444445 0.0234375
9 0.8935185185185186 0.4770833333333333 0.024074074074074074 0.027083333333333334
9 1.0476851851851852 0.46015625 0.03796296296296296 0.0171875
9 1.0328703703703703 0.4125 0.03425925925925926 0.017708333333333333
3 0.8527777777777779 0.42890625 0.05925925925925926 0.0390625
3 0.6337962962962963 0.42083333333333334 0.09907407407407408 0.052083333333333336
1 0.7898148148148149 0.34401041666666665 0.022222222222222223 0.01614583333333333
1 0.788425925925926 0.3455729166666667 0.01388888888888889 0.01614583333333333
9 0.7875 0.3494791666666667 0.017592592592592594 0.017708333333333333
9 0.6814814814814815 0.34661458333333334 0.02592592592592593 0.018229166666666668
9 0.7046296296296296 0.31927083333333334 0.02962962962962963 0.0125
6 0.7125 0.303125 0.025 0.017708333333333333
1 0.9416666666666667 0.3338541666666667 0.012962962962962964 0.01875
9 1.0074074074074075 0.3234375 0.012962962962962964 0.015625
1 1.0074074074074075 0.32057291666666665 0.016666666666666666 0.0171875
9 0.9430555555555556 0.3359375 0.012037037037037037 0.017708333333333333
1 1.1212962962962962 0.3203125 0.016666666666666666 0.014583333333333334
3 0.9597222222222223 0.29322916666666665 0.04166666666666667 0.019791666666666666
3 0.8574074074074074 0.26067708333333334 0.031481481481481485 0.0171875
3 0.7740740740740741 0.24296874999999998 0.02777777777777778 0.0171875
1 0.8944444444444445 0.253125 0.005555555555555556 0.008333333333333333
1 0.8944444444444445 0.2526041666666667 0.009259259259259259 0.010416666666666666
1 0.9101851851851852 0.24869791666666666 0.012962962962962964 0.013020833333333334
9 0.9097222222222222 0.25026041666666665 0.012037037037037037 0.0109375
2 0.9726851851851852 0.2671875 0.032407407407407406 0.010416666666666666
6 0.9236111111111112 0.25104166666666666 0.015740740740740743 0.010416666666666666
6 0.7930555555555556 0.22916666666666666 0.015740740740740743 0.0125
1 0.7101851851851853 0.33958333333333335 0.014814814814814815 0.014583333333333334
2 0.7111111111111111 0.3455729166666667 0.012962962962962964 0.01614583333333333
1 0.825925925925926 0.22317708333333333 0.009259259259259259 0.009895833333333333
9 0.8250000000000001 0.22552083333333334 0.011111111111111112 0.010416666666666666
3 0.6347222222222223 0.18255208333333334 0.03796296296296296 0.009895833333333333
4 0.6425925925925926 0.19244791666666666 0.040740740740740744 0.013020833333333334
3 0.6791666666666667 0.19661458333333334 0.04722222222222222 0.013020833333333334
3 0.7185185185185186 0.19088541666666667 0.0462962962962963 0.009895833333333333
3 0.6773148148148148 0.18463541666666666 0.03796296296296296 0.009895833333333333
9 0.9495370370370371 0.2520833333333333 0.015740740740740743 0.010416666666666666
9 0.9435185185185185 0.24192708333333332 0.022222222222222223 0.0078125
9 0.9314814814814815 0.22109375 0.016666666666666666 0.0067708333333333336
1 0.913888888888889 0.21458333333333332 0.007407407407407408 0.010416666666666666
2 0.913888888888889 0.21692708333333333 0.007407407407407408 0.008854166666666666
1 0.8930555555555556 0.21770833333333334 0.008333333333333333 0.009375
9 0.8935185185185186 0.21979166666666666 0.009259259259259259 0.009375
1 0.8333333333333334 0.21432291666666667 0.009259259259259259 0.008854166666666666
9 0.8324074074074075 0.21666666666666667 0.009259259259259259 0.009375
9 0.8791666666666667 0.2015625 0.006481481481481482 0.008333333333333333
1 0.8120370370370371 0.20755208333333333 0.007407407407407408 0.009895833333333333
2 0.8115740740740741 0.20963541666666666 0.006481481481481482 0.008854166666666666
1 0.8384259259259259 0.1984375 0.006481481481481482 0.007291666666666667
9 0.8384259259259259 0.20052083333333334 0.008333333333333333 0.009375
3 0.7944444444444445 0.2 0.02592592592592593 0.014583333333333334
9 0.8060185185185186 0.19375 0.019444444444444445 0.007291666666666667
1 0.8064814814814815 0.19140625 0.005555555555555556 0.0078125
9 0.9365740740740741 0.19921875 0.017592592592592594 0.0067708333333333336
1 0.913425925925926 0.19322916666666667 0.004629629629629629 0.008333333333333333
9 0.913425925925926 0.19479166666666667 0.006481481481481482 0.008333333333333333
1 0.8935185185185186 0.19453125 0.005555555555555556 0.0078125
1 0.8796296296296297 0.19973958333333333 0.005555555555555556 0.0078125
9 0.8935185185185186 0.19583333333333333 0.005555555555555556 0.008333333333333333
3 0.9310185185185186 0.18515625 0.021296296296296296 0.009895833333333333
3 0.8939814814814815 0.18854166666666666 0.021296296296296296 0.011458333333333333
1 0.9296296296296297 0.17604166666666665 0.007407407407407408 0.007291666666666667
2 0.9296296296296297 0.17760416666666667 0.014814814814814815 0.00625
6 0.9337962962962963 0.19010416666666666 0.032407407407407406 0.010416666666666666
9 0.9189814814814815 0.16979166666666667 0.01388888888888889 0.00625
1 0.8708333333333333 0.19270833333333334 0.006481481481481482 0.007291666666666667
9 0.8712962962962963 0.19479166666666667 0.007407407407407408 0.008333333333333333
1 0.8648148148148148 0.18880208333333334 0.005555555555555556 0.0078125
9 0.8648148148148148 0.19010416666666666 0.007407407407407408 0.008333333333333333
9 0.8699074074074075 0.18802083333333333 0.006481481481481482 0.007291666666666667
1 0.8694444444444445 0.18645833333333334 0.005555555555555556 0.008333333333333333
1 0.8393518518518519 0.1859375 0.008333333333333333 0.007291666666666667
9 0.8398148148148148 0.18802083333333333 0.007407407407407408 0.008333333333333333
1 0.8416666666666667 0.18072916666666666 0.007407407407407408 0.007291666666666667
9 0.8412037037037038 0.18229166666666666 0.006481481481481482 0.007291666666666667
3 0.8148148148148149 0.17317708333333334 0.02777777777777778 0.009895833333333333
6 0.8268518518518518 0.17916666666666667 0.011111111111111112 0.008333333333333333
1 0.8166666666666667 0.17734375 0.005555555555555556 0.005729166666666666
9 0.8166666666666667 0.178125 0.005555555555555556 0.00625
1 0.9078703703703704 0.17239583333333333 0.006481481481481482 0.008333333333333333
9 0.9092592592592593 0.17317708333333334 0.007407407407407408 0.0067708333333333336
1 0.8712962962962963 0.17135416666666667 0.007407407407407408 0.00625
9 0.8717592592592593 0.17291666666666666 0.006481481481481482 0.007291666666666667
3 0.8782407407407408 0.16875 0.015740740740740743 0.008333333333333333
1 0.8425925925925927 0.165625 0.005555555555555556 0.007291666666666667
9 0.8430555555555556 0.16692708333333334 0.004629629629629629 0.0067708333333333336
3 0.8185185185185185 0.1578125 0.016666666666666666 0.008333333333333333
3 0.8527777777777779 0.14192708333333334 0.012962962962962964 0.0067708333333333336
1 0.899537037037037 0.16197916666666667 0.004629629629629629 0.005208333333333333
1 0.8986111111111111 0.16119791666666666 0.004629629629629629 0.0067708333333333336
9 0.8990740740740741 0.16302083333333334 0.005555555555555556 0.005208333333333333
1 0.8643518518518519 0.15651041666666665 0.004629629629629629 0.005729166666666666
9 0.8643518518518519 0.15833333333333333 0.006481481481481482 0.00625
1 0.9171296296296296 0.15442708333333333 0.004629629629629629 0.005729166666666666
2 0.9175925925925926 0.15546875 0.003703703703703704 0.0046875
1 0.9 0.14713541666666666 0.003703703703703704 0.0046875
9 0.900462962962963 0.1484375 0.004629629629629629 0.005208333333333333
1 0.9125000000000001 0.14401041666666667 0.004629629629629629 0.0046875
9 0.912962962962963 0.14505208333333333 0.005555555555555556 0.0046875
1 0.9083333333333333 0.14244791666666667 0.005555555555555556 0.0067708333333333336
9 0.9087962962962963 0.14348958333333334 0.006481481481481482 0.005729166666666666
1 0.9069444444444444 0.1359375 0.004629629629629629 0.005208333333333333
9 0.9074074074074074 0.13723958333333333 0.003703703703703704 0.0046875
6 0.8981481481481481 0.1421875 0.009259259259259259 0.00625
1 0.8865740740740741 0.140625 0.002777777777777778 0.004166666666666667
9 0.8861111111111112 0.14140625 0.005555555555555556 0.0026041666666666665
1 0.875462962962963 0.13411458333333334 0.004629629629629629 0.0046875
9 0.875 0.13515625 0.003703703703703704 0.0036458333333333334
3 0.8763888888888889 0.13098958333333333 0.026851851851851852 0.0067708333333333336
1 0.8912037037037037 0.13203125 0.004629629629629629 0.0046875
1 0.8444444444444444 0.128125 0.003703703703703704 0.004166666666666667
1 0.8527777777777779 0.12734375 0.005555555555555556 0.0046875
9 0.8439814814814816 0.1296875 0.004629629629629629 0.005208333333333333
9 0.8527777777777779 0.12838541666666667 0.005555555555555556 0.0046875
6 0.8875000000000001 0.13307291666666665 0.025 0.0046875
6 0.8430555555555556 0.13177083333333334 0.030555555555555558 0.00625
1 0.8986111111111111 0.10494791666666667 0.002777777777777778 0.0036458333333333334
9 0.8986111111111111 0.10520833333333333 0.002777777777777778 0.003125
1 0.888425925925926 0.10390624999999999 0.002777777777777778 0.0026041666666666665
1 0.8898148148148148 0.09791666666666667 0.001851851851851852 0.003125
9 0.8902777777777778 0.09895833333333333 0.002777777777777778 0.003125
1 0.9037037037037038 0.10130208333333333 0.001851851851851852 0.0026041666666666665
9 0.9041666666666667 0.10182291666666667 0.002777777777777778 0.0026041666666666665
