3 0.6718954248366013 0.48198529411764707 0.04183006535947712 0.030147058823529412
3 0.6810457516339868 0.4647058823529412 0.03398692810457516 0.020588235294117647
3 0.6869281045751634 0.44448529411764703 0.03006535947712418 0.01838235294117647
3 0.6941176470588235 0.4301470588235294 0.03137254901960784 0.01764705882352941
3 0.7045751633986927 0.4158088235294118 0.02875816993464052 0.015441176470588236
3 0.7019607843137254 0.40441176470588236 0.02875816993464052 0.016176470588235292
3 0.7039215686274509 0.3941176470588235 0.02483660130718954 0.014705882352941176
3 0.715032679738562 0.3805147058823529 0.0261437908496732 0.015441176470588236
3 0.7143790849673202 0.36911764705882355 0.02483660130718954 0.011764705882352941
3 0.7117647058823529 0.3610294117647059 0.0196078431372549 0.011764705882352941
3 0.5816993464052287 0.38125 0.05751633986928104 0.0125
4 0.5888888888888888 0.3709558823529412 0.04836601307189542 0.013970588235294117
8 0.8601307189542483 0.44448529411764703 0.04444444444444444 0.03897058823529412
3 0.90718954248366 0.43161764705882355 0.03398692810457516 0.023529411764705882
3 1.0849673202614378 0.5080882352941176 0.0522875816993464 0.025
3 1.2091503267973855 0.5426470588235294 0.047058823529411764 0.030882352941176472
3 1.3764705882352941 0.5323529411764706 0.07581699346405228 0.027941176470588233
3 1.175816993464052 0.5216911764705883 0.05620915032679738 0.027205882352941177
3 1.4326797385620913 0.5522058823529412 0.08366013071895424 0.01911764705882353
4 1.3320261437908496 0.5102941176470588 0.04444444444444444 0.022058823529411763
3 1.1450980392156862 0.4944852941176471 0.05751633986928104 0.028676470588235293
3 1.1137254901960782 0.47463235294117645 0.04444444444444444 0.021323529411764706
3 1.0901960784313725 0.4573529411764706 0.04444444444444444 0.022058823529411763
4 1.0718954248366013 0.43676470588235294 0.04444444444444444 0.023529411764705882
3 1.0477124183006534 0.4261029411764706 0.043137254901960784 0.016911764705882352
5 1.2457516339869281 0.4613970588235294 0.054901960784313725 0.02426470588235294
3 1.215032679738562 0.4474264705882353 0.04836601307189542 0.01838235294117647
4 1.184313725490196 0.4294117647058823 0.03398692810457516 0.01911764705882353
9 1.1986928104575163 0.4698529411764706 0.0130718954248366 0.013235294117647059
1 1.1973856209150326 0.46691176470588236 0.01045751633986928 0.013235294117647059
3 1.011111111111111 0.40441176470588236 0.027450980392156862 0.013235294117647059
3 0.9999999999999999 0.39375 0.03137254901960784 0.013970588235294117
4 1.0797385620915032 0.37941176470588234 0.02875816993464052 0.014705882352941176
3 1.054248366013072 0.36580882352941174 0.027450980392156862 0.0125
3 0.9836601307189542 0.3764705882352941 0.027450980392156862 0.013235294117647059
3 0.9718954248366012 0.36911764705882355 0.02483660130718954 0.011764705882352941
3 0.9581699346405228 0.3613970588235294 0.023529411764705882 0.013970588235294117
3 0.9503267973856209 0.35404411764705884 0.023529411764705882 0.011029411764705881
3 0.9418300653594771 0.3488970588235294 0.0196078431372549 0.009558823529411765
3 0.9300653594771241 0.3422794117647059 0.0196078431372549 0.011029411764705881
3 0.9261437908496731 0.3382352941176471 0.01699346405228758 0.008823529411764706
3 0.9202614379084967 0.3327205882352941 0.01830065359477124 0.011029411764705881
3 1.0352941176470587 0.3577205882352941 0.023529411764705882 0.009558823529411765
3 1.018954248366013 0.3492647058823529 0.0196078431372549 0.008823529411764706
3 1.011764705882353 0.3452205882352941 0.023529411764705882 0.011029411764705881
3 0.9967320261437908 0.33713235294117644 0.02222222222222222 0.009558823529411765
3 1.0091503267973856 0.33051470588235293 0.02875816993464052 0.008088235294117646
3 0.8444444444444443 0.34595588235294117 0.02091503267973856 0.0125
9 0.9006535947712417 0.33933823529411766 0.00784313725490196 0.006617647058823529
1 0.8999999999999999 0.3375 0.0065359477124183 0.007352941176470588
3 0.01503267973856209 0.4025735294117647 0.0326797385620915 0.013970588235294117
3 0.10326797385620914 0.3775735294117647 0.06797385620915032 0.0125
3 0.11699346405228757 0.3738970588235294 0.06405228758169934 0.011029411764705881
3 0.0130718954248366 0.37169117647058825 0.02875816993464052 0.0125
3 0.01503267973856209 0.3665441176470588 0.0326797385620915 0.011029411764705881
3 0.14248366013071895 0.3654411764705882 0.054901960784313725 0.011764705882352941
4 0.12222222222222222 0.35 0.043137254901960784 0.013235294117647059
4 0.04248366013071895 0.34816176470588234 0.03529411764705882 0.0125
4 0.1477124183006536 0.3400735294117647 0.03398692810457516 0.011029411764705881
4 0.14901960784313725 0.34595588235294117 0.02875816993464052 0.0125
3 0.7215686274509804 0.3286764705882353 0.01830065359477124 0.008823529411764706
3 0.7254901960784313 0.3191176470588235 0.01568627450980392 0.008823529411764706
3 0.7274509803921568 0.31176470588235294 0.01437908496732026 0.008823529411764706
3 0.7359477124183006 0.30220588235294116 0.01830065359477124 0.007352941176470588
4 0.7392156862745097 0.2952205882352941 0.011764705882352941 0.008088235294117646
3 0.7810457516339869 0.3025735294117647 0.011764705882352941 0.006617647058823529
3 0.780392156862745 0.2988970588235294 0.01045751633986928 0.006617647058823529
3 0.9013071895424836 0.3191176470588235 0.01437908496732026 0.0058823529411764705
3 0.8947712418300653 0.3136029411764706 0.01437908496732026 0.006617647058823529
4 0.8908496732026143 0.3095588235294118 0.01437908496732026 0.007352941176470588
3 0.8810457516339869 0.30477941176470585 0.0130718954248366 0.005147058823529412
3 0.8274509803921568 0.2841911764705882 0.01045751633986928 0.005147058823529412
3 0.7862745098039216 0.2797794117647059 0.011764705882352941 0.005147058823529412
3 0.7477124183006535 0.27941176470588236 0.01830065359477124 0.004411764705882353
4 0.8039215686274509 0.27941176470588236 0.01045751633986928 0.0058823529411764705
3 0.7934640522875817 0.27794117647058825 0.01045751633986928 0.0058823529411764705
3 0.7823529411764706 0.275 0.00915032679738562 0.004411764705882353
3 0.8313725490196078 0.2731617647058823 0.00784313725490196 0.003676470588235294
3 0.826797385620915 0.2702205882352941 0.00915032679738562 0.005147058823529412
3 0.8045751633986927 0.2647058823529412 0.01437908496732026 0.004411764705882353
3 0.7816993464052288 0.26323529411764707 0.00784313725490196 0.004411764705882353
3 0.7849673202614379 0.2540441176470588 0.0065359477124183 0.003676470588235294
2 0.7901960784313725 0.3110294117647059 0.0065359477124183 0.0058823529411764705
3 0.8039215686274509 0.2838235294117647 0.01045751633986928 0.0058823529411764705
1 0.7908496732026143 0.3088235294117647 0.00522875816993464 0.0058823529411764705
9 0.7980392156862745 0.2959558823529412 0.00915032679738562 0.003676470588235294
1 0.7973856209150326 0.29448529411764707 0.00522875816993464 0.003676470588235294
9 0.7888888888888889 0.2933823529411765 0.00392156862745098 0.004411764705882353
1 0.7888888888888889 0.2922794117647059 0.0065359477124183 0.005147058823529412
