5 0.17314814814814816 0.46249999999999997 0.17962962962962964 0.125
3 0.55 0.41354166666666664 0.07777777777777778 0.08125
3 0.687962962962963 0.5140625 0.09814814814814815 0.09479166666666666
3 0.5416666666666667 0.54375 0.09444444444444444 0.035416666666666666
3 0.9851851851851853 0.43697916666666664 0.08148148148148149 0.08645833333333333
6 0.44537037037037036 0.4505208333333333 0.07222222222222223 0.065625
6 0.37222222222222223 0.4421875 0.06296296296296297 0.053125
1 0.3824074074074074 0.4302083333333333 0.03888888888888889 0.029166666666666667
4 0.3231481481481482 0.4427083333333333 0.07592592592592592 0.058333333333333334
3 0.3740740740740741 0.3927083333333333 0.17037037037037037 0.04375
5 1.223148148148148 0.4421875 0.2351851851851852 0.053125
4 1.4694444444444446 0.39479166666666665 0.10925925925925926 0.08125
3 0.9842592592592593 0.3536458333333333 0.07222222222222223 0.06145833333333333
3 0.9555555555555556 0.2760416666666667 0.05555555555555556 0.041666666666666664
3 1.0972222222222223 0.3 0.1388888888888889 0.035416666666666666
3 0.6138888888888889 0.2890625 0.07592592592592592 0.05520833333333333
3 0.3490740740740741 0.34791666666666665 0.16481481481481483 0.06041666666666667
6 0.4861111111111111 0.3338541666666667 0.06851851851851852 0.04479166666666667
1 0.48055555555555557 0.33541666666666664 0.020370370370370372 0.027083333333333334
1 0.46481481481481485 0.33541666666666664 0.018518518518518517 0.022916666666666665
6 0.5277777777777778 0.29010416666666666 0.05925925925925926 0.036458333333333336
1 0.5157407407407407 0.2921875 0.020370370370370372 0.019791666666666666
3 0.962037037037037 0.228125 0.0462962962962963 0.035416666666666666
3 0.8638888888888889 0.1921875 0.0462962962962963 0.03229166666666666
6 0.9574074074074075 0.18072916666666666 0.02962962962962963 0.030208333333333334
3 0.7574074074074074 0.196875 0.05555555555555556 0.035416666666666666
3 0.5055555555555555 0.22395833333333334 0.07777777777777778 0.04583333333333333
3 0.5222222222222223 0.18020833333333333 0.06666666666666667 0.0375
6 0.6444444444444445 0.16927083333333334 0.037037037037037035 0.030208333333333334
1 0.637962962962963 0.16822916666666665 0.020370370370370372 0.017708333333333333
3 0.7101851851851853 0.13958333333333334 0.0462962962962963 0.03125
6 1.3203703703703704 0.23385416666666667 0.06296296296296297 0.03229166666666666
6 1.1601851851851852 0.2734375 0.07592592592592592 0.026041666666666668
3 1.0740740740740742 0.2609375 0.12592592592592594 0.03229166666666666
4 1.0685185185185186 0.22395833333333334 0.0925925925925926 0.03125
3 1.075925925925926 0.20052083333333334 0.10740740740740741 0.026041666666666668
3 1.2481481481481482 0.18177083333333333 0.05925925925925926 0.034375
3 1.2712962962962964 0.1578125 0.09444444444444444 0.030208333333333334
3 1.3444444444444446 0.12291666666666666 0.08518518518518518 0.01875
3 1.0212962962962964 0.09479166666666666 0.06851851851851852 0.01875
3 1.0361111111111112 0.0859375 0.06851851851851852 0.017708333333333333
3 1.0037037037037038 0.06614583333333333 0.06666666666666667 0.015625
3 0.9953703703703705 0.053125 0.05740740740740741 0.014583333333333334
3 0.46851851851851856 0.13489583333333333 0.0962962962962963 0.021875
4 0.4759259259259259 0.14322916666666666 0.08148148148148149 0.026041666666666668
3 0.612037037037037 0.103125 0.0462962962962963 0.025
3 0.6481481481481481 0.071875 0.040740740740740744 0.022916666666666665
3 0.7472222222222222 0.0609375 0.03518518518518519 0.019791666666666666
3 0.937962962962963 0.071875 0.031481481481481485 0.01875
3 0.5962962962962963 0.06458333333333333 0.044444444444444446 0.020833333333333332
3 0.5537037037037037 0.06354166666666666 0.05925925925925926 0.020833333333333332
4 1.050925925925926 0.016666666666666666 0.05740740740740741 0.016666666666666666
6 0.23981481481481481 0.34010416666666665 0.10925925925925926 0.030208333333333334
6 0.14814814814814814 0.3338541666666667 0.08888888888888889 0.028125
6 0.23055555555555557 0.2947916666666667 0.09074074074074075 0.025
6 0.32037037037037036 0.2765625 0.05555555555555556 0.03854166666666667
6 0.32037037037037036 0.2453125 0.044444444444444446 0.030208333333333334
6 0.23425925925925928 0.27447916666666666 0.053703703703703705 0.034375
9 0.05 0.32760416666666664 0.08518518518518518 0.036458333333333336
9 0.3962962962962963 0.140625 0.037037037037037035 0.020833333333333332
9 0.44722222222222224 0.10781249999999999 0.031481481481481485 0.011458333333333333
6 0.674074074074074 0.10572916666666667 0.02592592592592593 0.017708333333333333
1 0.6712962962962963 0.10364583333333333 0.016666666666666666 0.015625
3 0.6870370370370371 0.03697916666666667 0.037037037037037035 0.015625
3 0.587962962962963 0.030729166666666665 0.031481481481481485 0.015625
3 0.5203703703703704 0.04739583333333333 0.05185185185185186 0.015625
9 1.113888888888889 0.06302083333333333 0.016666666666666666 0.015625
9 1.0935185185185186 0.04375 0.009259259259259259 0.0125
9 0.8898148148148148 0.0453125 0.009259259259259259 0.011458333333333333
1 0.8898148148148148 0.042708333333333334 0.009259259259259259 0.010416666666666666
6 0.6916666666666667 0.0203125 0.020370370370370372 0.015625
4 0.6509259259259259 0.011979166666666666 0.03888888888888889 0.017708333333333333
3 0.6685185185185185 0.008333333333333333 0.05185185185185186 0.0125
9 0.562962962962963 0.103125 0.03333333333333333 0.014583333333333334
9 0.5620370370370371 0.1 0.031481481481481485 0.014583333333333334
9 1.3666666666666667 0.2755208333333333 0.044444444444444446 0.017708333333333333
2 1.0657407407407409 0.03333333333333333 0.024074074074074074 0.00625
9 1.0712962962962964 0.030208333333333334 0.024074074074074074 0.008333333333333333
