1 0.6226851851851852 0.42421875 0.021296296296296296 0.027604166666666666
3 0.9333333333333333 0.41640625 0.16666666666666669 0.06510416666666667
2 1.6287037037037038 0.4200520833333333 0.07407407407407407 0.04010416666666666
2 1.5199074074074075 0.36484375 0.026851851851851852 0.027604166666666666
3 1.2171296296296297 0.5033854166666667 0.2175925925925926 0.1171875
3 1.2495370370370371 0.43385416666666665 0.14722222222222223 0.06041666666666667
1 1.1833333333333333 0.38671875 0.02962962962962963 0.030729166666666665
2 1.1800925925925927 0.4067708333333333 0.025 0.022916666666666665
3 1.2814814814814814 0.396875 0.11111111111111112 0.05520833333333333
3 1.3087962962962962 0.37421875 0.07685185185185185 0.0390625
3 1.3328703703703704 0.36302083333333335 0.06944444444444445 0.03125
3 1.323611111111111 0.3489583333333333 0.0638888888888889 0.019791666666666666
3 1.3319444444444446 0.34140625 0.049074074074074076 0.0234375
3 1.3361111111111112 0.3325520833333333 0.04814814814814815 0.019270833333333334
3 1.337037037037037 0.32578125 0.03333333333333333 0.018229166666666668
3 1.3319444444444446 0.3208333333333333 0.025 0.0125
3 1.3375000000000001 0.31953125 0.026851851851851852 0.01614583333333333
3 1.3430555555555557 0.3169270833333333 0.030555555555555558 0.01614583333333333
3 1.3439814814814814 0.3109375 0.025 0.010416666666666666
3 1.3421296296296297 0.30807291666666664 0.026851851851851852 0.009895833333333333
1 1.3138888888888889 0.30416666666666664 0.005555555555555556 0.007291666666666667
9 1.312962962962963 0.30755208333333334 0.007407407407407408 0.005729166666666666
1 1.2972222222222223 0.3190104166666667 0.009259259259259259 0.011979166666666666
2 1.2967592592592594 0.32395833333333335 0.006481481481481482 0.011458333333333333
1 1.2986111111111112 0.3130208333333333 0.012037037037037037 0.010416666666666666
3 1.285648148148148 0.29791666666666666 0.012037037037037037 0.008333333333333333
3 1.275462962962963 0.30026041666666664 0.01388888888888889 0.0067708333333333336
3 1.2657407407407408 0.3020833333333333 0.014814814814814815 0.007291666666666667
3 1.2625 0.3130208333333333 0.028703703703703703 0.013541666666666667
3 1.251851851851852 0.30546875 0.018518518518518517 0.0067708333333333336
3 1.2393518518518518 0.3067708333333333 0.021296296296296296 0.008333333333333333
3 1.2175925925925926 0.3078125 0.020370370370370372 0.010416666666666666
3 1.2305555555555556 0.32734375 0.04259259259259259 0.021354166666666667
3 1.1500000000000001 0.34921875 0.07037037037037037 0.03177083333333333
3 1.1296296296296298 0.3302083333333333 0.05 0.019791666666666666
3 1.1569444444444446 0.31484375 0.03425925925925926 0.0171875
3 0.8222222222222223 0.34739583333333335 0.13518518518518519 0.030208333333333334
2 0.9861111111111112 0.3450520833333333 0.020370370370370372 0.01614583333333333
2 0.9972222222222222 0.34296875 0.014814814814814815 0.01614583333333333
