3 0.3196078431372549 0.2875 0.10065359477124182 0.029411764705882353
3 0.1326797385620915 0.0400735294117647 0.06666666666666667 0.022794117647058822
3 0.02875816993464052 0.11029411764705882 0.06013071895424836 0.026470588235294117
3 0.11764705882352941 0.1297794117647059 0.08366013071895424 0.02426470588235294
3 0.14640522875816991 0.08051470588235295 0.07320261437908496 0.02426470588235294
3 0.20588235294117646 0.11727941176470588 0.0718954248366013 0.02426470588235294
3 0.2901960784313725 0.09889705882352941 0.08104575163398692 0.027205882352941177
3 0.24771241830065358 0.15110294117647058 0.08758169934640522 0.025735294117647058
3 0.42483660130718953 0.11838235294117647 0.08627450980392157 0.026470588235294117
3 0.03986928104575163 0.24080882352941177 0.08235294117647059 0.02426470588235294
5 0.14967320261437908 0.22794117647058823 0.07450980392156863 0.023529411764705882
4 0.37124183006535943 0.24338235294117647 0.08627450980392157 0.026470588235294117
3 0.33660130718954245 0.20330882352941176 0.08235294117647059 0.027205882352941177
3 0.4444444444444444 0.22058823529411764 0.07320261437908496 0.025
3 0.5633986928104575 0.24375 0.08366013071895424 0.025735294117647058
3 0.48039215686274506 0.28713235294117645 0.07712418300653594 0.027205882352941177
3 0.49084967320261436 0.31948529411764703 0.09281045751633986 0.02426470588235294
3 0.6228758169934641 0.3477941176470588 0.07450980392156863 0.029411764705882353
3 0.6294117647058823 0.28161764705882353 0.09019607843137255 0.027941176470588233
3 0.5398692810457516 0.20294117647058824 0.07581699346405228 0.025
8 0.8078431372549019 0.34816176470588234 0.1830065359477124 0.05220588235294118
3 0.8137254901960784 0.31580882352941175 0.08758169934640522 0.025735294117647058
3 0.8869281045751634 0.26433823529411765 0.07973856209150326 0.025735294117647058
3 0.9483660130718954 0.24301470588235294 0.0849673202614379 0.02426470588235294
9 1.077124183006536 0.18051470588235294 0.02875816993464052 0.019852941176470587
9 1.045751633986928 0.21985294117647058 0.03660130718954248 0.014705882352941176
3 1.168627450980392 0.43823529411764706 0.08627450980392157 0.025
3 1.2307189542483659 0.39705882352941174 0.0849673202614379 0.025
3 1.026143790849673 0.36875 0.07581699346405228 0.027205882352941177
3 1.16078431372549 0.3492647058823529 0.07581699346405228 0.020588235294117647
3 1.203921568627451 0.32279411764705884 0.07058823529411765 0.026470588235294117
3 0.6908496732026144 0.4375 0.043137254901960784 0.045588235294117645
4 0.7352941176470588 0.5474264705882352 0.04836601307189542 0.027205882352941177
5 0.7869281045751634 0.549264705882353 0.04967320261437908 0.025
3 0.8398692810457515 0.5481617647058823 0.05620915032679738 0.027205882352941177
3 1.4137254901960783 0.3316176470588235 0.0718954248366013 0.027941176470588233
3 1.3437908496732025 0.3790441176470588 0.0784313725490196 0.027205882352941177
3 1.4169934640522874 0.39301470588235293 0.06013071895424836 0.022794117647058822
3 1.4967320261437906 0.40808823529411764 0.0784313725490196 0.026470588235294117
4 1.515032679738562 0.3202205882352941 0.09411764705882353 0.027205882352941177
3 1.7065359477124182 0.3584558823529412 0.08758169934640522 0.022794117647058822
3 1.7 0.38529411764705884 0.09019607843137255 0.025
3 1.5941176470588234 0.42720588235294116 0.07712418300653594 0.027941176470588233
3 1.6830065359477122 0.44227941176470587 0.09019607843137255 0.027205882352941177
3 1.757516339869281 0.45625 0.03790849673202614 0.021323529411764706
3 1.1666666666666665 0.10477941176470588 0.050980392156862744 0.04191176470588235
3 1.119607843137255 0.09044117647058823 0.058823529411764705 0.04264705882352941
3 1.2169934640522875 0.06691176470588235 0.0522875816993464 0.041176470588235294
3 1.3333333333333333 0.03823529411764706 0.054901960784313725 0.04852941176470588
3 1.1738562091503266 0.04779411764705882 0.04967320261437908 0.039705882352941174
3 1.2601307189542483 0.01875 0.0522875816993464 0.03897058823529412
3 1.2098039215686274 0.0125 0.0457516339869281 0.026470588235294117
9 1.3745098039215686 0.2588235294117647 0.04052287581699346 0.013235294117647059
3 1.6712418300653593 0.5055147058823529 0.0849673202614379 0.030147058823529412
