4 1.2944444444444445 0.5046875 0.20370370370370372 0.11458333333333333
3 0.35833333333333334 0.44895833333333335 0.13703703703703704 0.09270833333333334
3 0.8717592592592593 0.3364583333333333 0.08055555555555556 0.05625
3 1.3712962962962965 0.30234375 0.17037037037037037 0.033854166666666664
3 1.2416666666666667 0.25729166666666664 0.15185185185185185 0.028125
4 0.7490740740740741 0.23515624999999998 0.05740740740740741 0.04114583333333333
8 0.9662037037037038 0.19739583333333333 0.08425925925925926 0.06458333333333333
3 0.42453703703703705 0.2565104166666667 0.0712962962962963 0.033854166666666664
3 0.46064814814814814 0.23229166666666667 0.0638888888888889 0.034375
9 0.5106481481481482 0.18229166666666666 0.032407407407407406 0.0125
3 0.5439814814814815 0.17291666666666666 0.04166666666666667 0.022916666666666665
3 0.5189814814814815 0.16536458333333334 0.08055555555555556 0.01614583333333333
3 0.5365740740740741 0.15911458333333334 0.07314814814814816 0.0140625
3 0.6421296296296296 0.18854166666666666 0.04351851851851852 0.02395833333333333
3 0.650462962962963 0.1703125 0.04166666666666667 0.020833333333333332
5 0.9125000000000001 0.153125 0.04166666666666667 0.021875
3 0.8296296296296297 0.14895833333333333 0.037037037037037035 0.013541666666666667
3 0.8023148148148148 0.13229166666666667 0.025 0.0125
8 0.8967592592592593 0.13515625 0.036111111111111115 0.027604166666666666
5 0.8875000000000001 0.12421875 0.04537037037037037 0.025520833333333333
8 0.8694444444444445 0.11041666666666666 0.03333333333333333 0.021875
9 0.8430555555555556 0.11588541666666667 0.006481481481481482 0.0067708333333333336
1 0.8430555555555556 0.1140625 0.006481481481481482 0.007291666666666667
3 0.6912037037037038 0.10260416666666666 0.017592592592592594 0.007291666666666667
3 0.7101851851851853 0.10286458333333333 0.018518518518518517 0.0078125
5 0.8550925925925926 0.09713541666666667 0.021296296296296296 0.0140625
5 0.851388888888889 0.09244791666666667 0.019444444444444445 0.013020833333333334
3 0.6310185185185185 0.24322916666666666 0.1212962962962963 0.030208333333333334
