5 0.29934640522875816 0.4139705882352941 0.2196078431372549 0.09852941176470588
3 0.8542483660130719 0.39448529411764705 0.050980392156862744 0.028676470588235293
3 0.7084967320261437 0.3948529411764706 0.04444444444444444 0.023529411764705882
3 0.8431372549019607 0.3790441176470588 0.0392156862745098 0.022794117647058822
3 0.8437908496732025 0.3698529411764706 0.03790849673202614 0.020588235294117647
3 0.837908496732026 0.3602941176470588 0.0261437908496732 0.020588235294117647
3 0.8359477124183006 0.3518382352941176 0.02483660130718954 0.01838235294117647
3 0.8431372549019607 0.3400735294117647 0.03137254901960784 0.015441176470588236
3 0.8679738562091502 0.3363970588235294 0.0261437908496732 0.013970588235294117
3 0.9797385620915032 0.3290441176470588 0.02222222222222222 0.011029411764705881
5 0.7163398692810456 0.36875 0.06274509803921569 0.030147058823529412
3 0.7379084967320261 0.34816176470588234 0.04052287581699346 0.013970588235294117
3 0.8065359477124182 0.33345588235294116 0.02875816993464052 0.015441176470588236
