3 0.7666666666666666 0.5139705882352941 0.21045751633986925 0.07352941176470588
3 1.6163398692810456 0.4900735294117647 0.15555555555555556 0.07426470588235294
3 1.4941176470588233 0.3805147058823529 0.11764705882352941 0.05073529411764706
3 1.4169934640522874 0.40698529411764706 0.12810457516339868 0.06102941176470588
3 1.1392156862745098 0.24816176470588236 0.07973856209150326 0.030147058823529412
5 0.47581699346405226 0.17720588235294119 0.17516339869281045 0.047058823529411764
9 0.6228758169934641 0.19558823529411765 0.0196078431372549 0.016176470588235292
5 0.8287581699346405 0.1900735294117647 0.11241830065359476 0.05220588235294118
3 0.9156862745098039 0.17941176470588235 0.06666666666666667 0.026470588235294117
3 0.7797385620915032 0.00625 0.01437908496732026 0.008088235294117646
3 0.7862745098039216 0.013602941176470588 0.01699346405228758 0.009558823529411765
3 0.7980392156862745 0.025735294117647058 0.01699346405228758 0.008823529411764706
3 0.8346405228758169 0.057720588235294114 0.0196078431372549 0.009558823529411765
3 0.9542483660130718 0.09191176470588235 0.02875816993464052 0.013235294117647059
3 1.0209150326797385 0.09889705882352941 0.03137254901960784 0.013970588235294117
3 1.0006535947712418 0.11360294117647059 0.03006535947712418 0.015441176470588236
3 1.0679738562091503 0.12610294117647058 0.03660130718954248 0.01838235294117647
3 1.1117647058823528 0.15735294117647058 0.043137254901960784 0.01911764705882353
5 0.8359477124183006 0.10808823529411765 0.0326797385620915 0.022058823529411763
5 0.9078431372549018 0.125 0.043137254901960784 0.023529411764705882
2 0.7973856209150326 0.09889705882352941 0.00784313725490196 0.011029411764705881
1 0.7973856209150326 0.09485294117647058 0.00784313725490196 0.010294117647058823
9 0.8098039215686273 0.07426470588235294 0.0065359477124183 0.008823529411764706
1 0.8098039215686273 0.07169117647058823 0.0065359477124183 0.009558823529411765
3 0.8993464052287581 0.04338235294117647 0.01830065359477124 0.008823529411764706
3 0.9647058823529411 0.03455882352941177 0.03137254901960784 0.008823529411764706
3 0.8986928104575163 0.03566176470588235 0.0196078431372549 0.009558823529411765
4 0.9712418300653594 0.07205882352941176 0.0261437908496732 0.016176470588235292
4 1.0019607843137255 0.06433823529411764 0.02222222222222222 0.0125
4 0.8542483660130719 0.027941176470588233 0.0196078431372549 0.010294117647058823
8 0.9058823529411764 0.02389705882352941 0.03137254901960784 0.019852941176470587
5 0.8607843137254901 0.006617647058823529 0.0196078431372549 0.010294117647058823
2 1.307843137254902 0.22426470588235295 0.01699346405228758 0.016176470588235292
1 1.311764705882353 0.21911764705882353 0.01437908496732026 0.016176470588235292
2 1.3313725490196078 0.22389705882352942 0.01699346405228758 0.016911764705882352
1 1.334640522875817 0.2202205882352941 0.0130718954248366 0.01838235294117647
4 1.5163398692810457 0.058823529411764705 0.03398692810457516 0.011764705882352941
3 1.5254901960784313 0.06286764705882353 0.03660130718954248 0.008088235294117646
3 1.5196078431372548 0.07095588235294117 0.05359477124183006 0.009558823529411765
3 1.5431372549019606 0.06397058823529411 0.03790849673202614 0.010294117647058823
3 1.5535947712418299 0.07904411764705882 0.04836601307189542 0.011029411764705881
4 1.5549019607843135 0.06654411764705882 0.04052287581699346 0.011029411764705881
3 1.5758169934640522 0.06911764705882353 0.050980392156862744 0.010294117647058823
3 1.6098039215686273 0.07683823529411765 0.04836601307189542 0.0125
3 1.5130718954248366 0.0400735294117647 0.03006535947712418 0.008088235294117646
3 1.526143790849673 0.041176470588235294 0.03790849673202614 0.008823529411764706
3 1.5352941176470587 0.04485294117647059 0.04052287581699346 0.008823529411764706
4 1.5620915032679739 0.04779411764705882 0.03660130718954248 0.010294117647058823
3 1.591503267973856 0.05220588235294118 0.03006535947712418 0.008823529411764706
3 1.6045751633986927 0.052573529411764706 0.04052287581699346 0.009558823529411765
3 1.6209150326797384 0.05551470588235294 0.04183006535947712 0.009558823529411765
3 1.6405228758169934 0.09154411764705882 0.0522875816993464 0.011029411764705881
3 1.6274509803921569 0.08897058823529412 0.0522875816993464 0.011764705882352941
3 1.745098039215686 0.07389705882352941 0.04183006535947712 0.011029411764705881
3 1.718954248366013 0.07169117647058823 0.03660130718954248 0.0125
3 1.7045751633986927 0.06801470588235294 0.04444444444444444 0.0125
