3 0.5339869281045752 0.4797794117647059 0.134640522875817 0.09191176470588235
9 0.5562091503267973 0.4102941176470588 0.06143790849673202 0.032352941176470584
3 0.6156862745098038 0.3875 0.12549019607843137 0.055882352941176466
3 0.6176470588235293 0.32536764705882354 0.06666666666666667 0.04779411764705882
3 0.7045751633986927 0.33492647058823527 0.07058823529411765 0.05661764705882353
5 0.6104575163398692 0.2849264705882353 0.15424836601307187 0.03455882352941177
3 0.6705882352941176 0.2580882352941176 0.11241830065359476 0.039705882352941174
3 0.665359477124183 0.22683823529411765 0.05751633986928104 0.03897058823529412
3 0.5660130718954248 0.2088235294117647 0.10980392156862745 0.025
3 0.6065359477124183 0.16580882352941176 0.09673202614379084 0.021323529411764706
3 0.692156862745098 0.1625 0.0849673202614379 0.023529411764705882
4 0.711111111111111 0.1386029411764706 0.04183006535947712 0.030147058823529412
3 0.7287581699346405 0.1290441176470588 0.06666666666666667 0.019852941176470587
3 0.6431372549019607 0.12095588235294118 0.08104575163398692 0.021323529411764706
3 0.7339869281045751 0.11397058823529412 0.03790849673202614 0.01911764705882353
3 0.7346405228758169 0.10147058823529412 0.03398692810457516 0.01764705882352941
1 0.8176470588235294 0.11433823529411764 0.011764705882352941 0.011029411764705881
6 0.8176470588235294 0.11764705882352941 0.01699346405228758 0.01764705882352941
3 0.765359477124183 0.09301470588235294 0.04836601307189542 0.016911764705882352
3 0.7705882352941176 0.07720588235294118 0.050980392156862744 0.016176470588235292
3 0.7869281045751634 0.07022058823529412 0.054901960784313725 0.01838235294117647
3 0.7666666666666666 0.06360294117647058 0.0457516339869281 0.015441176470588236
3 0.7699346405228757 0.05698529411764706 0.054901960784313725 0.013970588235294117
4 0.7771241830065359 0.04264705882352941 0.050980392156862744 0.014705882352941176
9 0.7738562091503267 0.048161764705882355 0.02091503267973856 0.005147058823529412
3 0.7777777777777777 0.028676470588235293 0.02091503267973856 0.007352941176470588
3 0.7830065359477124 0.039338235294117646 0.05751633986928104 0.011029411764705881
3 0.788235294117647 0.03602941176470588 0.047058823529411764 0.011764705882352941
3 0.8104575163398692 0.03161764705882353 0.02875816993464052 0.013235294117647059
3 0.7908496732026143 0.025 0.047058823529411764 0.011764705882352941
3 0.7398692810457516 0.01764705882352941 0.04444444444444444 0.013235294117647059
3 0.8169934640522876 0.016911764705882352 0.023529411764705882 0.011764705882352941
3 0.8366013071895424 0.02389705882352941 0.0261437908496732 0.013970588235294117
3 0.8483660130718954 0.007720588235294118 0.02091503267973856 0.011029411764705881
3 0.8509803921568627 0.016911764705882352 0.02091503267973856 0.011764705882352941
3 0.9307189542483659 0.004411764705882353 0.01830065359477124 0.008823529411764706
3 0.9477124183006536 0.007352941176470588 0.04183006535947712 0.010294117647058823
3 0.973202614379085 0.0029411764705882353 0.027450980392156862 0.007352941176470588
3 0.9986928104575162 0.002573529411764706 0.023529411764705882 0.006617647058823529
4 0.9313725490196078 0.013235294117647059 0.03006535947712418 0.013235294117647059
3 0.9444444444444444 0.01911764705882353 0.05620915032679738 0.008823529411764706
3 0.9464052287581699 0.022794117647058822 0.0522875816993464 0.011764705882352941
3 0.9346405228758169 0.02536764705882353 0.04967320261437908 0.0125
3 0.892156862745098 0.022794117647058822 0.02483660130718954 0.011764705882352941
3 0.9385620915032679 0.030882352941176472 0.03660130718954248 0.013235294117647059
3 0.9503267973856209 0.03860294117647059 0.023529411764705882 0.0125
3 0.8810457516339869 0.04779411764705882 0.0261437908496732 0.014705882352941176
3 0.9398692810457515 0.04595588235294117 0.04444444444444444 0.0125
3 0.9405228758169935 0.052941176470588235 0.05620915032679738 0.014705882352941176
3 0.9431372549019608 0.06139705882352941 0.050980392156862744 0.013970588235294117
3 0.957516339869281 0.06654411764705882 0.04836601307189542 0.016911764705882352
3 0.9993464052287581 0.06727941176470588 0.04836601307189542 0.013970588235294117
4 1.0137254901960784 0.07316176470588236 0.06666666666666667 0.01838235294117647
9 1.030718954248366 0.08088235294117647 0.02483660130718954 0.011764705882352941
3 0.988235294117647 0.08125 0.04967320261437908 0.0125
3 0.9908496732026143 0.08676470588235294 0.06274509803921569 0.014705882352941176
4 0.9666666666666666 0.09154411764705882 0.06143790849673202 0.01838235294117647
3 0.9392156862745097 0.09669117647058824 0.0718954248366013 0.021323529411764706
3 0.9620915032679738 0.10404411764705883 0.06274509803921569 0.016911764705882352
3 0.9738562091503268 0.11286764705882353 0.06013071895424836 0.016911764705882352
3 0.9666666666666666 0.13088235294117648 0.07973856209150326 0.020588235294117647
3 0.8464052287581699 0.08933823529411765 0.0326797385620915 0.01838235294117647
1 0.8084967320261437 0.37941176470588234 0.02483660130718954 0.027941176470588233
9 0.8098039215686273 0.3900735294117647 0.0196078431372549 0.03308823529411765
3 1.1941176470588235 0.5227941176470589 0.10065359477124182 0.07794117647058824
2 1.368627450980392 0.5522058823529412 0.08104575163398692 0.01911764705882353
2 1.36078431372549 0.5283088235294118 0.07581699346405228 0.028676470588235293
9 1.3437908496732025 0.4702205882352941 0.07581699346405228 0.03308823529411765
9 1.3045751633986926 0.3871323529411765 0.04183006535947712 0.027205882352941177
9 1.307843137254902 0.37573529411764706 0.03529411764705882 0.026470588235294117
3 1.1058823529411763 0.3845588235294118 0.07581699346405228 0.058823529411764705
3 1.0947712418300652 0.3297794117647059 0.06928104575163398 0.04779411764705882
9 1.2640522875816993 0.31691176470588234 0.01830065359477124 0.025
9 1.2196078431372548 0.30625 0.04444444444444444 0.021323529411764706
9 1.2620915032679738 0.3 0.0196078431372549 0.022058823529411763
9 1.2084967320261437 0.2893382352941176 0.03006535947712418 0.02426470588235294
9 1.222222222222222 0.2849264705882353 0.04183006535947712 0.019852941176470587
9 1.2320261437908495 0.2797794117647059 0.027450980392156862 0.021323529411764706
9 1.1895424836601307 0.2566176470588235 0.047058823529411764 0.016176470588235292
3 1.076470588235294 0.28125 0.06405228758169934 0.03897058823529412
3 1.0091503267973856 0.2625 0.054901960784313725 0.03529411764705882
3 1.0934640522875816 0.24705882352941178 0.11633986928104574 0.041176470588235294
3 1.0209150326797385 0.20477941176470588 0.08888888888888888 0.03308823529411765
3 1.0183006535947712 0.18529411764705883 0.1045751633986928 0.023529411764705882
3 1.0326797385620914 0.17095588235294118 0.09934640522875816 0.02426470588235294
3 1.058169934640523 0.16286764705882353 0.09803921568627451 0.021323529411764706
3 1.0464052287581698 0.14411764705882352 0.07973856209150326 0.020588235294117647
3 1.065359477124183 0.13713235294117646 0.07320261437908496 0.01838235294117647
3 1.0522875816993464 0.13014705882352942 0.08366013071895424 0.01911764705882353
1 1.058169934640523 0.11727941176470588 0.01437908496732026 0.009558823529411765
2 1.049019607843137 0.09375 0.03006535947712418 0.0125
1 0.9849673202614379 0.057720588235294114 0.00915032679738562 0.009558823529411765
1 1.0026143790849673 0.057720588235294114 0.00784313725490196 0.008088235294117646
4 0.7052287581699346 0.007720588235294118 0.0326797385620915 0.013970588235294117
