4 0.39738562091503266 0.36911764705882355 0.16732026143790849 0.06323529411764706
8 0.6176470588235293 0.3838235294117647 0.4065359477124183 0.13088235294117648
8 0.6490196078431372 0.4455882352941176 0.5215686274509803 0.18235294117647058
3 1.3045751633986926 0.22389705882352942 0.04183006535947712 0.015441176470588236
3 1.487581699346405 0.18676470588235294 0.01830065359477124 0.010294117647058823
3 1.1045751633986927 0.2948529411764706 0.065359477124183 0.020588235294117647
3 1.2594771241830065 0.26066176470588237 0.06405228758169934 0.016911764705882352
3 1.4333333333333331 0.20330882352941176 0.03529411764705882 0.016911764705882352
3 1.2869281045751633 0.2463235294117647 0.050980392156862744 0.020588235294117647
3 1.3248366013071895 0.2375 0.03790849673202614 0.016176470588235292
3 1.3895424836601307 0.22573529411764706 0.03660130718954248 0.01911764705882353
3 1.3555555555555554 0.23051470588235293 0.0392156862745098 0.022794117647058822
3 1.5346405228758169 0.16948529411764707 0.03398692810457516 0.009558823529411765
3 1.5810457516339869 0.17536764705882352 0.01699346405228758 0.006617647058823529
6 1.3405228758169934 0.19191176470588234 0.02222222222222222 0.011764705882352941
