3 0.3379084967320261 0.506985294117647 0.21045751633986925 0.09926470588235294
3 0.6143790849673202 0.3875 0.1045751633986928 0.08235294117647059
4 0.7006535947712418 0.2713235294117647 0.08627450980392157 0.044117647058823525
3 0.7039215686274509 0.23455882352941176 0.06666666666666667 0.032352941176470584
3 0.05424836601307189 0.4290441176470588 0.1111111111111111 0.05808823529411765
3 0.06601307189542484 0.3948529411764706 0.134640522875817 0.055882352941176466
3 0.065359477124183 0.3941176470588235 0.13333333333333333 0.055882352941176466
3 0.0738562091503268 0.34595588235294117 0.1503267973856209 0.05661764705882353
3 0.14248366013071895 0.3125 0.20130718954248364 0.04264705882352941
3 0.9117647058823529 0.1525735294117647 0.050980392156862744 0.027205882352941177
3 0.7915032679738562 0.1113970588235294 0.0457516339869281 0.022794117647058822
1 0.161437908496732 0.18235294117647058 0.02222222222222222 0.016176470588235292
9 0.165359477124183 0.19080882352941175 0.03006535947712418 0.019852941176470587
3 0.04052287581699346 0.18529411764705883 0.08366013071895424 0.033823529411764704
3 0.06797385620915032 0.17352941176470588 0.10718954248366012 0.029411764705882353
3 0.10130718954248365 0.15588235294117647 0.10849673202614378 0.023529411764705882
9 0.21176470588235294 0.13823529411764707 0.03398692810457516 0.016176470588235292
9 0.17254901960784313 0.13970588235294118 0.04183006535947712 0.016176470588235292
4 0.22549019607843135 0.08897058823529412 0.05359477124183006 0.025
3 1.476470588235294 0.28088235294117647 0.17124183006535945 0.044117647058823525
1 0.8052287581699346 0.24963235294117647 0.023529411764705882 0.02426470588235294
9 0.8045751633986927 0.2566176470588235 0.02483660130718954 0.020588235294117647
1 0.9607843137254901 0.11801470588235294 0.01568627450980392 0.0125
9 0.9607843137254901 0.12352941176470589 0.01830065359477124 0.013235294117647059
