3 0.14901960784313725 0.3628676470588235 0.18823529411764706 0.04485294117647059
3 0.21045751633986925 0.3327205882352941 0.1699346405228758 0.04338235294117647
3 0.2549019607843137 0.3088235294117647 0.1568627450980392 0.039705882352941174
3 0.2941176470588235 0.28308823529411764 0.15163398692810456 0.039705882352941174
3 0.3326797385620915 0.26176470588235295 0.12679738562091503 0.03676470588235294
3 0.19738562091503267 0.23713235294117646 0.08104575163398692 0.030147058823529412
3 0.5052287581699346 0.16433823529411765 0.10849673202614378 0.030147058823529412
3 0.545751633986928 0.15441176470588236 0.09542483660130718 0.027941176470588233
3 0.5450980392156862 0.12573529411764706 0.0784313725490196 0.022058823529411763
4 0.5248366013071895 0.13272058823529412 0.09542483660130718 0.025735294117647058
4 0.44052287581699345 0.1875 0.11764705882352941 0.032352941176470584
4 0.36013071895424836 0.24044117647058824 0.1503267973856209 0.03676470588235294
4 0.10392156862745097 0.3981617647058823 0.19738562091503267 0.05367647058823529
5 0.588235294117647 0.08419117647058823 0.054901960784313725 0.03897058823529412
4 0.6745098039215686 0.052941176470588235 0.06797385620915032 0.01764705882352941
5 0.7261437908496732 0.04191176470588235 0.0457516339869281 0.023529411764705882
5 0.6823529411764705 0.03823529411764706 0.0392156862745098 0.016176470588235292
3 0.6666666666666666 0.013602941176470588 0.03137254901960784 0.015441176470588236
5 0.6627450980392157 0.023529411764705882 0.06797385620915032 0.022058823529411763
5 0.6980392156862745 0.014338235294117646 0.03137254901960784 0.016911764705882352
5 0.7274509803921568 0.01213235294117647 0.02483660130718954 0.022794117647058822
5 0.7542483660130719 0.009926470588235294 0.0522875816993464 0.015441176470588236
5 0.7588235294117647 0.016176470588235292 0.027450980392156862 0.016176470588235292
5 0.8385620915032679 0.06286764705882353 0.07450980392156863 0.022794117647058822
3 0.5503267973856208 0.4540441176470588 0.18823529411764706 0.05220588235294118
4 0.5254901960784313 0.4988970588235294 0.19869281045751633 0.05661764705882353
4 0.484313725490196 0.5393382352941176 0.23660130718954248 0.04485294117647059
3 0.5810457516339869 0.4051470588235294 0.18692810457516337 0.047058823529411764
3 0.6045751633986928 0.3669117647058823 0.18169934640522875 0.04264705882352941
3 0.6176470588235293 0.3356617647058823 0.16601307189542483 0.04044117647058824
3 0.6470588235294117 0.3099264705882353 0.14901960784313725 0.0375
4 0.6516339869281045 0.2823529411764706 0.15294117647058822 0.03823529411764706
4 0.6941176470588235 0.25183823529411764 0.13594771241830064 0.03602941176470588
3 0.7098039215686274 0.23419117647058824 0.13594771241830064 0.03308823529411765
4 0.715032679738562 0.21580882352941178 0.12549019607843137 0.028676470588235293
4 0.7241830065359477 0.19963235294117646 0.10718954248366012 0.02426470588235294
4 0.7313725490196078 0.1889705882352941 0.1111111111111111 0.026470588235294117
4 0.7483660130718953 0.1738970588235294 0.10849673202614378 0.027205882352941177
4 0.7549019607843137 0.1588235294117647 0.09281045751633986 0.020588235294117647
4 0.7555555555555555 0.1488970588235294 0.09411764705882353 0.01838235294117647
4 0.7666666666666666 0.14191176470588235 0.09542483660130718 0.022058823529411763
4 0.7692810457516339 0.13308823529411765 0.09281045751633986 0.020588235294117647
4 0.7816993464052288 0.12316176470588235 0.08366013071895424 0.015441176470588236
4 0.7888888888888889 0.11691176470588235 0.08758169934640522 0.01764705882352941
4 0.7973856209150326 0.10735294117647058 0.07320261437908496 0.016176470588235292
5 0.8130718954248366 0.10073529411764706 0.0915032679738562 0.022058823529411763
3 0.9797385620915032 0.016176470588235292 0.02222222222222222 0.011764705882352941
5 0.9594771241830065 0.05955882352941176 0.08104575163398692 0.027941176470588233
5 0.9398692810457515 0.09117647058823529 0.07581699346405228 0.020588235294117647
5 0.95359477124183 0.09852941176470588 0.08235294117647059 0.023529411764705882
5 0.9339869281045751 0.10147058823529412 0.07973856209150326 0.033823529411764704
5 0.9483660130718954 0.11985294117647059 0.06405228758169934 0.026470588235294117
3 0.9091503267973856 0.24558823529411763 0.1241830065359477 0.025
5 0.8980392156862744 0.2742647058823529 0.19607843137254902 0.06911764705882353
3 0.9614379084967319 0.05110294117647059 0.09281045751633986 0.0375
5 0.973202614379085 0.030147058823529412 0.06405228758169934 0.01911764705882353
