3 0.4967320261437908 0.09044117647058823 0.07058823529411765 0.020588235294117647
5 0.9771241830065359 0.38088235294117645 0.1477124183006536 0.1323529411764706
9 0.8202614379084967 0.35110294117647056 0.03790849673202614 0.022794117647058822
1 0.8235294117647058 0.34595588235294117 0.02091503267973856 0.022794117647058822
3 1.6274509803921569 0.43529411764705883 0.0784313725490196 0.061764705882352944
3 1.591503267973856 0.18529411764705883 0.0457516339869281 0.026470588235294117
3 1.703267973856209 0.2 0.047058823529411764 0.030882352941176472
3 1.5797385620915032 0.10551470588235294 0.03790849673202614 0.019852941176470587
4 1.6830065359477122 0.10882352941176471 0.0326797385620915 0.022058823529411763
3 1.5091503267973856 0.030147058823529412 0.027450980392156862 0.013235294117647059
4 1.6934640522875817 0.05477941176470588 0.027450980392156862 0.016911764705882352
4 1.6973856209150326 0.03676470588235294 0.02483660130718954 0.013235294117647059
4 1.7019607843137254 0.014705882352941176 0.02091503267973856 0.013235294117647059
3 1.5601307189542482 0.014338235294117646 0.043137254901960784 0.008088235294117646
3 1.4712418300653594 0.015073529411764706 0.03006535947712418 0.008088235294117646
4 1.3320261437908496 0.008823529411764706 0.047058823529411764 0.013235294117647059
9 1.3653594771241828 0.02022058823529412 0.01437908496732026 0.006617647058823529
1 1.3627450980392155 0.017279411764705883 0.0065359477124183 0.006617647058823529
3 1.426143790849673 0.0125 0.04183006535947712 0.008823529411764706
3 1.441830065359477 0.01213235294117647 0.03398692810457516 0.009558823529411765
3 1.4326797385620913 0.007352941176470588 0.03398692810457516 0.010294117647058823
3 1.4503267973856209 0.002573529411764706 0.04052287581699346 0.006617647058823529
9 0.5300653594771242 0.5025735294117647 0.050980392156862744 0.03455882352941177
