3 0.0522875816993464 0.4672794117647059 0.10718954248366012 0.08161764705882353
1 0.3627450980392157 0.5470588235294117 0.0326797385620915 0.029411764705882353
1 0.34705882352941175 0.5558823529411765 0.04052287581699346 0.011764705882352941
6 0.3437908496732026 0.55 0.065359477124183 0.023529411764705882
3 1.4705882352941175 0.46654411764705883 0.130718954248366 0.04779411764705882
5 1.4588235294117646 0.3849264705882353 0.07320261437908496 0.04779411764705882
3 1.3947712418300653 0.30772058823529413 0.0784313725490196 0.025735294117647058
3 1.3006535947712417 0.2555147058823529 0.06274509803921569 0.019852941176470587
5 1.7405228758169933 0.19816176470588234 0.03529411764705882 0.0125
9 1.468627450980392 0.22058823529411764 0.027450980392156862 0.008823529411764706
1 1.4660130718954247 0.21801470588235294 0.00915032679738562 0.011029411764705881
1 1.4705882352941175 0.21764705882352942 0.01045751633986928 0.010294117647058823
8 0.07973856209150326 0.21029411764705883 0.09934640522875816 0.03823529411764706
3 0.01764705882352941 0.15330882352941178 0.027450980392156862 0.011029411764705881
3 0.00392156862745098 0.14044117647058824 0.01045751633986928 0.007352941176470588
3 0.00326797385620915 0.15845588235294117 0.00915032679738562 0.009558823529411765
3 0.649673202614379 0.2525735294117647 0.0915032679738562 0.02426470588235294
1 0.9124183006535947 0.2125 0.00784313725490196 0.011764705882352941
6 0.9176470588235294 0.21470588235294116 0.02875816993464052 0.010294117647058823
4 1.1673202614379083 0.17830882352941177 0.04444444444444444 0.0125
1 1.0444444444444443 0.15625 0.00522875816993464 0.006617647058823529
9 1.0444444444444443 0.1577205882352941 0.00522875816993464 0.006617647058823529
3 0.8862745098039215 0.12683823529411764 0.0130718954248366 0.008088235294117646
5 0.8712418300653594 0.11801470588235294 0.0196078431372549 0.015441176470588236
3 0.8483660130718954 0.11691176470588235 0.01045751633986928 0.0058823529411764705
5 0.8568627450980392 0.11286764705882353 0.01437908496732026 0.008088235294117646
3 0.8359477124183006 0.10845588235294118 0.00915032679738562 0.003676470588235294
6 0.8359477124183006 0.10367647058823529 0.0065359477124183 0.0029411764705882353
5 0.8549019607843137 0.09852941176470588 0.01045751633986928 0.007352941176470588
5 1.0235294117647058 0.14779411764705883 0.01830065359477124 0.007352941176470588
3 0.5666666666666667 0.14705882352941177 0.0457516339869281 0.008823529411764706
