3 0.40196078431372545 0.45992647058823527 0.14509803921568626 0.09191176470588235
3 0.4836601307189542 0.36176470588235293 0.12287581699346405 0.07205882352941176
3 0.3254901960784313 0.32573529411764707 0.2091503267973856 0.05
3 0.2764705882352941 0.27242647058823527 0.19999999999999998 0.03308823529411765
3 0.3183006535947712 0.24448529411764705 0.18169934640522875 0.04044117647058824
3 0.5058823529411764 0.2639705882352941 0.17516339869281045 0.04264705882352941
3 0.5098039215686274 0.24669117647058822 0.16209150326797384 0.03161764705882353
3 1.3274509803921568 0.4753676470588235 0.1764705882352941 0.09191176470588235
3 1.2163398692810456 0.4073529411764706 0.15816993464052287 0.07058823529411765
4 1.1908496732026144 0.33786764705882355 0.12287581699346405 0.06544117647058824
3 1.1333333333333333 0.3044117647058823 0.18823529411764706 0.041176470588235294
3 1.1941176470588235 0.2783088235294118 0.16078431372549018 0.04044117647058824
3 1.1601307189542482 0.2588235294117647 0.1738562091503268 0.03676470588235294
3 1.1797385620915033 0.23198529411764707 0.15816993464052287 0.03161764705882353
3 1.1274509803921569 0.22205882352941175 0.13202614379084968 0.030882352941176472
3 1.1137254901960782 0.21213235294117647 0.13333333333333333 0.028676470588235293
3 1.1483660130718953 0.20036764705882354 0.11895424836601307 0.025735294117647058
3 1.041830065359477 0.19338235294117648 0.11764705882352941 0.026470588235294117
3 1.0209150326797385 0.18235294117647058 0.10196078431372549 0.023529411764705882
3 1.0202614379084967 0.17058823529411765 0.09542483660130718 0.01911764705882353
4 1.0098039215686274 0.16066176470588234 0.08758169934640522 0.019852941176470587
4 1.003921568627451 0.1525735294117647 0.07320261437908496 0.019852941176470587
4 0.9797385620915032 0.1474264705882353 0.07450980392156863 0.019852941176470587
3 1.0091503267973856 0.14154411764705882 0.09673202614379084 0.01838235294117647
4 0.926797385620915 0.15514705882352942 0.03660130718954248 0.026470588235294117
3 0.8673202614379084 0.1536764705882353 0.04052287581699346 0.020588235294117647
4 0.968627450980392 0.13014705882352942 0.07320261437908496 0.022058823529411763
3 1.0045751633986928 0.13051470588235295 0.0718954248366013 0.016911764705882352
3 0.9640522875816993 0.11875 0.06405228758169934 0.013970588235294117
3 0.9522875816993464 0.11433823529411764 0.06143790849673202 0.015441176470588236
3 0.9529411764705882 0.10808823529411765 0.065359477124183 0.011764705882352941
3 0.9464052287581699 0.10441176470588236 0.06274509803921569 0.013235294117647059
4 0.9464052287581699 0.09963235294117646 0.06013071895424836 0.013970588235294117
4 0.9333333333333332 0.09595588235294117 0.04444444444444444 0.011029411764705881
3 0.9647058823529411 0.09191176470588235 0.047058823529411764 0.011764705882352941
3 0.9457516339869281 0.0875 0.02483660130718954 0.010294117647058823
4 0.9437908496732026 0.08272058823529412 0.023529411764705882 0.011029411764705881
3 0.9372549019607842 0.07941176470588235 0.023529411764705882 0.010294117647058823
4 0.9372549019607842 0.07463235294117647 0.02091503267973856 0.011029411764705881
4 0.9300653594771241 0.0713235294117647 0.01699346405228758 0.010294117647058823
3 0.9803921568627451 0.07573529411764705 0.02875816993464052 0.011764705882352941
4 0.792156862745098 0.27205882352941174 0.07581699346405228 0.054411764705882354
3 0.6379084967320261 0.22426470588235295 0.065359477124183 0.03676470588235294
3 0.6647058823529411 0.20477941176470588 0.13202614379084968 0.028676470588235293
3 0.6607843137254902 0.19044117647058822 0.07712418300653594 0.025
3 0.6869281045751634 0.17536764705882352 0.07973856209150326 0.02426470588235294
3 0.7058823529411764 0.16139705882352942 0.06013071895424836 0.025735294117647058
4 0.7052287581699346 0.14779411764705883 0.08235294117647059 0.020588235294117647
3 0.7202614379084967 0.13566176470588234 0.08104575163398692 0.016911764705882352
3 0.7202614379084967 0.13125 0.08366013071895424 0.016911764705882352
3 0.7392156862745097 0.12169117647058823 0.06928104575163398 0.015441176470588236
3 0.7470588235294117 0.1161764705882353 0.07973856209150326 0.016176470588235292
5 0.7477124183006535 0.10404411764705883 0.08366013071895424 0.016911764705882352
4 0.7516339869281046 0.09889705882352941 0.0522875816993464 0.013970588235294117
3 0.7607843137254902 0.09632352941176471 0.06013071895424836 0.011764705882352941
4 0.7509803921568627 0.09117647058823529 0.027450980392156862 0.011764705882352941
3 0.7738562091503267 0.08713235294117647 0.0261437908496732 0.0125
3 0.7601307189542483 0.08235294117647059 0.02483660130718954 0.010294117647058823
1 0.8169934640522876 0.09889705882352941 0.01045751633986928 0.011029411764705881
9 0.8163398692810457 0.10220588235294117 0.00915032679738562 0.010294117647058823
1 0.8026143790849672 0.08786764705882352 0.00522875816993464 0.008088235294117646
9 0.8026143790849672 0.09154411764705882 0.00522875816993464 0.008088235294117646
4 0.85359477124183 0.08198529411764706 0.023529411764705882 0.0125
1 0.8875816993464052 0.08602941176470588 0.00784313725490196 0.010294117647058823
9 0.8875816993464052 0.08823529411764705 0.00784313725490196 0.010294117647058823
4 0.9124183006535947 0.059926470588235296 0.03137254901960784 0.009558823529411765
4 0.6862745098039216 0.08419117647058823 0.0392156862745098 0.013970588235294117
3 0.7169934640522875 0.0801470588235294 0.02483660130718954 0.011764705882352941
4 0.7490196078431373 0.07757352941176471 0.04967320261437908 0.013970588235294117
4 0.7183006535947712 0.075 0.043137254901960784 0.010294117647058823
3 0.7294117647058823 0.07352941176470588 0.047058823529411764 0.010294117647058823
3 0.7555555555555555 0.06801470588235294 0.03660130718954248 0.011029411764705881
3 0.7568627450980392 0.059926470588235296 0.03398692810457516 0.009558823529411765
1 0.7869281045751634 0.06066176470588235 0.00522875816993464 0.008088235294117646
6 0.7895424836601307 0.06139705882352941 0.01830065359477124 0.006617647058823529
4 0.9483660130718954 0.06066176470588235 0.0326797385620915 0.009558823529411765
3 1.0013071895424837 0.07058823529411765 0.02091503267973856 0.010294117647058823
4 0.9718954248366012 0.06875 0.02483660130718954 0.011029411764705881
3 1.0274509803921568 0.06948529411764706 0.023529411764705882 0.011029411764705881
9 1.0849673202614378 0.14080882352941176 0.03398692810457516 0.0125
6 1.1091503267973855 0.15588235294117647 0.0718954248366013 0.020588235294117647
9 1.1470588235294117 0.17279411764705882 0.03790849673202614 0.013235294117647059
