3 0.7601851851851852 0.3375 0.32037037037037036 0.08645833333333333
2 0.020370370370370372 0.15859375 0.040740740740740744 0.0171875
3 0.04861111111111111 0.14895833333333333 0.05462962962962963 0.028125
5 0.09351851851851853 0.13697916666666665 0.10740740740740741 0.028125
3 0.31342592592592594 0.15807291666666667 0.10833333333333334 0.0265625
3 0.4078703703703704 0.18255208333333334 0.09537037037037037 0.030729166666666665
3 0.45231481481481484 0.16848958333333333 0.07685185185185185 0.025520833333333333
3 0.4981481481481482 0.15651041666666665 0.06666666666666667 0.0234375
4 0.5513888888888889 0.14010416666666667 0.09907407407407408 0.02395833333333333
8 0.15555555555555556 0.018229166666666668 0.2814814814814815 0.0375
