3 1.0398692810457515 0.3525735294117647 0.0718954248366013 0.04926470588235294
3 0.922875816993464 0.35625 0.06274509803921569 0.04926470588235294
3 0.9163398692810457 0.30220588235294116 0.05751633986928104 0.04264705882352941
3 1.0045751633986928 0.2650735294117647 0.05620915032679738 0.03455882352941177
3 0.9078431372549018 0.20845588235294119 0.05359477124183006 0.027205882352941177
4 0.30130718954248364 0.43786764705882353 0.20784313725490194 0.07426470588235294
3 0.36013071895424836 0.3805147058823529 0.18431372549019606 0.04926470588235294
3 0.43464052287581695 0.3408088235294118 0.19215686274509802 0.04779411764705882
3 0.4202614379084967 0.28345588235294117 0.18431372549019606 0.028676470588235293
3 0.2679738562091503 0.2875 0.10718954248366012 0.06764705882352941
3 0.47516339869281043 0.19301470588235295 0.12156862745098039 0.027205882352941177
3 0.9130718954248366 0.24558823529411763 0.0457516339869281 0.026470588235294117
1 0.9169934640522875 0.26176470588235295 0.01437908496732026 0.01911764705882353
1 1.115032679738562 0.3301470588235294 0.01830065359477124 0.026470588235294117
9 0.9176470588235294 0.27058823529411763 0.0130718954248366 0.016176470588235292
2 1.115686274509804 0.3408088235294118 0.0196078431372549 0.021323529411764706
3 0.9895424836601306 0.2363970588235294 0.047058823529411764 0.025735294117647058
3 0.9836601307189542 0.21029411764705883 0.04836601307189542 0.023529411764705882
3 0.7928104575163398 0.18051470588235294 0.05359477124183006 0.027205882352941177
3 0.7169934640522875 0.16727941176470587 0.07712418300653594 0.01838235294117647
3 0.7594771241830065 0.1610294117647059 0.07581699346405228 0.016176470588235292
3 0.7980392156862745 0.15073529411764705 0.07973856209150326 0.01911764705882353
4 0.6941176470588235 0.14448529411764705 0.065359477124183 0.019852941176470587
3 0.8464052287581699 0.13198529411764706 0.02483660130718954 0.015441176470588236
3 0.8464052287581699 0.12536764705882353 0.02483660130718954 0.015441176470588236
3 0.8522875816993464 0.1150735294117647 0.0261437908496732 0.015441176470588236
3 0.8562091503267973 0.10735294117647058 0.023529411764705882 0.013235294117647059
3 0.8562091503267973 0.10147058823529412 0.02091503267973856 0.014705882352941176
3 0.857516339869281 0.09558823529411764 0.023529411764705882 0.013235294117647059
3 0.9111111111111111 0.1 0.023529411764705882 0.013235294117647059
3 0.8130718954248366 0.10992647058823529 0.02091503267973856 0.011029411764705881
3 0.8052287581699346 0.12352941176470589 0.023529411764705882 0.013235294117647059
6 0.9366013071895424 0.16691176470588234 0.0457516339869281 0.01764705882352941
1 0.792156862745098 0.10625 0.00784313725490196 0.006617647058823529
2 0.792156862745098 0.1113970588235294 0.00784313725490196 0.008088235294117646
3 0.7784313725490195 0.08235294117647059 0.05359477124183006 0.008823529411764706
9 1.172549019607843 0.15073529411764705 0.02875816993464052 0.008823529411764706
3 1.0366013071895424 0.12683823529411764 0.0522875816993464 0.015441176470588236
3 1.0124183006535947 0.11544117647058823 0.050980392156862744 0.011764705882352941
3 0.9967320261437908 0.10147058823529412 0.050980392156862744 0.010294117647058823
3 0.8647058823529411 0.06433823529411764 0.01437908496732026 0.008088235294117646
3 0.8254901960784313 0.06727941176470588 0.01437908496732026 0.008088235294117646
3 0.8359477124183006 0.06397058823529411 0.03006535947712418 0.008823529411764706
1 0.9130718954248366 0.06911764705882353 0.00915032679738562 0.0058823529411764705
1 0.9248366013071895 0.06507352941176471 0.00915032679738562 0.006617647058823529
9 0.9130718954248366 0.07242647058823529 0.00915032679738562 0.005147058823529412
9 0.9235294117647058 0.06911764705882353 0.0065359477124183 0.004411764705882353
4 0.3790849673202614 0.13933823529411765 0.07581699346405228 0.01838235294117647
3 1.6581699346405228 0.14926470588235294 0.05620915032679738 0.016176470588235292
3 1.7372549019607841 0.15294117647058825 0.06274509803921569 0.013235294117647059
1 1.5666666666666667 0.15588235294117647 0.01437908496732026 0.011764705882352941
9 1.5673202614379085 0.16066176470588234 0.03137254901960784 0.006617647058823529
3 1.4934640522875815 0.14080882352941176 0.01699346405228758 0.0125
3 1.5065359477124183 0.1400735294117647 0.01699346405228758 0.0125
3 1.5849673202614378 0.14852941176470588 0.01699346405228758 0.008823529411764706
3 1.5620915032679739 0.1488970588235294 0.01568627450980392 0.009558823529411765
2 1.480392156862745 0.14154411764705882 0.01437908496732026 0.011029411764705881
3 1.44640522875817 0.14963235294117647 0.00915032679738562 0.0125
9 1.7196078431372548 0.14080882352941176 0.01437908496732026 0.008088235294117646
9 0.5163398692810457 0.1297794117647059 0.065359477124183 0.01838235294117647
1 1.141830065359477 0.48933823529411763 0.02483660130718954 0.027205882352941177
9 1.1392156862745098 0.47610294117647056 0.02483660130718954 0.027205882352941177
9 1.1372549019607843 0.4878676470588235 0.03660130718954248 0.03602941176470588
1 0.9679738562091502 0.5183823529411765 0.03529411764705882 0.032352941176470584
9 0.9666666666666666 0.5283088235294118 0.03790849673202614 0.04044117647058824
