1 0.11437908496732026 0.3680147058823529 0.03790849673202614 0.02426470588235294
1 0.08039215686274509 0.37022058823529413 0.03790849673202614 0.02426470588235294
1 0.07124183006535947 0.37169117647058825 0.03790849673202614 0.02426470588235294
9 1.3522875816993463 0.3863970588235294 0.07973856209150326 0.03897058823529412
3 1.4738562091503267 0.5386029411764706 0.1738562091503268 0.04632352941176471
3 1.3215686274509804 0.45955882352941174 0.21699346405228756 0.09852941176470588
6 1.4366013071895425 0.2977941176470588 0.09411764705882353 0.058823529411764705
6 1.5084967320261438 0.27536764705882355 0.12549019607843137 0.04338235294117647
3 1.2366013071895423 0.3224264705882353 0.15947712418300652 0.0625
1 0.9477124183006536 0.3602941176470588 0.03398692810457516 0.033823529411764704
9 0.9464052287581699 0.3676470588235294 0.04967320261437908 0.041176470588235294
4 1.049019607843137 0.29963235294117646 0.12941176470588234 0.05955882352941176
1 1.287581699346405 0.2426470588235294 0.02091503267973856 0.016176470588235292
6 1.3111111111111111 0.2525735294117647 0.1045751633986928 0.028676470588235293
6 1.6437908496732025 0.27352941176470585 0.10065359477124182 0.047058823529411764
3 0.9627450980392156 0.24301470588235294 0.09281045751633986 0.04338235294117647
3 1.0947712418300652 0.2525735294117647 0.04836601307189542 0.030147058823529412
3 1.030065359477124 0.20220588235294118 0.0522875816993464 0.022058823529411763
6 0.4738562091503268 0.23602941176470588 0.08235294117647059 0.03529411764705882
9 0.40196078431372545 0.23602941176470588 0.058823529411764705 0.025
1 0.80718954248366 0.2411764705882353 0.01699346405228758 0.022058823529411763
1 0.8052287581699346 0.23529411764705882 0.02875816993464052 0.026470588235294117
1 0.7339869281045751 0.1988970588235294 0.02222222222222222 0.025735294117647058
1 0.7686274509803921 0.1801470588235294 0.02091503267973856 0.022058823529411763
1 0.7542483660130719 0.15992647058823528 0.02091503267973856 0.01838235294117647
2 0.7699346405228757 0.18860294117647058 0.02091503267973856 0.019852941176470587
2 0.8084967320261437 0.24227941176470588 0.0326797385620915 0.027205882352941177
2 0.7366013071895424 0.20404411764705882 0.0326797385620915 0.027205882352941177
9 0.1849673202614379 0.24301470588235294 0.04052287581699346 0.030147058823529412
9 0.11699346405228757 0.23419117647058824 0.0718954248366013 0.02426470588235294
1 0.3784313725490196 0.2036764705882353 0.02222222222222222 0.01764705882352941
3 0.418954248366013 0.21360294117647058 0.17124183006535945 0.04632352941176471
1 0.17058823529411762 0.17941176470588235 0.027450980392156862 0.026470588235294117
1 0.1437908496732026 0.16544117647058823 0.02875816993464052 0.016176470588235292
2 0.2006535947712418 0.15294117647058825 0.02483660130718954 0.020588235294117647
9 0.9934640522875816 0.19191176470588234 0.0261437908496732 0.023529411764705882
3 0.8732026143790849 0.19669117647058823 0.09934640522875816 0.04191176470588235
2 0.9196078431372549 0.18051470588235294 0.04836601307189542 0.0125
6 1.0013071895424837 0.1650735294117647 0.07320261437908496 0.03455882352941177
6 1.0862745098039215 0.16066176470588234 0.08627450980392157 0.03308823529411765
6 1.0928104575163398 0.13529411764705881 0.07581699346405228 0.025
6 1.018954248366013 0.14485294117647057 0.07450980392156863 0.01911764705882353
1 0.984313725490196 0.13823529411764707 0.02091503267973856 0.016176470588235292
1 1.0248366013071895 0.14044117647058824 0.023529411764705882 0.014705882352941176
1 1.0509803921568626 0.13676470588235293 0.023529411764705882 0.014705882352941176
1 1.033986928104575 0.13419117647058823 0.01830065359477124 0.013970588235294117
1 0.9339869281045751 0.1323529411764706 0.0196078431372549 0.014705882352941176
2 0.9797385620915032 0.125 0.03790849673202614 0.016176470588235292
1 0.1241830065359477 0.14852941176470588 0.0261437908496732 0.01764705882352941
1 0.1261437908496732 0.14485294117647057 0.03006535947712418 0.016176470588235292
1 0.13137254901960782 0.1426470588235294 0.02222222222222222 0.014705882352941176
9 0.1954248366013072 0.12720588235294117 0.04052287581699346 0.016176470588235292
9 0.22156862745098038 0.08566176470588235 0.0326797385620915 0.011029411764705881
9 0.23267973856209148 0.07941176470588235 0.03398692810457516 0.013235294117647059
3 0.27385620915032677 0.06397058823529411 0.07712418300653594 0.022058823529411763
3 0.47124183006535947 0.16948529411764707 0.10588235294117647 0.04338235294117647
3 0.5509803921568627 0.1161764705882353 0.050980392156862744 0.029411764705882353
3 0.5366013071895425 0.06470588235294117 0.043137254901960784 0.020588235294117647
3 0.5013071895424837 0.03566176470588235 0.04052287581699346 0.022794117647058822
3 0.5313725490196078 0.016176470588235292 0.0326797385620915 0.014705882352941176
3 0.4875816993464052 0.01875 0.03398692810457516 0.016911764705882352
3 0.6464052287581699 0.048161764705882355 0.04052287581699346 0.016911764705882352
3 0.45751633986928103 0.14926470588235294 0.06013071895424836 0.032352941176470584
3 0.4437908496732026 0.1264705882352941 0.06143790849673202 0.032352941176470584
3 0.4398692810457516 0.10220588235294117 0.05359477124183006 0.026470588235294117
2 0.41764705882352937 0.08860294117647059 0.027450980392156862 0.015441176470588236
1 0.4941176470588235 0.08933823529411765 0.02091503267973856 0.01838235294117647
1 0.5320261437908497 0.07977941176470588 0.0130718954248366 0.013970588235294117
1 0.46993464052287576 0.05919117647058823 0.01437908496732026 0.01838235294117647
1 0.6163398692810457 0.04595588235294117 0.011764705882352941 0.011029411764705881
3 0.6143790849673202 0.027573529411764705 0.0392156862745098 0.015441176470588236
2 0.49346405228758167 0.09522058823529411 0.01437908496732026 0.01838235294117647
2 0.5326797385620915 0.08639705882352941 0.01699346405228758 0.015441176470588236
2 0.47058823529411764 0.06323529411764706 0.0130718954248366 0.013235294117647059
3 0.40784313725490196 0.07463235294117647 0.07581699346405228 0.021323529411764706
3 0.4379084967320261 0.06433823529411764 0.03660130718954248 0.022794117647058822
3 0.2954248366013072 0.04301470588235294 0.07320261437908496 0.01838235294117647
3 0.7745098039215685 0.13272058823529412 0.06143790849673202 0.03161764705882353
3 0.7019607843137254 0.039338235294117646 0.07581699346405228 0.016911764705882352
3 0.7032679738562091 0.033823529411764704 0.054901960784313725 0.013235294117647059
3 0.6686274509803921 0.02022058823529412 0.06666666666666667 0.013970588235294117
3 0.6562091503267974 0.010661764705882353 0.06797385620915032 0.013970588235294117
3 0.5980392156862745 0.016911764705882352 0.0326797385620915 0.013235294117647059
3 0.5895424836601306 0.011397058823529411 0.03398692810457516 0.013970588235294117
