3 0.2176470588235294 0.028676470588235293 0.04052287581699346 0.016176470588235292
3 0.3810457516339869 0.06985294117647059 0.04836601307189542 0.020588235294117647
3 0.4725490196078431 0.08419117647058823 0.04052287581699346 0.01838235294117647
3 0.538562091503268 0.026838235294117645 0.03398692810457516 0.015441176470588236
3 0.5993464052287582 0.004411764705882353 0.027450980392156862 0.010294117647058823
4 0.21437908496732025 0.10992647058823529 0.07320261437908496 0.04191176470588235
8 0.49803921568627446 0.15441176470588236 0.09673202614379084 0.0661764705882353
3 0.6235294117647059 0.5286764705882353 0.11764705882352941 0.0661764705882353
3 0.7797385620915032 0.5220588235294118 0.11633986928104574 0.07941176470588235
3 0.9261437908496731 0.49080882352941174 0.12679738562091503 0.10955882352941176
3 0.5568627450980391 0.39448529411764705 0.15424836601307187 0.08161764705882353
3 0.6640522875816993 0.4235294117647059 0.11764705882352941 0.08529411764705883
3 0.7222222222222222 0.35073529411764703 0.08235294117647059 0.054411764705882354
3 0.9248366013071895 0.3875 0.09803921568627451 0.0838235294117647
3 0.8993464052287581 0.31213235294117647 0.0784313725490196 0.05220588235294118
3 0.918954248366013 0.26066176470588237 0.06274509803921569 0.04632352941176471
3 0.811111111111111 0.3338235294117647 0.08235294117647059 0.061764705882352944
4 0.7967320261437908 0.40955882352941175 0.10849673202614378 0.10294117647058823
3 0.8058823529411764 0.27647058823529413 0.06928104575163398 0.04852941176470588
3 0.7967320261437908 0.2275735294117647 0.058823529411764705 0.04191176470588235
3 0.7176470588235294 0.21433823529411763 0.06274509803921569 0.04191176470588235
8 0.6751633986928104 0.2746323529411765 0.18431372549019606 0.12720588235294117
3 0.7999999999999999 0.18639705882352942 0.05751633986928104 0.03455882352941177
3 0.7483660130718953 0.15514705882352942 0.058823529411764705 0.030882352941176472
3 0.8117647058823528 0.15220588235294116 0.04967320261437908 0.026470588235294117
3 0.8738562091503267 0.15919117647058822 0.050980392156862744 0.030147058823529412
5 0.9209150326797385 0.1963235294117647 0.09281045751633986 0.07205882352941176
3 0.8758169934640522 0.10220588235294117 0.047058823529411764 0.023529411764705882
3 0.8490196078431372 0.07463235294117647 0.04052287581699346 0.021323529411764706
3 0.8176470588235294 0.12830882352941175 0.04836601307189542 0.028676470588235293
3 0.7424836601307189 0.09963235294117646 0.04183006535947712 0.022794117647058822
3 0.7496732026143791 0.12022058823529412 0.0457516339869281 0.025735294117647058
3 0.8183006535947712 0.10955882352941176 0.04967320261437908 0.023529411764705882
3 0.8339869281045751 0.04889705882352941 0.03398692810457516 0.016911764705882352
3 0.7810457516339869 0.0801470588235294 0.0457516339869281 0.025
8 0.7810457516339869 0.044117647058823525 0.05620915032679738 0.045588235294117645
5 0.8392156862745097 0.01838235294117647 0.047058823529411764 0.03823529411764706
5 0.7836601307189542 0.013235294117647059 0.04052287581699346 0.027941176470588233
3 1.272549019607843 0.006985294117647058 0.06143790849673202 0.009558823529411765
3 1.2941176470588234 0.01213235294117647 0.06274509803921569 0.015441176470588236
3 1.3477124183006535 0.02536764705882353 0.07581699346405228 0.01838235294117647
3 1.434640522875817 0.004779411764705883 0.06928104575163398 0.011029411764705881
3 1.4522875816993464 0.013602941176470588 0.0522875816993464 0.011029411764705881
3 1.4640522875816993 0.017279411764705883 0.05751633986928104 0.011029411764705881
3 1.4895424836601305 0.022058823529411763 0.07450980392156863 0.013235294117647059
3 1.5202614379084967 0.029411764705882353 0.0784313725490196 0.014705882352941176
3 1.4738562091503267 0.052941176470588235 0.0718954248366013 0.023529411764705882
3 1.5836601307189542 0.015808823529411764 0.0718954248366013 0.015441176470588236
3 1.722222222222222 0.02389705882352941 0.06405228758169934 0.01838235294117647
3 1.7424836601307188 0.006985294117647058 0.054901960784313725 0.0125
3 1.7137254901960783 0.004779411764705883 0.05751633986928104 0.011029411764705881
