9 0.6203703703703703 0.4515625 0.06296296296296297 0.026041666666666668
9 0.5537037037037037 0.5197916666666667 0.08518518518518518 0.025
3 0.5296296296296297 0.27760416666666665 0.10740740740740741 0.034375
3 0.6555555555555556 0.234375 0.0925925925925926 0.027083333333333334
3 0.8731481481481482 0.22552083333333334 0.06481481481481481 0.036458333333333336
3 0.9018518518518519 0.17395833333333333 0.04814814814814815 0.03333333333333333
5 0.9648148148148149 0.18802083333333333 0.04814814814814815 0.053125
4 0.8268518518518518 0.5328125 0.1685185185185185 0.057291666666666664
3 1.5407407407407407 0.534375 0.11851851851851852 0.05416666666666667
3 1.663888888888889 0.4984375 0.1388888888888889 0.096875
3 1.4685185185185186 0.409375 0.1 0.07083333333333333
3 1.2574074074074075 0.3067708333333333 0.06666666666666667 0.059375
3 1.5481481481481483 0.3453125 0.0962962962962963 0.06354166666666666
3 1.2175925925925926 0.14895833333333333 0.05 0.029166666666666667
3 1.1962962962962964 0.06510416666666667 0.037037037037037035 0.021875
3 1.3398148148148148 0.0234375 0.053703703703703705 0.017708333333333333
5 1.2546296296296298 0.018229166666666668 0.03888888888888889 0.02395833333333333
3 1.4694444444444446 0.21510416666666665 0.06851851851851852 0.034375
3 1.3694444444444445 0.17708333333333334 0.053703703703703705 0.035416666666666666
3 1.3888888888888888 0.22083333333333333 0.05925925925925926 0.035416666666666666
5 1.4157407407407407 0.2640625 0.07962962962962963 0.04895833333333333
6 1.1935185185185186 0.36822916666666666 0.0462962962962963 0.046875
1 1.1981481481481482 0.3703125 0.02592592592592593 0.021875
1 1.1981481481481482 0.353125 0.022222222222222223 0.022916666666666665
3 1.5935185185185186 0.22760416666666666 0.07962962962962963 0.04895833333333333
3 1.5203703703703704 0.11770833333333333 0.044444444444444446 0.027083333333333334
3 1.5148148148148148 0.0859375 0.07407407407407407 0.021875
3 1.6870370370370371 0.053125 0.08148148148148149 0.020833333333333332
3 1.6546296296296297 0.17708333333333334 0.09074074074074075 0.04791666666666666
3 1.5907407407407408 0.12291666666666666 0.05185185185185186 0.035416666666666666
3 1.6203703703703705 0.1453125 0.07037037037037037 0.028125
3 1.7231481481481483 0.21822916666666667 0.07962962962962963 0.042708333333333334
3 1.7537037037037038 0.2546875 0.044444444444444446 0.04479166666666667
9 1.450925925925926 0.3296875 0.031481481481481485 0.030208333333333334
1 1.4472222222222222 0.3234375 0.03518518518518519 0.019791666666666666
1 1.450925925925926 0.32760416666666664 0.03518518518518519 0.017708333333333333
1 1.5787037037037037 0.16770833333333332 0.016666666666666666 0.01875
5 1.1537037037037037 0.2526041666666667 0.08518518518518518 0.06770833333333333
