3 0.9833333333333334 0.5315104166666667 0.14074074074074075 0.0609375
3 0.8643518518518519 0.22552083333333334 0.04351851851851852 0.02395833333333333
3 1.0296296296296297 0.09270833333333334 0.022222222222222223 0.009375
3 0.9685185185185186 0.08645833333333333 0.014814814814814815 0.00625
3 0.9476851851851852 0.07994791666666666 0.004629629629629629 0.0026041666666666665
3 0.9717592592592593 0.08151041666666667 0.004629629629629629 0.0026041666666666665
3 0.9717592592592593 0.07838541666666667 0.004629629629629629 0.0026041666666666665
3 0.9796296296296296 0.07890625 0.005555555555555556 0.0026041666666666665
3 0.9800925925925926 0.0765625 0.004629629629629629 0.0020833333333333333
3 0.9847222222222223 0.07395833333333333 0.004629629629629629 0.0020833333333333333
5 0.9893518518518519 0.07578125 0.004629629629629629 0.0026041666666666665
3 0.9967592592592593 0.07291666666666667 0.002777777777777778 0.0020833333333333333
3 1.0037037037037038 0.07213541666666666 0.003703703703703704 0.0015625
4 1.0333333333333334 0.07604166666666666 0.009259259259259259 0.0020833333333333333
3 0.9537037037037037 0.0734375 0.003703703703703704 0.0020833333333333333
3 0.9500000000000001 0.07291666666666667 0.003703703703703704 0.0020833333333333333
3 1.2625 0.07916666666666666 0.008333333333333333 0.0020833333333333333
3 1.3120370370370371 0.07916666666666666 0.007407407407407408 0.0020833333333333333
4 0.7671296296296296 0.17473958333333334 0.05648148148148149 0.0203125
1 0.7694444444444445 0.15130208333333334 0.007407407407407408 0.0067708333333333336
