9 1.6934640522875817 0.4227941176470588 0.05359477124183006 0.033823529411764704
9 1.6248366013071893 0.42867647058823527 0.04967320261437908 0.039705882352941174
9 1.5620915032679739 0.4319852941176471 0.0392156862745098 0.030147058823529412
2 1.5928104575163398 0.43161764705882355 0.043137254901960784 0.032352941176470584
2 1.1333333333333333 0.20955882352941177 0.03398692810457516 0.014705882352941176
2 1.1679738562091502 0.21066176470588235 0.03790849673202614 0.011029411764705881
2 1.2999999999999998 0.21066176470588235 0.03529411764705882 0.0125
9 1.352941176470588 0.2125 0.01830065359477124 0.01764705882352941
9 1.757516339869281 0.4279411764705882 0.03790849673202614 0.03529411764705882
3 1.530718954248366 0.32095588235294115 0.14640522875816991 0.03308823529411765
3 1.4718954248366012 0.27941176470588236 0.12549019607843137 0.033823529411764704
3 0.8712418300653594 0.31470588235294117 0.05620915032679738 0.03823529411764706
3 0.7699346405228757 0.27058823529411763 0.054901960784313725 0.03676470588235294
3 0.7999999999999999 0.17058823529411765 0.03660130718954248 0.022058823529411763
3 0.7163398692810456 0.15808823529411764 0.03660130718954248 0.023529411764705882
3 0.8660130718954248 0.11691176470588235 0.027450980392156862 0.013235294117647059
3 0.8620915032679738 0.07242647058823529 0.0196078431372549 0.011029411764705881
3 0.9366013071895424 0.10845588235294118 0.043137254901960784 0.013970588235294117
3 0.9078431372549018 0.07647058823529412 0.02222222222222222 0.011764705882352941
3 0.8274509803921568 0.06286764705882353 0.02091503267973856 0.011029411764705881
3 0.837908496732026 0.027941176470588233 0.0130718954248366 0.0058823529411764705
3 0.8627450980392156 0.029044117647058824 0.01045751633986928 0.006617647058823529
3 0.8947712418300653 0.022794117647058822 0.011764705882352941 0.0058823529411764705
3 0.8620915032679738 0.01911764705882353 0.011764705882352941 0.004411764705882353
3 0.8928104575163398 0.03713235294117647 0.01568627450980392 0.006617647058823529
3 1.3895424836601307 0.5334558823529412 0.23529411764705882 0.05514705882352941
3 1.356862745098039 0.48566176470588235 0.18823529411764706 0.04632352941176471
3 1.3202614379084967 0.4143382352941176 0.1830065359477124 0.04338235294117647
3 1.2718954248366012 0.3588235294117647 0.14640522875816991 0.03676470588235294
3 1.2346405228758168 0.21176470588235294 0.09803921568627451 0.025
3 0.9967320261437908 0.19816176470588234 0.043137254901960784 0.021323529411764706
3 0.9915032679738561 0.21985294117647058 0.043137254901960784 0.025
3 0.7437908496732025 0.14080882352941176 0.03398692810457516 0.019852941176470587
3 0.7039215686274509 0.06875 0.04052287581699346 0.009558823529411765
3 0.7869281045751634 0.052941176470588235 0.01830065359477124 0.010294117647058823
3 0.8006535947712418 0.047058823529411764 0.01699346405228758 0.007352941176470588
3 0.8359477124183006 0.03602941176470588 0.011764705882352941 0.0058823529411764705
3 0.8745098039215685 0.04632352941176471 0.0130718954248366 0.007352941176470588
3 0.9895424836601306 0.08308823529411764 0.047058823529411764 0.008823529411764706
3 0.9895424836601306 0.08676470588235294 0.047058823529411764 0.010294117647058823
3 1.0555555555555556 0.057720588235294114 0.04052287581699346 0.009558823529411765
3 1.0366013071895424 0.044117647058823525 0.03398692810457516 0.007352941176470588
3 1.0183006535947712 0.0400735294117647 0.03398692810457516 0.008088235294117646
3 0.9653594771241829 0.039338235294117646 0.01437908496732026 0.008088235294117646
3 0.9901960784313725 0.02536764705882353 0.027450980392156862 0.005147058823529412
3 0.9960784313725489 0.07647058823529412 0.047058823529411764 0.008823529411764706
3 0.9830065359477124 0.08125 0.04444444444444444 0.009558823529411765
3 0.9869281045751633 0.07279411764705883 0.047058823529411764 0.007352941176470588
3 0.9869281045751633 0.07095588235294117 0.04444444444444444 0.008088235294117646
3 0.9849673202614379 0.06801470588235294 0.04052287581699346 0.011029411764705881
3 1.015032679738562 0.057352941176470586 0.02222222222222222 0.010294117647058823
4 0.9653594771241829 0.05955882352941176 0.0457516339869281 0.011764705882352941
4 0.9359477124183005 0.04264705882352941 0.03398692810457516 0.008823529411764706
4 0.9372549019607842 0.0400735294117647 0.03398692810457516 0.009558823529411765
1 0.9202614379084967 0.12352941176470589 0.01045751633986928 0.010294117647058823
1 0.8026143790849672 0.08308823529411764 0.00784313725490196 0.010294117647058823
3 0.841830065359477 0.022426470588235294 0.01045751633986928 0.006617647058823529
3 0.8117647058823528 0.01875 0.01045751633986928 0.005147058823529412
5 0.8045751633986927 0.029044117647058824 0.01437908496732026 0.011029411764705881
5 0.8627450980392156 0.04889705882352941 0.023529411764705882 0.022794117647058822
5 0.9137254901960784 0.18308823529411763 0.06274509803921569 0.0838235294117647
5 0.692156862745098 0.4617647058823529 0.10326797385620914 0.10441176470588236
5 0.549673202614379 0.09889705882352941 0.043137254901960784 0.02426470588235294
5 0.6117647058823529 0.08970588235294118 0.06013071895424836 0.03823529411764706
5 0.5718954248366013 0.08566176470588235 0.050980392156862744 0.027205882352941177
5 0.7254901960784313 0.11691176470588235 0.12549019607843137 0.033823529411764704
5 0.5522875816993463 0.14522058823529413 0.08758169934640522 0.05955882352941176
4 0.8640522875816993 0.23602941176470588 0.04183006535947712 0.032352941176470584
9 0.9196078431372549 0.1275735294117647 0.00915032679738562 0.009558823529411765
9 0.8026143790849672 0.08529411764705883 0.00784313725490196 0.0058823529411764705
