4 1.2274509803921567 0.3551470588235294 0.18823529411764706 0.08823529411764705
4 0.7954248366013071 0.4536764705882353 0.28104575163398693 0.10735294117647058
3 0.8032679738562091 0.5367647058823529 0.28627450980392155 0.05
3 0.4032679738562091 0.4294117647058823 0.3150326797385621 0.11176470588235293
3 0.8483660130718954 0.2757352941176471 0.19607843137254902 0.0661764705882353
4 0.8444444444444443 0.33051470588235293 0.2222222222222222 0.09632352941176471
3 1.1601307189542482 0.26066176470588237 0.2026143790849673 0.06691176470588235
3 1.11437908496732 0.21102941176470588 0.1477124183006536 0.051470588235294115
4 1.184313725490196 0.14522058823529413 0.13333333333333333 0.04338235294117647
3 0.9313725490196078 0.18161764705882352 0.15555555555555556 0.04264705882352941
3 0.09411764705882353 0.21213235294117647 0.11241830065359476 0.05514705882352941
3 0.226797385620915 0.17352941176470588 0.10326797385620914 0.047058823529411764
4 0.30196078431372547 0.1363970588235294 0.09934640522875816 0.04338235294117647
3 1.422222222222222 0.10404411764705883 0.13594771241830064 0.03602941176470588
4 1.4973856209150325 0.09375 0.10588235294117647 0.03897058823529412
3 1.657516339869281 0.06323529411764706 0.11241830065359476 0.032352941176470584
3 0.2941176470588235 0.10625 0.1411764705882353 0.0375
3 0.3045751633986928 0.09080882352941176 0.13594771241830064 0.027205882352941177
3 0.23594771241830065 0.08235294117647059 0.1241830065359477 0.029411764705882353
3 0.17777777777777776 0.07941176470588235 0.10718954248366012 0.030882352941176472
3 0.1457516339869281 0.061764705882352944 0.11633986928104574 0.025
3 0.07320261437908496 0.04044117647058824 0.11764705882352941 0.029411764705882353
3 0.10196078431372549 0.02463235294117647 0.10196078431372549 0.019852941176470587
3 0.06339869281045751 0.01911764705882353 0.09019607843137255 0.020588235294117647
3 0.07647058823529411 0.008455882352941176 0.0849673202614379 0.016911764705882352
1 0.20196078431372547 0.008823529411764706 0.02222222222222222 0.013235294117647059
3 1.4823529411764704 0.1860294117647059 0.13856209150326795 0.047058823529411764
1 1.3169934640522876 0.16066176470588234 0.027450980392156862 0.028676470588235293
9 1.3143790849673203 0.1676470588235294 0.050980392156862744 0.022058823529411763
6 1.6261437908496732 0.10073529411764706 0.05751633986928104 0.025
9 1.4313725490196076 0.1323529411764706 0.03660130718954248 0.020588235294117647
9 1.2633986928104575 0.11433823529411764 0.043137254901960784 0.027205882352941177
1 0.00980392156862745 0.42426470588235293 0.02222222222222222 0.04852941176470588
9 0.02679738562091503 0.42169117647058824 0.05620915032679738 0.030147058823529412
2 1.584313725490196 0.07867647058823529 0.03398692810457516 0.014705882352941176
2 1.6006535947712417 0.07647058823529412 0.03529411764705882 0.016176470588235292
3 1.737908496732026 0.04191176470588235 0.07712418300653594 0.032352941176470584
