4 0.7901960784313725 0.28308823529411764 0.4640522875816993 0.1323529411764706
4 1.3718954248366013 0.42573529411764705 0.26013071895424833 0.1602941176470588
3 0.9202614379084967 0.46213235294117644 0.30588235294117644 0.16397058823529412
3 1.4490196078431372 0.19044117647058822 0.12679738562091503 0.1323529411764706
3 1.3444444444444443 0.09558823529411764 0.22614379084967318 0.10294117647058823
2 0.1790849673202614 0.28602941176470587 0.12810457516339868 0.03823529411764706
9 0.24117647058823527 0.2588235294117647 0.11895424836601307 0.04264705882352941
6 0.6725490196078431 0.15514705882352942 0.10326797385620914 0.09705882352941177
1 0.6137254901960784 0.06544117647058824 0.03006535947712418 0.01764705882352941
1 1.0607843137254902 0.16433823529411765 0.03529411764705882 0.04485294117647059
2 1.0555555555555556 0.1738970588235294 0.09542483660130718 0.03161764705882353
1 0.8594771241830065 0.08897058823529412 0.03529411764705882 0.03823529411764706
1 0.8366013071895424 0.08676470588235294 0.023529411764705882 0.039705882352941174
9 0.8581699346405228 0.10183823529411765 0.0718954248366013 0.03897058823529412
1 0.9529411764705882 0.054044117647058826 0.02091503267973856 0.04191176470588235
1 0.9751633986928104 0.057720588235294114 0.03660130718954248 0.03897058823529412
9 0.9666666666666666 0.06433823529411764 0.08758169934640522 0.04044117647058824
1 0.6967320261437908 0.048161764705882355 0.03660130718954248 0.03897058823529412
1 0.7816993464052288 0.03566176470588235 0.0392156862745098 0.03897058823529412
6 0.6816993464052287 0.04852941176470588 0.10065359477124182 0.04852941176470588
6 0.7516339869281046 0.03566176470588235 0.1411764705882353 0.05955882352941176
2 0.07058823529411765 0.09375 0.08888888888888888 0.027205882352941177
2 0.03725490196078431 0.08529411764705883 0.07712418300653594 0.025
