3 0.01568627450980392 0.3790441176470588 0.03398692810457516 0.025735294117647058
3 0.0196078431372549 0.34852941176470587 0.04183006535947712 0.025
3 0.07908496732026143 0.32169117647058826 0.13986928104575164 0.025735294117647058
3 0.16013071895424835 0.33897058823529413 0.12679738562091503 0.03529411764705882
3 0.42549019607843136 0.3261029411764706 0.11895424836601307 0.030147058823529412
3 0.17450980392156862 0.36617647058823527 0.13202614379084968 0.032352941176470584
3 0.37973856209150325 0.3827205882352941 0.134640522875817 0.03161764705882353
3 0.46274509803921565 0.34595588235294117 0.12026143790849672 0.03161764705882353
3 0.3627450980392157 0.3051470588235294 0.10849673202614378 0.030882352941176472
3 0.22483660130718952 0.3125 0.10718954248366012 0.025
3 0.18692810457516337 0.2889705882352941 0.11503267973856209 0.025
3 0.20196078431372547 0.25698529411764703 0.10849673202614378 0.02426470588235294
3 0.8039215686274509 0.34338235294117647 0.05751633986928104 0.052941176470588235
3 0.9431372549019608 0.4113970588235294 0.05620915032679738 0.05367647058823529
3 1.0366013071895424 0.29411764705882354 0.047058823529411764 0.033823529411764704
3 0.9895424836601306 0.28198529411764706 0.04183006535947712 0.030147058823529412
3 1.1777777777777776 0.2797794117647059 0.08366013071895424 0.027205882352941177
3 1.026797385620915 0.2529411764705882 0.09281045751633986 0.027941176470588233
3 1.0091503267973856 0.22316176470588234 0.07581699346405228 0.02426470588235294
3 1.1712418300653593 0.38529411764705884 0.08104575163398692 0.039705882352941174
1 0.6588235294117647 0.29558823529411765 0.02091503267973856 0.020588235294117647
1 0.7143790849673202 0.3422794117647059 0.0196078431372549 0.019852941176470587
1 0.645751633986928 0.19301470588235295 0.01830065359477124 0.015441176470588236
9 0.6607843137254902 0.3011029411764706 0.0196078431372549 0.013970588235294117
9 0.7130718954248365 0.3492647058823529 0.02222222222222222 0.01764705882352941
2 0.6470588235294117 0.19926470588235293 0.0261437908496732 0.011764705882352941
4 0.9169934640522875 0.24669117647058822 0.04052287581699346 0.03161764705882353
4 1.022875816993464 0.18345588235294116 0.07450980392156863 0.028676470588235293
1 0.7503267973856209 0.23602941176470588 0.01568627450980392 0.013235294117647059
6 0.7470588235294117 0.2349264705882353 0.0326797385620915 0.027205882352941177
3 0.9764705882352941 0.13933823529411765 0.03398692810457516 0.019852941176470587
3 0.8777777777777778 0.14338235294117646 0.03529411764705882 0.026470588235294117
3 0.796078431372549 0.14375 0.0392156862745098 0.022794117647058822
4 0.8241830065359477 0.14926470588235294 0.027450980392156862 0.027941176470588233
4 0.8836601307189542 0.125 0.0261437908496732 0.023529411764705882
4 0.8705882352941176 0.11176470588235293 0.0261437908496732 0.023529411764705882
3 0.8313725490196078 0.09816176470588235 0.0261437908496732 0.016911764705882352
3 0.8222222222222222 0.07757352941176471 0.023529411764705882 0.016911764705882352
3 0.8274509803921568 0.05698529411764706 0.02091503267973856 0.015441176470588236
3 0.8398692810457515 0.04485294117647059 0.02222222222222222 0.014705882352941176
3 0.9150326797385621 0.04779411764705882 0.023529411764705882 0.014705882352941176
3 0.8699346405228757 0.09632352941176471 0.03006535947712418 0.01764705882352941
5 0.8679738562091502 0.0713235294117647 0.03398692810457516 0.032352941176470584
4 0.9137254901960784 0.07647058823529412 0.0261437908496732 0.01764705882352941
8 0.9620915032679738 0.07720588235294118 0.0392156862745098 0.039705882352941174
8 0.9490196078431372 0.027941176470588233 0.03398692810457516 0.029411764705882353
3 0.8686274509803921 0.04338235294117647 0.02222222222222222 0.016176470588235292
4 0.8666666666666666 0.028676470588235293 0.01830065359477124 0.014705882352941176
3 0.9006535947712417 0.01801470588235294 0.01830065359477124 0.009558823529411765
3 0.8771241830065359 0.016911764705882352 0.01830065359477124 0.010294117647058823
4 0.8477124183006536 0.014338235294117646 0.0196078431372549 0.013970588235294117
3 0.8516339869281045 0.004044117647058823 0.0196078431372549 0.009558823529411765
1 0.8183006535947712 0.03713235294117647 0.00784313725490196 0.005147058823529412
6 0.8176470588235294 0.03566176470588235 0.01437908496732026 0.01838235294117647
3 0.3934640522875817 0.03125 0.02875816993464052 0.013970588235294117
3 0.4339869281045751 0.028676470588235293 0.02875816993464052 0.013235294117647059
3 0.47124183006535947 0.028308823529411765 0.027450980392156862 0.0125
3 0.5300653594771242 0.02977941176470588 0.03006535947712418 0.013970588235294117
3 0.5758169934640522 0.004779411764705883 0.0196078431372549 0.011029411764705881
4 0.5026143790849673 0.027941176470588233 0.02483660130718954 0.013235294117647059
1 1.2758169934640522 0.2639705882352941 0.01830065359477124 0.01764705882352941
9 1.2751633986928104 0.26691176470588235 0.03790849673202614 0.016176470588235292
1 1.2248366013071894 0.23823529411764705 0.01830065359477124 0.01764705882352941
9 1.226143790849673 0.24227941176470588 0.02091503267973856 0.013970588235294117
1 1.1581699346405228 0.20073529411764707 0.0130718954248366 0.01764705882352941
9 1.1529411764705881 0.20404411764705882 0.02091503267973856 0.0125
1 1.1281045751633987 0.18933823529411764 0.0130718954248366 0.0125
6 1.1300653594771242 0.19264705882352942 0.03790849673202614 0.010294117647058823
1 1.0098039215686274 0.13345588235294117 0.011764705882352941 0.009558823529411765
2 1.011111111111111 0.1386029411764706 0.011764705882352941 0.009558823529411765
9 1.0196078431372548 0.14816176470588235 0.01568627450980392 0.013970588235294117
1 1.2784313725490195 0.18051470588235294 0.01045751633986928 0.013970588235294117
1 1.2836601307189541 0.18051470588235294 0.01045751633986928 0.013970588235294117
2 1.2771241830065359 0.18308823529411763 0.02875816993464052 0.010294117647058823
3 1.2372549019607841 0.1889705882352941 0.0849673202614379 0.01764705882352941
3 1.3816993464052287 0.22573529411764706 0.0915032679738562 0.022058823529411763
3 1.2601307189542483 0.2011029411764706 0.08104575163398692 0.019852941176470587
3 1.3098039215686275 0.20919117647058824 0.08888888888888888 0.025735294117647058
3 1.5209150326797385 0.26323529411764707 0.09281045751633986 0.023529411764705882
3 1.6163398692810456 0.2948529411764706 0.10065359477124182 0.027941176470588233
3 1.384313725490196 0.19264705882352942 0.08366013071895424 0.022058823529411763
3 1.6444444444444444 0.17720588235294119 0.08104575163398692 0.01911764705882353
3 1.6137254901960782 0.21029411764705883 0.08235294117647059 0.020588235294117647
3 1.4058823529411764 0.24154411764705883 0.0849673202614379 0.019852941176470587
3 1.5091503267973856 0.23455882352941176 0.07450980392156863 0.020588235294117647
3 1.5032679738562091 0.21691176470588236 0.09411764705882353 0.020588235294117647
3 1.464705882352941 0.20147058823529412 0.0849673202614379 0.023529411764705882
3 1.5215686274509803 0.18566176470588236 0.08104575163398692 0.019852941176470587
3 1.5849673202614378 0.1963235294117647 0.0849673202614379 0.020588235294117647
3 1.6784313725490194 0.19301470588235295 0.08627450980392157 0.021323529411764706
4 1.7045751633986927 0.21985294117647058 0.08366013071895424 0.023529411764705882
4 1.7143790849673202 0.2025735294117647 0.08235294117647059 0.022794117647058822
3 1.7549019607843137 0.1860294117647059 0.043137254901960784 0.020588235294117647
3 1.749019607843137 0.2474264705882353 0.054901960784313725 0.02426470588235294
8 0.7254901960784313 0.5448529411764705 0.11241830065359476 0.033823529411764704
3 0.9816993464052287 0.5485294117647058 0.0784313725490196 0.026470588235294117
3 0.3176470588235294 0.02977941176470588 0.03660130718954248 0.015441176470588236
3 0.33921568627450976 0.014705882352941176 0.02483660130718954 0.013235294117647059
3 0.3071895424836601 0.013970588235294117 0.0261437908496732 0.010294117647058823
3 0.23986928104575161 0.013235294117647059 0.027450980392156862 0.011764705882352941
3 0.16078431372549018 0.029411764705882353 0.03660130718954248 0.013235294117647059
3 0.18431372549019606 0.01875 0.04967320261437908 0.0125
5 0.47058823529411764 0.0058823529411764705 0.06013071895424836 0.013235294117647059
3 0.2156862745098039 0.011397058823529411 0.02091503267973856 0.009558823529411765
