3 0.8842592592592593 0.21562499999999998 0.016666666666666666 0.008333333333333333
1 0.925 0.22447916666666667 0.009259259259259259 0.007291666666666667
9 0.925 0.2265625 0.009259259259259259 0.005208333333333333
1 0.9074074074074074 0.22395833333333334 0.007407407407407408 0.00625
3 0.8212962962962963 0.22447916666666667 0.024074074074074074 0.011458333333333333
3 0.8166666666666667 0.23541666666666666 0.022222222222222223 0.010416666666666666
3 0.8046296296296297 0.2484375 0.024074074074074074 0.011458333333333333
1 0.837962962962963 0.23333333333333334 0.009259259259259259 0.00625
9 0.8388888888888889 0.23489583333333333 0.007407407407407408 0.005208333333333333
1 0.8425925925925927 0.24166666666666667 0.007407407407407408 0.00625
2 0.8435185185185186 0.2453125 0.005555555555555556 0.003125
1 0.8185185185185185 0.25677083333333334 0.007407407407407408 0.007291666666666667
3 0.9611111111111111 0.26458333333333334 0.02962962962962963 0.016666666666666666
1 0.8546296296296296 0.26927083333333335 0.012962962962962964 0.007291666666666667
9 0.8555555555555556 0.27239583333333334 0.011111111111111112 0.009375
3 0.9740740740740741 0.2890625 0.02962962962962963 0.017708333333333333
3 0.9694444444444444 0.2796875 0.031481481481481485 0.015625
1 0.9120370370370371 0.2911458333333333 0.012962962962962964 0.009375
9 0.9120370370370371 0.29583333333333334 0.012962962962962964 0.010416666666666666
9 0.3111111111111111 0.4848958333333333 0.05555555555555556 0.030208333333333334
9 0.362962962962963 0.44947916666666665 0.05555555555555556 0.019791666666666666
2 0.26944444444444443 0.4828125 0.0462962962962963 0.021875
9 0.6842592592592592 0.3765625 0.020370370370370372 0.015625
3 1.0046296296296298 0.328125 0.06481481481481481 0.04583333333333333
3 0.9601851851851853 0.5166666666666666 0.08703703703703704 0.05625
3 1.1027777777777779 0.5010416666666666 0.08333333333333334 0.05
1 0.7324074074074074 0.38958333333333334 0.016666666666666666 0.022916666666666665
1 0.7342592592592593 0.3880208333333333 0.012962962962962964 0.017708333333333333
9 0.7333333333333334 0.3953125 0.014814814814814815 0.019791666666666666
1 0.862962962962963 0.3963541666666667 0.018518518518518517 0.021875
9 0.862962962962963 0.4015625 0.018518518518518517 0.021875
1 0.9425925925925926 0.3848958333333333 0.014814814814814815 0.015625
1 0.9407407407407408 0.384375 0.018518518518518517 0.016666666666666666
9 0.9407407407407408 0.38958333333333334 0.018518518518518517 0.01875
9 1.0435185185185185 0.4395833333333333 0.024074074074074074 0.022916666666666665
