3 0.8106481481481482 0.42890625 0.20833333333333334 0.11927083333333333
3 1.340277777777778 0.5028645833333333 0.28055555555555556 0.11822916666666666
3 1.2078703703703704 0.5192708333333333 0.2712962962962963 0.08541666666666667
3 0.9800925925925926 0.5369791666666667 0.18425925925925926 0.05
3 0.9314814814814815 0.40520833333333334 0.17962962962962964 0.08854166666666667
3 1.1152777777777778 0.40572916666666664 0.2175925925925926 0.10520833333333333
3 0.9546296296296297 0.33697916666666666 0.15185185185185185 0.06875
3 0.7949074074074074 0.33307291666666666 0.15092592592592594 0.06822916666666666
3 0.6935185185185185 0.35963541666666665 0.15925925925925927 0.08177083333333333
3 0.5814814814814815 0.284375 0.11666666666666667 0.065625
3 0.6995370370370371 0.28020833333333334 0.11018518518518519 0.05520833333333333
3 0.8055555555555556 0.27291666666666664 0.12407407407407407 0.058333333333333334
3 0.9777777777777779 0.23567708333333334 0.11296296296296297 0.0359375
3 0.4310185185185185 0.40729166666666666 0.15092592592592594 0.090625
3 0.38472222222222224 0.3333333333333333 0.13240740740740742 0.07083333333333333
3 0.3439814814814815 0.28515625 0.10277777777777779 0.06302083333333333
4 0.5194444444444445 0.23359375 0.1277777777777778 0.07447916666666667
3 0.6143518518518519 0.23828125 0.10277777777777779 0.04635416666666667
3 0.701388888888889 0.22135416666666666 0.11018518518518519 0.05416666666666667
3 1.1027777777777779 0.22838541666666667 0.11296296296296297 0.034895833333333334
1 0.10555555555555556 0.3703125 0.06481481481481481 0.036458333333333336
9 0.19907407407407407 0.25286458333333334 0.03518518518518519 0.030729166666666665
2 0.22361111111111112 0.25390625 0.025 0.021354166666666667
2 0.2138888888888889 0.23880208333333333 0.02777777777777778 0.022395833333333334
2 0.18611111111111112 0.24479166666666666 0.031481481481481485 0.025
3 0.46435185185185185 0.20729166666666665 0.075 0.03958333333333333
3 0.5222222222222223 0.19322916666666667 0.07777777777777778 0.035416666666666666
3 0.625 0.1921875 0.08333333333333334 0.034375
3 0.37222222222222223 0.20963541666666666 0.07592592592592592 0.04114583333333333
3 0.5703703703703704 0.16875 0.07777777777777778 0.03333333333333333
3 0.4763888888888889 0.1671875 0.075 0.03229166666666666
3 0.38657407407407407 0.16744791666666667 0.0712962962962963 0.03177083333333333
3 0.2828703703703704 0.21927083333333333 0.08796296296296297 0.04375
3 0.2569444444444445 0.18723958333333332 0.075 0.0328125
3 0.24629629629629632 0.16432291666666665 0.061111111111111116 0.030729166666666665
3 0.23148148148148148 0.15078125 0.061111111111111116 0.030729166666666665
3 0.21574074074074076 0.13671875 0.05925925925925926 0.024479166666666666
3 0.45231481481481484 0.14635416666666667 0.0712962962962963 0.025
3 0.41620370370370374 0.12890625 0.06018518518518519 0.0234375
3 0.35879629629629634 0.13723958333333333 0.05462962962962963 0.030729166666666665
3 0.33796296296296297 0.12291666666666666 0.05 0.02395833333333333
3 0.31157407407407406 0.11197916666666667 0.049074074074074076 0.02395833333333333
3 0.2935185185185185 0.09739583333333333 0.044444444444444446 0.019791666666666666
3 0.3740740740740741 0.11171874999999999 0.04814814814814815 0.0203125
3 0.3731481481481482 0.11119791666666666 0.04814814814814815 0.0203125
3 0.48194444444444445 0.12864583333333332 0.06018518518518519 0.025
3 0.4444444444444445 0.10911458333333333 0.05925925925925926 0.025520833333333333
3 0.4189814814814815 0.09895833333333333 0.05462962962962963 0.019791666666666666
3 0.3592592592592593 0.09557291666666666 0.05555555555555556 0.021354166666666667
3 0.3893518518518519 0.08854166666666667 0.04166666666666667 0.01875
3 0.34351851851851856 0.08958333333333333 0.0462962962962963 0.017708333333333333
3 0.3189814814814815 0.0796875 0.04166666666666667 0.016666666666666666
3 0.3111111111111111 0.07421875 0.03518518518518519 0.015104166666666667
3 0.36388888888888893 0.0765625 0.040740740740740744 0.0125
3 0.350462962962963 0.06953125 0.03796296296296296 0.013020833333333334
3 0.3365740740740741 0.0625 0.03425925925925926 0.014583333333333334
3 0.27361111111111114 0.08177083333333333 0.04166666666666667 0.01875
3 0.2555555555555556 0.071875 0.03888888888888889 0.016666666666666666
1 0.5509259259259259 0.48151041666666666 0.05 0.05572916666666666
1 0.5819444444444445 0.3880208333333333 0.04537037037037037 0.040625
1 0.5226851851851853 0.4434895833333333 0.04166666666666667 0.0484375
1 0.524537037037037 0.3875 0.04351851851851852 0.04479166666666667
1 0.5 0.2908854166666667 0.02962962962962963 0.034895833333333334
1 0.4375 0.29270833333333335 0.028703703703703703 0.035416666666666666
1 0.38472222222222224 0.24973958333333332 0.026851851851851852 0.0296875
9 0.5833333333333334 0.40234375 0.0462962962962963 0.0421875
2 0.5504629629629629 0.5018229166666667 0.03796296296296296 0.0421875
2 0.5208333333333334 0.46197916666666666 0.03796296296296296 0.042708333333333334
2 0.5263888888888889 0.4044270833333333 0.036111111111111115 0.03177083333333333
2 0.5013888888888889 0.30182291666666666 0.036111111111111115 0.03177083333333333
2 0.4416666666666667 0.303125 0.02962962962962963 0.03125
2 0.3907407407407408 0.2604166666666667 0.024074074074074074 0.02395833333333333
3 1.6560185185185186 0.4591145833333333 0.24166666666666667 0.09322916666666667
1 1.6472222222222224 0.4049479166666667 0.05555555555555556 0.030729166666666665
6 1.6490740740740741 0.41380208333333335 0.09814814814814815 0.03697916666666667
3 1.6425925925925926 0.36302083333333335 0.2388888888888889 0.05
3 1.4120370370370372 0.2877604166666667 0.17777777777777778 0.04739583333333333
1 1.463888888888889 0.35 0.044444444444444446 0.03229166666666666
1 1.3875 0.3299479166666667 0.04166666666666667 0.033854166666666664
1 1.075 0.22890625 0.040740740740740744 0.0265625
1 1.325925925925926 0.25104166666666666 0.03518518518518519 0.02395833333333333
1 0.9921296296296297 0.20364583333333333 0.026851851851851852 0.022916666666666665
2 1.4967592592592593 0.2622395833333333 0.04722222222222222 0.022395833333333334
2 1.7106481481481481 0.3072916666666667 0.03796296296296296 0.03333333333333333
2 1.6800925925925927 0.30416666666666664 0.028703703703703703 0.028125
2 1.6555555555555557 0.30416666666666664 0.02962962962962963 0.028125
2 1.6328703703703704 0.303125 0.028703703703703703 0.028125
2 1.5675925925925926 0.2794270833333333 0.05740740740740741 0.0203125
6 1.625 0.28619791666666666 0.10370370370370371 0.0234375
4 0.8078703703703703 0.16744791666666667 0.08796296296296297 0.033854166666666664
3 0.9560185185185186 0.16666666666666666 0.08240740740740742 0.029166666666666667
