3 1.1705882352941175 0.50625 0.33856209150326794 0.10220588235294117
3 1.6745098039215685 0.4849264705882353 0.20392156862745098 0.13014705882352942
3 0.14836601307189543 0.009926470588235294 0.0849673202614379 0.021323529411764706
9 0.8084967320261437 0.0661764705882353 0.058823529411764705 0.01911764705882353
3 1.10718954248366 0.08566176470588235 0.12287581699346405 0.03161764705882353
3 1.3679738562091501 0.1474264705882353 0.11895424836601307 0.04338235294117647
4 1.5503267973856207 0.2463235294117647 0.09934640522875816 0.07352941176470588
6 1.741176470588235 0.3 0.07058823529411765 0.052941176470588235
1 1.7464052287581697 0.2852941176470588 0.03660130718954248 0.01764705882352941
1 1.7503267973856207 0.20698529411764705 0.02875816993464052 0.01838235294117647
1 1.7215686274509803 0.1988970588235294 0.02875816993464052 0.021323529411764706
6 1.7333333333333332 0.21470588235294116 0.08627450980392157 0.044117647058823525
3 1.3941176470588235 0.05625 0.09281045751633986 0.025735294117647058
3 1.3248366013071895 0.03455882352941177 0.05620915032679738 0.027941176470588233
3 1.3202614379084967 0.006617647058823529 0.0392156862745098 0.014705882352941176
