3 0.08823529411764705 0.4452205882352941 0.04052287581699346 0.016911764705882352
3 0.03725490196078431 0.46213235294117644 0.04836601307189542 0.016911764705882352
3 0.00522875816993464 0.47830882352941173 0.0130718954248366 0.01838235294117647
3 0.388235294117647 0.47941176470588237 0.0392156862745098 0.01911764705882353
8 0.45816993464052286 0.5073529411764706 0.08758169934640522 0.047058823529411764
1 0.49738562091503263 0.5363970588235294 0.0065359477124183 0.009558823529411765
2 0.4967320261437908 0.5397058823529411 0.01830065359477124 0.008823529411764706
3 0.5869281045751633 0.3786764705882353 0.03137254901960784 0.013235294117647059
3 0.7784313725490195 0.3680147058823529 0.02222222222222222 0.011029411764705881
3 0.5888888888888888 0.32941176470588235 0.02483660130718954 0.013235294117647059
3 0.8392156862745097 0.25036764705882353 0.01568627450980392 0.006617647058823529
3 0.8045751633986927 0.22463235294117648 0.01699346405228758 0.006617647058823529
3 0.9058823529411764 0.2275735294117647 0.01568627450980392 0.006617647058823529
3 0.8895424836601307 0.225 0.01437908496732026 0.007352941176470588
8 0.8647058823529411 0.2051470588235294 0.03006535947712418 0.013235294117647059
5 1.2601307189542483 0.14485294117647057 0.06013071895424836 0.013235294117647059
3 1.0562091503267974 0.17022058823529412 0.01045751633986928 0.005147058823529412
3 1.003921568627451 0.15735294117647058 0.00784313725490196 0.004411764705882353
3 1.0366013071895424 0.15110294117647058 0.00784313725490196 0.005147058823529412
3 1.0999999999999999 0.1025735294117647 0.0065359477124183 0.003676470588235294
3 1.115686274509804 0.10404411764705883 0.0065359477124183 0.003676470588235294
3 1.0640522875816993 0.13529411764705881 0.00522875816993464 0.0029411764705882353
5 1.054248366013072 0.1150735294117647 0.01699346405228758 0.008088235294117646
5 1.022875816993464 0.11470588235294117 0.0196078431372549 0.010294117647058823
3 1.1084967320261436 0.09963235294117646 0.00522875816993464 0.003676470588235294
3 1.126797385620915 0.09926470588235294 0.00261437908496732 0.0029411764705882353
5 1.5366013071895424 0.25919117647058826 0.027450980392156862 0.019852941176470587
5 1.0287581699346404 0.21029411764705883 0.02091503267973856 0.011764705882352941
