3 0.20130718954248364 0.5121323529411764 0.19084967320261437 0.09926470588235294
3 0.6294117647058823 0.5158088235294117 0.16601307189542483 0.09191176470588235
3 0.8771241830065359 0.5246323529411765 0.18562091503267972 0.07426470588235294
3 1.1300653594771242 0.5268382352941177 0.18431372549019606 0.06985294117647059
3 1.656862745098039 0.5154411764705882 0.2392156862745098 0.09117647058823529
1 0.7529411764705882 0.2838235294117647 0.0261437908496732 0.041176470588235294
1 0.761437908496732 0.26838235294117646 0.02483660130718954 0.039705882352941174
1 0.7562091503267974 0.2036764705882353 0.027450980392156862 0.033823529411764704
1 0.7810457516339869 0.19595588235294117 0.03006535947712418 0.030147058823529412
1 0.7947712418300653 0.1915441176470588 0.0261437908496732 0.030147058823529412
1 1.3967320261437908 0.07904411764705882 0.01437908496732026 0.01838235294117647
9 1.3967320261437908 0.08308823529411764 0.0196078431372549 0.013235294117647059
1 1.6555555555555554 0.10110294117647059 0.02222222222222222 0.019852941176470587
1 1.6470588235294117 0.10661764705882353 0.01568627450980392 0.022058823529411763
1 1.011764705882353 0.02610294117647059 0.0130718954248366 0.0125
1 0.430718954248366 0.013602941176470588 0.011764705882352941 0.015441176470588236
1 0.2673202614379085 0.011397058823529411 0.011764705882352941 0.013970588235294117
1 0.2718954248366013 0.009558823529411765 0.01045751633986928 0.013235294117647059
1 0.11895424836601307 0.020955882352941175 0.0130718954248366 0.009558823529411765
