3 0.16574074074074074 0.5166666666666666 0.20925925925925926 0.08125
3 0.32962962962962966 0.3984375 0.20370370370370372 0.051041666666666666
3 0.7037037037037037 0.428125 0.11851851851851852 0.08333333333333333
3 0.775 0.3536458333333333 0.06851851851851852 0.051041666666666666
3 0.862962962962963 0.28854166666666664 0.05555555555555556 0.035416666666666666
1 0.5851851851851853 0.3776041666666667 0.02592592592592593 0.021875
1 0.6231481481481481 0.3723958333333333 0.02777777777777778 0.02395833333333333
1 0.662962962962963 0.37447916666666664 0.02962962962962963 0.02395833333333333
1 0.6731481481481482 0.34479166666666666 0.02777777777777778 0.01875
1 0.6861111111111111 0.31875 0.02777777777777778 0.01875
1 0.6935185185185185 0.321875 0.024074074074074074 0.01875
1 0.7527777777777778 0.3026041666666667 0.024074074074074074 0.017708333333333333
1 0.7564814814814815 0.30416666666666664 0.024074074074074074 0.01875
1 0.7722222222222223 0.2828125 0.018518518518518517 0.011458333333333333
1 0.8009259259259259 0.2708333333333333 0.020370370370370372 0.0125
1 0.7694444444444445 0.2604166666666667 0.020370370370370372 0.0125
1 0.712962962962963 0.29270833333333335 0.018518518518518517 0.016666666666666666
9 0.5842592592592593 0.3854166666666667 0.03888888888888889 0.022916666666666665
9 0.6231481481481481 0.3854166666666667 0.03888888888888889 0.022916666666666665
9 0.6759259259259259 0.35572916666666665 0.02592592592592593 0.015625
9 0.6898148148148149 0.3328125 0.031481481481481485 0.017708333333333333
9 0.7592592592592593 0.31197916666666664 0.02962962962962963 0.017708333333333333
9 0.7157407407407408 0.30364583333333334 0.024074074074074074 0.017708333333333333
9 0.7712962962962964 0.2921875 0.020370370370370372 0.013541666666666667
9 0.8027777777777778 0.2817708333333333 0.020370370370370372 0.013541666666666667
9 0.7694444444444445 0.2682291666666667 0.020370370370370372 0.013541666666666667
2 0.6694444444444445 0.3833333333333333 0.024074074074074074 0.016666666666666666
3 0.5601851851851852 0.3302083333333333 0.11296296296296297 0.04583333333333333
3 0.4851851851851852 0.3208333333333333 0.11481481481481481 0.03958333333333333
9 1.1194444444444445 0.528125 0.11296296296296297 0.03958333333333333
9 1.1166666666666667 0.4901041666666667 0.0962962962962963 0.03229166666666666
9 1.1101851851851852 0.4609375 0.10185185185185186 0.036458333333333336
9 1.1055555555555556 0.4395833333333333 0.08148148148148149 0.029166666666666667
3 0.6787037037037037 0.27760416666666665 0.07222222222222223 0.03854166666666667
3 0.3416666666666667 0.2520833333333333 0.10555555555555556 0.029166666666666667
3 0.2712962962962963 0.25 0.10555555555555556 0.029166666666666667
3 0.4388888888888889 0.21354166666666666 0.05925925925925926 0.022916666666666665
3 0.3703703703703704 0.21458333333333332 0.040740740740740744 0.022916666666666665
3 0.3194444444444445 0.21354166666666666 0.031481481481481485 0.022916666666666665
9 1.0685185185185186 0.39427083333333335 0.06666666666666667 0.026041666666666668
9 1.0583333333333333 0.3802083333333333 0.07592592592592592 0.020833333333333332
9 1.0203703703703704 0.3567708333333333 0.07777777777777778 0.026041666666666668
9 1.0027777777777778 0.3453125 0.07962962962962963 0.026041666666666668
1 0.9157407407407407 0.2625 0.020370370370370372 0.014583333333333334
1 0.9148148148148149 0.2546875 0.02592592592592593 0.017708333333333333
9 0.913888888888889 0.26145833333333335 0.020370370370370372 0.01875
3 0.9898148148148148 0.24635416666666665 0.05 0.026041666666666668
3 0.9962962962962963 0.2265625 0.05185185185185186 0.028125
1 0.9212962962962963 0.178125 0.012962962962962964 0.010416666666666666
9 0.9212962962962963 0.18385416666666665 0.012962962962962964 0.011458333333333333
1 0.8574074074074074 0.17604166666666665 0.011111111111111112 0.008333333333333333
1 0.8185185185185185 0.23697916666666666 0.022222222222222223 0.011458333333333333
1 0.8 0.2203125 0.018518518518518517 0.013541666666666667
1 0.8064814814814815 0.22135416666666666 0.016666666666666666 0.011458333333333333
1 0.7759259259259259 0.21041666666666667 0.014814814814814815 0.0125
9 0.7444444444444445 0.20052083333333334 0.02592592592592593 0.017708333333333333
