3 1.1694444444444445 0.5078125 0.08333333333333334 0.040625
3 1.1180555555555556 0.4622395833333333 0.06759259259259259 0.030729166666666665
3 1.0935185185185186 0.4348958333333333 0.06296296296296297 0.026041666666666668
8 0.2550925925925926 0.52265625 0.20462962962962963 0.07864583333333333
3 0.37777777777777777 0.484375 0.07592592592592592 0.03958333333333333
3 0.4064814814814815 0.4466145833333333 0.06296296296296297 0.033854166666666664
3 0.39861111111111114 0.5369791666666667 0.08425925925925926 0.046875
4 0.4481481481481482 0.48802083333333335 0.07222222222222223 0.04375
4 0.4916666666666667 0.5315104166666667 0.08333333333333334 0.057812499999999996
4 0.48379629629629634 0.4515625 0.06018518518518519 0.036458333333333336
3 0.5351851851851852 0.4848958333333333 0.05740740740740741 0.03854166666666667
3 0.5592592592592592 0.44765625 0.05555555555555556 0.03177083333333333
3 0.5162037037037037 0.4278645833333333 0.05277777777777778 0.025520833333333333
3 0.5402777777777777 0.40729166666666666 0.04722222222222222 0.026041666666666668
3 0.5601851851851852 0.3848958333333333 0.04259259259259259 0.022916666666666665
3 0.5407407407407407 0.3684895833333333 0.0462962962962963 0.021354166666666667
3 0.6412037037037037 0.43255208333333334 0.04351851851851852 0.0296875
3 0.6157407407407408 0.4666666666666667 0.053703703703703705 0.034375
3 0.5962962962962963 0.5109375 0.061111111111111116 0.04479166666666667
3 0.575925925925926 0.54921875 0.06666666666666667 0.025520833333333333
4 0.674074074074074 0.528125 0.061111111111111116 0.05
3 0.6912037037037038 0.4942708333333333 0.05462962962962963 0.042708333333333334
4 0.6981481481481482 0.44921875 0.04814814814814815 0.04010416666666666
3 0.6203703703703703 0.30078125 0.020370370370370372 0.0109375
3 0.8685185185185186 0.32838541666666665 0.024074074074074074 0.011979166666666666
3 0.8990740740740741 0.321875 0.024074074074074074 0.0125
3 0.8476851851851852 0.32057291666666665 0.026851851851851852 0.011979166666666666
3 0.8587962962962963 0.3143229166666667 0.02314814814814815 0.0109375
3 0.887962962962963 0.31197916666666664 0.022222222222222223 0.010416666666666666
3 0.8555555555555556 0.30755208333333334 0.018518518518518517 0.008854166666666666
3 0.8828703703703704 0.30390625 0.019444444444444445 0.009895833333333333
3 0.8773148148148149 0.2973958333333333 0.017592592592592594 0.009375
3 0.8486111111111111 0.2989583333333333 0.019444444444444445 0.009375
3 0.8467592592592593 0.2934895833333333 0.015740740740740743 0.0078125
3 0.8712962962962963 0.2916666666666667 0.018518518518518517 0.009375
3 0.8689814814814815 0.28802083333333334 0.015740740740740743 0.007291666666666667
3 0.8444444444444444 0.28984375 0.014814814814814815 0.0078125
3 0.888888888888889 0.2833333333333333 0.014814814814814815 0.009375
3 0.8856481481481482 0.2760416666666667 0.01388888888888889 0.00625
3 0.8819444444444445 0.27239583333333334 0.01388888888888889 0.007291666666666667
3 0.8796296296296297 0.2700520833333333 0.012962962962962964 0.0067708333333333336
3 0.875 0.2677083333333333 0.012962962962962964 0.00625
3 0.875 0.26510416666666664 0.012962962962962964 0.00625
4 0.8740740740740741 0.2622395833333333 0.012962962962962964 0.005729166666666666
8 0.8722222222222222 0.2559895833333333 0.018518518518518517 0.0109375
8 0.8703703703703703 0.24921875 0.014814814814814815 0.009895833333333333
3 0.8814814814814815 0.24791666666666667 0.016666666666666666 0.005208333333333333
3 0.8865740740740741 0.2453125 0.017592592592592594 0.00625
3 0.8560185185185185 0.24557291666666667 0.017592592592592594 0.0046875
3 0.8351851851851853 0.24609375 0.020370370370370372 0.0046875
3 0.8222222222222223 0.2453125 0.012962962962962964 0.004166666666666667
3 0.8175925925925926 0.24401041666666667 0.020370370370370372 0.005729166666666666
1 0.7986111111111112 0.24505208333333334 0.002777777777777778 0.0036458333333333334
9 0.799537037037037 0.24713541666666666 0.008333333333333333 0.0036458333333333334
3 0.788888888888889 0.24427083333333333 0.020370370370370372 0.004166666666666667
3 0.7513888888888889 0.24375 0.021296296296296296 0.004166666666666667
3 0.7481481481481482 0.2505208333333333 0.009259259259259259 0.005208333333333333
3 0.7375 0.25703125 0.01388888888888889 0.0067708333333333336
1 0.7203703703703704 0.24427083333333333 0.003703703703703704 0.003125
2 0.7199074074074074 0.24557291666666667 0.006481481481481482 0.0026041666666666665
3 0.7277777777777779 0.24635416666666665 0.011111111111111112 0.005208333333333333
3 0.725925925925926 0.24348958333333334 0.018518518518518517 0.0036458333333333334
3 0.7268518518518519 0.24166666666666667 0.016666666666666666 0.004166666666666667
3 0.7143518518518519 0.24088541666666666 0.015740740740740743 0.0036458333333333334
3 0.7069444444444445 0.24713541666666666 0.010185185185185186 0.0046875
3 0.701388888888889 0.24401041666666667 0.017592592592592594 0.0046875
3 0.7046296296296296 0.2421875 0.018518518518518517 0.004166666666666667
3 0.6962962962962963 0.2546875 0.011111111111111112 0.00625
3 0.7041666666666667 0.25729166666666664 0.010185185185185186 0.00625
1 0.6939814814814815 0.26015625 0.004629629629629629 0.0046875
2 0.6944444444444444 0.2630208333333333 0.005555555555555556 0.004166666666666667
4 0.6800925925925926 0.2598958333333333 0.012037037037037037 0.008333333333333333
3 0.6657407407407407 0.26979166666666665 0.012962962962962964 0.00625
3 0.6578703703703704 0.27421875 0.01388888888888889 0.0067708333333333336
3 0.65 0.27838541666666666 0.016666666666666666 0.0078125
3 0.7921296296296296 0.2513020833333333 0.010185185185185186 0.005729166666666666
3 0.7902777777777779 0.25546875 0.012037037037037037 0.005729166666666666
3 0.7875 0.25885416666666666 0.012037037037037037 0.005208333333333333
3 0.7861111111111111 0.2609375 0.009259259259259259 0.005208333333333333
3 0.8106481481481482 0.2515625 0.010185185185185186 0.004166666666666667
4 0.8092592592592593 0.25625 0.009259259259259259 0.00625
3 0.8111111111111111 0.26875 0.012962962962962964 0.007291666666666667
3 0.8287037037037037 0.253125 0.011111111111111112 0.007291666666666667
3 0.8287037037037037 0.2565104166666667 0.011111111111111112 0.005729166666666666
3 0.8287037037037037 0.26276041666666666 0.012962962962962964 0.0067708333333333336
4 0.8305555555555556 0.26588541666666665 0.011111111111111112 0.0067708333333333336
3 0.8333333333333334 0.2700520833333333 0.012962962962962964 0.0067708333333333336
3 0.8337962962962964 0.27291666666666664 0.012037037037037037 0.005208333333333333
3 0.8361111111111111 0.2786458333333333 0.012962962962962964 0.007291666666666667
3 0.8384259259259259 0.28203125 0.015740740740740743 0.0067708333333333336
3 0.8342592592592593 0.2859375 0.014814814814814815 0.007291666666666667
3 0.8449074074074074 0.29010416666666666 0.01388888888888889 0.007291666666666667
3 0.8472222222222222 0.29322916666666665 0.016666666666666666 0.00625
3 0.8481481481481482 0.2986979166666667 0.018518518518518517 0.008854166666666666
3 0.8555555555555556 0.3078125 0.020370370370370372 0.008333333333333333
3 0.8583333333333334 0.3151041666666667 0.022222222222222223 0.010416666666666666
3 0.8476851851851852 0.32057291666666665 0.026851851851851852 0.011979166666666666
3 0.8680555555555556 0.328125 0.025 0.013541666666666667
3 0.8657407407407408 0.28489583333333335 0.014814814814814815 0.007291666666666667
3 0.862037037037037 0.28098958333333335 0.014814814814814815 0.005729166666666666
3 0.8597222222222223 0.27682291666666664 0.01388888888888889 0.0078125
3 0.8564814814814815 0.27291666666666664 0.012962962962962964 0.007291666666666667
8 0.8550925925925926 0.265625 0.021296296296296296 0.015625
3 0.8481481481481482 0.2578125 0.011111111111111112 0.00625
3 0.8476851851851852 0.25416666666666665 0.010185185185185186 0.004166666666666667
3 0.8481481481481482 0.2518229166666667 0.009259259259259259 0.0046875
