3 0.07973856209150326 0.4915441176470588 0.16209150326797384 0.09926470588235294
3 0.1830065359477124 0.38529411764705884 0.13333333333333333 0.09117647058823529
4 0.2620915032679738 0.27941176470588236 0.10588235294117647 0.07941176470588235
3 0.3248366013071895 0.22426470588235295 0.0849673202614379 0.054411764705882354
3 0.3725490196078431 0.16691176470588234 0.07320261437908496 0.041176470588235294
3 0.4202614379084967 0.008455882352941176 0.043137254901960784 0.01838235294117647
3 0.43267973856209146 0.06139705882352941 0.04967320261437908 0.027205882352941177
3 0.5620915032679739 0.017279411764705883 0.03660130718954248 0.021323529411764706
1 0.32352941176470584 0.06801470588235294 0.0196078431372549 0.0125
9 0.322875816993464 0.07757352941176471 0.01830065359477124 0.016911764705882352
3 0.8098039215686273 0.01875 0.027450980392156862 0.013970588235294117
3 0.8058823529411764 0.033823529411764704 0.0326797385620915 0.01764705882352941
4 0.8078431372549019 0.05036764705882353 0.0784313725490196 0.025735294117647058
4 0.8673202614379084 0.0625 0.07712418300653594 0.025
4 0.8529411764705882 0.08455882352941177 0.04052287581699346 0.030882352941176472
4 0.8823529411764706 0.12830882352941175 0.047058823529411764 0.03161764705882353
5 0.9169934640522875 0.02977941176470588 0.1895424836601307 0.05220588235294118
3 0.926797385620915 0.18345588235294116 0.07058823529411765 0.03897058823529412
3 0.9640522875816993 0.2452205882352941 0.09281045751633986 0.05367647058823529
3 1.00718954248366 0.3069852941176471 0.10065359477124182 0.06397058823529411
3 1.0529411764705883 0.37720588235294117 0.11633986928104574 0.08088235294117647
6 1.1313725490196078 0.46433823529411766 0.10065359477124182 0.06691176470588235
3 1.1895424836601307 0.5386029411764706 0.12026143790849672 0.04632352941176471
3 1.1241830065359477 0.23161764705882354 0.1411764705882353 0.044117647058823525
9 1.1549019607843136 0.31286764705882353 0.0457516339869281 0.03308823529411765
3 1.1627450980392156 0.03529411764705882 0.07712418300653594 0.016176470588235292
5 1.2104575163398692 0.042279411764705885 0.13594771241830064 0.03897058823529412
3 1.1941176470588235 0.06948529411764706 0.10065359477124182 0.02426470588235294
3 1.2732026143790849 0.09595588235294117 0.12810457516339868 0.027205882352941177
9 1.3640522875816992 0.10661764705882353 0.043137254901960784 0.01764705882352941
9 1.396078431372549 0.12279411764705882 0.047058823529411764 0.01911764705882353
9 1.4215686274509802 0.13566176470588234 0.0196078431372549 0.022794117647058822
3 1.341830065359477 0.14852941176470588 0.14248366013071895 0.033823529411764704
9 1.4660130718954247 0.16433823529411765 0.050980392156862744 0.021323529411764706
9 1.5372549019607842 0.1775735294117647 0.06797385620915032 0.028676470588235293
9 1.5712418300653594 0.1849264705882353 0.07058823529411765 0.021323529411764706
3 1.3901960784313725 0.2172794117647059 0.10588235294117647 0.05514705882352941
3 1.5026143790849673 0.2275735294117647 0.12941176470588234 0.06397058823529411
2 1.5470588235294116 0.2051470588235294 0.05359477124183006 0.022058823529411763
2 1.4967320261437906 0.26066176470588237 0.05751633986928104 0.027205882352941177
9 1.4411764705882353 0.25477941176470587 0.05620915032679738 0.025735294117647058
9 1.3875816993464052 0.24338235294117647 0.050980392156862744 0.022058823529411763
9 1.3784313725490196 0.25845588235294115 0.058823529411764705 0.02426470588235294
9 1.3718954248366013 0.28308823529411764 0.06405228758169934 0.029411764705882353
9 1.4137254901960783 0.29301470588235295 0.06928104575163398 0.02426470588235294
9 1.36078431372549 0.3069852941176471 0.06797385620915032 0.02426470588235294
9 1.4607843137254901 0.2827205882352941 0.0326797385620915 0.027205882352941177
2 1.4895424836601305 0.28125 0.043137254901960784 0.03161764705882353
2 1.4581699346405228 0.30919117647058825 0.06666666666666667 0.02426470588235294
2 1.4640522875816993 0.3139705882352941 0.054901960784313725 0.022058823529411763
2 1.472549019607843 0.3176470588235294 0.058823529411764705 0.027941176470588233
6 1.3823529411764706 0.34154411764705883 0.1111111111111111 0.03308823529411765
9 1.411111111111111 0.3650735294117647 0.09019607843137255 0.028676470588235293
9 1.5098039215686274 0.3356617647058823 0.06797385620915032 0.027205882352941177
9 1.5359477124183005 0.3529411764705882 0.065359477124183 0.027941176470588233
9 1.6326797385620915 0.34044117647058825 0.05751633986928104 0.029411764705882353
9 1.611111111111111 0.32426470588235295 0.06405228758169934 0.023529411764705882
9 1.5908496732026143 0.3191176470588235 0.06274509803921569 0.027941176470588233
9 1.5542483660130717 0.3069852941176471 0.0522875816993464 0.025735294117647058
9 1.5470588235294116 0.3011029411764706 0.0718954248366013 0.013970588235294117
9 1.541830065359477 0.29669117647058824 0.0718954248366013 0.019852941176470587
9 1.5483660130718953 0.28051470588235294 0.06666666666666667 0.027205882352941177
9 1.6437908496732025 0.26286764705882354 0.06143790849673202 0.022794117647058822
9 1.6771241830065358 0.2757352941176471 0.05751633986928104 0.01911764705882353
9 1.6215686274509802 0.28161764705882353 0.058823529411764705 0.020588235294117647
9 1.6313725490196078 0.29044117647058826 0.047058823529411764 0.026470588235294117
9 1.6522875816993463 0.3011029411764706 0.047058823529411764 0.02426470588235294
9 1.6810457516339867 0.30477941176470585 0.047058823529411764 0.022794117647058822
9 1.6908496732026144 0.31433823529411764 0.06666666666666667 0.02426470588235294
9 1.7078431372549019 0.28970588235294115 0.0326797385620915 0.025
9 1.7346405228758168 0.3290441176470588 0.0522875816993464 0.025735294117647058
9 1.7496732026143789 0.3352941176470588 0.0457516339869281 0.029411764705882353
9 1.7627450980392156 0.3448529411764706 0.027450980392156862 0.025
9 1.7660130718954248 0.275 0.02091503267973856 0.016176470588235292
2 1.7333333333333332 0.2974264705882353 0.04444444444444444 0.022794117647058822
2 1.7496732026143789 0.30808823529411766 0.05359477124183006 0.022058823529411763
9 1.6718954248366011 0.40588235294117647 0.065359477124183 0.030882352941176472
9 1.6830065359477122 0.4150735294117647 0.058823529411764705 0.027205882352941177
9 1.7104575163398692 0.42463235294117646 0.06666666666666667 0.03161764705882353
9 1.737908496732026 0.4349264705882353 0.04836601307189542 0.03455882352941177
9 1.757516339869281 0.44485294117647056 0.03790849673202614 0.033823529411764704
2 1.7516339869281043 0.5003676470588235 0.04967320261437908 0.04191176470588235
1 1.6470588235294117 0.5205882352941177 0.04444444444444444 0.01764705882352941
