4 0.812962962962963 0.3416666666666667 0.03333333333333333 0.027083333333333334
3 0.8268518518518518 0.39166666666666666 0.03518518518518519 0.025
3 0.9231481481481482 0.3796875 0.031481481481481485 0.021875
3 0.9166666666666667 0.4036458333333333 0.03333333333333333 0.02395833333333333
3 0.9111111111111111 0.428125 0.040740740740740744 0.027083333333333334
3 0.9092592592592593 0.4609375 0.040740740740740744 0.036458333333333336
1 0.8361111111111111 0.5104166666666666 0.016666666666666666 0.020833333333333332
9 0.8361111111111111 0.5125 0.0462962962962963 0.016666666666666666
2 1.0407407407407407 0.4848958333333333 0.014814814814814815 0.019791666666666666
6 1.0611111111111111 0.37864583333333335 0.022222222222222223 0.015625
6 1.038888888888889 0.3755208333333333 0.018518518518518517 0.015625
6 1.0185185185185186 0.37135416666666665 0.018518518518518517 0.017708333333333333
9 1.0537037037037038 0.36875 0.02592592592592593 0.010416666666666666
6 1.0416666666666667 0.35885416666666664 0.020370370370370372 0.015625
3 0.9833333333333334 0.3338541666666667 0.05925925925925926 0.015625
4 0.9722222222222222 0.3255208333333333 0.06296296296296297 0.015625
3 0.9157407407407407 0.340625 0.031481481481481485 0.020833333333333332
3 0.9166666666666667 0.3145833333333333 0.022222222222222223 0.0125
3 0.9092592592592593 0.303125 0.022222222222222223 0.0125
1 0.8824074074074074 0.3723958333333333 0.009259259259259259 0.013541666666666667
2 0.8824074074074074 0.3755208333333333 0.009259259259259259 0.011458333333333333
8 0.8518518518518519 0.3098958333333333 0.03333333333333333 0.030208333333333334
3 0.8851851851851852 0.2973958333333333 0.022222222222222223 0.013541666666666667
1 0.8694444444444445 0.2911458333333333 0.009259259259259259 0.011458333333333333
2 0.8694444444444445 0.2942708333333333 0.009259259259259259 0.011458333333333333
3 0.8185185185185185 0.30364583333333334 0.02592592592592593 0.013541666666666667
3 0.8407407407407408 0.2828125 0.022222222222222223 0.011458333333333333
3 0.8833333333333334 0.2708333333333333 0.018518518518518517 0.010416666666666666
3 0.8453703703703704 0.25729166666666664 0.020370370370370372 0.010416666666666666
3 0.8990740740740741 0.2635416666666667 0.02777777777777778 0.008333333333333333
3 0.9231481481481482 0.2786458333333333 0.03518518518518519 0.011458333333333333
3 0.9157407407407407 0.2671875 0.016666666666666666 0.009375
3 0.8425925925925927 0.271875 0.018518518518518517 0.010416666666666666
6 0.862962962962963 0.2713541666666667 0.011111111111111112 0.009375
4 0.8805555555555555 0.20833333333333334 0.012962962962962964 0.008333333333333333
3 0.8694444444444445 0.22552083333333334 0.012962962962962964 0.007291666666666667
8 0.8194444444444445 0.20104166666666667 0.016666666666666666 0.0125
3 0.8324074074074075 0.23802083333333332 0.016666666666666666 0.009375
4 0.5787037037037037 0.48333333333333334 0.06851851851851852 0.052083333333333336
3 0.6435185185185185 0.484375 0.053703703703703705 0.041666666666666664
3 0.6935185185185185 0.43854166666666666 0.05 0.035416666666666666
9 0.5657407407407408 0.41822916666666665 0.020370370370370372 0.017708333333333333
3 0.5111111111111112 0.4145833333333333 0.06666666666666667 0.020833333333333332
4 0.5898148148148148 0.39375 0.04259259259259259 0.029166666666666667
3 0.6601851851851852 0.3380208333333333 0.03518518518518519 0.019791666666666666
1 0.6222222222222222 0.31979166666666664 0.011111111111111112 0.010416666666666666
9 0.6222222222222222 0.3223958333333333 0.02962962962962963 0.009375
1 0.6824074074074075 0.36875 0.012962962962962964 0.010416666666666666
9 0.6842592592592592 0.37083333333333335 0.016666666666666666 0.014583333333333334
3 0.7407407407407408 0.36666666666666664 0.03333333333333333 0.022916666666666665
3 0.6407407407407407 0.30104166666666665 0.04814814814814815 0.014583333333333334
3 0.6407407407407407 0.2895833333333333 0.04814814814814815 0.0125
3 0.6972222222222223 0.3052083333333333 0.02777777777777778 0.014583333333333334
3 0.7175925925925927 0.28854166666666664 0.024074074074074074 0.0125
3 0.7277777777777779 0.2786458333333333 0.02592592592592593 0.013541666666666667
3 0.687962962962963 0.259375 0.03518518518518519 0.010416666666666666
3 0.6935185185185185 0.2552083333333333 0.03888888888888889 0.008333333333333333
3 0.7388888888888889 0.26875 0.022222222222222223 0.010416666666666666
3 0.763888888888889 0.25104166666666666 0.020370370370370372 0.0125
3 0.7731481481481481 0.24427083333333333 0.020370370370370372 0.009375
3 0.7805555555555556 0.2359375 0.020370370370370372 0.011458333333333333
3 0.788888888888889 0.2296875 0.018518518518518517 0.009375
3 0.7953703703703704 0.22447916666666667 0.016666666666666666 0.007291666666666667
3 0.8055555555555556 0.2203125 0.014814814814814815 0.007291666666666667
