3 0.7912037037037037 0.4864583333333333 0.09351851851851853 0.06666666666666667
3 0.775462962962963 0.3421875 0.058333333333333334 0.035416666666666666
3 0.7921296296296296 0.29661458333333335 0.04722222222222222 0.027604166666666666
3 0.938425925925926 0.2630208333333333 0.04351851851851852 0.021875
3 0.8041666666666667 0.26484375 0.04166666666666667 0.022395833333333334
3 0.7111111111111111 0.21354166666666666 0.03333333333333333 0.01875
3 0.8250000000000001 0.23072916666666665 0.03518518518518519 0.01875
3 0.8773148148148149 0.21588541666666666 0.032407407407407406 0.01614583333333333
3 0.9347222222222222 0.21354166666666666 0.03425925925925926 0.016666666666666666
3 0.9277777777777778 0.19609375 0.02777777777777778 0.0140625
3 0.9648148148148149 0.18541666666666667 0.02592592592592593 0.0125
3 0.9740740740740741 0.20026041666666666 0.02962962962962963 0.0140625
3 0.8814814814814815 0.19713541666666667 0.02592592592592593 0.013020833333333334
3 0.9574074074074075 0.15703125 0.022222222222222223 0.0109375
3 0.7875 0.12760416666666666 0.017592592592592594 0.007291666666666667
3 0.8097222222222222 0.12838541666666667 0.015740740740740743 0.0067708333333333336
3 0.8337962962962964 0.12786458333333334 0.015740740740740743 0.0078125
3 0.8175925925925926 0.10104166666666667 0.011111111111111112 0.005208333333333333
3 0.9486111111111112 0.10989583333333333 0.015740740740740743 0.005208333333333333
4 0.8708333333333333 0.3216145833333333 0.05648148148148149 0.034895833333333334
4 0.8523148148148149 0.13645833333333332 0.03981481481481482 0.010416666666666666
4 0.9212962962962963 0.17473958333333334 0.022222222222222223 0.011979166666666666
4 0.875 0.18697916666666667 0.022222222222222223 0.016666666666666666
4 0.8342592592592593 0.1921875 0.02777777777777778 0.01875
4 0.837037037037037 0.1203125 0.012962962962962964 0.009375
4 0.937962962962963 0.09609375 0.009259259259259259 0.005729166666666666
4 1.6300925925925926 0.15104166666666666 0.04722222222222222 0.010416666666666666
4 0.24027777777777778 0.12864583333333332 0.03796296296296296 0.011458333333333333
4 0.287962962962963 0.12864583333333332 0.031481481481481485 0.009375
4 0.13518518518518519 0.12604166666666666 0.03888888888888889 0.009375
4 0.04398148148148148 0.125 0.032407407407407406 0.008333333333333333
4 0.03564814814814815 0.11979166666666667 0.028703703703703703 0.008333333333333333
3 0.8291666666666667 0.21510416666666665 0.032407407407407406 0.014583333333333334
3 0.8291666666666667 0.20286458333333332 0.028703703703703703 0.013020833333333334
3 0.8402777777777778 0.18645833333333334 0.02314814814814815 0.0125
3 0.8412037037037038 0.17916666666666667 0.021296296296296296 0.009375
3 0.8412037037037038 0.17291666666666666 0.02314814814814815 0.010416666666666666
3 0.8439814814814816 0.16744791666666667 0.02314814814814815 0.008854166666666666
3 0.8435185185185186 0.16041666666666665 0.018518518518518517 0.008333333333333333
3 0.8481481481481482 0.15677083333333333 0.018518518518518517 0.009375
3 0.8787037037037038 0.18125 0.020370370370370372 0.009375
3 0.8819444444444445 0.17578125 0.021296296296296296 0.0109375
3 0.8796296296296297 0.16927083333333334 0.020370370370370372 0.010416666666666666
3 0.8847222222222223 0.16354166666666667 0.019444444444444445 0.011458333333333333
3 0.8833333333333334 0.15703125 0.020370370370370372 0.009895833333333333
3 0.9222222222222223 0.18541666666666667 0.02592592592592593 0.014583333333333334
3 0.9601851851851853 0.17526041666666667 0.024074074074074074 0.011979166666666666
3 0.9203703703703704 0.17135416666666667 0.022222222222222223 0.011458333333333333
3 0.9226851851851853 0.16484375 0.02314814814814815 0.0109375
3 0.9171296296296296 0.1578125 0.021296296296296296 0.0125
3 0.9365740740740741 0.14427083333333332 0.04166666666666667 0.008333333333333333
3 0.9203703703703704 0.14270833333333333 0.03888888888888889 0.009375
3 0.7796296296296297 0.13828125 0.03518518518518519 0.008854166666666666
3 1.6282407407407409 0.1546875 0.05277777777777778 0.009375
3 1.1273148148148149 0.14296875 0.03981481481481482 0.009895833333333333
3 1.0125 0.13958333333333334 0.03981481481481482 0.007291666666666667
3 1.0282407407407408 0.14348958333333334 0.04537037037037037 0.008854166666666666
3 1.0837962962962964 0.14609375 0.04351851851851852 0.008854166666666666
3 0.7037037037037037 0.13671875 0.04259259259259259 0.009895833333333333
3 0.6763888888888889 0.13489583333333333 0.03981481481481482 0.007291666666666667
3 0.2111111111111111 0.12760416666666666 0.02777777777777778 0.007291666666666667
3 0.17083333333333334 0.12838541666666667 0.025 0.005729166666666666
3 0.15694444444444444 0.12447916666666667 0.026851851851851852 0.005208333333333333
3 0.17500000000000002 0.12578125 0.02777777777777778 0.0067708333333333336
3 0.25833333333333336 0.12786458333333334 0.02962962962962963 0.0067708333333333336
3 0.052314814814814814 0.12135416666666667 0.02314814814814815 0.00625
3 0.07777777777777778 0.12630208333333334 0.03333333333333333 0.005729166666666666
3 1.174074074074074 0.5395833333333333 0.10740740740740741 0.04479166666666667
1 1.1444444444444446 0.35885416666666664 0.020370370370370372 0.01875
9 1.1439814814814815 0.3658854166666667 0.026851851851851852 0.0265625
9 1.0421296296296296 0.20625 0.008333333333333333 0.009375
9 0.9500000000000001 0.134375 0.007407407407407408 0.007291666666666667
9 0.7481481481481482 0.1296875 0.005555555555555556 0.004166666666666667
1 1.0407407407407407 0.20208333333333334 0.007407407407407408 0.009375
1 0.9490740740740741 0.13255208333333332 0.005555555555555556 0.005729166666666666
1 0.8800925925925926 0.13359375 0.004629629629629629 0.0067708333333333336
1 0.7481481481481482 0.12760416666666666 0.005555555555555556 0.00625
1 0.7671296296296296 0.11510416666666666 0.004629629629629629 0.005208333333333333
2 0.7680555555555556 0.11640625 0.004629629629629629 0.0046875
2 0.8814814814814815 0.13541666666666666 0.012962962962962964 0.005208333333333333
5 0.7583333333333334 0.14114583333333333 0.040740740740740744 0.010416666666666666
5 0.9550925925925926 0.15989583333333332 0.028703703703703703 0.01875
8 0.7893518518518519 0.12005208333333334 0.026851851851851852 0.0171875
3 0.8111111111111111 0.12552083333333333 0.012962962962962964 0.00625
3 0.8143518518518519 0.121875 0.015740740740740743 0.007291666666666667
3 0.837037037037037 0.12421875 0.012962962962962964 0.005729166666666666
3 0.8412037037037038 0.11744791666666667 0.012037037037037037 0.005729166666666666
3 0.8435185185185186 0.1140625 0.011111111111111112 0.005208333333333333
3 0.8185185185185185 0.11901041666666666 0.012962962962962964 0.0067708333333333336
3 0.8236111111111112 0.11145833333333333 0.010185185185185186 0.005208333333333333
3 0.8300925925925926 0.10755208333333333 0.010185185185185186 0.005729166666666666
3 0.8055555555555556 0.1125 0.012962962962962964 0.005208333333333333
3 0.7898148148148149 0.11067708333333333 0.018518518518518517 0.0046875
3 0.7986111111111112 0.11822916666666666 0.012037037037037037 0.007291666666666667
3 0.8203703703703704 0.11302083333333333 0.012962962962962964 0.00625
4 0.8425925925925927 0.1109375 0.011111111111111112 0.00625
3 0.8388888888888889 0.09609375 0.009259259259259259 0.0046875
