9 1.2074074074074075 0.528125 0.037037037037037035 0.017708333333333333
1 0.9527777777777778 0.5471354166666667 0.022222222222222223 0.0203125
9 0.9527777777777778 0.55234375 0.012962962962962964 0.019270833333333334
1 0.9222222222222223 0.5317708333333333 0.018518518518518517 0.026041666666666668
3 0.9041666666666667 0.5372395833333333 0.0712962962962963 0.04739583333333333
1 0.725925925925926 0.5552083333333333 0.022222222222222223 0.013541666666666667
1 0.6986111111111112 0.5434895833333333 0.019444444444444445 0.011979166666666666
9 0.6967592592592593 0.5502604166666667 0.02314814814814815 0.0234375
3 0.7981481481481482 0.49713541666666666 0.06666666666666667 0.0421875
6 0.7407407407407408 0.51015625 0.03333333333333333 0.0234375
9 0.9828703703703704 0.4966145833333333 0.015740740740740743 0.024479166666666666
1 0.9546296296296297 0.48776041666666664 0.016666666666666666 0.024479166666666666
9 0.9611111111111111 0.490625 0.018518518518518517 0.025
3 0.649537037037037 0.5205729166666666 0.06574074074074074 0.05572916666666666
1 0.675 0.4890625 0.012962962962962964 0.020833333333333332
3 0.5773148148148148 0.47291666666666665 0.10648148148148148 0.034375
9 0.5023148148148149 0.42265625 0.049074074074074076 0.011979166666666666
3 0.6439814814814815 0.41770833333333335 0.09907407407407408 0.027083333333333334
3 0.7194444444444444 0.4005208333333333 0.04814814814814815 0.030208333333333334
2 0.9652777777777778 0.4622395833333333 0.028703703703703703 0.013020833333333334
2 0.9236111111111112 0.44375 0.006481481481481482 0.017708333333333333
1 0.8949074074074075 0.44296874999999997 0.008333333333333333 0.009895833333333333
1 0.888888888888889 0.43776041666666665 0.012962962962962964 0.0234375
2 0.8972222222222223 0.44427083333333334 0.009259259259259259 0.01875
1 0.8578703703703704 0.4328125 0.012037037037037037 0.009375
1 0.8597222222222223 0.4270833333333333 0.015740740740740743 0.014583333333333334
9 0.8578703703703704 0.4341145833333333 0.012037037037037037 0.015104166666666667
1 0.85 0.40781249999999997 0.014814814814814815 0.0125
9 0.850925925925926 0.4145833333333333 0.011111111111111112 0.014583333333333334
1 0.8907407407407407 0.38515625 0.011111111111111112 0.011979166666666666
1 0.8944444444444445 0.38515625 0.007407407407407408 0.008854166666666666
9 0.8907407407407407 0.3932291666666667 0.011111111111111112 0.013541666666666667
1 0.9967592592592593 0.37135416666666665 0.010185185185185186 0.009375
3 0.9310185185185186 0.37421875 0.03981481481481482 0.0265625
3 0.8537037037037037 0.3614583333333333 0.040740740740740744 0.026041666666666668
9 0.9486111111111112 0.35494791666666664 0.030555555555555558 0.0140625
9 0.9768518518518519 0.3515625 0.024074074074074074 0.010416666666666666
1 0.8699074074074075 0.38125 0.01388888888888889 0.011458333333333333
9 0.8689814814814815 0.38619791666666664 0.012037037037037037 0.0140625
1 0.9555555555555556 0.33567708333333335 0.009259259259259259 0.0109375
1 0.9601851851851853 0.33515625 0.009259259259259259 0.0078125
9 0.9574074074074075 0.340625 0.018518518518518517 0.008333333333333333
3 0.9634259259259259 0.32890625 0.030555555555555558 0.018229166666666668
1 0.8935185185185186 0.3216145833333333 0.011111111111111112 0.009895833333333333
2 0.8939814814814815 0.3286458333333333 0.010185185185185186 0.009375
1 0.7717592592592593 0.3671875 0.01388888888888889 0.010416666666666666
9 0.7722222222222223 0.3755208333333333 0.009259259259259259 0.010416666666666666
9 0.6865740740740741 0.38125 0.019444444444444445 0.016666666666666666
1 0.7097222222222223 0.3567708333333333 0.010185185185185186 0.015625
9 0.7069444444444445 0.35963541666666665 0.02314814814814815 0.011979166666666666
1 0.7662037037037037 0.33567708333333335 0.010185185185185186 0.0140625
9 0.7657407407407407 0.3419270833333333 0.011111111111111112 0.011979166666666666
1 0.7870370370370371 0.31953125 0.009259259259259259 0.0109375
9 0.7870370370370371 0.325 0.011111111111111112 0.009375
3 0.8208333333333334 0.30026041666666664 0.028703703703703703 0.0171875
3 0.9606481481481481 0.3072916666666667 0.030555555555555558 0.015625
9 0.9527777777777778 0.2953125 0.02777777777777778 0.008333333333333333
3 0.9495370370370371 0.28020833333333334 0.026851851851851852 0.017708333333333333
3 0.9393518518518519 0.25729166666666664 0.021296296296296296 0.013541666666666667
3 0.9236111111111112 0.24661458333333333 0.030555555555555558 0.013020833333333334
1 0.9009259259259259 0.2825520833333333 0.011111111111111112 0.0067708333333333336
1 0.899537037037037 0.278125 0.010185185185185186 0.009375
9 0.8990740740740741 0.2833333333333333 0.009259259259259259 0.008333333333333333
1 0.8870370370370371 0.2716145833333333 0.011111111111111112 0.0067708333333333336
1 0.8861111111111112 0.27057291666666666 0.011111111111111112 0.0078125
9 0.8865740740740741 0.27578125 0.008333333333333333 0.0078125
1 0.8847222222222223 0.2598958333333333 0.008333333333333333 0.00625
9 0.8842592592592593 0.26458333333333334 0.007407407407407408 0.007291666666666667
2 0.9037037037037038 0.25729166666666664 0.007407407407407408 0.010416666666666666
1 0.8824074074074074 0.25104166666666666 0.007407407407407408 0.005208333333333333
9 0.8810185185185185 0.25494791666666666 0.006481481481481482 0.0078125
1 0.8671296296296297 0.26848958333333334 0.008333333333333333 0.0078125
9 0.8662037037037037 0.27317708333333335 0.006481481481481482 0.0067708333333333336
1 0.8305555555555556 0.26067708333333334 0.005555555555555556 0.005729166666666666
9 0.8314814814814815 0.26484375 0.007407407407407408 0.009895833333333333
1 0.8217592592592593 0.26171875 0.006481481481481482 0.0078125
9 0.8217592592592593 0.26640625 0.006481481481481482 0.0067708333333333336
9 0.7393518518518519 0.33932291666666664 0.012037037037037037 0.013020833333333334
3 0.7486111111111111 0.3130208333333333 0.030555555555555558 0.014583333333333334
3 0.7587962962962963 0.29401041666666666 0.028703703703703703 0.018229166666666668
3 0.7569444444444444 0.27760416666666665 0.028703703703703703 0.016666666666666666
3 0.7824074074074074 0.27057291666666666 0.024074074074074074 0.015104166666666667
3 0.7726851851851853 0.2515625 0.02314814814814815 0.014583333333333334
4 0.7856481481481482 0.23177083333333334 0.021296296296296296 0.011458333333333333
3 0.7930555555555556 0.22317708333333333 0.021296296296296296 0.0109375
3 0.9171296296296296 0.23619791666666667 0.021296296296296296 0.011979166666666666
9 0.9342592592592593 0.225 0.022222222222222223 0.008333333333333333
1 0.4152777777777778 0.3765625 0.015740740740740743 0.011458333333333333
3 0.24583333333333335 0.40390624999999997 0.10092592592592593 0.0203125
1 0.1398148148148148 0.37005208333333334 0.014814814814814815 0.015104166666666667
1 0.1550925925925926 0.3651041666666667 0.012037037037037037 0.0125
9 0.08472222222222223 0.35833333333333334 0.017592592592592594 0.016666666666666666
9 0.07037037037037037 0.3575520833333333 0.014814814814814815 0.015104166666666667
9 0.3037037037037037 0.3520833333333333 0.016666666666666666 0.014583333333333334
9 0.4777777777777778 0.315625 0.022222222222222223 0.009375
1 0.4277777777777778 0.3171875 0.011111111111111112 0.014583333333333334
9 0.425462962962963 0.3203125 0.019444444444444445 0.008333333333333333
9 0.44537037037037036 0.31354166666666666 0.022222222222222223 0.008333333333333333
9 0.48888888888888893 0.3013020833333333 0.02777777777777778 0.008854166666666666
1 0.5777777777777778 0.30182291666666666 0.011111111111111112 0.0109375
9 0.5092592592592593 0.2903645833333333 0.018518518518518517 0.0109375
1 0.6050925925925926 0.28515625 0.008333333333333333 0.0078125
1 0.6092592592592593 0.2825520833333333 0.009259259259259259 0.008854166666666666
1 0.5916666666666667 0.2833333333333333 0.007407407407407408 0.00625
1 0.5930555555555556 0.28020833333333334 0.008333333333333333 0.007291666666666667
1 0.5819444444444445 0.2752604166666667 0.010185185185185186 0.0067708333333333336
1 0.5842592592592593 0.27239583333333334 0.009259259259259259 0.007291666666666667
1 0.6268518518518519 0.26875 0.009259259259259259 0.008333333333333333
1 0.611574074074074 0.26796875 0.008333333333333333 0.0078125
1 0.5986111111111111 0.2671875 0.006481481481481482 0.007291666666666667
9 0.5884259259259259 0.26328125 0.025 0.009895833333333333
2 0.5898148148148148 0.2505208333333333 0.020370370370370372 0.008333333333333333
9 0.637962962962963 0.2604166666666667 0.018518518518518517 0.009375
1 0.8791666666666667 0.21588541666666666 0.006481481481481482 0.0067708333333333336
9 0.8777777777777778 0.21901041666666665 0.007407407407407408 0.0078125
1 0.8856481481481482 0.21145833333333333 0.006481481481481482 0.005208333333333333
9 0.8865740740740741 0.21510416666666665 0.008333333333333333 0.007291666666666667
3 0.8009259259259259 0.20260416666666667 0.022222222222222223 0.011458333333333333
4 0.6277777777777778 0.19375 0.020370370370370372 0.011458333333333333
9 0.6490740740740741 0.20755208333333333 0.018518518518518517 0.0067708333333333336
3 0.8939814814814815 0.11692708333333333 0.008333333333333333 0.0036458333333333334
1 0.8671296296296297 0.12135416666666667 0.006481481481481482 0.003125
9 0.8675925925925926 0.12343749999999999 0.005555555555555556 0.003125
3 0.7680555555555556 0.13098958333333333 0.012037037037037037 0.0046875
4 0.7782407407407408 0.13307291666666665 0.010185185185185186 0.005729166666666666
3 0.7893518518518519 0.13229166666666667 0.015740740740740743 0.003125
3 0.8828703703703704 0.12473958333333333 0.008333333333333333 0.0036458333333333334
4 0.9055555555555556 0.12864583333333332 0.009259259259259259 0.004166666666666667
1 0.8814814814814815 0.13098958333333333 0.003703703703703704 0.0036458333333333334
9 0.8819444444444445 0.13359375 0.004629629629629629 0.0036458333333333334
3 0.9069444444444444 0.1328125 0.008333333333333333 0.004166666666666667
3 0.8893518518518518 0.13697916666666665 0.008333333333333333 0.00625
3 0.8699074074074075 0.13541666666666666 0.008333333333333333 0.004166666666666667
3 0.8712962962962963 0.140625 0.009259259259259259 0.005208333333333333
1 0.8842592592592593 0.19010416666666666 0.005555555555555556 0.004166666666666667
9 0.8842592592592593 0.19270833333333334 0.007407407407407408 0.005208333333333333
1 0.8773148148148149 0.1875 0.004629629629629629 0.005208333333333333
9 0.8777777777777778 0.19114583333333332 0.003703703703703704 0.004166666666666667
1 0.8689814814814815 0.17838541666666666 0.006481481481481482 0.0036458333333333334
9 0.8685185185185186 0.18151041666666667 0.005555555555555556 0.0036458333333333334
1 0.8912037037037037 0.16328125 0.004629629629629629 0.0036458333333333334
9 0.8907407407407407 0.16640625 0.003703703703703704 0.0046875
1 0.8851851851851852 0.16145833333333334 0.003703703703703704 0.003125
9 0.8856481481481482 0.16432291666666665 0.004629629629629629 0.0046875
1 0.887962962962963 0.15755208333333334 0.003703703703703704 0.0046875
9 0.8870370370370371 0.15989583333333332 0.003703703703703704 0.003125
1 0.8875000000000001 0.14947916666666666 0.004629629629629629 0.003125
9 0.8875000000000001 0.15208333333333332 0.004629629629629629 0.003125
1 0.8791666666666667 0.1578125 0.004629629629629629 0.003125
9 0.8791666666666667 0.16015625 0.004629629629629629 0.0036458333333333334
1 0.8796296296296297 0.15364583333333334 0.003703703703703704 0.003125
1 0.8805555555555555 0.15 0.003703703703703704 0.0020833333333333333
9 0.8819444444444445 0.15338541666666666 0.004629629629629629 0.0036458333333333334
1 0.8810185185185185 0.14375 0.004629629629629629 0.003125
9 0.8814814814814815 0.14609375 0.003703703703703704 0.0036458333333333334
1 0.875462962962963 0.171875 0.004629629629629629 0.004166666666666667
9 0.875462962962963 0.17395833333333333 0.006481481481481482 0.004166666666666667
3 0.8736111111111111 0.16666666666666666 0.012037037037037037 0.007291666666666667
1 0.8574074074074074 0.16432291666666665 0.005555555555555556 0.0036458333333333334
9 0.8583333333333334 0.16770833333333332 0.005555555555555556 0.004166666666666667
1 0.8689814814814815 0.15338541666666666 0.004629629629629629 0.0036458333333333334
9 0.8685185185185186 0.15651041666666665 0.003703703703703704 0.0036458333333333334
1 0.8731481481481482 0.14947916666666666 0.003703703703703704 0.003125
9 0.8731481481481482 0.1515625 0.003703703703703704 0.004166666666666667
3 0.8587962962962963 0.15260416666666665 0.012037037037037037 0.00625
1 0.8606481481481482 0.12161458333333333 0.002777777777777778 0.0015625
9 0.8611111111111112 0.12317708333333333 0.003703703703703704 0.0026041666666666665
3 0.8416666666666667 0.14921875 0.011111111111111112 0.005729166666666666
3 0.8365740740740741 0.15911458333333334 0.010185185185185186 0.005729166666666666
1 0.8449074074074074 0.16979166666666667 0.004629629629629629 0.003125
9 0.8453703703703704 0.17213541666666665 0.003703703703703704 0.0046875
1 0.8412037037037038 0.17265625 0.004629629629629629 0.0046875
9 0.8412037037037038 0.17526041666666667 0.004629629629629629 0.0046875
1 0.8476851851851852 0.18098958333333334 0.004629629629629629 0.0046875
9 0.8472222222222222 0.18385416666666665 0.007407407407407408 0.005208333333333333
3 0.8199074074074074 0.17395833333333333 0.012037037037037037 0.007291666666666667
