3 0.7431372549019607 0.46875 0.09281045751633986 0.08602941176470588
3 1.1954248366013072 0.3161764705882353 0.06928104575163398 0.033823529411764704
3 1.5326797385620914 0.36838235294117644 0.10065359477124182 0.054411764705882354
3 1.696078431372549 0.46875 0.15294117647058822 0.0713235294117647
3 1.4633986928104574 0.31838235294117645 0.10065359477124182 0.044117647058823525
3 1.3627450980392155 0.27058823529411763 0.07712418300653594 0.039705882352941174
3 1.3542483660130717 0.21066176470588235 0.08366013071895424 0.025735294117647058
3 0.4058823529411764 0.3558823529411765 0.09803921568627451 0.060294117647058824
3 0.09281045751633986 0.4183823529411765 0.18823529411764706 0.060294117647058824
3 0.027450980392156862 0.36213235294117646 0.05751633986928104 0.04191176470588235
3 0.21437908496732025 0.26580882352941176 0.09411764705882353 0.03455882352941177
3 0.2006535947712418 0.21433823529411763 0.06666666666666667 0.030147058823529412
3 0.8339869281045751 0.15992647058823528 0.02875816993464052 0.01838235294117647
3 0.18692810457516337 0.5275735294117647 0.17777777777777776 0.06838235294117646
3 0.3856209150326797 0.21176470588235294 0.08888888888888888 0.01764705882352941
3 0.4013071895424836 0.19595588235294117 0.0784313725490196 0.016911764705882352
3 0.4261437908496732 0.17279411764705882 0.06797385620915032 0.025
9 0.12156862745098039 0.24080882352941177 0.03660130718954248 0.015441176470588236
9 0.29869281045751633 0.1860294117647059 0.03006535947712418 0.014705882352941176
3 0.534640522875817 0.1474264705882353 0.06797385620915032 0.015441176470588236
3 0.5450980392156862 0.14191176470588235 0.06013071895424836 0.011764705882352941
3 0.55359477124183 0.13786764705882354 0.058823529411764705 0.011029411764705881
3 0.5640522875816993 0.13419117647058823 0.06405228758169934 0.011029411764705881
3 0.5732026143790849 0.1275735294117647 0.058823529411764705 0.013970588235294117
3 0.5790849673202614 0.12352941176470589 0.047058823529411764 0.010294117647058823
3 0.5594771241830065 0.10698529411764705 0.04183006535947712 0.0125
3 0.6620915032679738 0.09411764705882353 0.0326797385620915 0.010294117647058823
3 0.6725490196078431 0.09044117647058823 0.03529411764705882 0.008823529411764706
3 0.6856209150326797 0.08308823529411764 0.0196078431372549 0.0058823529411764705
3 0.680392156862745 0.07904411764705882 0.01437908496732026 0.005147058823529412
1 0.557516339869281 0.24889705882352942 0.01699346405228758 0.022794117647058822
9 0.5588235294117647 0.2514705882352941 0.02483660130718954 0.016176470588235292
5 0.6830065359477123 0.14963235294117647 0.03790849673202614 0.025735294117647058
5 0.7215686274509804 0.12573529411764706 0.02091503267973856 0.014705882352941176
3 0.8869281045751634 0.12279411764705882 0.02222222222222222 0.014705882352941176
3 0.8947712418300653 0.11360294117647059 0.0196078431372549 0.0125
3 0.884313725490196 0.10367647058823529 0.02222222222222222 0.013235294117647059
3 0.8431372549019607 0.09301470588235294 0.01830065359477124 0.009558823529411765
3 0.8947712418300653 0.07941176470588235 0.01437908496732026 0.007352941176470588
3 0.8967320261437908 0.07205882352941176 0.0130718954248366 0.0058823529411764705
3 0.9078431372549018 0.0661764705882353 0.01437908496732026 0.007352941176470588
3 0.9209150326797385 0.061764705882352944 0.011764705882352941 0.0058823529411764705
3 0.8745098039215685 0.06727941176470588 0.0130718954248366 0.008088235294117646
3 0.7640522875816993 0.09264705882352942 0.01699346405228758 0.010294117647058823
3 0.7843137254901961 0.07757352941176471 0.0130718954248366 0.008088235294117646
3 0.7849673202614379 0.0625 0.00915032679738562 0.007352941176470588
3 0.7084967320261437 0.07242647058823529 0.03137254901960784 0.008088235294117646
3 0.8503267973856209 0.07279411764705883 0.01437908496732026 0.007352941176470588
3 0.8516339869281045 0.06764705882352941 0.011764705882352941 0.007352941176470588
3 0.9555555555555555 0.0661764705882353 0.01045751633986928 0.0058823529411764705
3 0.9555555555555555 0.06323529411764706 0.0130718954248366 0.0058823529411764705
3 0.8908496732026143 0.06397058823529411 0.011764705882352941 0.0058823529411764705
3 0.8849673202614379 0.05625 0.00784313725490196 0.005147058823529412
3 0.9006535947712417 0.05661764705882353 0.00784313725490196 0.0058823529411764705
3 0.9156862745098039 0.055882352941176466 0.00915032679738562 0.004411764705882353
3 0.9163398692810457 0.04852941176470588 0.00784313725490196 0.0058823529411764705
3 0.892156862745098 0.04742647058823529 0.0065359477124183 0.005147058823529412
3 0.8653594771241829 0.05477941176470588 0.01045751633986928 0.006617647058823529
3 0.884313725490196 0.05220588235294118 0.00915032679738562 0.004411764705882353
3 0.9111111111111111 0.04191176470588235 0.00784313725490196 0.004411764705882353
1 0.8516339869281045 0.10955882352941176 0.0065359477124183 0.0058823529411764705
9 0.8516339869281045 0.1125 0.0065359477124183 0.008823529411764706
1 1.0058823529411764 0.1375 0.0065359477124183 0.008823529411764706
9 1.0058823529411764 0.13970588235294118 0.0065359477124183 0.010294117647058823
9 0.47058823529411764 0.13161764705882353 0.01830065359477124 0.008823529411764706
2 0.49084967320261436 0.13125 0.011764705882352941 0.008088235294117646
9 0.4516339869281045 0.13970588235294118 0.00915032679738562 0.013235294117647059
9 0.43267973856209146 0.14448529411764705 0.00784313725490196 0.009558823529411765
3 1.1464052287581699 0.07647058823529412 0.01830065359477124 0.011764705882352941
3 1.1359477124183006 0.07242647058823529 0.023529411764705882 0.008088235294117646
