5 0.5217592592592593 0.5 0.18611111111111112 0.1125
3 0.7828703703703704 0.44166666666666665 0.08240740740740742 0.06666666666666667
5 0.6129629629629629 0.39947916666666666 0.13333333333333333 0.07708333333333334
3 0.9643518518518519 0.3815104166666667 0.0712962962962963 0.0421875
3 0.7217592592592593 0.27239583333333334 0.04722222222222222 0.02395833333333333
5 0.7328703703703704 0.24765625 0.05462962962962963 0.0328125
5 0.7671296296296296 0.19661458333333334 0.03981481481481482 0.0328125
6 0.8180555555555555 0.19609375 0.01388888888888889 0.013020833333333334
1 0.8171296296296297 0.196875 0.010185185185185186 0.008333333333333333
3 0.813425925925926 0.16484375 0.02314814814814815 0.009895833333333333
3 0.8731481481481482 0.16171875 0.020370370370370372 0.008854166666666666
5 0.8208333333333334 0.15104166666666666 0.02314814814814815 0.015625
6 0.8921296296296297 0.16901041666666666 0.012037037037037037 0.0078125
1 0.8916666666666667 0.16770833333333332 0.005555555555555556 0.00625
3 0.17453703703703705 0.23984375 0.09166666666666667 0.024479166666666666
4 0.4569444444444445 0.18984375 0.03425925925925926 0.0171875
5 0.8273148148148148 0.14609375 0.026851851851851852 0.013020833333333334
2 0.8930555555555556 0.1390625 0.004629629629629629 0.005208333333333333
1 0.8935185185185186 0.13776041666666666 0.003703703703703704 0.005729166666666666
9 0.837037037037037 0.13203125 0.005555555555555556 0.0046875
1 0.8375 0.13072916666666667 0.004629629629629629 0.00625
3 0.8791666666666667 0.12786458333333334 0.017592592592592594 0.005729166666666666
3 0.8949074074074075 0.12604166666666666 0.019444444444444445 0.00625
3 0.8675925925925926 0.12552083333333333 0.02592592592592593 0.005208333333333333
3 0.8384259259259259 0.12578125 0.025 0.005729166666666666
3 0.9518518518518518 0.12630208333333334 0.024074074074074074 0.005729166666666666
3 0.9898148148148148 0.12604166666666666 0.02592592592592593 0.005208333333333333
4 0.9740740740740741 0.12109375 0.012962962962962964 0.0067708333333333336
4 0.700462962962963 0.16067708333333333 0.04722222222222222 0.011979166666666666
4 0.662962962962963 0.16901041666666666 0.05 0.011979166666666666
3 0.7023148148148148 0.16979166666666667 0.04537037037037037 0.013541666666666667
