3 1.0215686274509803 0.2959558823529412 0.11895424836601307 0.0875
3 0.2941176470588235 0.32279411764705884 0.23006535947712417 0.061764705882352944
5 1.2313725490196077 0.21948529411764706 0.2823529411764706 0.07867647058823529
5 1.541830065359477 0.4466911764705882 0.37516339869281046 0.09485294117647058
3 0.4549019607843137 0.21764705882352942 0.20392156862745098 0.054411764705882354
6 0.07320261437908496 0.21066176470588235 0.13856209150326795 0.09485294117647058
3 0.7699346405228757 0.08713235294117647 0.06797385620915032 0.05073529411764706
9 0.726797385620915 0.11875 0.0261437908496732 0.03308823529411765
3 0.7947712418300653 0.015441176470588236 0.07581699346405228 0.032352941176470584
3 1.0673202614379085 0.03786764705882353 0.06405228758169934 0.04632352941176471
5 0.9653594771241829 0.01838235294117647 0.07973856209150326 0.03823529411764706
5 1.4699346405228757 0.14558823529411766 0.28104575163398693 0.057352941176470586
5 1.1954248366013072 0.1525735294117647 0.24705882352941175 0.06397058823529411
6 0.23464052287581696 0.4948529411764706 0.21830065359477122 0.11323529411764706
6 0.35359477124183003 0.5128676470588235 0.22614379084967318 0.09485294117647058
2 0.5183006535947712 0.10698529411764705 0.050980392156862744 0.01838235294117647
