9 0.23202614379084965 0.3363970588235294 0.058823529411764705 0.016911764705882352
9 0.2045751633986928 0.3650735294117647 0.058823529411764705 0.013970588235294117
9 0.08366013071895424 0.43308823529411766 0.0522875816993464 0.026470588235294117
3 0.14052287581699346 0.54375 0.18169934640522875 0.03602941176470588
3 0.1549019607843137 0.4926470588235294 0.15816993464052287 0.05
3 0.22614379084967318 0.4323529411764706 0.1699346405228758 0.057352941176470586
3 0.18758169934640523 0.025735294117647058 0.1477124183006536 0.051470588235294115
1 0.8529411764705882 0.15661764705882353 0.03529411764705882 0.013235294117647059
1 0.8470588235294118 0.16323529411764706 0.01568627450980392 0.008823529411764706
9 0.8509803921568627 0.15551470588235294 0.02875816993464052 0.027205882352941177
3 0.918954248366013 0.3220588235294118 0.10196078431372549 0.0838235294117647
3 0.7856209150326797 0.3536764705882353 0.10980392156862745 0.09264705882352942
3 0.5196078431372548 0.47941176470588237 0.12156862745098039 0.09852941176470588
2 1.0143790849673202 0.4363970588235294 0.0392156862745098 0.027205882352941177
9 1.0895424836601306 0.4264705882352941 0.04836601307189542 0.020588235294117647
2 1.058169934640523 0.4661764705882353 0.0326797385620915 0.014705882352941176
2 1.096078431372549 0.4613970588235294 0.04052287581699346 0.016911764705882352
9 1.1640522875816992 0.4334558823529412 0.04052287581699346 0.03897058823529412
1 1.1320261437908496 0.4988970588235294 0.02091503267973856 0.015441176470588236
9 1.1274509803921569 0.5036764705882353 0.04052287581699346 0.025
3 1.656862745098039 0.5297794117647059 0.15294117647058822 0.06102941176470588
9 1.7359477124183005 0.49227941176470585 0.06274509803921569 0.025735294117647058
9 1.6039215686274508 0.46801470588235294 0.023529411764705882 0.03161764705882353
9 1.6261437908496732 0.4676470588235294 0.023529411764705882 0.027941176470588233
2 1.649673202614379 0.46801470588235294 0.023529411764705882 0.030147058823529412
9 1.5431372549019606 0.44448529411764703 0.04052287581699346 0.030147058823529412
9 1.5215686274509803 0.4426470588235294 0.03137254901960784 0.032352941176470584
9 1.4993464052287582 0.4319852941176471 0.03660130718954248 0.028676470588235293
9 1.4503267973856209 0.40845588235294117 0.0326797385620915 0.025735294117647058
9 1.4267973856209148 0.40845588235294117 0.02222222222222222 0.03161764705882353
9 1.3895424836601307 0.3911764705882353 0.03660130718954248 0.030882352941176472
9 1.4065359477124182 0.4033088235294118 0.0261437908496732 0.03161764705882353
9 1.5084967320261438 0.3786764705882353 0.03660130718954248 0.029411764705882353
2 1.4751633986928103 0.37720588235294117 0.027450980392156862 0.029411764705882353
2 1.4516339869281045 0.3709558823529412 0.03006535947712418 0.030147058823529412
2 1.5366013071895424 0.3952205882352941 0.03790849673202614 0.030147058823529412
9 1.6176470588235292 0.3738970588235294 0.043137254901960784 0.027205882352941177
9 1.745751633986928 0.3492647058823529 0.03790849673202614 0.032352941176470584
9 1.703921568627451 0.3286764705882353 0.043137254901960784 0.023529411764705882
4 1.3633986928104573 0.3363970588235294 0.08888888888888888 0.07426470588235294
3 1.4248366013071894 0.1525735294117647 0.14901960784313725 0.04632352941176471
4 1.6091503267973855 0.06470588235294117 0.1568627450980392 0.051470588235294115
3 1.6509803921568627 0.022058823529411763 0.14901960784313725 0.045588235294117645
3 1.741830065359477 0.10036764705882353 0.06928104575163398 0.04191176470588235
9 1.1529411764705881 0.4834558823529412 0.0522875816993464 0.013970588235294117
2 1.5385620915032678 0.5408088235294117 0.065359477124183 0.0125
