3 0.6763888888888889 0.09505208333333333 0.008333333333333333 0.0046875
3 0.6861111111111111 0.09661458333333334 0.009259259259259259 0.0046875
5 0.701388888888889 0.09192708333333333 0.025 0.009895833333333333
5 0.7055555555555556 0.1015625 0.016666666666666666 0.010416666666666666
3 0.7273148148148149 0.09713541666666667 0.01388888888888889 0.0046875
3 0.750925925925926 0.09869791666666666 0.014814814814814815 0.0046875
8 0.7537037037037038 0.103125 0.020370370370370372 0.010416666666666666
3 0.7902777777777779 0.12916666666666665 0.015740740740740743 0.007291666666666667
5 0.8375 0.14010416666666667 0.021296296296296296 0.016666666666666666
3 0.725462962962963 0.13177083333333334 0.015740740740740743 0.007291666666666667
3 0.7226851851851852 0.12343749999999999 0.015740740740740743 0.007291666666666667
3 0.7074074074074075 0.16223958333333333 0.020370370370370372 0.0109375
3 0.725925925925926 0.11822916666666666 0.014814814814814815 0.007291666666666667
4 0.7865740740740741 0.11927083333333333 0.012037037037037037 0.008333333333333333
3 0.813425925925926 0.11822916666666666 0.012037037037037037 0.005208333333333333
3 0.8407407407407408 0.12630208333333334 0.014814814814814815 0.0067708333333333336
3 0.8333333333333334 0.12213541666666666 0.011111111111111112 0.005729166666666666
3 0.8287037037037037 0.1171875 0.012962962962962964 0.00625
3 0.8162037037037038 0.12552083333333333 0.015740740740740743 0.007291666666666667
4 0.8199074074074074 0.12890625 0.015740740740740743 0.0109375
3 0.8231481481481482 0.11223958333333334 0.012962962962962964 0.0046875
5 0.8013888888888889 0.10885416666666667 0.021296296296296296 0.014583333333333334
3 0.7824074074074074 0.11432291666666666 0.011111111111111112 0.0046875
3 0.7787037037037038 0.11223958333333334 0.011111111111111112 0.0046875
4 0.774537037037037 0.109375 0.012037037037037037 0.00625
3 0.763888888888889 0.10859375 0.012962962962962964 0.005729166666666666
3 0.7902777777777779 0.10989583333333333 0.010185185185185186 0.004166666666666667
4 0.7833333333333333 0.10598958333333333 0.011111111111111112 0.005729166666666666
3 0.7731481481481481 0.10546875 0.011111111111111112 0.0046875
3 0.7856481481481482 0.10807291666666667 0.008333333333333333 0.0046875
3 0.8712962962962963 0.13229166666666667 0.016666666666666666 0.008333333333333333
2 0.8458333333333333 0.11875 0.008333333333333333 0.005208333333333333
6 0.8731481481481482 0.14453125 0.012962962962962964 0.009895833333333333
2 0.6930555555555555 0.13619791666666667 0.006481481481481482 0.0067708333333333336
2 0.9092592592592593 0.159375 0.005555555555555556 0.008333333333333333
4 0.7458333333333333 0.18697916666666667 0.025 0.019791666666666666
5 0.800462962962963 0.1953125 0.036111111111111115 0.02395833333333333
9 0.6518518518518519 0.18072916666666666 0.009259259259259259 0.009375
5 0.6083333333333334 0.22552083333333334 0.04814814814814815 0.026041666666666668
5 0.6453703703703704 0.24557291666666667 0.05555555555555556 0.044270833333333336
4 1.112962962962963 0.44817708333333334 0.09074074074074075 0.058854166666666666
2 0.10138888888888889 0.48411458333333335 0.04166666666666667 0.03177083333333333
3 1.4930555555555556 0.16692708333333334 0.04166666666666667 0.008854166666666666
3 1.5055555555555555 0.16953125 0.040740740740740744 0.008854166666666666
3 1.524537037037037 0.17161458333333332 0.05277777777777778 0.009895833333333333
3 1.5449074074074074 0.17421875 0.049074074074074076 0.0109375
3 1.5712962962962964 0.17916666666666667 0.04259259259259259 0.010416666666666666
3 1.5958333333333334 0.18307291666666667 0.04537037037037037 0.011979166666666666
3 1.6462962962962964 0.19166666666666665 0.05555555555555556 0.011458333333333333
2 1.6245370370370371 0.19791666666666666 0.025 0.009375
3 1.675 0.19479166666666667 0.06666666666666667 0.014583333333333334
3 1.7416666666666667 0.20546875 0.05925925925925926 0.015104166666666667
3 1.7055555555555557 0.20885416666666667 0.06851851851851852 0.016666666666666666
3 1.7435185185185187 0.21927083333333333 0.06666666666666667 0.01875
3 1.7560185185185186 0.21015625 0.04166666666666667 0.015104166666666667
5 1.512037037037037 0.2140625 0.16296296296296298 0.02395833333333333
5 1.4870370370370372 0.20208333333333334 0.11481481481481481 0.03333333333333333
3 1.3708333333333333 0.21536458333333333 0.04166666666666667 0.0203125
3 1.4416666666666667 0.21484375 0.05 0.013020833333333334
3 1.389351851851852 0.1859375 0.062037037037037036 0.0125
3 1.3796296296296298 0.17890625 0.053703703703703705 0.011979166666666666
3 1.3328703703703704 0.18255208333333334 0.06018518518518519 0.011979166666666666
3 1.3467592592592592 0.17421875 0.06018518518518519 0.009895833333333333
3 1.3328703703703704 0.17161458333333332 0.05277777777777778 0.008854166666666666
3 1.3138888888888889 0.1671875 0.0462962962962963 0.010416666666666666
