5 1.6326797385620915 0.1514705882352941 0.24052287581699344 0.04264705882352941
3 1.6261437908496732 0.22904411764705881 0.09934640522875816 0.025735294117647058
3 1.4921568627450978 0.2150735294117647 0.07973856209150326 0.021323529411764706
3 1.5163398692810457 0.20551470588235293 0.04967320261437908 0.019852941176470587
3 1.4823529411764704 0.16911764705882354 0.03398692810457516 0.016176470588235292
3 1.3183006535947712 0.1588235294117647 0.03790849673202614 0.016176470588235292
3 1.1294117647058823 0.19448529411764706 0.0784313725490196 0.022794117647058822
5 1.037908496732026 0.21433823529411763 0.1411764705882353 0.0375
3 0.7222222222222222 0.20183823529411765 0.0849673202614379 0.019852941176470587
3 0.6562091503267974 0.20698529411764705 0.0915032679738562 0.02426470588235294
3 0.530718954248366 0.1849264705882353 0.08366013071895424 0.02426470588235294
5 1.4366013071895425 0.13345588235294117 0.03660130718954248 0.021323529411764706
5 1.426143790849673 0.10147058823529412 0.03398692810457516 0.023529411764705882
8 1.7366013071895423 0.1297794117647059 0.07973856209150326 0.022794117647058822
5 1.638562091503268 0.07683823529411765 0.1372549019607843 0.015441176470588236
6 1.530065359477124 0.12022058823529412 0.0196078431372549 0.011029411764705881
5 1.7241830065359476 0.09595588235294117 0.1045751633986928 0.01838235294117647
5 1.6908496732026144 0.09191176470588235 0.12156862745098039 0.01911764705882353
4 0.8836601307189542 0.13088235294117648 0.0522875816993464 0.023529411764705882
4 0.8477124183006536 0.1386029411764706 0.027450980392156862 0.016911764705882352
1 1.2281045751633985 0.2125 0.0196078431372549 0.01911764705882353
9 1.2287581699346404 0.2172794117647059 0.03660130718954248 0.015441176470588236
1 1.3614379084967319 0.17426470588235293 0.00915032679738562 0.014705882352941176
9 1.3627450980392155 0.17830882352941177 0.02483660130718954 0.0125
5 1.3718954248366013 0.07610294117647058 0.09019607843137255 0.013970588235294117
5 1.307843137254902 0.08308823529411764 0.1503267973856209 0.016176470588235292
3 1.4019607843137254 0.08529411764705883 0.03006535947712418 0.007352941176470588
4 1.2980392156862743 0.10294117647058823 0.01830065359477124 0.011764705882352941
3 1.2202614379084966 0.09779411764705882 0.03790849673202614 0.008823529411764706
3 1.1901960784313725 0.09191176470588235 0.01699346405228758 0.008823529411764706
3 1.2091503267973855 0.09264705882352942 0.02875816993464052 0.007352941176470588
3 1.2516339869281046 0.08933823529411765 0.0326797385620915 0.008088235294117646
3 1.2444444444444445 0.09338235294117647 0.01830065359477124 0.007352941176470588
3 0.9941176470588234 0.14558823529411766 0.058823529411764705 0.013235294117647059
4 1.011764705882353 0.13933823529411765 0.05751633986928104 0.013970588235294117
4 1.0320261437908496 0.13345588235294117 0.05620915032679738 0.013970588235294117
4 0.5104575163398692 0.1525735294117647 0.05620915032679738 0.01838235294117647
5 0.5640522875816993 0.14522058823529413 0.09803921568627451 0.021323529411764706
3 0.36666666666666664 0.14448529411764705 0.058823529411764705 0.016911764705882352
3 0.4588235294117647 0.1514705882352941 0.04967320261437908 0.013235294117647059
3 0.42810457516339867 0.14852941176470588 0.050980392156862744 0.016176470588235292
3 0.4071895424836601 0.14558823529411766 0.05359477124183006 0.016176470588235292
3 0.33137254901960783 0.1411764705882353 0.050980392156862744 0.016176470588235292
4 0.3052287581699346 0.1386029411764706 0.050980392156862744 0.01838235294117647
4 0.3660130718954248 0.12169117647058823 0.05751633986928104 0.013970588235294117
3 0.1718954248366013 0.1125 0.0457516339869281 0.011764705882352941
3 0.0738562091503268 0.11948529411764705 0.05620915032679738 0.011029411764705881
3 0.02875816993464052 0.11985294117647059 0.054901960784313725 0.011764705882352941
4 0.10522875816993463 0.12169117647058823 0.04836601307189542 0.0125
3 0.9986928104575162 0.11911764705882352 0.04183006535947712 0.011764705882352941
3 1.0431372549019606 0.11360294117647059 0.02875816993464052 0.0125
3 1.2522875816993464 0.10220588235294117 0.02875816993464052 0.007352941176470588
5 1.5509803921568626 0.07242647058823529 0.0196078431372549 0.011029411764705881
5 1.4692810457516339 0.07389705882352941 0.02091503267973856 0.011029411764705881
