3 1.413888888888889 0.41692708333333334 0.08518518518518518 0.059895833333333336
3 1.1611111111111112 0.2994791666666667 0.07222222222222223 0.04375
3 0.8703703703703703 0.4627604166666667 0.21481481481481482 0.05364583333333333
3 0.5509259259259259 0.47734375 0.13148148148148148 0.06927083333333334
3 0.7111111111111111 0.31276041666666665 0.12407407407407407 0.033854166666666664
3 0.7814814814814816 0.2838541666666667 0.10740740740740741 0.027083333333333334
3 0.9226851851851853 0.2638020833333333 0.05648148148148149 0.0296875
3 0.5449074074074074 0.3416666666666667 0.1175925925925926 0.03958333333333333
4 0.6203703703703703 0.27265625 0.17777777777777778 0.03802083333333333
3 0.4083333333333333 0.3203125 0.13333333333333333 0.036458333333333336
3 0.37083333333333335 0.2921875 0.11944444444444445 0.027083333333333334
2 0.4990740740740741 0.41640625 0.040740740740740744 0.025520833333333333
2 0.5305555555555556 0.4002604166666667 0.031481481481481485 0.022395833333333334
1 0.24675925925925926 0.19869791666666667 0.015740740740740743 0.011979166666666666
2 0.10462962962962963 0.18151041666666667 0.018518518518518517 0.011979166666666666
9 0.08055555555555556 0.18229166666666666 0.014814814814814815 0.013541666666666667
2 0.44212962962962965 0.2559895833333333 0.017592592592592594 0.018229166666666668
2 0.45462962962962966 0.2544270833333333 0.022222222222222223 0.015104166666666667
2 0.4810185185185185 0.25546875 0.017592592592592594 0.0140625
2 0.49768518518518523 0.2604166666666667 0.026851851851851852 0.015625
1 1.1143518518518518 0.1953125 0.01388888888888889 0.011458333333333333
9 1.114814814814815 0.19713541666666667 0.016666666666666666 0.0140625
2 0.875925925925926 0.25364583333333335 0.016666666666666666 0.014583333333333334
2 0.9143518518518519 0.24348958333333334 0.012037037037037037 0.01614583333333333
2 0.9277777777777778 0.24479166666666666 0.016666666666666666 0.013541666666666667
1 0.9291666666666667 0.24479166666666666 0.012037037037037037 0.015625
2 0.9462962962962963 0.22473958333333333 0.018518518518518517 0.009895833333333333
3 0.9458333333333334 0.22369791666666666 0.026851851851851852 0.0109375
3 0.9689814814814816 0.21276041666666667 0.025 0.009895833333333333
3 0.9736111111111111 0.21171874999999998 0.025 0.011979166666666666
3 0.9828703703703704 0.20703125 0.030555555555555558 0.009895833333333333
3 0.9921296296296297 0.2046875 0.02314814814814815 0.010416666666666666
3 0.9953703703703705 0.203125 0.022222222222222223 0.010416666666666666
3 0.9958333333333333 0.20130208333333333 0.028703703703703703 0.009895833333333333
3 0.9986111111111111 0.203125 0.025 0.007291666666666667
3 1.001851851851852 0.20104166666666667 0.022222222222222223 0.010416666666666666
3 1.0074074074074075 0.19895833333333332 0.02592592592592593 0.011458333333333333
3 1.0115740740740742 0.19609375 0.025 0.0109375
3 1.014351851851852 0.19505208333333332 0.025 0.008854166666666666
3 1.0162037037037037 0.19479166666666667 0.025 0.008333333333333333
3 1.0236111111111112 0.1921875 0.021296296296296296 0.011458333333333333
3 1.025462962962963 0.19192708333333333 0.021296296296296296 0.0078125
3 1.0250000000000001 0.19166666666666665 0.02962962962962963 0.007291666666666667
3 1.0291666666666668 0.19114583333333332 0.025 0.007291666666666667
3 1.489814814814815 0.19739583333333333 0.011111111111111112 0.009375
2 1.5083333333333333 0.19921875 0.014814814814814815 0.015104166666666667
9 1.5226851851851853 0.19791666666666666 0.012037037037037037 0.010416666666666666
1 1.5222222222222224 0.19635416666666666 0.011111111111111112 0.011458333333333333
1 1.5092592592592593 0.1984375 0.011111111111111112 0.009375
1 1.5078703703703704 0.1953125 0.012037037037037037 0.0125
1 1.4893518518518518 0.1953125 0.01388888888888889 0.0125
3 1.4569444444444446 0.16640625 0.03796296296296296 0.01614583333333333
2 1.515277777777778 0.1546875 0.008333333333333333 0.007291666666666667
1 1.5157407407407408 0.15208333333333332 0.009259259259259259 0.008333333333333333
3 1.4708333333333334 0.10494791666666667 0.028703703703703703 0.0067708333333333336
3 1.424074074074074 0.10859375 0.016666666666666666 0.0067708333333333336
3 1.3606481481481483 0.10416666666666667 0.026851851851851852 0.007291666666666667
3 1.3199074074074075 0.1296875 0.02314814814814815 0.010416666666666666
3 1.3041666666666667 0.11536458333333333 0.015740740740740743 0.0078125
4 1.3101851851851853 0.09427083333333333 0.020370370370370372 0.008333333333333333
3 1.2805555555555557 0.09166666666666666 0.014814814814814815 0.007291666666666667
1 1.2925925925925927 0.10859375 0.005555555555555556 0.005729166666666666
1 1.2606481481481482 0.13489583333333333 0.008333333333333333 0.007291666666666667
1 1.2458333333333333 0.13307291666666665 0.008333333333333333 0.0078125
1 1.237962962962963 0.13307291666666665 0.005555555555555556 0.0078125
9 1.2615740740740742 0.1359375 0.006481481481481482 0.007291666666666667
2 1.2458333333333333 0.13489583333333333 0.006481481481481482 0.00625
2 1.2375 0.13463541666666667 0.008333333333333333 0.0078125
9 1.2921296296296296 0.10963541666666667 0.008333333333333333 0.005729166666666666
3 0.8560185185185185 0.10130208333333333 0.028703703703703703 0.0078125
3 0.8402777777777778 0.10442708333333334 0.01388888888888889 0.0067708333333333336
3 0.8949074074074075 0.10729166666666666 0.02314814814814815 0.00625
3 0.9064814814814816 0.11067708333333333 0.020370370370370372 0.0067708333333333336
3 0.8421296296296297 0.11223958333333334 0.015740740740740743 0.0078125
3 0.8226851851851852 0.10807291666666667 0.01388888888888889 0.0067708333333333336
3 0.8208333333333334 0.11223958333333334 0.01388888888888889 0.0067708333333333336
3 0.8009259259259259 0.11223958333333334 0.014814814814814815 0.0067708333333333336
3 0.8046296296296297 0.10807291666666667 0.018518518518518517 0.005729166666666666
3 0.8060185185185186 0.10390624999999999 0.01388888888888889 0.0067708333333333336
3 0.7828703703703704 0.11197916666666667 0.017592592592592594 0.007291666666666667
3 0.7865740740740741 0.10755208333333333 0.015740740740740743 0.0078125
3 0.7712962962962964 0.10338541666666666 0.018518518518518517 0.0078125
3 0.7680555555555556 0.10677083333333333 0.019444444444444445 0.008333333333333333
3 0.7435185185185186 0.1109375 0.018518518518518517 0.009375
3 0.7476851851851852 0.10885416666666667 0.030555555555555558 0.011458333333333333
3 0.7199074074074074 0.11015625 0.017592592592592594 0.0078125
3 0.7268518518518519 0.10703125 0.014814814814814815 0.0078125
3 0.7356481481481482 0.10390624999999999 0.01388888888888889 0.0067708333333333336
3 0.6990740740740741 0.11041666666666666 0.020370370370370372 0.009375
3 0.7078703703703704 0.10625 0.01388888888888889 0.009375
3 0.6893518518518519 0.10598958333333333 0.01388888888888889 0.008854166666666666
3 0.6837962962962963 0.1015625 0.015740740740740743 0.007291666666666667
3 0.6601851851851852 0.109375 0.014814814814814815 0.007291666666666667
3 0.6791666666666667 0.11041666666666666 0.019444444444444445 0.008333333333333333
3 0.6476851851851853 0.10130208333333333 0.019444444444444445 0.0078125
3 0.674537037037037 0.10520833333333333 0.019444444444444445 0.007291666666666667
3 0.6125 0.1015625 0.015740740740740743 0.008333333333333333
3 0.5944444444444444 0.10026041666666667 0.014814814814814815 0.0078125
3 0.5861111111111111 0.09583333333333333 0.020370370370370372 0.008333333333333333
3 0.6217592592592592 0.10755208333333333 0.021296296296296296 0.009895833333333333
3 0.5990740740740741 0.10833333333333334 0.020370370370370372 0.009375
5 0.6092592592592593 0.06744791666666666 0.014814814814814815 0.0109375
5 0.6268518518518519 0.06796875 0.014814814814814815 0.009895833333333333
5 0.6421296296296296 0.06744791666666666 0.015740740740740743 0.0109375
5 0.6569444444444444 0.0671875 0.017592592592592594 0.011458333333333333
