3 0.24814814814814815 0.5421875 0.2574074074074074 0.03958333333333333
3 0.3194444444444445 0.47161458333333334 0.18333333333333335 0.07760416666666667
1 0.7018518518518518 0.37083333333333335 0.02777777777777778 0.03333333333333333
2 0.7023148148148148 0.38046875 0.028703703703703703 0.0265625
2 0.3995370370370371 0.3606770833333333 0.05092592592592593 0.01614583333333333
1 0.3939814814814815 0.3533854166666667 0.021296296296296296 0.034895833333333334
2 0.33796296296296297 0.36692708333333335 0.05 0.019270833333333334
9 0.34074074074074073 0.35703125 0.06481481481481481 0.018229166666666668
1 0.34444444444444444 0.34869791666666666 0.024074074074074074 0.0203125
1 0.40555555555555556 0.34140625 0.020370370370370372 0.01614583333333333
2 0.4101851851851852 0.35442708333333334 0.05 0.013020833333333334
3 0.5995370370370371 0.37734375 0.08796296296296297 0.04114583333333333
3 0.44722222222222224 0.38203125 0.10925925925925926 0.04010416666666666
3 0.5078703703703704 0.36302083333333335 0.08055555555555556 0.03125
3 0.45972222222222225 0.3494791666666667 0.08611111111111111 0.026041666666666668
3 0.5916666666666667 0.3421875 0.05555555555555556 0.025
3 0.5486111111111112 0.3234375 0.05277777777777778 0.025
1 0.6462962962962964 0.3216145833333333 0.012962962962962964 0.0140625
2 0.6449074074074075 0.33125 0.019444444444444445 0.011458333333333333
1 0.45555555555555555 0.33307291666666666 0.014814814814814815 0.011979166666666666
1 0.4527777777777778 0.328125 0.020370370370370372 0.014583333333333334
9 0.4199074074074074 0.31979166666666664 0.017592592592592594 0.017708333333333333
2 0.4027777777777778 0.325 0.018518518518518517 0.014583333333333334
2 0.8240740740740741 0.4158854166666667 0.03333333333333333 0.0390625
4 0.6597222222222222 0.3208333333333333 0.03425925925925926 0.020833333333333332
4 0.25925925925925924 0.3341145833333333 0.08703703703703704 0.030729166666666665
