3 0.8464052287581699 0.5283088235294118 0.09803921568627451 0.06544117647058824
4 0.9986928104575162 0.5110294117647058 0.09411764705882353 0.0838235294117647
3 0.8803921568627451 0.44191176470588234 0.0849673202614379 0.075
3 1.0209150326797385 0.42720588235294116 0.09673202614379084 0.07352941176470588
3 0.973202614379085 0.3584558823529412 0.07712418300653594 0.05808823529411765
3 0.8359477124183006 0.35698529411764707 0.06928104575163398 0.05514705882352941
3 0.841830065359477 0.3025735294117647 0.06013071895424836 0.04485294117647059
3 0.8385620915032679 0.25625 0.05359477124183006 0.0375
3 0.9300653594771241 0.2514705882352941 0.05620915032679738 0.03676470588235294
3 0.837908496732026 0.22426470588235295 0.04967320261437908 0.030882352941176472
3 0.9143790849673202 0.19705882352941176 0.043137254901960784 0.023529411764705882
3 0.9124183006535947 0.21948529411764706 0.04967320261437908 0.028676470588235293
3 0.8359477124183006 0.19705882352941176 0.0457516339869281 0.026470588235294117
3 0.8313725490196078 0.17573529411764705 0.03660130718954248 0.023529411764705882
3 0.8300653594771241 0.1547794117647059 0.0392156862745098 0.021323529411764706
3 0.9019607843137254 0.15698529411764706 0.0392156862745098 0.021323529411764706
3 0.9091503267973856 0.175 0.043137254901960784 0.023529411764705882
3 0.8300653594771241 0.1363970588235294 0.03398692810457516 0.01838235294117647
3 0.8908496732026143 0.13933823529411765 0.03529411764705882 0.019852941176470587
3 0.8333333333333333 0.11985294117647059 0.03006535947712418 0.01764705882352941
3 0.8352941176470587 0.10551470588235294 0.03137254901960784 0.01838235294117647
3 0.8313725490196078 0.09264705882352942 0.02875816993464052 0.014705882352941176
3 0.8392156862745097 0.08345588235294117 0.02875816993464052 0.013970588235294117
3 0.8326797385620914 0.07279411764705883 0.0261437908496732 0.016176470588235292
3 0.8294117647058823 0.06433823529411764 0.02483660130718954 0.011029411764705881
3 0.8287581699346405 0.055882352941176466 0.023529411764705882 0.008823529411764706
3 0.8196078431372549 0.05 0.023529411764705882 0.011764705882352941
3 0.8496732026143791 0.005514705882352941 0.01568627450980392 0.009558823529411765
3 0.8516339869281045 0.01213235294117647 0.01699346405228758 0.006617647058823529
3 0.8908496732026143 0.10955882352941176 0.02483660130718954 0.014705882352941176
3 0.8673202614379084 0.05110294117647059 0.02222222222222222 0.011029411764705881
3 0.07254901960784313 0.04375 0.04836601307189542 0.015441176470588236
3 0.1045751633986928 0.05110294117647059 0.04967320261437908 0.016911764705882352
3 0.2764705882352941 0.003676470588235294 0.03006535947712418 0.008823529411764706
3 0.2437908496732026 0.003676470588235294 0.03006535947712418 0.008823529411764706
5 0.9568627450980391 0.2900735294117647 0.07058823529411765 0.06102941176470588
5 0.8915032679738562 0.09044117647058823 0.0392156862745098 0.029411764705882353
5 0.8777777777777778 0.06911764705882353 0.0326797385620915 0.026470588235294117
4 0.8640522875816993 0.05808823529411765 0.02091503267973856 0.014705882352941176
5 0.8647058823529411 0.03455882352941177 0.03529411764705882 0.032352941176470584
5 0.8555555555555555 0.021691176470588235 0.02483660130718954 0.015441176470588236
8 0.8235294117647058 0.032352941176470584 0.03137254901960784 0.027941176470588233
8 0.8222222222222222 0.012867647058823529 0.023529411764705882 0.019852941176470587
4 0.8980392156862744 0.12279411764705882 0.03660130718954248 0.023529411764705882
