3 1.2305555555555556 0.5197916666666667 0.13518518518518519 0.08333333333333333
3 0.47962962962962963 0.5239583333333333 0.10370370370370371 0.075
3 0.9166666666666667 0.30052083333333335 0.08888888888888889 0.06770833333333333
1 0.8472222222222222 0.278125 0.020370370370370372 0.01875
6 0.8481481481481482 0.2859375 0.02962962962962963 0.028125
3 0.48888888888888893 0.25625 0.06666666666666667 0.06458333333333333
1 0.37592592592592594 0.1578125 0.018518518518518517 0.013541666666666667
2 0.375 0.16614583333333333 0.024074074074074074 0.019791666666666666
3 0.2953703703703704 0.08020833333333333 0.10185185185185186 0.035416666666666666
3 0.8324074074074075 0.18697916666666667 0.06481481481481481 0.046875
3 0.788888888888889 0.13645833333333332 0.05925925925925926 0.041666666666666664
6 0.8527777777777779 0.1140625 0.03518518518518519 0.026041666666666668
1 0.8453703703703704 0.10416666666666667 0.012962962962962964 0.014583333333333334
3 0.5222222222222223 0.024479166666666666 0.07037037037037037 0.034375
3 0.5212962962962964 0.009895833333333333 0.07962962962962963 0.021875
6 1.3092592592592593 0.25416666666666665 0.05555555555555556 0.03958333333333333
