3 1.0091503267973856 0.47095588235294117 0.11764705882352941 0.09485294117647058
3 1.164705882352941 0.44375 0.13594771241830064 0.0875
3 0.9869281045751633 0.3761029411764706 0.10196078431372549 0.06985294117647059
3 0.9594771241830065 0.3176470588235294 0.08104575163398692 0.045588235294117645
3 1.0607843137254902 0.30330882352941174 0.09542483660130718 0.05367647058823529
3 0.2699346405228758 0.2025735294117647 0.13986928104575164 0.028676470588235293
3 0.44771241830065356 0.22095588235294117 0.13202614379084968 0.028676470588235293
3 0.4483660130718954 0.18786764705882353 0.12549019607843137 0.022794117647058822
1 0.3183006535947712 0.225 0.02222222222222222 0.014705882352941176
9 0.31699346405228757 0.22977941176470587 0.06143790849673202 0.015441176470588236
3 0.38169934640522873 0.16727941176470587 0.06274509803921569 0.02426470588235294
1 0.7967320261437908 0.2150735294117647 0.0196078431372549 0.01838235294117647
6 0.7679738562091503 0.28455882352941175 0.06928104575163398 0.044117647058823525
3 0.8496732026143791 0.2077205882352941 0.10980392156862745 0.025735294117647058
3 1.1039215686274508 0.21948529411764706 0.12941176470588234 0.027205882352941177
3 0.9281045751633986 0.2261029411764706 0.12026143790849672 0.025735294117647058
3 0.9784313725490196 0.14816176470588235 0.03529411764705882 0.016911764705882352
1 0.9660130718954247 0.25073529411764706 0.02875816993464052 0.022058823529411763
1 1.0183006535947712 0.2636029411764706 0.03137254901960784 0.028676470588235293
9 0.8006535947712418 0.21948529411764706 0.050980392156862744 0.016911764705882352
9 0.9699346405228757 0.2577205882352941 0.02875816993464052 0.021323529411764706
9 1.0156862745098039 0.2698529411764706 0.02875816993464052 0.022058823529411763
1 0.7509803921568627 0.17058823529411765 0.01699346405228758 0.016176470588235292
1 0.7712418300653594 0.16948529411764707 0.02091503267973856 0.021323529411764706
1 0.7986928104575163 0.1724264705882353 0.01568627450980392 0.016911764705882352
1 0.8026143790849672 0.1724264705882353 0.01830065359477124 0.01838235294117647
9 0.7516339869281046 0.17463235294117646 0.01830065359477124 0.015441176470588236
9 0.7718954248366012 0.1738970588235294 0.01699346405228758 0.015441176470588236
6 0.7973856209150326 0.17683823529411766 0.01830065359477124 0.015441176470588236
3 0.830718954248366 0.15625 0.03529411764705882 0.019852941176470587
3 0.7647058823529411 0.1536764705882353 0.03398692810457516 0.020588235294117647
3 0.7856209150326797 0.14558823529411766 0.03137254901960784 0.01764705882352941
3 0.8346405228758169 0.14301470588235293 0.0326797385620915 0.016911764705882352
3 0.8398692810457515 0.13272058823529412 0.0326797385620915 0.016911764705882352
3 0.8385620915032679 0.1213235294117647 0.02483660130718954 0.014705882352941176
3 0.8346405228758169 0.11213235294117647 0.027450980392156862 0.0125
3 0.9052287581699345 0.11360294117647059 0.027450980392156862 0.013970588235294117
3 0.7215686274509804 0.10441176470588236 0.05751633986928104 0.014705882352941176
3 0.7411764705882352 0.09227941176470589 0.047058823529411764 0.013970588235294117
4 0.7810457516339869 0.09779411764705882 0.02483660130718954 0.014705882352941176
3 0.765359477124183 0.08198529411764706 0.02483660130718954 0.015441176470588236
3 0.8032679738562091 0.08602941176470588 0.0196078431372549 0.011764705882352941
9 0.8287581699346405 0.08566176470588235 0.01045751633986928 0.006617647058823529
1 0.8294117647058823 0.08345588235294117 0.00915032679738562 0.008088235294117646
3 0.8901960784313725 0.07242647058823529 0.01830065359477124 0.009558823529411765
3 0.8470588235294118 0.06360294117647058 0.01830065359477124 0.009558823529411765
3 0.8235294117647058 0.06360294117647058 0.01568627450980392 0.008088235294117646
3 0.8758169934640522 0.054044117647058826 0.01568627450980392 0.008088235294117646
3 0.857516339869281 0.048161764705882355 0.01568627450980392 0.008088235294117646
4 1.0366013071895424 0.14080882352941176 0.054901960784313725 0.01838235294117647
3 1.0470588235294116 0.13161764705882353 0.065359477124183 0.016176470588235292
3 1.0359477124183005 0.12463235294117647 0.06666666666666667 0.015441176470588236
3 1.0183006535947712 0.12022058823529412 0.065359477124183 0.015441176470588236
3 1.0058823529411764 0.1161764705882353 0.058823529411764705 0.013235294117647059
3 1.0104575163398692 0.10625 0.0522875816993464 0.015441176470588236
3 1.0019607843137255 0.1 0.050980392156862744 0.013235294117647059
3 0.9915032679738561 0.09632352941176471 0.050980392156862744 0.014705882352941176
3 0.9764705882352941 0.07867647058823529 0.03398692810457516 0.010294117647058823
3 0.9620915032679738 0.07316176470588236 0.03398692810457516 0.008088235294117646
3 0.9444444444444444 0.06507352941176471 0.02222222222222222 0.008088235294117646
3 0.7581699346405228 0.07058823529411765 0.04444444444444444 0.007352941176470588
3 0.7464052287581698 0.0661764705882353 0.04444444444444444 0.007352941176470588
2 0.47581699346405226 0.15625 0.02875816993464052 0.0125
3 0.7980392156862745 0.06360294117647058 0.02483660130718954 0.008088235294117646
1 0.788235294117647 0.06875 0.00522875816993464 0.009558823529411765
