3 0.7320261437908496 0.5386029411764706 0.3529411764705882 0.04632352941176471
3 1.2594771241830065 0.5477941176470588 0.3359477124183006 0.027941176470588233
3 1.6542483660130718 0.5441176470588235 0.2418300653594771 0.03529411764705882
3 0.1326797385620915 0.5397058823529411 0.26013071895424833 0.044117647058823525
3 1.2862745098039214 0.4294117647058823 0.19869281045751633 0.12794117647058822
4 1.0875816993464051 0.39852941176470585 0.12026143790849672 0.10735294117647058
3 0.8503267973856209 0.4305147058823529 0.12156862745098039 0.12573529411764706
3 0.692156862745098 0.4150735294117647 0.15555555555555556 0.12573529411764706
3 0.4895424836601307 0.40845588235294117 0.15555555555555556 0.12279411764705882
3 0.3588235294117647 0.39705882352941174 0.1764705882352941 0.12352941176470589
3 1.257516339869281 0.3426470588235294 0.08627450980392157 0.033823529411764704
1 1.430065359477124 0.34963235294117645 0.04183006535947712 0.022794117647058822
1 1.6601307189542482 0.3514705882352941 0.04444444444444444 0.023529411764705882
3 1.7294117647058822 0.21213235294117647 0.09411764705882353 0.04485294117647059
3 1.634640522875817 0.2036764705882353 0.13202614379084968 0.047058823529411764
3 1.5647058823529412 0.20735294117647057 0.12549019607843137 0.051470588235294115
3 1.4771241830065358 0.20551470588235293 0.11503267973856209 0.05220588235294118
3 1.368627450980392 0.20625 0.10980392156862745 0.04926470588235294
4 1.25359477124183 0.20220588235294118 0.10196078431372549 0.052941176470588235
4 1.1124183006535946 0.20661764705882352 0.09411764705882353 0.051470588235294115
3 1.0098039215686274 0.20919117647058824 0.09019607843137255 0.06102941176470588
3 0.8673202614379084 0.1974264705882353 0.1477124183006536 0.05073529411764706
9 0.8986928104575163 0.2301470588235294 0.05620915032679738 0.027941176470588233
1 0.8980392156862744 0.22536764705882353 0.03660130718954248 0.03602941176470588
9 0.8346405228758169 0.12169117647058823 0.02483660130718954 0.030147058823529412
3 0.7019607843137254 0.1838235294117647 0.15163398692810456 0.045588235294117645
9 0.6679738562091503 0.15514705882352942 0.0392156862745098 0.023529411764705882
6 0.41960784313725485 0.20551470588235293 0.11241830065359476 0.027205882352941177
1 0.5169934640522875 0.19338235294117648 0.02222222222222222 0.025
1 0.5450980392156862 0.17977941176470588 0.02875816993464052 0.027205882352941177
3 0.2745098039215686 0.125 0.15947712418300652 0.03823529411764706
9 0.3418300653594771 0.12794117647058822 0.04836601307189542 0.023529411764705882
3 0.2522875816993464 0.04301470588235294 0.08366013071895424 0.03455882352941177
3 0.3078431372549019 0.02426470588235294 0.11372549019607843 0.026470588235294117
3 0.3222222222222222 0.0125 0.10065359477124182 0.023529411764705882
2 0.4352941176470588 0.14154411764705882 0.0392156862745098 0.02426470588235294
9 0.3915032679738562 0.14926470588235294 0.05620915032679738 0.020588235294117647
9 0.38235294117647056 0.1411764705882353 0.043137254901960784 0.023529411764705882
9 0.39934640522875814 0.14411764705882352 0.04836601307189542 0.025
9 1.5091503267973856 0.14338235294117646 0.05359477124183006 0.01764705882352941
9 1.4856209150326796 0.1338235294117647 0.050980392156862744 0.016176470588235292
9 1.4784313725490195 0.1264705882352941 0.02875816993464052 0.016176470588235292
3 0.058823529411764705 0.05808823529411765 0.12026143790849672 0.029411764705882353
3 0.09869281045751634 0.042279411764705885 0.1241830065359477 0.019852941176470587
3 0.1287581699346405 0.02977941176470588 0.1111111111111111 0.022794117647058822
3 0.165359477124183 0.017279411764705883 0.11372549019607843 0.022794117647058822
3 0.18431372549019606 0.008823529411764706 0.10196078431372549 0.01911764705882353
