3 0.9092592592592593 0.32395833333333335 0.037037037037037035 0.020833333333333332
3 0.9046296296296297 0.3 0.03518518518518519 0.01875
3 0.8555555555555556 0.2671875 0.05555555555555556 0.013541666666666667
3 0.9120370370370371 0.24583333333333332 0.024074074074074074 0.0125
3 0.8731481481481482 0.24270833333333333 0.024074074074074074 0.010416666666666666
3 0.8722222222222222 0.21197916666666666 0.018518518518518517 0.011458333333333333
3 0.8833333333333334 0.17604166666666665 0.014814814814814815 0.00625
3 1.0092592592592593 0.33125 0.040740740740740744 0.020833333333333332
9 1.1018518518518519 0.4744791666666667 0.06296296296296297 0.015625
9 1.0907407407407408 0.4630208333333333 0.05185185185185186 0.019791666666666666
9 1.0425925925925927 0.5052083333333334 0.02592592592592593 0.025
9 0.8074074074074075 0.39375 0.014814814814814815 0.016666666666666666
9 0.9583333333333334 0.32760416666666664 0.016666666666666666 0.013541666666666667
9 0.9527777777777778 0.3 0.009259259259259259 0.0125
9 0.9435185185185185 0.2760416666666667 0.009259259259259259 0.010416666666666666
9 0.9601851851851853 0.26979166666666665 0.012962962962962964 0.010416666666666666
2 0.7287037037037037 0.3807291666666667 0.04259259259259259 0.013541666666666667
3 0.8601851851851852 0.23697916666666666 0.02777777777777778 0.013541666666666667
6 0.7185185185185186 0.365625 0.04814814814814815 0.014583333333333334
3 1.0037037037037038 0.290625 0.040740740740740744 0.010416666666666666
3 0.9222222222222223 0.2609375 0.02592592592592593 0.013541666666666667
4 0.9083333333333333 0.27239583333333334 0.02777777777777778 0.015625
4 0.9 0.2817708333333333 0.02592592592592593 0.017708333333333333
5 0.6296296296296297 0.5192708333333333 0.1 0.084375
