3 0.7 0.039338235294117646 0.0065359477124183 0.003676470588235294
3 0.7026143790849673 0.04338235294117647 0.0065359477124183 0.0029411764705882353
3 0.6882352941176471 0.042279411764705885 0.0065359477124183 0.0022058823529411764
4 0.6856209150326797 0.045588235294117645 0.0065359477124183 0.004411764705882353
3 0.6856209150326797 0.054411764705882354 0.00915032679738562 0.004411764705882353
3 0.6751633986928104 0.052573529411764706 0.00915032679738562 0.003676470588235294
3 0.6673202614379085 0.05367647058823529 0.0065359477124183 0.004411764705882353
3 0.7039215686274509 0.05220588235294118 0.00915032679738562 0.004411764705882353
3 0.7039215686274509 0.055882352941176466 0.00915032679738562 0.004411764705882353
3 0.7209150326797386 0.05698529411764706 0.00915032679738562 0.003676470588235294
3 0.7137254901960783 0.060294117647058824 0.00784313725490196 0.004411764705882353
5 0.7189542483660131 0.061764705882352944 0.01045751633986928 0.0058823529411764705
3 0.7045751633986927 0.06139705882352941 0.01045751633986928 0.005147058823529412
1 0.7333333333333333 0.05955882352941176 0.00522875816993464 0.004411764705882353
9 0.7333333333333333 0.061764705882352944 0.00522875816993464 0.004411764705882353
1 0.6562091503267974 0.06875 0.00522875816993464 0.003676470588235294
9 0.6562091503267974 0.07095588235294117 0.00522875816993464 0.003676470588235294
3 0.6549019607843137 0.06397058823529411 0.01045751633986928 0.0058823529411764705
3 0.711111111111111 0.07279411764705883 0.0130718954248366 0.0058823529411764705
3 0.7078431372549019 0.075 0.01437908496732026 0.007352941176470588
3 0.7098039215686274 0.08051470588235295 0.0130718954248366 0.006617647058823529
3 0.7464052287581698 0.07904411764705882 0.0130718954248366 0.005147058823529412
3 0.7470588235294117 0.08088235294117647 0.00915032679738562 0.0058823529411764705
3 0.75359477124183 0.08272058823529412 0.01437908496732026 0.006617647058823529
1 0.7320261437908496 0.07610294117647058 0.00522875816993464 0.003676470588235294
1 0.7274509803921568 0.07867647058823529 0.00392156862745098 0.004411764705882353
9 0.7326797385620915 0.07904411764705882 0.00392156862745098 0.003676470588235294
9 0.7281045751633987 0.08088235294117647 0.00261437908496732 0.0029411764705882353
3 0.6248366013071895 0.05551470588235294 0.01045751633986928 0.003676470588235294
3 0.618954248366013 0.05919117647058823 0.00915032679738562 0.005147058823529412
3 0.6058823529411764 0.06691176470588235 0.011764705882352941 0.0058823529411764705
3 0.5993464052287582 0.07058823529411765 0.011764705882352941 0.0058823529411764705
3 0.5895424836601306 0.0661764705882353 0.01830065359477124 0.004411764705882353
3 0.5869281045751633 0.075 0.0130718954248366 0.0058823529411764705
3 0.7941176470588235 0.075 0.01699346405228758 0.0058823529411764705
3 0.7999999999999999 0.07720588235294118 0.01568627450980392 0.0058823529411764705
3 0.7967320261437908 0.0801470588235294 0.01699346405228758 0.0058823529411764705
5 0.8065359477124182 0.08161764705882353 0.01568627450980392 0.007352941176470588
3 0.7601307189542483 0.09044117647058823 0.01699346405228758 0.008823529411764706
3 0.7640522875816993 0.10073529411764706 0.0196078431372549 0.008823529411764706
1 0.7450980392156862 0.09448529411764706 0.00784313725490196 0.005147058823529412
9 0.7444444444444444 0.09816176470588235 0.0065359477124183 0.005147058823529412
1 0.730718954248366 0.09080882352941176 0.00522875816993464 0.005147058823529412
6 0.7320261437908496 0.09411764705882353 0.01045751633986928 0.007352941176470588
3 0.7130718954248365 0.10110294117647059 0.0196078431372549 0.009558823529411765
3 0.7032679738562091 0.09338235294117647 0.01830065359477124 0.008823529411764706
4 0.6274509803921569 0.07904411764705882 0.01830065359477124 0.008088235294117646
3 0.6398692810457516 0.0849264705882353 0.01437908496732026 0.006617647058823529
3 0.6333333333333333 0.08860294117647059 0.01699346405228758 0.008088235294117646
3 0.5542483660130718 0.08529411764705883 0.01568627450980392 0.008823529411764706
3 0.5712418300653594 0.08713235294117647 0.01830065359477124 0.008088235294117646
3 0.5758169934640522 0.09926470588235294 0.01699346405228758 0.007352941176470588
3 0.5555555555555555 0.09558823529411764 0.02091503267973856 0.010294117647058823
3 0.5450980392156862 0.10183823529411765 0.02091503267973856 0.009558823529411765
4 0.822875816993464 0.08933823529411765 0.01699346405228758 0.009558823529411765
3 0.8274509803921568 0.09595588235294117 0.0261437908496732 0.009558823529411765
3 0.8405228758169934 0.10367647058823529 0.023529411764705882 0.008823529411764706
3 0.8470588235294118 0.11176470588235293 0.01830065359477124 0.010294117647058823
3 0.8666666666666666 0.11323529411764706 0.02875816993464052 0.011764705882352941
3 0.7771241830065359 0.11323529411764706 0.0196078431372549 0.010294117647058823
1 0.7620915032679738 0.1150735294117647 0.00784313725490196 0.006617647058823529
9 0.7627450980392156 0.11948529411764705 0.00915032679738562 0.006617647058823529
1 0.7411764705882352 0.1150735294117647 0.00784313725490196 0.006617647058823529
9 0.7405228758169934 0.11875 0.00915032679738562 0.006617647058823529
3 0.6797385620915032 0.12794117647058822 0.023529411764705882 0.011764705882352941
3 0.6124183006535947 0.13566176470588234 0.027450980392156862 0.013970588235294117
1 0.6026143790849673 0.11470588235294117 0.00784313725490196 0.0058823529411764705
9 0.6019607843137255 0.11838235294117647 0.0065359477124183 0.007352941176470588
1 0.5549019607843136 0.11397058823529412 0.00915032679738562 0.0058823529411764705
9 0.5542483660130718 0.11764705882352941 0.00784313725490196 0.0058823529411764705
3 0.42287581699346405 0.13786764705882354 0.05359477124183006 0.015441176470588236
3 0.4392156862745098 0.1661764705882353 0.047058823529411764 0.022058823529411763
3 0.3509803921568627 0.17720588235294119 0.07450980392156863 0.016176470588235292
3 0.34117647058823525 0.22058823529411764 0.06274509803921569 0.022058823529411763
3 0.2620915032679738 0.27242647058823527 0.0718954248366013 0.0375
9 0.18758169934640523 0.25845588235294115 0.04052287581699346 0.016911764705882352
9 0.16470588235294117 0.2536764705882353 0.047058823529411764 0.01911764705882353
9 0.17058823529411762 0.2514705882352941 0.03529411764705882 0.016176470588235292
9 0.12287581699346405 0.22683823529411765 0.04444444444444444 0.013970588235294117
9 0.08104575163398692 0.23566176470588235 0.023529411764705882 0.016911764705882352
9 0.5751633986928104 0.15183823529411763 0.00784313725490196 0.0125
3 0.6620915032679738 0.15661764705882353 0.03006535947712418 0.016176470588235292
3 0.7215686274509804 0.1488970588235294 0.03137254901960784 0.015441176470588236
1 0.7411764705882352 0.15294117647058825 0.00784313725490196 0.014705882352941176
1 0.745751633986928 0.15183823529411763 0.00915032679738562 0.013970588235294117
3 0.826797385620915 0.14926470588235294 0.050980392156862744 0.013235294117647059
1 0.8261437908496732 0.16801470588235293 0.01045751633986928 0.008088235294117646
2 0.826797385620915 0.17610294117647057 0.00915032679738562 0.011029411764705881
3 0.649673202614379 0.1974264705882353 0.04183006535947712 0.02426470588235294
1 0.6699346405228758 0.2566176470588235 0.01699346405228758 0.014705882352941176
6 0.6751633986928104 0.26286764705882354 0.0326797385620915 0.025735294117647058
3 0.7888888888888889 0.3694852941176471 0.07973856209150326 0.05073529411764706
1 0.6477124183006535 0.32573529411764707 0.02483660130718954 0.020588235294117647
6 0.626797385620915 0.33308823529411763 0.06405228758169934 0.033823529411764704
2 0.44248366013071894 0.34301470588235294 0.0196078431372549 0.02426470588235294
3 0.8908496732026143 0.13125 0.03006535947712418 0.009558823529411765
3 0.892156862745098 0.13823529411764707 0.02483660130718954 0.011764705882352941
3 0.918954248366013 0.14669117647058824 0.06274509803921569 0.0125
3 0.9130718954248366 0.15661764705882353 0.0326797385620915 0.014705882352941176
3 0.9398692810457515 0.16433823529411765 0.03660130718954248 0.019852941176470587
3 0.9607843137254901 0.17463235294117646 0.0392156862745098 0.021323529411764706
3 1.011764705882353 0.20477941176470588 0.04444444444444444 0.021323529411764706
3 1.0699346405228758 0.24485294117647058 0.058823529411764705 0.025
3 1.1254901960784314 0.25625 0.09673202614379084 0.028676470588235293
3 1.1947712418300653 0.3084558823529412 0.08888888888888888 0.04044117647058824
3 1.2666666666666666 0.35955882352941176 0.09934640522875816 0.039705882352941174
3 1.3627450980392155 0.41102941176470587 0.1372549019607843 0.06323529411764706
3 1.7516339869281043 0.5297794117647059 0.04967320261437908 0.04632352941176471
4 1.6124183006535946 0.4474264705882353 0.134640522875817 0.07426470588235294
1 1.5594771241830063 0.41323529411764703 0.01045751633986928 0.014705882352941176
4 1.6732026143790848 0.3992647058823529 0.1437908496732026 0.05
3 1.5823529411764705 0.375 0.19215686274509802 0.05
3 1.5013071895424837 0.33933823529411766 0.16601307189542483 0.03455882352941177
3 1.4281045751633985 0.32279411764705884 0.15294117647058822 0.030882352941176472
3 1.3411764705882352 0.3110294117647059 0.14640522875816991 0.03529411764705882
3 1.3450980392156862 0.28860294117647056 0.12810457516339868 0.028676470588235293
3 1.318954248366013 0.2702205882352941 0.13856209150326795 0.027205882352941177
3 1.2908496732026142 0.25845588235294115 0.1241830065359477 0.025735294117647058
3 1.2516339869281046 0.24705882352941178 0.09803921568627451 0.020588235294117647
3 1.2941176470588234 0.23088235294117646 0.065359477124183 0.026470588235294117
4 1.030718954248366 0.16213235294117648 0.06405228758169934 0.016911764705882352
4 1.095424836601307 0.1400735294117647 0.0522875816993464 0.015441176470588236
1 1.0673202614379085 0.15441176470588236 0.01437908496732026 0.010294117647058823
4 1.2104575163398692 0.13602941176470587 0.047058823529411764 0.014705882352941176
1 1.2699346405228757 0.17352941176470588 0.01437908496732026 0.013235294117647059
1 1.269281045751634 0.16727941176470587 0.01045751633986928 0.006617647058823529
1 1.2601307189542483 0.1661764705882353 0.01045751633986928 0.008823529411764706
1 1.3908496732026143 0.1514705882352941 0.00784313725490196 0.008823529411764706
2 1.3862745098039215 0.15625 0.027450980392156862 0.008088235294117646
3 1.3620915032679737 0.1514705882352941 0.0522875816993464 0.013235294117647059
1 1.3424836601307188 0.15625 0.01045751633986928 0.006617647058823529
2 1.3392156862745097 0.16139705882352942 0.0196078431372549 0.005147058823529412
3 1.4333333333333331 0.15 0.02483660130718954 0.010294117647058823
9 1.3797385620915033 0.17610294117647057 0.027450980392156862 0.011029411764705881
9 1.3856209150326797 0.16801470588235293 0.01830065359477124 0.009558823529411765
9 1.373202614379085 0.16727941176470587 0.02222222222222222 0.006617647058823529
9 1.3614379084967319 0.16580882352941176 0.01437908496732026 0.011029411764705881
3 1.373202614379085 0.1875 0.08758169934640522 0.014705882352941176
3 1.3915032679738562 0.19558823529411765 0.09019607843137255 0.016176470588235292
3 1.3862745098039215 0.2025735294117647 0.10065359477124182 0.016911764705882352
3 1.3954248366013071 0.2113970588235294 0.08235294117647059 0.019852941176470587
3 1.4679738562091502 0.2150735294117647 0.0915032679738562 0.016911764705882352
3 1.4862745098039214 0.22389705882352942 0.0915032679738562 0.021323529411764706
5 1.549019607843137 0.23272058823529412 0.130718954248366 0.02426470588235294
3 1.5901960784313725 0.24558823529411763 0.10065359477124182 0.022058823529411763
3 1.6601307189542482 0.2577205882352941 0.11241830065359476 0.025735294117647058
3 1.7078431372549019 0.2698529411764706 0.12156862745098039 0.025
3 1.7346405228758168 0.28308823529411764 0.08366013071895424 0.025
3 1.7633986928104575 0.2988970588235294 0.0261437908496732 0.013970588235294117
3 1.7352941176470587 0.31727941176470587 0.08235294117647059 0.03455882352941177
2 1.7313725490196077 0.2474264705882353 0.027450980392156862 0.019852941176470587
9 1.7555555555555555 0.24816176470588236 0.02091503267973856 0.016911764705882352
