1 1.7111111111111112 0.471875 0.018518518518518517 0.016666666666666666
1 1.4527777777777777 0.44479166666666664 0.016666666666666666 0.014583333333333334
4 1.4916666666666667 0.4536458333333333 0.08333333333333334 0.06354166666666666
9 1.2287037037037039 0.340625 0.03518518518518519 0.01875
1 1.2287037037037039 0.3380208333333333 0.016666666666666666 0.013541666666666667
9 1.1777777777777778 0.3640625 0.03333333333333333 0.013541666666666667
1 1.1694444444444445 0.3614583333333333 0.016666666666666666 0.0125
1 1.1777777777777778 0.35885416666666664 0.014814814814814815 0.015625
3 0.9740740740740741 0.3078125 0.0925925925925926 0.021875
3 0.9314814814814815 0.3302083333333333 0.0925925925925926 0.025
5 1.0203703703703704 0.334375 0.13333333333333333 0.041666666666666664
3 1.1490740740740741 0.3067708333333333 0.08703703703703704 0.021875
3 0.3592592592592593 0.28072916666666664 0.08888888888888889 0.026041666666666668
4 0.4481481481481482 0.28802083333333334 0.1 0.030208333333333334
3 0.512962962962963 0.2682291666666667 0.08888888888888889 0.019791666666666666
3 1.3101851851851853 0.2875 0.07962962962962963 0.020833333333333332
3 1.3962962962962964 0.29791666666666666 0.08888888888888889 0.022916666666666665
3 1.5564814814814816 0.22447916666666667 0.06481481481481481 0.017708333333333333
3 1.6675925925925927 0.21458333333333332 0.061111111111111116 0.01875
3 1.6870370370370371 0.22395833333333334 0.06666666666666667 0.016666666666666666
3 1.7481481481481482 0.20729166666666665 0.05555555555555556 0.01875
1 0.6083333333333334 0.14270833333333333 0.009259259259259259 0.00625
9 0.8935185185185186 0.24947916666666667 0.024074074074074074 0.011458333333333333
1 0.8907407407407407 0.24635416666666665 0.011111111111111112 0.011458333333333333
4 1.0712962962962964 0.221875 0.0462962962962963 0.020833333333333332
3 1.0296296296296297 0.23489583333333333 0.06296296296296297 0.017708333333333333
5 0.17777777777777778 0.1953125 0.06296296296296297 0.019791666666666666
3 0.25462962962962965 0.43854166666666666 0.1462962962962963 0.0375
3 0.6824074074074075 0.38125 0.10925925925925926 0.03125
5 0.4287037037037037 0.3729166666666667 0.40555555555555556 0.09583333333333333
5 0.5203703703703704 0.3385416666666667 0.3888888888888889 0.07083333333333333
