1 0.4117647058823529 0.34411764705882353 0.02875816993464052 0.027941176470588233
2 0.41437908496732023 0.3558823529411765 0.04444444444444444 0.026470588235294117
1 1.303267973856209 0.3452205882352941 0.02875816993464052 0.025735294117647058
2 1.303267973856209 0.35661764705882354 0.03398692810457516 0.026470588235294117
1 1.1359477124183006 0.3724264705882353 0.03137254901960784 0.025735294117647058
2 1.1320261437908496 0.3801470588235294 0.0261437908496732 0.022058823529411763
6 1.5973856209150326 0.32279411764705884 0.10980392156862745 0.033823529411764704
4 1.6771241830065358 0.30808823529411766 0.17777777777777776 0.039705882352941174
3 0.9163398692810457 0.3176470588235294 0.1045751633986928 0.05
3 0.7424836601307189 0.3977941176470588 0.08366013071895424 0.07205882352941176
3 0.6718954248366013 0.2823529411764706 0.06797385620915032 0.045588235294117645
3 0.9967320261437908 0.4375 0.09281045751633986 0.07352941176470588
3 0.8738562091503267 0.4617647058823529 0.10326797385620914 0.07647058823529412
3 0.7235294117647059 0.21286764705882352 0.05620915032679738 0.03308823529411765
3 0.80718954248366 0.20588235294117646 0.04836601307189542 0.03529411764705882
3 0.892156862745098 0.12022058823529412 0.04052287581699346 0.021323529411764706
3 0.580392156862745 0.4860294117647059 0.11503267973856209 0.09117647058823529
3 0.6980392156862745 0.5327205882352941 0.10196078431372549 0.05514705882352941
3 0.14313725490196078 0.34191176470588236 0.15555555555555556 0.041176470588235294
3 0.36732026143790847 0.24485294117647058 0.02091503267973856 0.023529411764705882
3 0.34444444444444444 0.24301470588235294 0.0196078431372549 0.027205882352941177
6 0.8065359477124182 0.24816176470588236 0.04183006535947712 0.030147058823529412
1 0.9967320261437908 0.21838235294117647 0.0196078431372549 0.013235294117647059
6 0.9986928104575162 0.2275735294117647 0.04183006535947712 0.022794117647058822
3 1.2084967320261437 0.21433823529411763 0.06143790849673202 0.028676470588235293
6 1.188235294117647 0.19044117647058822 0.06274509803921569 0.023529411764705882
6 1.16078431372549 0.16801470588235293 0.05751633986928104 0.021323529411764706
6 1.141830065359477 0.1488970588235294 0.0457516339869281 0.019852941176470587
3 1.080392156862745 0.09926470588235294 0.03529411764705882 0.01764705882352941
3 0.9294117647058823 0.09889705882352941 0.03137254901960784 0.013970588235294117
3 0.888235294117647 0.09411764705882353 0.027450980392156862 0.013235294117647059
3 0.9215686274509803 0.04852941176470588 0.023529411764705882 0.011764705882352941
3 0.8895424836601307 0.03823529411764706 0.0196078431372549 0.010294117647058823
3 0.8934640522875816 0.027941176470588233 0.0196078431372549 0.008823529411764706
3 0.8888888888888888 0.015808823529411764 0.01568627450980392 0.006617647058823529
3 0.9052287581699345 0.0022058823529411764 0.0196078431372549 0.0058823529411764705
2 0.561437908496732 0.14816176470588235 0.0196078431372549 0.016911764705882352
3 0.6052287581699346 0.1213235294117647 0.03660130718954248 0.022058823529411763
3 0.7875816993464052 0.09411764705882353 0.0326797385620915 0.01764705882352941
3 0.8294117647058823 0.10514705882352941 0.0326797385620915 0.01764705882352941
6 0.7673202614379084 0.11176470588235293 0.02091503267973856 0.016176470588235292
1 0.7673202614379084 0.10808823529411765 0.01045751633986928 0.008823529411764706
4 0.7444444444444444 0.14448529411764705 0.06405228758169934 0.04779411764705882
3 0.7392156862745097 0.11691176470588235 0.0326797385620915 0.01764705882352941
1 0.6692810457516339 0.09816176470588235 0.00784313725490196 0.006617647058823529
9 0.6699346405228758 0.10367647058823529 0.00915032679738562 0.0058823529411764705
3 0.6562091503267974 0.07941176470588235 0.03137254901960784 0.016176470588235292
3 0.6660130718954248 0.07279411764705883 0.03006535947712418 0.013235294117647059
3 0.684313725490196 0.06470588235294117 0.027450980392156862 0.010294117647058823
3 0.7209150326797386 0.03161764705882353 0.0196078431372549 0.010294117647058823
9 0.7235294117647059 0.05808823529411765 0.0065359477124183 0.0058823529411764705
1 0.722875816993464 0.05330882352941176 0.01045751633986928 0.005147058823529412
3 0.6594771241830065 0.003676470588235294 0.01699346405228758 0.007352941176470588
3 0.6163398692810457 0.011397058823529411 0.03529411764705882 0.008088235294117646
3 0.6261437908496732 0.015073529411764706 0.01830065359477124 0.009558823529411765
1 0.9594771241830065 0.08676470588235294 0.01045751633986928 0.008823529411764706
1 0.9908496732026143 0.1636029411764706 0.01568627450980392 0.0125
1 0.9699346405228757 0.08933823529411765 0.01045751633986928 0.009558823529411765
9 0.9908496732026143 0.17095588235294118 0.0130718954248366 0.009558823529411765
9 0.9601307189542483 0.09117647058823529 0.00915032679738562 0.007352941176470588
9 0.9692810457516339 0.09338235294117647 0.00915032679738562 0.007352941176470588
3 1.157516339869281 0.05330882352941176 0.03006535947712418 0.011029411764705881
3 1.0235294117647058 0.047058823529411764 0.023529411764705882 0.010294117647058823
3 1.0130718954248366 0.03713235294117647 0.01830065359477124 0.009558823529411765
4 0.9836601307189542 0.005514705882352941 0.01699346405228758 0.008088235294117646
3 0.9777777777777777 0.002573529411764706 0.02091503267973856 0.006617647058823529
