3 1.313425925925926 0.44765625 0.04537037037037037 0.03802083333333333
3 1.0847222222222224 0.3091145833333333 0.03425925925925926 0.021354166666666667
3 1.1194444444444445 0.24348958333333334 0.03333333333333333 0.0171875
3 1.5976851851851852 0.24401041666666667 0.062037037037037036 0.013020833333333334
3 1.5949074074074074 0.23515624999999998 0.06018518518518519 0.009895833333333333
6 1.4800925925925927 0.2596354166666667 0.032407407407407406 0.009895833333333333
1 1.4847222222222223 0.2578125 0.012037037037037037 0.008333333333333333
3 0.7986111111111112 0.18776041666666665 0.03796296296296296 0.008854166666666666
9 0.6726851851851852 0.2109375 0.015740740740740743 0.00625
1 0.6708333333333334 0.20911458333333333 0.008333333333333333 0.008854166666666666
8 1.2592592592592593 0.10104166666666667 0.016666666666666666 0.011458333333333333
3 1.2805555555555557 0.096875 0.009259259259259259 0.005208333333333333
