3 0.7346405228758169 0.5121323529411764 0.12026143790849672 0.09926470588235294
3 0.792156862745098 0.38676470588235295 0.08888888888888888 0.06764705882352941
3 0.8823529411764706 0.28345588235294117 0.06797385620915032 0.04338235294117647
3 0.7784313725490195 0.25698529411764703 0.06143790849673202 0.03455882352941177
3 0.8503267973856209 0.23676470588235293 0.06666666666666667 0.03676470588235294
8 0.8156862745098039 0.16580882352941176 0.07581699346405228 0.0801470588235294
5 0.937908496732026 0.17536764705882352 0.08235294117647059 0.11397058823529412
3 0.8411764705882352 0.07794117647058824 0.03006535947712418 0.016176470588235292
3 0.8444444444444443 0.054044117647058826 0.0261437908496732 0.0125
3 0.8294117647058823 0.04301470588235294 0.02483660130718954 0.0125
3 0.7947712418300653 0.05625 0.02875816993464052 0.015441176470588236
3 0.7934640522875817 0.04779411764705882 0.02875816993464052 0.011764705882352941
3 0.7830065359477124 0.039705882352941174 0.023529411764705882 0.011764705882352941
3 0.788235294117647 0.032352941176470584 0.023529411764705882 0.013235294117647059
3 0.7718954248366012 0.025735294117647058 0.0196078431372549 0.011764705882352941
3 0.7816993464052288 0.02022058823529412 0.02091503267973856 0.009558823529411765
3 0.7679738562091503 0.013602941176470588 0.0196078431372549 0.011029411764705881
3 0.7647058823529411 0.008088235294117646 0.02091503267973856 0.010294117647058823
3 0.822875816993464 0.03125 0.02222222222222222 0.011029411764705881
3 0.818954248366013 0.025735294117647058 0.02483660130718954 0.010294117647058823
3 0.8169934640522876 0.02022058823529412 0.02091503267973856 0.009558823529411765
3 0.8104575163398692 0.016176470588235292 0.02091503267973856 0.010294117647058823
4 0.8006535947712418 0.009926470588235294 0.01699346405228758 0.011029411764705881
3 0.7947712418300653 0.004044117647058823 0.01830065359477124 0.009558823529411765
3 0.8091503267973855 0.006617647058823529 0.01830065359477124 0.008823529411764706
