3 0.2777777777777778 0.52890625 0.10370370370370371 0.06614583333333333
3 0.28935185185185186 0.4401041666666667 0.08611111111111111 0.059375
3 0.1574074074074074 0.43723958333333335 0.07962962962962963 0.04635416666666667
3 0.28101851851851856 0.33177083333333335 0.04351851851851852 0.02395833333333333
3 0.20231481481481484 0.3372395833333333 0.05277777777777778 0.024479166666666666
8 0.2111111111111111 0.30390625 0.06666666666666667 0.049479166666666664
3 0.300462962962963 0.3 0.04166666666666667 0.019791666666666666
3 0.14722222222222223 0.30442708333333335 0.03518518518518519 0.018229166666666668
3 0.25462962962962965 0.2921875 0.03518518518518519 0.01875
9 0.06759259259259259 0.37890625 0.031481481481481485 0.028645833333333332
2 1.5592592592592593 0.4890625 0.06666666666666667 0.03229166666666666
1 1.3791666666666667 0.5005208333333333 0.049074074074074076 0.04583333333333333
2 1.3810185185185186 0.5057291666666667 0.07685185185185185 0.03333333333333333
1 1.1050925925925927 0.5190104166666667 0.028703703703703703 0.0484375
2 1.1046296296296296 0.5268229166666667 0.04259259259259259 0.0421875
2 0.9902777777777778 0.47994791666666664 0.032407407407407406 0.034895833333333334
2 1.0606481481481482 0.4692708333333333 0.03425925925925926 0.03333333333333333
2 0.9467592592592593 0.45703125 0.026851851851851852 0.030729166666666665
2 0.9800925925925926 0.43723958333333335 0.026851851851851852 0.0265625
2 0.8796296296296297 0.39427083333333335 0.014814814814814815 0.019791666666666666
2 0.9342592592592593 0.36666666666666664 0.012962962962962964 0.017708333333333333
2 0.9194444444444445 0.3494791666666667 0.014814814814814815 0.017708333333333333
2 0.8902777777777778 0.35 0.017592592592592594 0.016666666666666666
2 0.862037037037037 0.3442708333333333 0.014814814814814815 0.016666666666666666
2 0.8231481481481482 0.33098958333333334 0.016666666666666666 0.015104166666666667
2 0.8731481481481482 0.31536458333333334 0.014814814814814815 0.0140625
2 0.9115740740740741 0.32317708333333334 0.01388888888888889 0.0140625
2 0.850925925925926 0.29192708333333334 0.011111111111111112 0.0109375
2 0.8652777777777778 0.30494791666666665 0.012037037037037037 0.0109375
9 0.8421296296296297 0.31145833333333334 0.015740740740740743 0.013541666666666667
2 0.9157407407407407 0.37734375 0.016666666666666666 0.01614583333333333
2 1.0976851851851852 0.49557291666666664 0.03796296296296296 0.0296875
1 1.099537037037037 0.4856770833333333 0.025 0.0328125
1 1.0625 0.46041666666666664 0.026851851851851852 0.034375
1 0.9935185185185186 0.46901041666666665 0.02777777777777778 0.0390625
1 0.9481481481481482 0.44609375 0.022222222222222223 0.027604166666666666
1 0.9810185185185185 0.42682291666666666 0.019444444444444445 0.025520833333333333
1 0.924537037037037 0.38645833333333335 0.021296296296296296 0.020833333333333332
1 0.9328703703703705 0.3614583333333333 0.012037037037037037 0.020833333333333332
1 0.9157407407407407 0.3731770833333333 0.018518518518518517 0.021354166666666667
1 0.8814814814814815 0.38697916666666665 0.018518518518518517 0.026041666666666668
1 0.9194444444444445 0.34375 0.016666666666666666 0.019791666666666666
1 0.8912037037037037 0.34401041666666665 0.017592592592592594 0.018229166666666668
1 0.8615740740740742 0.3390625 0.01388888888888889 0.020833333333333332
1 0.9115740740740741 0.3184895833333333 0.012037037037037037 0.0140625
1 0.8222222222222223 0.32578125 0.012962962962962964 0.01614583333333333
1 0.8430555555555556 0.3078125 0.01388888888888889 0.014583333333333334
1 0.8745370370370371 0.31015625 0.012037037037037037 0.01614583333333333
1 0.8652777777777778 0.30182291666666666 0.012037037037037037 0.015104166666666667
1 0.850925925925926 0.28984375 0.009259259259259259 0.0140625
3 0.7675925925925926 0.34140625 0.0462962962962963 0.0234375
3 0.7680555555555556 0.3052083333333333 0.03796296296296296 0.020833333333333332
3 0.7527777777777778 0.28854166666666664 0.031481481481481485 0.015625
3 0.9805555555555556 0.38697916666666665 0.07407407407407407 0.03125
3 1.0361111111111112 0.41901041666666666 0.09814814814814815 0.03697916666666667
2 1.1708333333333334 0.35104166666666664 0.019444444444444445 0.017708333333333333
3 0.03194444444444445 0.3169270833333333 0.06574074074074074 0.018229166666666668
3 0.032407407407407406 0.30703125 0.0462962962962963 0.0078125
1 0.14537037037037037 0.31536458333333334 0.011111111111111112 0.018229166666666668
1 0.17175925925925928 0.3091145833333333 0.012037037037037037 0.01614583333333333
2 0.1712962962962963 0.3138020833333333 0.009259259259259259 0.011979166666666666
2 0.14583333333333334 0.32005208333333335 0.008333333333333333 0.009895833333333333
1 0.2865740740740741 0.27109375 0.010185185185185186 0.009895833333333333
9 0.28703703703703703 0.2747395833333333 0.009259259259259259 0.008854166666666666
3 0.25324074074074077 0.2755208333333333 0.030555555555555558 0.014583333333333334
3 0.2490740740740741 0.26536458333333335 0.02777777777777778 0.011979166666666666
3 0.21712962962962964 0.2625 0.026851851851851852 0.013541666666666667
3 0.25787037037037036 0.25234375 0.025 0.0109375
3 0.2884259259259259 0.26796875 0.028703703703703703 0.013020833333333334
9 1.250925925925926 0.3953125 0.031481481481481485 0.022916666666666665
9 1.261111111111111 0.3924479166666667 0.02777777777777778 0.021354166666666667
9 1.299074074074074 0.3963541666666667 0.037037037037037035 0.020833333333333332
1 1.300462962962963 0.38958333333333334 0.01388888888888889 0.021875
3 0.7476851851851852 0.24791666666666667 0.021296296296296296 0.009375
1 0.8032407407407408 0.2635416666666667 0.008333333333333333 0.010416666666666666
2 0.8050925925925926 0.2671875 0.008333333333333333 0.007291666666666667
1 0.7875 0.25390625 0.008333333333333333 0.008854166666666666
2 0.7875 0.25755208333333335 0.006481481481481482 0.005729166666666666
3 0.8291666666666667 0.265625 0.026851851851851852 0.0125
3 0.8245370370370371 0.2604166666666667 0.025 0.010416666666666666
3 0.8203703703703704 0.2552083333333333 0.02592592592592593 0.011458333333333333
3 0.8138888888888889 0.2515625 0.022222222222222223 0.009375
3 0.8101851851851852 0.24817708333333333 0.022222222222222223 0.009895833333333333
3 0.8050925925925926 0.24401041666666667 0.02314814814814815 0.011979166666666666
3 0.7986111111111112 0.24088541666666666 0.019444444444444445 0.009895833333333333
3 0.7921296296296296 0.23723958333333334 0.017592592592592594 0.008854166666666666
2 1.4648148148148148 0.4796875 0.07037037037037037 0.027083333333333334
2 1.4828703703703705 0.496875 0.036111111111111115 0.03125
2 1.3805555555555555 0.4786458333333333 0.040740740740740744 0.026041666666666668
2 1.4430555555555555 0.4908854166666667 0.032407407407407406 0.034895833333333334
2 1.4185185185185185 0.48671875 0.037037037037037035 0.034895833333333334
2 1.401388888888889 0.4825520833333333 0.028703703703703703 0.028645833333333332
2 0.9990740740740741 0.36432291666666666 0.018518518518518517 0.018229166666666668
9 0.35324074074074074 0.29140625 0.025 0.009895833333333333
2 0.35185185185185186 0.28854166666666664 0.02962962962962963 0.010416666666666666
1 0.35462962962962963 0.2895833333333333 0.009259259259259259 0.013541666666666667
1 0.3527777777777778 0.28515625 0.011111111111111112 0.015104166666666667
4 0.22222222222222224 0.25078125 0.02592592592592593 0.0171875
