4 0.8277777777777778 0.23541666666666666 0.04814814814814815 0.0375
9 0.7555555555555555 0.4713541666666667 0.05925925925925926 0.07395833333333333
9 0.9824074074074074 0.528125 0.08333333333333334 0.0625
4 0.9851851851851853 0.1734375 0.07037037037037037 0.021875
4 1.0212962962962964 0.16927083333333334 0.06851851851851852 0.021875
4 0.7333333333333334 0.1921875 0.040740740740740744 0.02395833333333333
5 0.850925925925926 0.17239583333333333 0.031481481481481485 0.021875
5 1.011111111111111 0.15416666666666667 0.08888888888888889 0.025
6 1.0583333333333333 0.3515625 0.1277777777777778 0.051041666666666666
6 1.3462962962962963 0.30625 0.05555555555555556 0.05
6 1.223148148148148 0.3026041666666667 0.09814814814814815 0.040625
6 0.6416666666666667 0.2520833333333333 0.10185185185185186 0.029166666666666667
4 0.6574074074074074 0.22395833333333334 0.11111111111111112 0.027083333333333334
3 0.5592592592592592 0.20781249999999998 0.0962962962962963 0.026041666666666668
6 0.5787037037037037 0.35052083333333334 0.15 0.030208333333333334
9 1.1 0.42552083333333335 0.08888888888888889 0.030208333333333334
9 1.424074074074074 0.2890625 0.08888888888888889 0.030208333333333334
9 1.0935185185185186 0.19375 0.05740740740740741 0.014583333333333334
6 0.8925925925925926 0.184375 0.018518518518518517 0.01875
2 0.7518518518518519 0.2734375 0.022222222222222223 0.02395833333333333
9 0.6333333333333333 0.40208333333333335 0.06296296296296297 0.03125
1 0.625925925925926 0.3416666666666667 0.02962962962962963 0.022916666666666665
2 0.6138888888888889 0.29791666666666666 0.07222222222222223 0.01875
2 0.6361111111111112 0.28020833333333334 0.07222222222222223 0.01875
2 0.6194444444444445 0.31979166666666664 0.07222222222222223 0.01875
9 0.23240740740740742 0.534375 0.10925925925925926 0.05416666666666667
9 0.5787037037037037 0.440625 0.07962962962962963 0.03958333333333333
9 0.23240740740740742 0.321875 0.05740740740740741 0.025
9 0.3787037037037037 0.34791666666666665 0.07222222222222223 0.022916666666666665
6 0.9018518518518519 0.16927083333333334 0.018518518518518517 0.013541666666666667
6 0.925 0.1734375 0.012962962962962964 0.009375
9 1.075 0.20104166666666667 0.05740740740740741 0.014583333333333334
9 1.0638888888888889 0.20833333333333334 0.04259259259259259 0.0125
5 1.5666666666666667 0.4223958333333333 0.24444444444444446 0.134375
9 1.2935185185185185 0.2786458333333333 0.03888888888888889 0.015625
1 1.0222222222222224 0.2265625 0.022222222222222223 0.02395833333333333
