6 1.6166666666666667 0.11145833333333333 0.044444444444444446 0.022916666666666665
3 1.362962962962963 0.28489583333333335 0.15925925925925927 0.05520833333333333
6 1.450925925925926 0.1546875 0.05740740740740741 0.028125
6 1.424074074074074 0.16354166666666667 0.07407407407407407 0.027083333333333334
6 1.6768518518518518 0.15104166666666666 0.07962962962962963 0.027083333333333334
6 1.724074074074074 0.1390625 0.08148148148148149 0.026041666666666668
6 1.7166666666666668 0.0875 0.08148148148148149 0.03125
6 1.6 0.21666666666666667 0.0962962962962963 0.03333333333333333
6 1.6175925925925927 0.20833333333333334 0.06481481481481481 0.029166666666666667
3 1.2546296296296298 0.33177083333333335 0.15 0.065625
3 1.163888888888889 0.3598958333333333 0.1425925925925926 0.06770833333333333
3 1.5481481481481483 0.4223958333333333 0.11851851851851852 0.065625
1 1.6092592592592594 0.45 0.02592592592592593 0.016666666666666666
6 0.9166666666666667 0.465625 0.0925925925925926 0.06458333333333333
6 0.8768518518518519 0.48072916666666665 0.08703703703703704 0.065625
6 0.8314814814814815 0.4942708333333333 0.08888888888888889 0.06979166666666667
6 0.7842592592592593 0.5109375 0.08703703703703704 0.071875
6 0.7314814814814815 0.5244791666666666 0.08148148148148149 0.07395833333333333
6 0.6814814814814815 0.5322916666666666 0.07037037037037037 0.05625
6 0.6203703703703703 0.43645833333333334 0.10370370370370371 0.0375
3 0.8453703703703704 0.2869791666666667 0.12407407407407407 0.057291666666666664
6 0.8009259259259259 0.32916666666666666 0.08333333333333334 0.058333333333333334
6 0.7537037037037038 0.35104166666666664 0.07777777777777778 0.05625
6 0.7185185185185186 0.36302083333333335 0.07407407407407407 0.057291666666666664
6 0.6157407407407408 0.38645833333333335 0.06481481481481481 0.05625
6 0.5601851851851852 0.39010416666666664 0.09074074074074075 0.07604166666666666
6 0.33611111111111114 0.46197916666666666 0.06481481481481481 0.06354166666666666
9 0.032407407407407406 0.46197916666666666 0.06851851851851852 0.03229166666666666
6 0.07407407407407407 0.5067708333333333 0.07777777777777778 0.06770833333333333
6 0.02962962962962963 0.5161458333333333 0.06296296296296297 0.06354166666666666
6 1.6175925925925927 0.10729166666666666 0.061111111111111116 0.03333333333333333
