5 0.6849673202614378 0.026838235294117645 0.06013071895424836 0.05073529411764706
5 0.6549019607843137 0.09522058823529411 0.06797385620915032 0.05661764705882353
5 0.6228758169934641 0.16544117647058823 0.08758169934640522 0.075
3 0.5895424836601306 0.23860294117647057 0.0784313725490196 0.05514705882352941
4 0.49019607843137253 0.4386029411764706 0.11764705882352941 0.10220588235294117
3 0.8588235294117647 0.04595588235294117 0.04183006535947712 0.022794117647058822
3 0.7718954248366012 0.1536764705882353 0.06143790849673202 0.051470588235294115
3 0.7477124183006535 0.31029411764705883 0.07581699346405228 0.060294117647058824
3 0.8790849673202614 0.24375 0.06405228758169934 0.04926470588235294
3 0.9764705882352941 0.1400735294117647 0.0522875816993464 0.03161764705882353
3 1.130718954248366 0.3110294117647059 0.09411764705882353 0.06323529411764706
3 1.3405228758169934 0.3213235294117647 0.1241830065359477 0.075
3 1.156862745098039 0.060294117647058824 0.05751633986928104 0.026470588235294117
4 1.1875816993464052 0.09301470588235294 0.05359477124183006 0.03897058823529412
4 1.1130718954248364 0.13713235294117646 0.05359477124183006 0.03897058823529412
4 1.0562091503267974 0.1400735294117647 0.047058823529411764 0.04044117647058824
3 1.2078431372549019 0.1386029411764706 0.06013071895424836 0.03602941176470588
4 1.218954248366013 0.2580882352941176 0.1477124183006536 0.04264705882352941
4 1.287581699346405 0.5330882352941176 0.19869281045751633 0.057352941176470586
3 1.5169934640522875 0.4878676470588235 0.22352941176470587 0.05367647058823529
3 1.5398692810457515 0.5400735294117647 0.21437908496732025 0.04338235294117647
3 1.6640522875816992 0.3761029411764706 0.2065359477124183 0.04632352941176471
2 1.7503267973856207 0.35625 0.04444444444444444 0.013970588235294117
2 1.7542483660130719 0.3477941176470588 0.04183006535947712 0.01764705882352941
9 1.696078431372549 0.3400735294117647 0.06405228758169934 0.02426470588235294
2 1.5895424836601306 0.3323529411764706 0.0261437908496732 0.030882352941176472
9 1.4594771241830065 0.31875 0.03006535947712418 0.030147058823529412
9 1.3124183006535948 0.18860294117647058 0.03660130718954248 0.016911764705882352
9 1.2980392156862743 0.1827205882352941 0.03660130718954248 0.019852941176470587
