3 0.5908496732026144 0.029411764705882353 0.09673202614379084 0.060294117647058824
3 0.6483660130718953 0.2757352941176471 0.13594771241830064 0.12058823529411765
1 0.7810457516339869 0.425 0.043137254901960784 0.025
1 0.7908496732026143 0.4514705882352941 0.0522875816993464 0.03823529411764706
1 1.2810457516339868 0.49411764705882355 0.05751633986928104 0.03676470588235294
1 1.2542483660130719 0.06801470588235294 0.03006535947712418 0.028676470588235293
1 1.295424836601307 0.08345588235294117 0.02875816993464052 0.028676470588235293
1 1.35359477124183 0.0900735294117647 0.03006535947712418 0.025735294117647058
1 1.3326797385620914 0.08051470588235295 0.02222222222222222 0.022794117647058822
9 0.968627450980392 0.06213235294117647 0.07058823529411765 0.025735294117647058
