3 0.5183006535947712 0.4411764705882353 0.1738562091503268 0.10588235294117647
3 0.33398692810457514 0.43308823529411766 0.19738562091503267 0.10882352941176471
3 0.5117647058823529 0.3386029411764706 0.19477124183006533 0.07720588235294118
3 0.5647058823529412 0.2691176470588235 0.11503267973856209 0.051470588235294115
3 0.634640522875817 0.20698529411764705 0.0718954248366013 0.03308823529411765
3 0.661437908496732 0.18419117647058822 0.07320261437908496 0.03308823529411765
3 0.7019607843137254 0.15955882352941175 0.05751633986928104 0.027941176470588233
3 0.7215686274509804 0.14411764705882352 0.04183006535947712 0.023529411764705882
3 0.7339869281045751 0.13014705882352942 0.043137254901960784 0.022058823529411763
3 0.818954248366013 0.14080882352941176 0.043137254901960784 0.025735294117647058
3 0.9045751633986927 0.15955882352941175 0.047058823529411764 0.027941176470588233
3 1.1490196078431372 0.2878676470588235 0.08888888888888888 0.04779411764705882
3 1.1313725490196078 0.2485294117647059 0.08758169934640522 0.045588235294117645
3 1.0666666666666667 0.18051470588235294 0.054901960784313725 0.03308823529411765
3 1.0503267973856207 0.1650735294117647 0.04836601307189542 0.02426470588235294
3 1.0444444444444443 0.14963235294117647 0.04444444444444444 0.01838235294117647
3 1.022875816993464 0.14154411764705882 0.0718954248366013 0.021323529411764706
4 1.026143790849673 0.1275735294117647 0.04183006535947712 0.022794117647058822
3 1.0124183006535947 0.12463235294117647 0.0849673202614379 0.01838235294117647
3 1.0509803921568626 0.11838235294117647 0.0784313725490196 0.01764705882352941
3 1.0320261437908496 0.11213235294117647 0.06928104575163398 0.013970588235294117
9 1.2385620915032678 0.2727941176470588 0.06666666666666667 0.025
2 1.2294117647058822 0.25 0.058823529411764705 0.023529411764705882
2 1.2143790849673202 0.23860294117647057 0.0522875816993464 0.021323529411764706
2 1.203921568627451 0.23419117647058824 0.05751633986928104 0.01838235294117647
9 1.1856209150326797 0.21911764705882353 0.04967320261437908 0.01911764705882353
9 1.1928104575163399 0.22352941176470587 0.04836601307189542 0.01764705882352941
1 1.311764705882353 0.21176470588235294 0.01699346405228758 0.016176470588235292
3 1.049019607843137 0.10735294117647058 0.058823529411764705 0.016176470588235292
3 1.030065359477124 0.10367647058823529 0.05751633986928104 0.013235294117647059
3 1.061437908496732 0.09852941176470588 0.05751633986928104 0.013235294117647059
3 1.026797385620915 0.10036764705882353 0.05620915032679738 0.0125
3 0.9980392156862744 0.09632352941176471 0.06666666666666667 0.014705882352941176
3 0.9895424836601306 0.09227941176470589 0.06013071895424836 0.0125
3 0.9888888888888888 0.08529411764705883 0.05359477124183006 0.013235294117647059
4 0.9398692810457515 0.08198529411764706 0.023529411764705882 0.015441176470588236
3 0.9738562091503268 0.0801470588235294 0.04444444444444444 0.013235294117647059
3 0.9869281045751633 0.08198529411764706 0.04444444444444444 0.0125
9 1.1816993464052288 0.1713235294117647 0.03398692810457516 0.014705882352941176
9 1.1751633986928103 0.1588235294117647 0.02091503267973856 0.01764705882352941
9 1.1967320261437908 0.16286764705882353 0.02222222222222222 0.019852941176470587
3 0.6607843137254902 0.12352941176470589 0.08235294117647059 0.016176470588235292
3 0.7222222222222222 0.11213235294117647 0.08235294117647059 0.016911764705882352
3 0.7196078431372549 0.10735294117647058 0.07712418300653594 0.014705882352941176
3 0.7784313725490195 0.1025735294117647 0.0326797385620915 0.016911764705882352
3 0.7908496732026143 0.09779411764705882 0.06797385620915032 0.014705882352941176
3 0.7849673202614379 0.09264705882352942 0.0457516339869281 0.013235294117647059
3 0.7967320261437908 0.08897058823529412 0.04836601307189542 0.014705882352941176
3 0.8058823529411764 0.08345588235294117 0.03790849673202614 0.013970588235294117
3 0.8045751633986927 0.07977941176470588 0.050980392156862744 0.013970588235294117
1 0.9202614379084967 0.07977941176470588 0.00522875816993464 0.009558823529411765
2 0.9202614379084967 0.08198529411764706 0.00522875816993464 0.009558823529411765
