2 0.4305555555555556 0.509375 0.016666666666666666 0.03125
3 0.4050925925925926 0.5 0.049074074074074076 0.015625
2 0.40925925925925927 0.4875 0.061111111111111116 0.015625
2 0.4388888888888889 0.46822916666666664 0.018518518518518517 0.020833333333333332
3 0.5689814814814815 0.44609375 0.09351851851851853 0.0390625
3 0.44027777777777777 0.39869791666666665 0.06759259259259259 0.0359375
2 0.5912037037037037 0.41640625 0.017592592592592594 0.0203125
1 0.5930555555555556 0.41171874999999997 0.015740740740740743 0.021354166666666667
1 0.6902777777777778 0.4505208333333333 0.02314814814814815 0.025
2 0.6875 0.4596354166666667 0.026851851851851852 0.024479166666666666
3 0.6333333333333333 0.5044270833333333 0.10370370370370371 0.0453125
3 0.788425925925926 0.46901041666666665 0.11018518518518519 0.04010416666666666
3 0.6995370370370371 0.4322916666666667 0.08796296296296297 0.034375
3 0.6462962962962964 0.409375 0.08888888888888889 0.03333333333333333
2 0.8486111111111111 0.4640625 0.03981481481481482 0.025
3 0.8810185185185185 0.4354166666666667 0.032407407407407406 0.022916666666666665
2 0.8546296296296296 0.5145833333333333 0.04814814814814815 0.027083333333333334
9 0.8680555555555556 0.5424479166666667 0.04537037037037037 0.034895833333333334
1 0.8666666666666667 0.5338541666666666 0.02592592592592593 0.03125
1 0.8555555555555556 0.50703125 0.02962962962962963 0.034895833333333334
2 1.0648148148148149 0.4830729166666667 0.04814814814814815 0.0296875
