3 0.4915032679738562 0.55 0.2849673202614379 0.023529411764705882
3 0.9078431372549018 0.5503676470588236 0.3071895424836601 0.022794117647058822
3 1.4849673202614377 0.5503676470588236 0.33464052287581697 0.022794117647058822
4 0.07320261437908496 0.42720588235294116 0.14901960784313725 0.13970588235294118
9 0.365359477124183 0.35110294117647056 0.09019607843137255 0.03161764705882353
3 0.25359477124183005 0.4430147058823529 0.14640522875816991 0.13161764705882353
3 0.9405228758169935 0.4007352941176471 0.14509803921568626 0.14411764705882352
3 1.1287581699346405 0.40404411764705883 0.14509803921568626 0.12426470588235294
3 1.3026143790849671 0.4172794117647059 0.15816993464052287 0.1213235294117647
3 1.4797385620915031 0.40294117647058825 0.19084967320261437 0.12205882352941176
3 1.6359477124183006 0.4077205882352941 0.21045751633986925 0.11985294117647059
3 0.045098039215686274 0.18933823529411764 0.09281045751633986 0.04926470588235294
9 0.02222222222222222 0.16286764705882353 0.03660130718954248 0.028676470588235293
9 0.2620915032679738 0.12169117647058823 0.03529411764705882 0.03161764705882353
3 0.1790849673202614 0.20220588235294118 0.12549019607843137 0.051470588235294115
3 0.3091503267973856 0.21213235294117647 0.11372549019607843 0.06544117647058824
3 0.4241830065359477 0.20808823529411766 0.10326797385620914 0.055882352941176466
3 0.5784313725490196 0.20294117647058824 0.0849673202614379 0.055882352941176466
3 0.7 0.20551470588235293 0.08235294117647059 0.05073529411764706
3 0.811111111111111 0.20551470588235293 0.08235294117647059 0.05073529411764706
3 0.8986928104575163 0.2051470588235294 0.08235294117647059 0.051470588235294115
3 0.9823529411764705 0.20036764705882354 0.08235294117647059 0.05073529411764706
3 1.080392156862745 0.20551470588235293 0.07450980392156863 0.04632352941176471
3 1.1908496732026144 0.20404411764705882 0.09411764705882353 0.04926470588235294
3 1.2980392156862743 0.19963235294117646 0.12287581699346405 0.04926470588235294
2 1.5058823529411764 0.2088235294117647 0.04444444444444444 0.029411764705882353
9 1.3705882352941177 0.19338235294117648 0.02222222222222222 0.026470588235294117
9 1.3908496732026143 0.20073529411764707 0.047058823529411764 0.027941176470588233
9 1.6294117647058823 0.21801470588235294 0.03790849673202614 0.027205882352941177
6 1.642483660130719 0.28823529411764703 0.1503267973856209 0.052941176470588235
9 0.9431372549019608 0.13970588235294118 0.0457516339869281 0.01911764705882353
9 0.9274509803921568 0.13308823529411765 0.0457516339869281 0.01764705882352941
9 0.9326797385620914 0.12426470588235294 0.03790849673202614 0.013235294117647059
9 0.9222222222222222 0.11875 0.04052287581699346 0.0125
1 0.5666666666666667 0.3588235294117647 0.027450980392156862 0.013235294117647059
1 0.5366013071895425 0.3533088235294118 0.03529411764705882 0.025735294117647058
1 0.684313725490196 0.2599264705882353 0.03790849673202614 0.03897058823529412
9 0.6797385620915032 0.2650735294117647 0.07058823529411765 0.027205882352941177
9 0.661437908496732 0.3518382352941176 0.047058823529411764 0.013970588235294117
