3 1.0958333333333334 0.4158854166666667 0.08240740740740742 0.0453125
3 1.2236111111111112 0.37916666666666665 0.08796296296296297 0.0375
4 0.8796296296296297 0.24895833333333334 0.03518518518518519 0.01875
4 0.912962962962963 0.22604166666666667 0.02777777777777778 0.016666666666666666
3 1.0078703703703704 0.22734374999999998 0.06574074074074074 0.0140625
3 0.8407407407407408 0.17708333333333334 0.016666666666666666 0.008333333333333333
3 0.8643518518518519 0.16770833333333332 0.01388888888888889 0.008333333333333333
3 0.12824074074074074 0.18828125 0.05277777777777778 0.009895833333333333
3 0.09444444444444444 0.19895833333333332 0.05 0.010416666666666666
3 0.06712962962962964 0.20911458333333333 0.0712962962962963 0.013020833333333334
5 0.24074074074074076 0.18255208333333334 0.07777777777777778 0.01614583333333333
4 0.20277777777777778 0.175 0.0462962962962963 0.015625
4 0.17824074074074076 0.16171875 0.04351851851851852 0.0109375
5 0.13703703703703704 0.1625 0.031481481481481485 0.013541666666666667
3 0.10416666666666667 0.16536458333333334 0.026851851851851852 0.0067708333333333336
3 0.07037037037037037 0.16380208333333332 0.024074074074074074 0.0078125
3 0.05 0.16588541666666667 0.02592592592592593 0.0078125
4 0.034722222222222224 0.16276041666666666 0.017592592592592594 0.0078125
4 0.04814814814814815 0.17604166666666665 0.03888888888888889 0.010416666666666666
3 0.037037037037037035 0.17838541666666666 0.03518518518518519 0.008854166666666666
3 0.028240740740740743 0.18020833333333333 0.03796296296296296 0.009375
3 0.01990740740740741 0.18203125 0.03425925925925926 0.0109375
4 0.012962962962962964 0.17213541666666665 0.02777777777777778 0.011979166666666666
3 1.112962962962963 0.22734374999999998 0.06481481481481481 0.0140625
4 1.1925925925925926 0.221875 0.05185185185185186 0.0125
4 1.1162037037037038 0.21692708333333333 0.05648148148148149 0.015104166666666667
3 0.8282407407407407 0.15442708333333333 0.01388888888888889 0.0067708333333333336
3 0.8805555555555555 0.15859375 0.014814814814814815 0.0067708333333333336
3 0.8518518518518519 0.15104166666666666 0.012962962962962964 0.00625
4 0.8666666666666667 0.146875 0.011111111111111112 0.00625
3 0.8407407407407408 0.14036458333333332 0.009259259259259259 0.0046875
4 0.8148148148148149 0.1359375 0.007407407407407408 0.005208333333333333
4 0.7962962962962963 0.13645833333333332 0.009259259259259259 0.00625
3 0.7967592592592593 0.13177083333333334 0.008333333333333333 0.004166666666666667
3 0.7800925925925927 0.12838541666666667 0.008333333333333333 0.0046875
3 0.8101851851851852 0.13177083333333334 0.007407407407407408 0.003125
3 0.8125 0.1265625 0.006481481481481482 0.003125
3 0.7925925925925926 0.12942708333333333 0.005555555555555556 0.0026041666666666665
3 0.7912037037037037 0.12734375 0.006481481481481482 0.0036458333333333334
3 0.8240740740740741 0.13255208333333332 0.007407407407407408 0.0036458333333333334
3 0.8657407407407408 0.14375 0.007407407407407408 0.005208333333333333
3 0.8587962962962963 0.14088541666666665 0.008333333333333333 0.0046875
5 0.8569444444444445 0.13567708333333334 0.012037037037037037 0.0067708333333333336
3 0.851388888888889 0.13567708333333334 0.008333333333333333 0.0046875
3 0.8462962962962963 0.13333333333333333 0.007407407407407408 0.004166666666666667
5 0.8337962962962964 0.134375 0.008333333333333333 0.00625
3 0.8388888888888889 0.13697916666666665 0.007407407407407408 0.004166666666666667
9 1.0027777777777778 0.21328125 0.020370370370370372 0.0067708333333333336
5 0.20555555555555557 0.159375 0.05740740740740741 0.014583333333333334
