3 0.5359477124183006 0.021323529411764706 0.07320261437908496 0.039705882352941174
3 0.26078431372549016 0.08639705882352941 0.09803921568627451 0.04779411764705882
3 0.426797385620915 0.18308823529411763 0.09019607843137255 0.058823529411764705
3 1.5444444444444443 0.1426470588235294 0.18169934640522875 0.03529411764705882
3 1.4921568627450978 0.0900735294117647 0.1764705882352941 0.04044117647058824
3 1.4215686274509802 0.04926470588235294 0.15555555555555556 0.03823529411764706
3 0.2065359477124183 0.47941176470588237 0.23006535947712417 0.13823529411764707
4 0.0522875816993464 0.45955882352941174 0.10718954248366012 0.11470588235294117
9 1.7254901960784312 0.20735294117647057 0.0784313725490196 0.023529411764705882
9 1.679738562091503 0.17683823529411766 0.06797385620915032 0.03897058823529412
9 1.6477124183006535 0.1650735294117647 0.0849673202614379 0.027205882352941177
1 1.4620915032679738 0.014338235294117646 0.03006535947712418 0.022794117647058822
