1 1.2092592592592593 0.3489583333333333 0.018518518518518517 0.014583333333333334
1 0.9231481481481482 0.34791666666666665 0.016666666666666666 0.014583333333333334
1 1.0842592592592593 0.33489583333333334 0.024074074074074074 0.017708333333333333
1 0.5953703703703704 0.5286458333333334 0.03518518518518519 0.036458333333333336
1 0.22314814814814815 0.5005208333333333 0.020370370370370372 0.034375
1 0.4166666666666667 0.3796875 0.018518518518518517 0.011458333333333333
1 0.47500000000000003 0.36822916666666666 0.020370370370370372 0.015625
1 0.4990740740740741 0.3572916666666667 0.012962962962962964 0.0125
1 0.5157407407407407 0.35104166666666664 0.009259259259259259 0.0125
2 0.7314814814814815 0.35260416666666666 0.02592592592592593 0.019791666666666666
9 0.7138888888888889 0.3484375 0.024074074074074074 0.017708333333333333
1 0.08425925925925926 0.421875 0.031481481481481485 0.01875
1 0.021296296296296296 0.4395833333333333 0.031481481481481485 0.020833333333333332
1 0.020370370370370372 0.4322916666666667 0.018518518518518517 0.020833333333333332
1 0.20185185185185187 0.3697916666666667 0.022222222222222223 0.01875
1 0.17962962962962964 0.29375 0.007407407407407408 0.0125
1 0.4537037037037037 0.24270833333333333 0.014814814814814815 0.0125
1 1.5157407407407408 0.3489583333333333 0.024074074074074074 0.014583333333333334
1 1.5046296296296298 0.340625 0.024074074074074074 0.016666666666666666
1 1.3305555555555557 0.3052083333333333 0.016666666666666666 0.014583333333333334
1 0.7342592592592593 0.4739583333333333 0.02777777777777778 0.020833333333333332
1 1.3314814814814815 0.29010416666666666 0.018518518518518517 0.013541666666666667
9 1.3675925925925927 0.278125 0.04259259259259259 0.016666666666666666
1 0.9342592592592593 0.2359375 0.009259259259259259 0.011458333333333333
1 0.9203703703703704 0.2375 0.014814814814814815 0.0125
1 1.0212962962962964 0.24375 0.009259259259259259 0.0125
1 1.0324074074074074 0.24479166666666666 0.009259259259259259 0.0125
1 0.4759259259259259 0.24322916666666666 0.022222222222222223 0.007291666666666667
4 1.5648148148148149 0.2786458333333333 0.1 0.03229166666666666
3 1.4981481481481482 0.2671875 0.022222222222222223 0.019791666666666666
3 1.737962962962963 0.2921875 0.07592592592592592 0.021875
