3 0.9703703703703704 0.05625 0.018518518518518517 0.020833333333333332
9 0.9990740740740741 0.0609375 0.009259259259259259 0.011458333333333333
9 0.9851851851851853 0.03958333333333333 0.007407407407407408 0.0125
9 0.912962962962963 0.121875 0.007407407407407408 0.0125
9 1.0101851851851853 0.3234375 0.009259259259259259 0.013541666666666667
3 0.950925925925926 0.11145833333333333 0.020370370370370372 0.027083333333333334
3 0.9861111111111112 0.12604166666666666 0.020370370370370372 0.027083333333333334
3 0.9453703703703704 0.159375 0.020370370370370372 0.027083333333333334
3 0.9953703703703705 0.175 0.020370370370370372 0.027083333333333334
3 0.9175925925925926 0.18645833333333334 0.020370370370370372 0.027083333333333334
3 0.9546296296296297 0.20104166666666667 0.020370370370370372 0.027083333333333334
3 1.0157407407407408 0.22604166666666667 0.020370370370370372 0.027083333333333334
3 0.987962962962963 0.23802083333333332 0.020370370370370372 0.030208333333333334
3 0.9388888888888889 0.23958333333333334 0.022222222222222223 0.029166666666666667
3 0.9064814814814816 0.22447916666666667 0.024074074074074074 0.030208333333333334
3 0.9666666666666667 0.2604166666666667 0.02592592592592593 0.027083333333333334
3 0.9351851851851852 0.28125 0.02592592592592593 0.027083333333333334
3 0.9712962962962963 0.36041666666666666 0.02777777777777778 0.027083333333333334
3 0.9425925925925926 0.3286458333333333 0.040740740740740744 0.028125
3 1.0194444444444444 0.3875 0.024074074074074074 0.027083333333333334
3 0.9342592592592593 0.4192708333333333 0.020370370370370372 0.026041666666666668
3 1.037962962962963 0.4583333333333333 0.020370370370370372 0.027083333333333334
3 0.9824074074074074 0.49635416666666665 0.020370370370370372 0.030208333333333334
4 0.8722222222222222 0.44427083333333334 0.02592592592592593 0.028125
3 0.8666666666666667 0.509375 0.022222222222222223 0.027083333333333334
3 0.8703703703703703 0.4791666666666667 0.022222222222222223 0.027083333333333334
3 0.8648148148148148 0.5453125 0.022222222222222223 0.028125
3 0.8675925925925926 0.1890625 0.031481481481481485 0.026041666666666668
3 1.05 0.1375 0.03333333333333333 0.025
3 1.0194444444444444 0.06614583333333333 0.024074074074074074 0.026041666666666668
3 1.7148148148148148 0.21145833333333333 0.044444444444444446 0.0125
3 1.6601851851851852 0.228125 0.0462962962962963 0.0125
3 1.549074074074074 0.228125 0.0462962962962963 0.014583333333333334
3 1.4972222222222222 0.22552083333333334 0.0462962962962963 0.013541666666666667
3 1.401851851851852 0.22395833333333334 0.04814814814814815 0.014583333333333334
3 1.3416666666666668 0.22708333333333333 0.03888888888888889 0.014583333333333334
3 1.2740740740740741 0.24166666666666667 0.044444444444444446 0.0125
3 0.8638888888888889 0.265625 0.0462962962962963 0.022916666666666665
3 0.7768518518518519 0.19895833333333332 0.0462962962962963 0.0125
3 0.7731481481481481 0.21875 0.0462962962962963 0.0125
3 0.7064814814814815 0.19895833333333332 0.0462962962962963 0.0125
3 0.612037037037037 0.19791666666666666 0.05 0.0125
3 0.6074074074074074 0.21562499999999998 0.04814814814814815 0.0125
3 0.7203703703703704 0.2171875 0.044444444444444446 0.013541666666666667
3 0.7333333333333334 0.24479166666666666 0.04814814814814815 0.014583333333333334
4 1.2981481481481483 0.22343749999999998 0.044444444444444446 0.013541666666666667
3 1.3203703703703704 0.34322916666666664 0.04814814814814815 0.013541666666666667
3 1.4324074074074074 0.3458333333333333 0.05 0.0125
3 1.4851851851851852 0.34739583333333335 0.05185185185185186 0.013541666666666667
3 1.537962962962963 0.34739583333333335 0.0462962962962963 0.013541666666666667
3 1.6018518518518519 0.3484375 0.040740740740740744 0.013541666666666667
3 1.7157407407407408 0.334375 0.05740740740740741 0.014583333333333334
3 0.6638888888888889 0.34010416666666665 0.053703703703703705 0.013541666666666667
3 0.562962962962963 0.35833333333333334 0.02592592592592593 0.027083333333333334
3 0.712037037037037 0.3619791666666667 0.024074074074074074 0.026041666666666668
3 0.7407407407407408 0.3614583333333333 0.022222222222222223 0.027083333333333334
3 0.8250000000000001 0.55 0.031481481481481485 0.022916666666666665
3 0.8953703703703704 0.5489583333333333 0.024074074074074074 0.025
5 0.9287037037037037 0.49635416666666665 0.031481481481481485 0.036458333333333336
3 0.44907407407407407 0.22447916666666667 0.0462962962962963 0.013541666666666667
3 0.41203703703703703 0.21354166666666666 0.0462962962962963 0.0125
3 0.21574074074074076 0.21145833333333333 0.0462962962962963 0.0125
3 0.044444444444444446 0.4635416666666667 0.05185185185185186 0.025
3 0.12592592592592594 0.46197916666666666 0.044444444444444446 0.02395833333333333
3 0.38981481481481484 0.46510416666666665 0.03888888888888889 0.026041666666666668
3 0.45462962962962966 0.4666666666666667 0.05 0.029166666666666667
3 0.012962962962962964 0.4609375 0.02962962962962963 0.026041666666666668
5 1.3814814814814815 0.3385416666666667 0.04814814814814815 0.0125
5 1.4712962962962963 0.334375 0.0462962962962963 0.0125
6 1.6592592592592594 0.34739583333333335 0.037037037037037035 0.015625
6 1.3601851851851852 0.3494791666666667 0.031481481481481485 0.009375
6 0.5416666666666667 0.2125 0.024074074074074074 0.00625
6 0.5685185185185185 0.21302083333333333 0.02592592592592593 0.007291666666666667
3 0.34444444444444444 0.03958333333333333 0.04814814814814815 0.016666666666666666
3 1.5805555555555557 0.05 0.02777777777777778 0.025
3 1.5555555555555556 0.051041666666666666 0.02592592592592593 0.025
3 1.3564814814814816 0.03697916666666667 0.024074074074074074 0.021875
3 1.402777777777778 0.04375 0.024074074074074074 0.022916666666666665
5 1.6027777777777779 0.042708333333333334 0.02777777777777778 0.03125
5 1.3777777777777778 0.043229166666666666 0.022222222222222223 0.02395833333333333
3 1.5305555555555557 0.0484375 0.020370370370370372 0.02395833333333333
3 1.2722222222222224 0.04895833333333333 0.040740740740740744 0.0125
3 1.2750000000000001 0.0609375 0.03888888888888889 0.011458333333333333
3 1.6777777777777778 0.49947916666666664 0.05185185185185186 0.013541666666666667
3 1.6787037037037038 0.5151041666666667 0.053703703703703705 0.013541666666666667
6 0.1425925925925926 0.328125 0.040740740740740744 0.010416666666666666
3 0.11574074074074074 0.2140625 0.0462962962962963 0.013541666666666667
4 1.1555555555555557 0.253125 0.05185185185185186 0.014583333333333334
