3 0.7692810457516339 0.5411764705882353 0.10326797385620914 0.041176470588235294
3 0.7915032679738562 0.41691176470588237 0.07973856209150326 0.07352941176470588
3 0.6562091503267974 0.4275735294117647 0.0915032679738562 0.07867647058823529
3 0.7006535947712418 0.34448529411764706 0.07581699346405228 0.05661764705882353
3 0.8137254901960784 0.3452205882352941 0.07712418300653594 0.0625
3 0.8326797385620914 0.2948529411764706 0.06274509803921569 0.04852941176470588
3 0.7163398692810456 0.2878676470588235 0.06797385620915032 0.04485294117647059
3 0.8359477124183006 0.25441176470588234 0.058823529411764705 0.04264705882352941
3 0.841830065359477 0.21875 0.04967320261437908 0.03308823529411765
3 0.6274509803921569 0.23272058823529412 0.10980392156862745 0.028676470588235293
4 0.6418300653594771 0.2139705882352941 0.09673202614379084 0.029411764705882353
3 0.8006535947712418 0.10808823529411765 0.027450980392156862 0.01764705882352941
3 0.8653594771241829 0.09117647058823529 0.023529411764705882 0.014705882352941176
3 0.9006535947712417 0.09301470588235294 0.02875816993464052 0.015441176470588236
3 0.9320261437908496 0.09080882352941176 0.03137254901960784 0.013970588235294117
3 1.1980392156862745 0.29301470588235295 0.12941176470588234 0.03602941176470588
3 1.377124183006536 0.4485294117647059 0.18431372549019606 0.075
4 0.5405228758169934 0.34595588235294117 0.1241830065359477 0.04632352941176471
3 1.0058823529411764 0.1474264705882353 0.03529411764705882 0.016911764705882352
3 0.9581699346405228 0.06544117647058824 0.023529411764705882 0.010294117647058823
3 0.9601307189542483 0.054044117647058826 0.0196078431372549 0.008088235294117646
3 0.9542483660130718 0.04595588235294117 0.01568627450980392 0.008088235294117646
3 0.9176470588235294 0.0375 0.01568627450980392 0.007352941176470588
3 0.9098039215686274 0.04264705882352941 0.01568627450980392 0.008823529411764706
3 0.9045751633986927 0.033455882352941176 0.01568627450980392 0.008088235294117646
3 0.8823529411764706 0.03051470588235294 0.01830065359477124 0.008088235294117646
3 0.8620915032679738 0.054411764705882354 0.0196078431372549 0.010294117647058823
3 0.857516339869281 0.04301470588235294 0.01830065359477124 0.009558823529411765
3 0.888235294117647 0.05110294117647059 0.0196078431372549 0.009558823529411765
3 0.8810457516339869 0.03823529411764706 0.01568627450980392 0.010294117647058823
3 0.9130718954248366 0.05 0.01699346405228758 0.010294117647058823
3 0.9084967320261438 0.028676470588235293 0.01568627450980392 0.0058823529411764705
1 0.9352941176470587 0.04779411764705882 0.0065359477124183 0.0058823529411764705
1 0.9333333333333332 0.05808823529411765 0.00522875816993464 0.0058823529411764705
1 0.9274509803921568 0.061764705882352944 0.0065359477124183 0.0058823529411764705
1 0.9359477124183005 0.040808823529411765 0.00522875816993464 0.005147058823529412
