3 0.7810185185185186 0.2833333333333333 0.010185185185185186 0.00625
6 0.8328703703703704 0.2903645833333333 0.010185185185185186 0.0067708333333333336
3 0.8532407407407407 0.28984375 0.017592592592592594 0.0078125
3 0.8611111111111112 0.29635416666666664 0.018518518518518517 0.009375
1 0.8717592592592593 0.28854166666666664 0.006481481481481482 0.005208333333333333
9 0.8717592592592593 0.2903645833333333 0.004629629629629629 0.0046875
1 0.8763888888888889 0.29921875 0.006481481481481482 0.0067708333333333336
9 0.8768518518518519 0.30052083333333335 0.005555555555555556 0.007291666666666667
5 0.9013888888888889 0.29765625 0.02314814814814815 0.015104166666666667
3 0.9550925925925926 0.31171875 0.026851851851851852 0.011979166666666666
3 0.8490740740740741 0.31614583333333335 0.024074074074074074 0.010416666666666666
1 0.8861111111111112 0.3177083333333333 0.009259259259259259 0.009375
9 0.8861111111111112 0.32005208333333335 0.007407407407407408 0.0078125
1 0.9370370370370371 0.3294270833333333 0.011111111111111112 0.009895833333333333
9 0.9365740740740741 0.33125 0.010185185185185186 0.010416666666666666
6 1.026851851851852 0.3716145833333333 0.020370370370370372 0.01614583333333333
3 1.038888888888889 0.39010416666666664 0.05740740740740741 0.021875
1 1.1111111111111112 0.4161458333333333 0.020370370370370372 0.019791666666666666
9 1.1087962962962963 0.42213541666666665 0.032407407407407406 0.019270833333333334
1 1.1694444444444445 0.4419270833333333 0.02777777777777778 0.024479166666666666
9 1.1699074074074074 0.4466145833333333 0.058333333333333334 0.0234375
1 1.2847222222222223 0.4640625 0.03425925925925926 0.03229166666666666
9 1.2791666666666668 0.4666666666666667 0.06944444444444445 0.027083333333333334
3 1.4472222222222222 0.46171875 0.14814814814814814 0.03697916666666667
3 1.3712962962962965 0.4158854166666667 0.07592592592592592 0.0484375
3 1.2680555555555557 0.41484375 0.13611111111111113 0.0359375
2 1.3314814814814815 0.3966145833333333 0.031481481481481485 0.015104166666666667
9 1.313425925925926 0.390625 0.03425925925925926 0.015625
1 1.1935185185185186 0.38697916666666665 0.014814814814814815 0.016666666666666666
9 1.198611111111111 0.3841145833333333 0.032407407407407406 0.0140625
1 1.1412037037037037 0.38958333333333334 0.015740740740740743 0.017708333333333333
9 1.1402777777777777 0.39375 0.019444444444444445 0.01875
9 1.1523148148148148 0.365625 0.025 0.0125
9 1.1300925925925926 0.3572916666666667 0.032407407407407406 0.011458333333333333
1 1.1101851851851852 0.37109375 0.012962962962962964 0.0140625
9 1.1106481481481483 0.37447916666666664 0.015740740740740743 0.0125
9 1.3407407407407408 0.50859375 0.05925925925925926 0.025520833333333333
3 1.2699074074074075 0.5278645833333333 0.125 0.05260416666666667
1 1.049074074074074 0.43697916666666664 0.024074074074074074 0.021875
1 1.0615740740740742 0.44088541666666664 0.010185185185185186 0.0171875
9 1.0458333333333334 0.44296874999999997 0.03981481481481482 0.019270833333333334
1 0.8893518518518518 0.42473958333333334 0.02314814814814815 0.0265625
9 0.888425925925926 0.4276041666666667 0.049074074074074076 0.01875
1 0.8703703703703703 0.41692708333333334 0.020370370370370372 0.024479166666666666
9 0.8675925925925926 0.4184895833333333 0.0462962962962963 0.022395833333333334
1 0.737962962962963 0.42942708333333335 0.018518518518518517 0.0234375
9 0.737962962962963 0.4359375 0.022222222222222223 0.022916666666666665
9 0.6486111111111111 0.47109375 0.025 0.025520833333333333
1 0.6513888888888889 0.4622395833333333 0.02314814814814815 0.028645833333333332
1 0.5819444444444445 0.5072916666666667 0.021296296296296296 0.025
1 0.5990740740740741 0.5046875 0.024074074074074074 0.029166666666666667
6 0.5907407407407408 0.52578125 0.05555555555555556 0.0546875
3 0.49259259259259264 0.5065104166666666 0.10740740740740741 0.05260416666666667
3 0.5328703703703704 0.4536458333333333 0.062037037037037036 0.04375
6 0.5976851851851852 0.4010416666666667 0.03796296296296296 0.029166666666666667
3 0.6356481481481482 0.3794270833333333 0.03425925925925926 0.0234375
1 0.7421296296296297 0.3658854166666667 0.01388888888888889 0.01614583333333333
9 0.7407407407407408 0.3703125 0.012962962962962964 0.014583333333333334
3 0.7462962962962963 0.346875 0.03333333333333333 0.017708333333333333
1 0.7115740740740741 0.35494791666666664 0.012037037037037037 0.013020833333333334
9 0.7115740740740741 0.35833333333333334 0.010185185185185186 0.0125
1 0.7916666666666667 0.34453125 0.009259259259259259 0.0109375
3 0.8009259259259259 0.33359375 0.031481481481481485 0.015104166666666667
1 0.7620370370370371 0.3294270833333333 0.011111111111111112 0.0109375
9 0.7611111111111112 0.33151041666666664 0.011111111111111112 0.0109375
1 0.7203703703703704 0.3341145833333333 0.009259259259259259 0.0109375
9 0.7189814814814816 0.33671875 0.012037037037037037 0.009895833333333333
6 0.6962962962962963 0.3338541666666667 0.03333333333333333 0.011458333333333333
1 0.8055555555555556 0.3171875 0.009259259259259259 0.010416666666666666
9 0.8050925925925926 0.3190104166666667 0.008333333333333333 0.008854166666666666
1 0.7782407407407408 0.2989583333333333 0.008333333333333333 0.007291666666666667
9 0.7773148148148148 0.30026041666666664 0.008333333333333333 0.0067708333333333336
3 0.7921296296296296 0.3020833333333333 0.017592592592592594 0.009375
3 0.8037037037037037 0.2981770833333333 0.020370370370370372 0.009895833333333333
1 0.7518518518518519 0.29270833333333335 0.007407407407407408 0.00625
9 0.7523148148148149 0.29401041666666666 0.006481481481481482 0.005729166666666666
9 0.3180555555555556 0.53984375 0.09537037037037037 0.03802083333333333
6 0.3944444444444445 0.49244791666666665 0.06296296296296297 0.03802083333333333
3 0.44953703703703707 0.4484375 0.08055555555555556 0.04895833333333333
3 0.5430555555555556 0.3971354166666667 0.06944444444444445 0.033854166666666664
3 0.6990740740740741 0.2877604166666667 0.02592592592592593 0.0109375
