3 0.8483660130718954 0.22389705882352942 0.00784313725490196 0.005147058823529412
3 0.8986928104575163 0.2139705882352941 0.00915032679738562 0.004411764705882353
3 0.9058823529411764 0.2077205882352941 0.00522875816993464 0.003676470588235294
3 0.8052287581699346 0.24926470588235294 0.03137254901960784 0.0058823529411764705
3 0.8130718954248366 0.2463235294117647 0.0261437908496732 0.0058823529411764705
3 0.8039215686274509 0.2610294117647059 0.0261437908496732 0.007352941176470588
4 0.788235294117647 0.26433823529411765 0.01568627450980392 0.011029411764705881
8 0.9967320261437908 0.24448529411764705 0.0196078431372549 0.013970588235294117
3 0.9581699346405228 0.2275735294117647 0.01830065359477124 0.005147058823529412
3 1.0202614379084967 0.26176470588235295 0.0326797385620915 0.007352941176470588
3 1.0294117647058822 0.2577205882352941 0.027450980392156862 0.005147058823529412
4 0.9758169934640523 0.2823529411764706 0.02483660130718954 0.011764705882352941
3 1.0450980392156861 0.2772058823529412 0.03529411764705882 0.007352941176470588
3 1.241830065359477 0.3397058823529412 0.06274509803921569 0.014705882352941176
3 1.222875816993464 0.33345588235294116 0.05620915032679738 0.0125
3 1.3143790849673203 0.3525735294117647 0.06405228758169934 0.013970588235294117
8 1.5052287581699346 0.3588235294117647 0.10849673202614378 0.023529411764705882
3 1.6006535947712417 0.3477941176470588 0.04836601307189542 0.014705882352941176
3 1.5464052287581698 0.34705882352941175 0.047058823529411764 0.014705882352941176
3 1.6470588235294117 0.3488970588235294 0.0522875816993464 0.019852941176470587
4 1.703267973856209 0.35073529411764703 0.04444444444444444 0.022058823529411763
3 1.2444444444444445 0.40588235294117647 0.08627450980392157 0.020588235294117647
6 1.1784313725490194 0.3900735294117647 0.043137254901960784 0.009558823529411765
1 1.175816993464052 0.3860294117647059 0.01437908496732026 0.011764705882352941
1 1.2084967320261437 0.3952205882352941 0.011764705882352941 0.011029411764705881
9 1.2052287581699346 0.39963235294117644 0.03398692810457516 0.009558823529411765
4 1.5104575163398692 0.4077205882352941 0.09281045751633986 0.021323529411764706
3 1.5633986928104575 0.4209558823529412 0.08627450980392157 0.013970588235294117
3 1.6483660130718953 0.40183823529411766 0.09673202614379084 0.016911764705882352
3 1.7104575163398692 0.4238970588235294 0.09542483660130718 0.01838235294117647
3 1.7346405228758168 0.4139705882352941 0.08366013071895424 0.01764705882352941
9 1.7117647058823529 0.3941176470588235 0.0326797385620915 0.008823529411764706
9 1.7549019607843137 0.39852941176470585 0.0326797385620915 0.010294117647058823
1 1.7124183006535947 0.3897058823529412 0.0130718954248366 0.011764705882352941
1 1.7568627450980392 0.3948529411764706 0.01830065359477124 0.011764705882352941
3 1.7248366013071894 0.48933823529411763 0.10326797385620914 0.028676470588235293
3 1.7503267973856207 0.5415441176470588 0.0522875816993464 0.03897058823529412
1 0.9718954248366012 0.5422794117647058 0.01699346405228758 0.019852941176470587
1 0.9823529411764705 0.48676470588235293 0.0196078431372549 0.01911764705882353
1 0.9712418300653594 0.45551470588235293 0.01568627450980392 0.016911764705882352
1 0.8928104575163398 0.45073529411764707 0.01568627450980392 0.01764705882352941
9 0.9712418300653594 0.55 0.01830065359477124 0.020588235294117647
9 0.9830065359477124 0.49227941176470585 0.023529411764705882 0.019852941176470587
9 0.9699346405228757 0.4602941176470588 0.03137254901960784 0.011764705882352941
9 0.892156862745098 0.4566176470588235 0.03529411764705882 0.010294117647058823
3 0.8281045751633986 0.5522058823529412 0.05359477124183006 0.01911764705882353
3 0.6294117647058823 0.4514705882352941 0.10588235294117647 0.026470588235294117
3 0.6915032679738562 0.4349264705882353 0.10196078431372549 0.028676470588235293
5 0.7006535947712418 0.4150735294117647 0.11503267973856209 0.027205882352941177
3 0.8254901960784313 0.39080882352941176 0.06405228758169934 0.016911764705882352
3 0.9483660130718954 0.4 0.0849673202614379 0.01911764705882353
3 0.8065359477124182 0.3588235294117647 0.03137254901960784 0.01764705882352941
3 0.42549019607843136 0.5522058823529412 0.1372549019607843 0.01911764705882353
4 0.38235294117647056 0.5198529411764706 0.12941176470588234 0.045588235294117645
4 0.4261437908496732 0.5110294117647058 0.08888888888888888 0.030882352941176472
3 0.42222222222222217 0.4488970588235294 0.10718954248366012 0.025735294117647058
3 0.4006535947712418 0.4279411764705882 0.10849673202614378 0.025
9 0.4287581699346405 0.3875 0.02875816993464052 0.010294117647058823
1 0.42810457516339867 0.38529411764705884 0.01437908496732026 0.011764705882352941
8 0.4444444444444444 0.36323529411764705 0.16732026143790849 0.03529411764705882
