4 1.4098039215686273 0.38088235294117645 0.13202614379084968 0.07352941176470588
4 1.5313725490196077 0.3602941176470588 0.1241830065359477 0.061764705882352944
3 1.4601307189542483 0.32426470588235295 0.0915032679738562 0.033823529411764704
1 1.172549019607843 0.45294117647058824 0.02875816993464052 0.026470588235294117
9 1.1705882352941175 0.46249999999999997 0.03006535947712418 0.03529411764705882
3 0.9117647058823529 0.2363970588235294 0.0457516339869281 0.025735294117647058
3 0.7215686274509804 0.2 0.04183006535947712 0.026470588235294117
4 0.4013071895424836 0.3191176470588235 0.06797385620915032 0.044117647058823525
3 0.43006535947712415 0.2933823529411765 0.08366013071895424 0.03529411764705882
3 0.47516339869281043 0.2647058823529412 0.06928104575163398 0.032352941176470584
4 0.5673202614379085 0.19411764705882353 0.08104575163398692 0.025
1 0.6732026143790849 0.2625 0.01568627450980392 0.022058823529411763
2 0.6745098039215686 0.27058823529411763 0.0130718954248366 0.01911764705882353
3 0.6215686274509804 0.16286764705882353 0.04052287581699346 0.019852941176470587
3 0.6516339869281045 0.14301470588235293 0.03529411764705882 0.016911764705882352
3 0.676470588235294 0.12573529411764706 0.0326797385620915 0.014705882352941176
3 0.6379084967320261 0.11397058823529412 0.06013071895424836 0.011764705882352941
3 0.7379084967320261 0.10404411764705883 0.050980392156862744 0.0125
3 0.7098039215686274 0.07904411764705882 0.02091503267973856 0.011029411764705881
3 0.5542483660130718 0.21102941176470588 0.0522875816993464 0.030882352941176472
3 0.9503267973856209 0.13897058823529412 0.03137254901960784 0.014705882352941176
3 0.9418300653594771 0.11948529411764705 0.05359477124183006 0.013970588235294117
3 0.8869281045751634 0.11691176470588235 0.02483660130718954 0.011764705882352941
3 0.9078431372549018 0.10367647058823529 0.02483660130718954 0.011764705882352941
3 0.9019607843137254 0.0900735294117647 0.02091503267973856 0.011029411764705881
3 0.8581699346405228 0.08897058823529412 0.02222222222222222 0.011764705882352941
3 1.1529411764705881 0.17169117647058824 0.07320261437908496 0.022794117647058822
3 1.149673202614379 0.1577205882352941 0.050980392156862744 0.015441176470588236
3 1.0999999999999999 0.1363970588235294 0.03529411764705882 0.019852941176470587
9 0.49999999999999994 0.21029411764705883 0.02483660130718954 0.01911764705882353
3 0.7084967320261437 0.07022058823529412 0.01830065359477124 0.009558823529411765
1 0.9588235294117646 0.15698529411764706 0.00915032679738562 0.009558823529411765
1 0.9588235294117646 0.15441176470588236 0.0065359477124183 0.010294117647058823
9 0.9588235294117646 0.1588235294117647 0.00915032679738562 0.013235294117647059
3 0.9019607843137254 0.06911764705882353 0.01568627450980392 0.007352941176470588
3 0.8856209150326797 0.057352941176470586 0.0326797385620915 0.007352941176470588
3 0.9137254901960784 0.057352941176470586 0.03137254901960784 0.007352941176470588
3 0.9006535947712417 0.06433823529411764 0.01830065359477124 0.006617647058823529
