3 0.7185185185185186 0.5080729166666667 0.08148148148148149 0.0609375
3 0.7444444444444445 0.4453125 0.07592592592592592 0.053125
3 0.7689814814814815 0.3932291666666667 0.062037037037037036 0.042708333333333334
3 0.8634259259259259 0.38229166666666664 0.05648148148148149 0.03958333333333333
3 0.7824074074074074 0.34869791666666666 0.05185185185185186 0.0328125
3 0.9435185185185185 0.3403645833333333 0.05 0.0296875
4 0.9902777777777778 0.28802083333333334 0.04351851851851852 0.030208333333333334
3 0.787962962962963 0.32265625 0.04259259259259259 0.024479166666666666
3 0.7935185185185185 0.2986979166666667 0.040740740740740744 0.021354166666666667
3 0.7967592592592593 0.2791666666666667 0.03796296296296296 0.020833333333333332
3 0.8143518518518519 0.24687499999999998 0.030555555555555558 0.015625
3 0.8143518518518519 0.26119791666666664 0.036111111111111115 0.019270833333333334
3 0.8731481481481482 0.23463541666666665 0.02962962962962963 0.0171875
3 0.8203703703703704 0.23541666666666666 0.031481481481481485 0.017708333333333333
3 0.8203703703703704 0.225 0.02592592592592593 0.0125
3 0.8236111111111112 0.21510416666666665 0.026851851851851852 0.014583333333333334
3 0.8236111111111112 0.20546875 0.02314814814814815 0.0109375
3 0.8277777777777778 0.19895833333333332 0.022222222222222223 0.011458333333333333
3 0.837962962962963 0.19270833333333334 0.022222222222222223 0.010416666666666666
3 0.8347222222222223 0.18541666666666667 0.02314814814814815 0.011458333333333333
3 0.837037037037037 0.17916666666666667 0.020370370370370372 0.009375
3 0.8365740740740741 0.17291666666666666 0.017592592592592594 0.008333333333333333
5 0.8416666666666667 0.15598958333333332 0.02777777777777778 0.030729166666666665
3 0.875925925925926 0.1609375 0.018518518518518517 0.009375
3 0.8726851851851852 0.14270833333333333 0.015740740740740743 0.007291666666666667
3 0.9 0.14427083333333332 0.014814814814814815 0.007291666666666667
3 0.9083333333333333 0.134375 0.02777777777777778 0.007291666666666667
3 0.8773148148148149 0.13151041666666666 0.021296296296296296 0.0067708333333333336
4 0.8101851851851852 0.13411458333333334 0.018518518518518517 0.0078125
8 0.7601851851851852 0.125 0.053703703703703705 0.013541666666666667
1 1.1458333333333335 0.39817708333333335 0.02314814814814815 0.019270833333333334
9 1.1449074074074075 0.4044270833333333 0.025 0.027604166666666666
3 0.7226851851851852 0.15572916666666667 0.019444444444444445 0.010416666666666666
3 0.7671296296296296 0.15182291666666667 0.017592592592592594 0.009895833333333333
3 0.7648148148148148 0.14322916666666666 0.018518518518518517 0.007291666666666667
5 1.4449074074074075 0.13932291666666666 0.1287037037037037 0.021354166666666667
5 1.050462962962963 0.13541666666666666 0.049074074074074076 0.009375
3 0.05324074074074074 0.1453125 0.03796296296296296 0.008333333333333333
3 0.1277777777777778 0.13958333333333334 0.040740740740740744 0.008333333333333333
3 0.1685185185185185 0.13723958333333333 0.03518518518518519 0.0067708333333333336
5 0.062037037037037036 0.13151041666666666 0.05 0.008854166666666666
3 0.10046296296296296 0.12838541666666667 0.032407407407407406 0.0078125
3 0.17314814814814816 0.13567708333333334 0.03518518518518519 0.0078125
3 0.18935185185185185 0.13385416666666666 0.030555555555555558 0.007291666666666667
3 0.20231481481481484 0.1328125 0.026851851851851852 0.007291666666666667
3 0.2199074074074074 0.13203125 0.028703703703703703 0.0067708333333333336
5 0.33935185185185185 0.11848958333333333 0.075 0.0140625
3 0.03194444444444445 0.1390625 0.03425925925925926 0.007291666666666667
3 0.04722222222222222 0.13854166666666667 0.03333333333333333 0.007291666666666667
