4 1.611574074074074 0.22161458333333334 0.0638888888888889 0.019270833333333334
3 1.75 0.24583333333333332 0.03333333333333333 0.015625
3 1.7310185185185185 0.23984375 0.062037037037037036 0.018229166666666668
3 1.6958333333333333 0.23671875 0.06018518518518519 0.0171875
4 1.2291666666666667 0.46848958333333335 0.15462962962962964 0.057812499999999996
4 0.9861111111111112 0.44947916666666665 0.09444444444444444 0.057291666666666664
3 0.7680555555555556 0.3442708333333333 0.062037037037037036 0.034375
9 0.900462962962963 0.23958333333333334 0.015740740740740743 0.013541666666666667
4 0.8912037037037037 0.17083333333333334 0.049074074074074076 0.0125
3 0.8083333333333333 0.17083333333333334 0.05 0.010416666666666666
9 0.8601851851851852 0.22682291666666665 0.011111111111111112 0.0109375
3 0.7953703703703704 0.21145833333333333 0.031481481481481485 0.014583333333333334
3 0.7300925925925926 0.2109375 0.030555555555555558 0.013541666666666667
3 0.7796296296296297 0.24166666666666667 0.03888888888888889 0.020833333333333332
3 0.674537037037037 0.209375 0.032407407407407406 0.015625
3 0.5583333333333333 0.20625 0.031481481481481485 0.015625
3 0.5435185185185185 0.23619791666666667 0.031481481481481485 0.022395833333333334
3 0.750462962962963 0.17083333333333334 0.02314814814814815 0.010416666666666666
8 0.7037037037037037 0.17317708333333334 0.044444444444444446 0.028645833333333332
4 0.674537037037037 0.15963541666666667 0.02314814814814815 0.011979166666666666
4 0.6597222222222222 0.146875 0.017592592592592594 0.010416666666666666
4 0.6231481481481481 0.15078125 0.018518518518518517 0.0109375
3 0.5666666666666667 0.14609375 0.016666666666666666 0.0078125
3 0.5449074074074074 0.14088541666666665 0.017592592592592594 0.008854166666666666
3 0.5287037037037037 0.13385416666666666 0.018518518518518517 0.008333333333333333
3 0.5189814814814815 0.12734375 0.015740740740740743 0.005729166666666666
3 0.4939814814814815 0.12447916666666667 0.01388888888888889 0.00625
3 0.48194444444444445 0.11822916666666666 0.015740740740740743 0.005208333333333333
3 0.49722222222222223 0.11223958333333334 0.014814814814814815 0.0046875
3 0.4990740740740741 0.11770833333333333 0.014814814814814815 0.005208333333333333
3 0.5162037037037037 0.11302083333333333 0.01388888888888889 0.004166666666666667
3 0.5162037037037037 0.11770833333333333 0.015740740740740743 0.005208333333333333
3 0.5185185185185185 0.12213541666666666 0.014814814814814815 0.005729166666666666
3 0.5375 0.11796875 0.015740740740740743 0.005729166666666666
3 0.5541666666666667 0.11666666666666667 0.015740740740740743 0.005208333333333333
4 0.562962962962963 0.12239583333333333 0.014814814814814815 0.008333333333333333
4 0.5967592592592593 0.13359375 0.019444444444444445 0.0109375
4 0.611574074074074 0.12526041666666665 0.010185185185185186 0.0067708333333333336
3 0.6222222222222222 0.13359375 0.016666666666666666 0.0067708333333333336
3 0.6189814814814815 0.12942708333333333 0.01388888888888889 0.005729166666666666
4 1.363425925925926 0.19114583333333332 0.049074074074074076 0.017708333333333333
