3 1.486574074074074 0.5145833333333333 0.1287037037037037 0.08333333333333333
3 1.4194444444444445 0.43515624999999997 0.11666666666666667 0.057812499999999996
3 1.3726851851851853 0.3546875 0.08055555555555556 0.05
3 1.3101851851851853 0.31197916666666664 0.08148148148148149 0.041666666666666664
5 0.9703703703703704 0.18958333333333333 0.0462962962962963 0.03854166666666667
5 1.0921296296296297 0.17083333333333334 0.05092592592592593 0.03229166666666666
5 1.087037037037037 0.14713541666666666 0.06851851851851852 0.0234375
5 1.0782407407407408 0.1265625 0.05648148148148149 0.01875
5 1.063425925925926 0.11979166666666667 0.07314814814814816 0.01875
5 0.9287037037037037 0.15130208333333334 0.08518518518518518 0.021354166666666667
5 0.9203703703703704 0.1421875 0.07592592592592592 0.02395833333333333
5 0.925 0.13880208333333333 0.0925925925925926 0.0265625
5 0.9268518518518519 0.12473958333333333 0.061111111111111116 0.019270833333333334
5 0.9476851851851852 0.11640625 0.021296296296296296 0.0171875
5 1.000925925925926 0.09557291666666666 0.016666666666666666 0.013020833333333334
1 0.9180555555555556 0.26510416666666664 0.021296296296296296 0.014583333333333334
6 1.0398148148148147 0.16614583333333333 0.014814814814814815 0.014583333333333334
4 0.9462962962962963 0.10260416666666666 0.016666666666666666 0.010416666666666666
5 0.9393518518518519 0.09453125 0.05648148148148149 0.015104166666666667
3 0.9185185185185185 0.10390624999999999 0.022222222222222223 0.0109375
5 0.9615740740740741 0.08046875 0.017592592592592594 0.011979166666666666
3 0.9745370370370371 0.055989583333333336 0.012037037037037037 0.0067708333333333336
4 1.011111111111111 0.07369791666666667 0.02592592592592593 0.0078125
5 1.0412037037037039 0.09375 0.05277777777777778 0.011458333333333333
4 0.9953703703703705 0.06640625 0.012962962962962964 0.0067708333333333336
3 0.9592592592592593 0.0390625 0.009259259259259259 0.004166666666666667
1 0.8805555555555555 0.35390625 0.024074074074074074 0.0140625
1 0.8921296296296297 0.3286458333333333 0.02314814814814815 0.0125
1 0.9777777777777779 0.33489583333333334 0.018518518518518517 0.015625
1 0.9851851851851853 0.32916666666666666 0.012962962962962964 0.014583333333333334
