3 0.7026143790849673 0.5183823529411765 0.11633986928104574 0.08676470588235294
3 0.4620915032679738 0.4860294117647059 0.21045751633986925 0.054411764705882354
4 0.11503267973856209 0.5330882352941176 0.20392156862745098 0.057352941176470586
3 0.130718954248366 0.5033088235294118 0.14640522875816991 0.06544117647058824
3 0.052941176470588235 0.4547794117647059 0.10849673202614378 0.05514705882352941
9 0.052941176470588235 0.47352941176470587 0.0718954248366013 0.026470588235294117
9 0.027450980392156862 0.4974264705882353 0.05751633986928104 0.03161764705882353
3 0.5032679738562091 0.43786764705882353 0.16732026143790849 0.04926470588235294
3 0.04183006535947712 0.325 0.08627450980392157 0.047058823529411764
3 0.05947712418300653 0.2801470588235294 0.11895424836601307 0.029411764705882353
3 0.134640522875817 0.3136029411764706 0.08366013071895424 0.04485294117647059
3 0.5281045751633987 0.3764705882352941 0.1568627450980392 0.0661764705882353
3 0.6013071895424836 0.32536764705882354 0.06274509803921569 0.05367647058823529
3 0.6013071895424836 0.4099264705882353 0.07581699346405228 0.05955882352941176
3 0.3326797385620915 0.25220588235294117 0.11633986928104574 0.029411764705882353
6 0.13202614379084968 0.21066176470588235 0.05751633986928104 0.025735294117647058
1 0.24771241830065358 0.22169117647058822 0.01437908496732026 0.011029411764705881
3 0.49084967320261436 0.23676470588235293 0.11633986928104574 0.026470588235294117
2 0.5300653594771242 0.21948529411764706 0.01699346405228758 0.019852941176470587
9 0.5352941176470588 0.2036764705882353 0.01437908496732026 0.01764705882352941
4 0.592156862745098 0.21838235294117647 0.0522875816993464 0.03529411764705882
9 0.6444444444444444 0.2150735294117647 0.03137254901960784 0.021323529411764706
3 0.6895424836601307 0.23161764705882354 0.050980392156862744 0.030882352941176472
3 0.7352941176470588 0.22058823529411764 0.0457516339869281 0.029411764705882353
2 0.6771241830065359 0.2099264705882353 0.02875816993464052 0.013970588235294117
9 0.7836601307189542 0.20294117647058824 0.04052287581699346 0.014705882352941176
1 0.8503267973856209 0.20404411764705882 0.01699346405228758 0.0125
1 0.8836601307189542 0.18566176470588236 0.01045751633986928 0.013970588235294117
3 0.8444444444444443 0.2599264705882353 0.11241830065359476 0.028676470588235293
2 0.6483660130718953 0.3220588235294118 0.01830065359477124 0.020588235294117647
1 0.6816993464052287 0.30477941176470585 0.0196078431372549 0.01838235294117647
9 0.6823529411764705 0.3084558823529412 0.02091503267973856 0.015441176470588236
9 0.6915032679738562 0.29044117647058826 0.03660130718954248 0.01911764705882353
1 0.6934640522875817 0.2863970588235294 0.0196078431372549 0.019852941176470587
4 0.9562091503267973 0.23713235294117646 0.11895424836601307 0.03308823529411765
3 1.0875816993464051 0.23933823529411766 0.1045751633986928 0.025735294117647058
9 0.9673202614379084 0.20919117647058824 0.03660130718954248 0.015441176470588236
9 0.9372549019607842 0.21801470588235294 0.03137254901960784 0.0125
2 1.0398692810457515 0.20735294117647057 0.04052287581699346 0.013235294117647059
9 1.0941176470588234 0.21286764705882352 0.01045751633986928 0.016911764705882352
9 1.137908496732026 0.2150735294117647 0.011764705882352941 0.015441176470588236
2 1.1372549019607843 0.20845588235294119 0.03660130718954248 0.0125
3 0.9627450980392156 0.3224264705882353 0.07450980392156863 0.04044117647058824
3 1.2196078431372548 0.2426470588235294 0.10980392156862745 0.025
1 1.287581699346405 0.2113970588235294 0.02091503267973856 0.015441176470588236
1 1.3143790849673203 0.2113970588235294 0.011764705882352941 0.011029411764705881
9 1.377124183006536 0.23051470588235293 0.01437908496732026 0.01838235294117647
2 1.4405228758169935 0.2150735294117647 0.03660130718954248 0.0125
9 1.5333333333333332 0.22352941176470587 0.0130718954248366 0.01764705882352941
9 1.5464052287581698 0.21985294117647058 0.0130718954248366 0.01764705882352941
6 1.6052287581699345 0.24375 0.08627450980392157 0.022794117647058822
9 1.7 0.24595588235294116 0.043137254901960784 0.013970588235294117
9 1.6627450980392156 0.23455882352941176 0.0130718954248366 0.01764705882352941
6 1.1483660130718953 0.3058823529411765 0.09019607843137255 0.020588235294117647
3 1.1117647058823528 0.33713235294117644 0.0718954248366013 0.04926470588235294
3 1.1137254901960782 0.3886029411764706 0.07320261437908496 0.05220588235294118
3 0.9254901960784313 0.4051470588235294 0.07320261437908496 0.060294117647058824
3 1.0627450980392157 0.4602941176470588 0.07581699346405228 0.06470588235294117
3 1.1934640522875817 0.4319852941176471 0.1568627450980392 0.04338235294117647
3 1.1601307189542482 0.5036764705882353 0.08235294117647059 0.07794117647058824
4 1.172549019607843 0.5529411764705883 0.08366013071895424 0.01764705882352941
3 1.515032679738562 0.3356617647058823 0.08888888888888888 0.05073529411764706
4 1.2490196078431373 0.34448529411764706 0.10065359477124182 0.06102941176470588
3 1.3235294117647058 0.33088235294117646 0.10326797385620914 0.055882352941176466
3 1.4013071895424836 0.3338235294117647 0.1045751633986928 0.05
4 1.6549019607843136 0.31580882352941175 0.13333333333333333 0.05367647058823529
1 0.01699346405228758 0.20477941176470588 0.02091503267973856 0.01838235294117647
