5 1.1699346405228757 0.5316176470588235 0.10196078431372549 0.060294117647058824
3 0.9692810457516339 0.46249999999999997 0.06405228758169934 0.061764705882352944
3 1.0444444444444443 0.3838235294117647 0.0522875816993464 0.044117647058823525
3 0.765359477124183 0.33455882352941174 0.04836601307189542 0.041176470588235294
3 1.0320261437908496 0.29558823529411765 0.04836601307189542 0.03676470588235294
3 0.9771241830065359 0.2838235294117647 0.043137254901960784 0.032352941176470584
3 0.7758169934640522 0.27647058823529413 0.043137254901960784 0.032352941176470584
3 1.0222222222222221 0.2363970588235294 0.04183006535947712 0.030147058823529412
3 1.0019607843137255 0.2025735294117647 0.03790849673202614 0.025735294117647058
3 0.9464052287581699 0.19191176470588234 0.03398692810457516 0.025
3 0.9549019607843137 0.16286764705882353 0.03529411764705882 0.021323529411764706
3 0.9398692810457515 0.1386029411764706 0.03398692810457516 0.021323529411764706
3 0.8797385620915033 0.08125 0.02875816993464052 0.01838235294117647
3 0.892156862745098 0.057352941176470586 0.02483660130718954 0.016176470588235292
4 0.9503267973856209 0.11911764705882352 0.02875816993464052 0.022058823529411763
3 0.937908496732026 0.10477941176470588 0.03006535947712418 0.01838235294117647
3 0.9307189542483659 0.08823529411764705 0.0261437908496732 0.014705882352941176
3 0.9287581699346404 0.06066176470588235 0.02483660130718954 0.013970588235294117
4 0.9352941176470587 0.07205882352941176 0.02483660130718954 0.020588235294117647
4 0.9830065359477124 0.06875 0.023529411764705882 0.016911764705882352
3 0.9692810457516339 0.05698529411764706 0.02483660130718954 0.013970588235294117
3 0.9633986928104574 0.04742647058823529 0.023529411764705882 0.013970588235294117
5 0.9326797385620914 0.04742647058823529 0.02222222222222222 0.01838235294117647
4 0.9980392156862744 0.17610294117647057 0.0326797385620915 0.028676470588235293
8 1.0013071895424837 0.13823529411764707 0.054901960784313725 0.057352941176470586
8 0.9875816993464052 0.09632352941176471 0.050980392156862744 0.044117647058823525
3 0.9830065359477124 0.015808823529411764 0.04967320261437908 0.013970588235294117
4 0.41045751633986927 0.53125 0.16732026143790849 0.05367647058823529
3 0.44509803921568625 0.49411764705882355 0.15555555555555556 0.03676470588235294
3 0.46993464052287576 0.45845588235294116 0.15555555555555556 0.03455882352941177
3 0.5509803921568627 0.35 0.134640522875817 0.029411764705882353
3 0.5588235294117647 0.3290441176470588 0.1241830065359477 0.027205882352941177
3 0.5738562091503268 0.31213235294117647 0.12287581699346405 0.028676470588235293
3 0.1980392156862745 0.38933823529411765 0.1241830065359477 0.03161764705882353
3 0.23006535947712417 0.3639705882352941 0.11764705882352941 0.029411764705882353
3 0.26274509803921564 0.33933823529411766 0.12026143790849672 0.03161764705882353
3 0.29346405228758166 0.27242647058823527 0.06928104575163398 0.03897058823529412
3 0.17124183006535945 0.27205882352941174 0.06274509803921569 0.039705882352941174
4 0.22941176470588234 0.2698529411764706 0.06928104575163398 0.03823529411764706
4 0.665359477124183 0.14485294117647057 0.08104575163398692 0.022058823529411763
3 0.4967320261437908 0.15110294117647058 0.07058823529411765 0.01838235294117647
5 0.37385620915032675 0.14669117647058824 0.11241830065359476 0.027205882352941177
3 0.8385620915032679 0.004779411764705883 0.0457516339869281 0.009558823529411765
3 0.7699346405228757 0.008823529411764706 0.04444444444444444 0.010294117647058823
3 0.6875816993464052 0.01911764705882353 0.04444444444444444 0.011764705882352941
3 0.6692810457516339 0.015808823529411764 0.04183006535947712 0.011029411764705881
5 0.676470588235294 0.01213235294117647 0.050980392156862744 0.011029411764705881
3 0.6176470588235293 0.020588235294117647 0.04836601307189542 0.010294117647058823
3 0.6084967320261437 0.015808823529411764 0.04836601307189542 0.011029411764705881
3 0.545751633986928 0.022058823529411763 0.050980392156862744 0.010294117647058823
3 0.5431372549019607 0.016176470588235292 0.0457516339869281 0.011764705882352941
3 0.4810457516339869 0.022794117647058822 0.047058823529411764 0.010294117647058823
3 0.44771241830065356 0.014705882352941176 0.0457516339869281 0.010294117647058823
3 0.4084967320261438 0.023529411764705882 0.05359477124183006 0.011764705882352941
3 0.33921568627450976 0.015808823529411764 0.05359477124183006 0.011029411764705881
3 0.2241830065359477 0.016176470588235292 0.050980392156862744 0.010294117647058823
4 0.7248366013071895 0.22830882352941176 0.05359477124183006 0.0375
1 0.7333333333333333 0.1411764705882353 0.01045751633986928 0.011764705882352941
3 0.07777777777777778 0.01948529411764706 0.05620915032679738 0.0125
3 0.01699346405228758 0.019852941176470587 0.03660130718954248 0.011764705882352941
