3 0.5542483660130718 0.3926470588235294 0.12549019607843137 0.09558823529411764
3 0.7562091503267974 0.4536764705882353 0.18431372549019606 0.10147058823529412
3 0.8823529411764706 0.5378676470588235 0.1803921568627451 0.04779411764705882
3 1.5032679738562091 0.3069852941176471 0.19346405228758168 0.04779411764705882
3 1.5202614379084967 0.3426470588235294 0.20130718954248364 0.051470588235294115
3 1.7287581699346404 0.3286764705882353 0.09542483660130718 0.045588235294117645
3 0.6261437908496732 0.22205882352941175 0.06274509803921569 0.04264705882352941
3 0.8745098039215685 0.20220588235294118 0.065359477124183 0.033823529411764704
3 0.5810457516339869 0.12536764705882353 0.0457516339869281 0.02426470588235294
4 0.6215686274509804 0.08786764705882352 0.03006535947712418 0.01838235294117647
3 0.6986928104575163 0.06948529411764706 0.03790849673202614 0.01838235294117647
3 0.7071895424836601 0.0849264705882353 0.03660130718954248 0.019852941176470587
3 0.565359477124183 0.07022058823529412 0.03006535947712418 0.01838235294117647
3 0.4562091503267974 0.11102941176470588 0.08104575163398692 0.01911764705882353
4 0.538562091503268 0.09338235294117647 0.03398692810457516 0.023529411764705882
3 0.47777777777777775 0.08639705882352941 0.0718954248366013 0.019852941176470587
4 0.5143790849673202 0.06875 0.03006535947712418 0.027205882352941177
3 0.4836601307189542 0.0400735294117647 0.05751633986928104 0.013970588235294117
3 0.5065359477124183 0.045588235294117645 0.05359477124183006 0.011764705882352941
3 0.5862745098039215 0.03272058823529412 0.02222222222222222 0.0125
4 0.9490196078431372 0.1827205882352941 0.08888888888888888 0.030147058823529412
3 0.949673202614379 0.1602941176470588 0.10588235294117647 0.025
3 0.9633986928104574 0.1514705882352941 0.0915032679738562 0.023529411764705882
3 0.9143790849673202 0.14191176470588235 0.08758169934640522 0.022058823529411763
3 0.8810457516339869 0.1375 0.08104575163398692 0.022058823529411763
3 0.8627450980392156 0.12389705882352942 0.08888888888888888 0.019852941176470587
3 0.8732026143790849 0.10882352941176471 0.08104575163398692 0.020588235294117647
3 0.8522875816993464 0.09595588235294117 0.08366013071895424 0.016911764705882352
3 0.826797385620915 0.09117647058823529 0.06928104575163398 0.014705882352941176
3 1.4437908496732026 0.25441176470588234 0.15816993464052287 0.032352941176470584
4 1.7183006535947711 0.2529411764705882 0.11633986928104574 0.044117647058823525
1 0.14444444444444443 0.33602941176470585 0.03790849673202614 0.03676470588235294
9 0.14313725490196078 0.34411764705882353 0.09019607843137255 0.025
1 1.2836601307189541 0.33051470588235293 0.02875816993464052 0.0375
1 1.307843137254902 0.3297794117647059 0.02483660130718954 0.03161764705882353
9 1.2784313725490195 0.33345588235294116 0.06274509803921569 0.027205882352941177
1 1.2640522875816993 0.30919117647058825 0.02875816993464052 0.025735294117647058
1 1.2810457516339868 0.3069852941176471 0.02091503267973856 0.028676470588235293
9 1.2627450980392156 0.31985294117647056 0.07320261437908496 0.023529411764705882
1 0.8261437908496732 0.20955882352941177 0.023529411764705882 0.026470588235294117
2 0.826797385620915 0.2172794117647059 0.01699346405228758 0.02426470588235294
1 0.8039215686274509 0.19080882352941175 0.02091503267973856 0.021323529411764706
9 0.8026143790849672 0.19816176470588234 0.02091503267973856 0.016911764705882352
3 0.8137254901960784 0.07279411764705883 0.04836601307189542 0.014705882352941176
3 0.7888888888888889 0.05698529411764706 0.04836601307189542 0.0125
3 0.7686274509803921 0.047058823529411764 0.0522875816993464 0.011764705882352941
3 0.7424836601307189 0.03529411764705882 0.04444444444444444 0.011764705882352941
3 0.7450980392156862 0.02389705882352941 0.03398692810457516 0.008088235294117646
3 0.7359477124183006 0.02426470588235294 0.0392156862745098 0.008823529411764706
3 0.7137254901960783 0.022794117647058822 0.03660130718954248 0.008823529411764706
4 0.6562091503267974 0.01875 0.01568627450980392 0.011029411764705881
3 0.6281045751633987 0.019852941176470587 0.01699346405228758 0.010294117647058823
3 0.5509803921568627 0.033455882352941176 0.03790849673202614 0.011029411764705881
1 0.5869281045751633 0.15919117647058822 0.01568627450980392 0.01838235294117647
9 0.5875816993464051 0.1650735294117647 0.011764705882352941 0.01838235294117647
1 0.5986928104575163 0.052573529411764706 0.01045751633986928 0.011029411764705881
9 0.5986928104575163 0.05551470588235294 0.00784313725490196 0.009558823529411765
1 0.6464052287581699 0.07205882352941176 0.011764705882352941 0.010294117647058823
9 0.6470588235294117 0.07536764705882353 0.0130718954248366 0.009558823529411765
1 0.7104575163398692 0.055882352941176466 0.00915032679738562 0.010294117647058823
2 0.7104575163398692 0.058823529411764705 0.00915032679738562 0.010294117647058823
1 0.922875816993464 0.08713235294117647 0.01568627450980392 0.009558823529411765
