1 1.0241830065359476 0.5488970588235293 0.011764705882352941 0.016911764705882352
3 0.7895424836601307 0.5352941176470588 0.0915032679738562 0.052941176470588235
3 0.7999999999999999 0.36213235294117646 0.0522875816993464 0.03897058823529412
3 1.5549019607843135 0.4988970588235294 0.134640522875817 0.05367647058823529
3 1.7183006535947711 0.4051470588235294 0.11633986928104574 0.033823529411764704
5 1.4104575163398692 0.4411764705882353 0.2196078431372549 0.07058823529411765
3 1.1777777777777776 0.42205882352941176 0.08366013071895424 0.03823529411764706
1 1.5026143790849673 0.4088235294117647 0.02483660130718954 0.022058823529411763
6 1.5163398692810457 0.4161764705882353 0.09411764705882353 0.025
3 1.745751633986928 0.32426470588235295 0.058823529411764705 0.03529411764705882
3 1.75359477124183 0.36580882352941174 0.0457516339869281 0.025735294117647058
3 1.7248366013071894 0.37169117647058825 0.10065359477124182 0.03455882352941177
3 1.6483660130718953 0.36323529411764705 0.0915032679738562 0.030882352941176472
3 1.6810457516339867 0.3191176470588235 0.06274509803921569 0.027941176470588233
3 1.6124183006535946 0.31066176470588236 0.06405228758169934 0.02426470588235294
3 1.556862745098039 0.3044117647058823 0.05751633986928104 0.023529411764705882
3 1.4960784313725488 0.2985294117647059 0.06928104575163398 0.025
1 1.476470588235294 0.2867647058823529 0.01699346405228758 0.011764705882352941
1 1.2784313725490195 0.3636029411764706 0.02091503267973856 0.016911764705882352
9 1.276470588235294 0.36838235294117644 0.027450980392156862 0.01911764705882353
3 1.1045751633986927 0.3055147058823529 0.04967320261437908 0.021323529411764706
1 0.1718954248366013 0.5433823529411764 0.0326797385620915 0.030882352941176472
1 0.18692810457516337 0.5378676470588235 0.0522875816993464 0.02426470588235294
2 0.0869281045751634 0.46838235294117647 0.058823529411764705 0.020588235294117647
9 0.1411764705882353 0.46397058823529413 0.06013071895424836 0.023529411764705882
3 0.14052287581699346 0.45073529411764707 0.14248366013071895 0.039705882352941174
3 0.16666666666666666 0.4349264705882353 0.12679738562091503 0.03455882352941177
3 0.1915032679738562 0.4198529411764706 0.1111111111111111 0.033823529411764704
3 0.20849673202614377 0.4073529411764706 0.10326797385620914 0.030882352941176472
6 0.22549019607843135 0.3926470588235294 0.1111111111111111 0.029411764705882353
5 0.24771241830065358 0.3790441176470588 0.11372549019607843 0.030147058823529412
5 0.26862745098039215 0.36838235294117644 0.10588235294117647 0.032352941176470584
5 0.2941176470588235 0.3551470588235294 0.10980392156862745 0.032352941176470584
3 0.44771241830065356 0.3503676470588235 0.12156862745098039 0.025735294117647058
3 0.4725490196078431 0.3264705882352941 0.1111111111111111 0.025
1 0.41764705882352937 0.30919117647058825 0.01437908496732026 0.021323529411764706
3 0.5287581699346405 0.2867647058823529 0.08758169934640522 0.023529411764705882
3 0.7215686274509804 0.275 0.0392156862745098 0.022058823529411763
3 0.7816993464052288 0.28198529411764706 0.0392156862745098 0.022794117647058822
3 0.8509803921568627 0.3 0.04444444444444444 0.027941176470588233
3 0.5862745098039215 0.25441176470588234 0.07712418300653594 0.016176470588235292
3 0.5620915032679739 0.24044117647058824 0.07320261437908496 0.016176470588235292
2 0.6071895424836601 0.23198529411764707 0.027450980392156862 0.009558823529411765
2 0.4784313725490196 0.23713235294117646 0.01568627450980392 0.006617647058823529
9 0.492156862745098 0.24448529411764705 0.00915032679738562 0.011029411764705881
9 0.5052287581699346 0.23529411764705882 0.02222222222222222 0.007352941176470588
9 0.5673202614379085 0.22316176470588234 0.023529411764705882 0.006617647058823529
3 0.837908496732026 0.25036764705882353 0.03398692810457516 0.019852941176470587
3 0.8078431372549019 0.23419117647058824 0.03398692810457516 0.016911764705882352
3 1.5019607843137255 0.38235294117647056 0.13856209150326795 0.029411764705882353
3 1.465359477124183 0.3654411764705882 0.12287581699346405 0.029411764705882353
3 1.4411764705882353 0.3536764705882353 0.12156862745098039 0.023529411764705882
3 1.4176470588235293 0.3426470588235294 0.11895424836601307 0.023529411764705882
3 1.392156862745098 0.3297794117647059 0.1045751633986928 0.022794117647058822
3 1.356862745098039 0.3180147058823529 0.09673202614379084 0.027205882352941177
3 1.3202614379084967 0.31029411764705883 0.09411764705882353 0.022058823529411763
3 1.292156862745098 0.30183823529411763 0.09542483660130718 0.021323529411764706
3 1.2732026143790849 0.2878676470588235 0.10196078431372549 0.022794117647058822
3 1.099346405228758 0.25183823529411764 0.03398692810457516 0.01838235294117647
3 1.2666666666666666 0.2801470588235294 0.08888888888888888 0.01764705882352941
4 1.2594771241830065 0.27058823529411763 0.07712418300653594 0.01764705882352941
1 1.2699346405228757 0.26433823529411765 0.011764705882352941 0.013970588235294117
3 1.2326797385620913 0.2636029411764706 0.09411764705882353 0.02426470588235294
1 1.356862745098039 0.24926470588235294 0.00784313725490196 0.007352941176470588
1 1.3516339869281044 0.24779411764705883 0.01045751633986928 0.008823529411764706
3 1.2156862745098038 0.2613970588235294 0.0784313725490196 0.015441176470588236
3 1.1980392156862745 0.25588235294117645 0.06928104575163398 0.013235294117647059
3 1.1967320261437908 0.25073529411764706 0.06405228758169934 0.014705882352941176
2 1.2712418300653594 0.22463235294117648 0.00915032679738562 0.008088235294117646
3 1.2470588235294118 0.22426470588235295 0.0392156862745098 0.013235294117647059
2 1.1039215686274508 0.23124999999999998 0.00915032679738562 0.008088235294117646
1 1.0666666666666667 0.24154411764705883 0.01568627450980392 0.013970588235294117
9 1.0673202614379085 0.24411764705882352 0.011764705882352941 0.010294117647058823
4 1.1816993464052288 0.23419117647058824 0.06274509803921569 0.016911764705882352
3 1.149673202614379 0.23124999999999998 0.06143790849673202 0.013970588235294117
3 1.1437908496732025 0.22463235294117648 0.06274509803921569 0.0125
3 1.1372549019607843 0.22058823529411764 0.06274509803921569 0.013235294117647059
3 1.1869281045751634 0.18161764705882352 0.054901960784313725 0.010294117647058823
3 1.1372549019607843 0.19338235294117648 0.0522875816993464 0.010294117647058823
3 1.077124183006536 0.20477941176470588 0.05751633986928104 0.011029411764705881
3 1.0745098039215686 0.20183823529411765 0.0522875816993464 0.0125
1 1.011111111111111 0.20330882352941176 0.00915032679738562 0.008088235294117646
9 1.011111111111111 0.2051470588235294 0.00915032679738562 0.007352941176470588
4 1.026143790849673 0.19816176470588234 0.04444444444444444 0.0125
3 1.0392156862745097 0.19705882352941176 0.04183006535947712 0.010294117647058823
3 1.0790849673202614 0.19044117647058822 0.027450980392156862 0.011764705882352941
3 1.111111111111111 0.1900735294117647 0.03137254901960784 0.0125
4 1.0986928104575162 0.18639705882352942 0.03790849673202614 0.011029411764705881
9 1.1176470588235294 0.18088235294117647 0.01568627450980392 0.0058823529411764705
9 1.0712418300653594 0.1625 0.01437908496732026 0.004411764705882353
3 1.026797385620915 0.18125 0.03006535947712418 0.009558823529411765
3 1.0196078431372548 0.15735294117647058 0.03398692810457516 0.007352941176470588
3 0.988235294117647 0.1525735294117647 0.03137254901960784 0.006617647058823529
3 0.7836601307189542 0.20661764705882352 0.02483660130718954 0.013235294117647059
3 0.6771241830065359 0.2 0.0261437908496732 0.014705882352941176
3 0.776470588235294 0.16801470588235293 0.01568627450980392 0.009558823529411765
3 0.8437908496732025 0.16176470588235295 0.01699346405228758 0.007352941176470588
3 0.8771241830065359 0.1650735294117647 0.01830065359477124 0.008088235294117646
3 0.684313725490196 0.18676470588235294 0.02222222222222222 0.011764705882352941
3 0.6875816993464052 0.18308823529411763 0.01830065359477124 0.010294117647058823
3 0.6790849673202614 0.17941176470588235 0.04052287581699346 0.010294117647058823
3 0.6882352941176471 0.17352941176470588 0.04052287581699346 0.010294117647058823
3 0.7091503267973855 0.17095588235294118 0.02222222222222222 0.009558823529411765
3 0.6836601307189542 0.1610294117647059 0.03398692810457516 0.007352941176470588
5 0.7117647058823529 0.1547794117647059 0.02483660130718954 0.0125
3 0.6797385620915032 0.13823529411764707 0.02875816993464052 0.0058823529411764705
3 0.7751633986928104 0.15514705882352942 0.01568627450980392 0.008823529411764706
3 0.7758169934640522 0.14558823529411766 0.01437908496732026 0.007352941176470588
3 0.7686274509803921 0.13713235294117646 0.0130718954248366 0.006617647058823529
1 0.7385620915032679 0.15441176470588236 0.00522875816993464 0.004411764705882353
9 0.7385620915032679 0.15551470588235294 0.00522875816993464 0.005147058823529412
3 0.7254901960784313 0.1375 0.0130718954248366 0.007352941176470588
4 0.7633986928104575 0.125 0.00784313725490196 0.0058823529411764705
3 0.757516339869281 0.13161764705882353 0.011764705882352941 0.0058823529411764705
4 0.7104575163398692 0.13970588235294118 0.02222222222222222 0.0058823529411764705
3 0.6954248366013072 0.1349264705882353 0.02875816993464052 0.005147058823529412
3 0.6875816993464052 0.13345588235294117 0.02875816993464052 0.005147058823529412
3 0.7032679738562091 0.10625 0.00784313725490196 0.003676470588235294
6 0.7999999999999999 0.14227941176470588 0.00784313725490196 0.005147058823529412
1 0.7450980392156862 0.12426470588235294 0.00261437908496732 0.0029411764705882353
9 0.745751633986928 0.12536764705882353 0.00392156862745098 0.003676470588235294
3 0.7392156862745097 0.11911764705882352 0.00915032679738562 0.004411764705882353
3 0.7450980392156862 0.1113970588235294 0.00784313725490196 0.003676470588235294
3 0.7483660130718953 0.11213235294117647 0.00915032679738562 0.003676470588235294
4 0.7718954248366012 0.10919117647058824 0.01699346405228758 0.003676470588235294
3 0.7633986928104575 0.10698529411764705 0.00784313725490196 0.003676470588235294
3 0.8163398692810457 0.10147058823529412 0.0065359477124183 0.0029411764705882353
3 0.8039215686274509 0.11176470588235293 0.00784313725490196 0.004411764705882353
3 0.8385620915032679 0.11764705882352941 0.00915032679738562 0.004411764705882353
3 0.8163398692810457 0.12536764705882353 0.00915032679738562 0.005147058823529412
3 0.8241830065359477 0.13308823529411765 0.011764705882352941 0.0058823529411764705
3 0.8294117647058823 0.14044117647058824 0.011764705882352941 0.007352941176470588
3 0.8372549019607842 0.15220588235294116 0.01437908496732026 0.007352941176470588
3 0.8980392156862744 0.1838235294117647 0.02091503267973856 0.010294117647058823
1 0.9777777777777777 0.18860294117647058 0.00784313725490196 0.009558823529411765
1 0.9901960784313725 0.18933823529411764 0.0065359477124183 0.009558823529411765
1 0.9862745098039215 0.1900735294117647 0.00392156862745098 0.006617647058823529
9 0.9771241830065359 0.19080882352941175 0.011764705882352941 0.006617647058823529
9 0.9895424836601306 0.19117647058823528 0.0130718954248366 0.0058823529411764705
3 0.9705882352941175 0.1801470588235294 0.02222222222222222 0.010294117647058823
3 0.9620915032679738 0.17573529411764705 0.02091503267973856 0.008823529411764706
3 0.9549019607843137 0.16838235294117646 0.011764705882352941 0.007352941176470588
4 0.9418300653594771 0.1636029411764706 0.01699346405228758 0.009558823529411765
4 0.9366013071895424 0.15955882352941175 0.01699346405228758 0.008823529411764706
3 0.957516339869281 0.15073529411764705 0.0196078431372549 0.0058823529411764705
3 0.949673202614379 0.14816176470588235 0.03006535947712418 0.006617647058823529
3 0.9457516339869281 0.14227941176470588 0.02483660130718954 0.005147058823529412
5 0.9522875816993464 0.14154411764705882 0.02222222222222222 0.011029411764705881
2 0.9065359477124182 0.15183823529411763 0.00392156862745098 0.005147058823529412
1 0.9065359477124182 0.15110294117647058 0.00392156862745098 0.006617647058823529
3 0.9405228758169935 0.13933823529411765 0.02483660130718954 0.005147058823529412
3 0.9359477124183005 0.1386029411764706 0.0261437908496732 0.005147058823529412
9 0.8732026143790849 0.14411764705882352 0.00522875816993464 0.004411764705882353
1 0.8738562091503267 0.14338235294117646 0.00392156862745098 0.0058823529411764705
4 0.9235294117647058 0.1150735294117647 0.0196078431372549 0.005147058823529412
3 0.9359477124183005 0.12426470588235294 0.01045751633986928 0.004411764705882353
1 0.8581699346405228 0.12426470588235294 0.00392156862745098 0.0029411764705882353
9 0.8581699346405228 0.12463235294117647 0.00392156862745098 0.003676470588235294
1 0.8647058823529411 0.1275735294117647 0.00392156862745098 0.003676470588235294
1 0.8679738562091502 0.12941176470588234 0.00261437908496732 0.0029411764705882353
9 0.8647058823529411 0.12830882352941175 0.00392156862745098 0.003676470588235294
9 0.8679738562091502 0.13051470588235295 0.00522875816993464 0.003676470588235294
9 0.8738562091503267 0.12867647058823528 0.00392156862745098 0.0029411764705882353
3 0.9039215686274509 0.14227941176470588 0.01437908496732026 0.006617647058823529
3 0.892156862745098 0.14080882352941176 0.01437908496732026 0.005147058823529412
4 0.8836601307189542 0.13786764705882354 0.01045751633986928 0.005147058823529412
3 0.8784313725490196 0.13198529411764706 0.0130718954248366 0.005147058823529412
