3 0.8124183006535947 0.4536764705882353 0.11633986928104574 0.11911764705882352
3 0.9235294117647058 0.29448529411764707 0.07712418300653594 0.04926470588235294
3 0.9529411764705882 0.1915441176470588 0.05751633986928104 0.03161764705882353
3 0.8777777777777778 0.1602941176470588 0.0457516339869281 0.025
3 0.8058823529411764 0.048161764705882355 0.02483660130718954 0.011029411764705881
3 1.0718954248366013 0.4985294117647059 0.13856209150326795 0.1
4 0.6196078431372548 0.5316176470588235 0.09673202614379084 0.060294117647058824
3 0.46993464052287576 0.13970588235294118 0.0457516339869281 0.025
3 0.8169934640522876 0.03308823529411765 0.02091503267973856 0.010294117647058823
3 0.837908496732026 0.02463235294117647 0.01830065359477124 0.009558823529411765
3 0.8052287581699346 0.021691176470588235 0.02091503267973856 0.011029411764705881
3 0.7235294117647059 0.03051470588235294 0.02222222222222222 0.011029411764705881
3 0.7248366013071895 0.021691176470588235 0.0196078431372549 0.011029411764705881
3 0.9058823529411764 0.007720588235294118 0.01568627450980392 0.009558823529411765
4 0.496078431372549 0.11691176470588235 0.0457516339869281 0.025
9 0.7013071895424836 0.08602941176470588 0.01437908496732026 0.011764705882352941
2 0.5522875816993463 0.11727941176470588 0.01437908496732026 0.013970588235294117
9 0.7071895424836601 0.013602941176470588 0.00784313725490196 0.006617647058823529
9 0.8405228758169934 0.013970588235294117 0.00784313725490196 0.0058823529411764705
2 0.9555555555555555 0.03823529411764706 0.00784313725490196 0.007352941176470588
9 1.073202614379085 0.28125 0.02875816993464052 0.027205882352941177
3 0.526797385620915 0.07095588235294117 0.06797385620915032 0.016911764705882352
3 0.5379084967320261 0.08602941176470588 0.03529411764705882 0.01764705882352941
5 0.5052287581699346 0.09044117647058823 0.06928104575163398 0.01911764705882353
3 0.3483660130718954 0.1547794117647059 0.07973856209150326 0.019852941176470587
3 0.42287581699346405 0.17463235294117646 0.058823529411764705 0.027205882352941177
5 0.08104575163398692 0.26691176470588235 0.15424836601307187 0.033823529411764704
5 0.30196078431372547 0.2529411764705882 0.16732026143790849 0.041176470588235294
