3 0.5675925925925926 0.528125 0.1537037037037037 0.05416666666666667
3 0.14351851851851852 0.503125 0.17592592592592593 0.04791666666666666
3 0.3212962962962963 0.4171875 0.13518518518518519 0.036458333333333336
1 0.13055555555555556 0.4739583333333333 0.031481481481481485 0.01875
9 0.12685185185185185 0.48125 0.05740740740740741 0.025
9 0.3925925925925926 0.4666666666666667 0.07037037037037037 0.027083333333333334
9 0.40370370370370373 0.4796875 0.05185185185185186 0.021875
1 0.29444444444444445 0.471875 0.02962962962962963 0.027083333333333334
1 0.3287037037037037 0.46979166666666666 0.031481481481481485 0.025
9 0.2916666666666667 0.47812499999999997 0.020370370370370372 0.020833333333333332
9 0.3287037037037037 0.47291666666666665 0.031481481481481485 0.01875
4 0.5796296296296296 0.3567708333333333 0.06296296296296297 0.034375
3 0.8453703703703704 0.3223958333333333 0.03888888888888889 0.02395833333333333
1 1.4444444444444444 0.48541666666666666 0.03333333333333333 0.027083333333333334
9 1.4388888888888889 0.4921875 0.08148148148148149 0.028125
9 1.5444444444444445 0.4947916666666667 0.05925925925925926 0.022916666666666665
1 1.549074074074074 0.4890625 0.02777777777777778 0.026041666666666668
1 1.4333333333333333 0.4666666666666667 0.02592592592592593 0.025
1 1.4222222222222223 0.4671875 0.02592592592592593 0.026041666666666668
9 1.4314814814814816 0.47291666666666665 0.06666666666666667 0.022916666666666665
1 1.526851851851852 0.46822916666666664 0.020370370370370372 0.02395833333333333
9 1.5296296296296297 0.4744791666666667 0.05925925925925926 0.02395833333333333
9 1.4851851851851852 0.40260416666666665 0.037037037037037035 0.021875
1 1.137037037037037 0.43385416666666665 0.022222222222222223 0.015625
1 1.1185185185185185 0.43124999999999997 0.018518518518518517 0.016666666666666666
1 0.7083333333333334 0.5057291666666667 0.02777777777777778 0.028125
1 0.7166666666666667 0.5140625 0.02962962962962963 0.02395833333333333
9 0.7074074074074075 0.5125 0.05185185185185186 0.029166666666666667
3 0.9666666666666667 0.29375 0.08148148148148149 0.020833333333333332
4 0.8120370370370371 0.23020833333333332 0.020370370370370372 0.0125
4 0.8564814814814815 0.24427083333333333 0.020370370370370372 0.015625
9 1.362962962962963 0.4322916666666667 0.05185185185185186 0.022916666666666665
1 1.1416666666666666 0.4927083333333333 0.020370370370370372 0.03125
1 1.1555555555555557 0.4921875 0.022222222222222223 0.02395833333333333
9 1.137962962962963 0.4973958333333333 0.05740740740740741 0.019791666666666666
1 1.1333333333333333 0.47604166666666664 0.022222222222222223 0.022916666666666665
9 1.1305555555555555 0.4828125 0.061111111111111116 0.021875
1 1.0898148148148148 0.46770833333333334 0.020370370370370372 0.022916666666666665
9 1.087037037037037 0.4692708333333333 0.04814814814814815 0.019791666666666666
1 0.9398148148148149 0.4328125 0.020370370370370372 0.019791666666666666
9 0.9398148148148149 0.4427083333333333 0.016666666666666666 0.01875
9 0.8916666666666667 0.40208333333333335 0.016666666666666666 0.014583333333333334
1 0.8907407407407407 0.3927083333333333 0.018518518518518517 0.016666666666666666
1 0.8212962962962963 0.3880208333333333 0.016666666666666666 0.015625
1 0.8185185185185185 0.3953125 0.014814814814814815 0.011458333333333333
9 0.8185185185185185 0.3963541666666667 0.014814814814814815 0.017708333333333333
6 1.0416666666666667 0.4166666666666667 0.053703703703703705 0.01875
6 0.9444444444444445 0.37916666666666665 0.05555555555555556 0.020833333333333332
6 0.9101851851851852 0.3208333333333333 0.02777777777777778 0.016666666666666666
9 0.9027777777777778 0.3072916666666667 0.016666666666666666 0.0125
6 0.45833333333333337 0.4432291666666667 0.03888888888888889 0.034375
6 0.5175925925925926 0.43854166666666666 0.05 0.025
1 0.6111111111111112 0.4192708333333333 0.018518518518518517 0.017708333333333333
1 0.6638888888888889 0.4015625 0.024074074074074074 0.011458333333333333
9 0.5175925925925926 0.3703125 0.020370370370370372 0.015625
9 0.5509259259259259 0.37447916666666664 0.024074074074074074 0.017708333333333333
6 0.7351851851851852 0.3578125 0.02962962962962963 0.019791666666666666
1 0.0462962962962963 0.4583333333333333 0.02592592592592593 0.020833333333333332
9 0.750925925925926 0.3234375 0.03888888888888889 0.015625
9 0.7490740740740741 0.2989583333333333 0.024074074074074074 0.014583333333333334
1 0.7657407407407407 0.28229166666666666 0.012962962962962964 0.008333333333333333
6 0.7546296296296297 0.2864583333333333 0.0462962962962963 0.0125
1 0.8314814814814815 0.2552083333333333 0.011111111111111112 0.010416666666666666
1 0.850925925925926 0.26458333333333334 0.009259259259259259 0.010416666666666666
1 0.8851851851851852 0.25885416666666666 0.011111111111111112 0.009375
1 0.8157407407407408 0.2546875 0.009259259259259259 0.009375
