3 1.1222222222222222 0.4947916666666667 0.17777777777777778 0.13333333333333333
5 1.3324074074074075 0.32135416666666666 0.1574074074074074 0.090625
3 0.9092592592592593 0.3645833333333333 0.10370370370370371 0.09375
3 0.6944444444444444 0.21145833333333333 0.07777777777777778 0.06458333333333333
3 0.9453703703703704 0.19166666666666665 0.09074074074074075 0.052083333333333336
3 0.9361111111111111 0.09635416666666667 0.053703703703703705 0.03229166666666666
3 1.0222222222222224 0.134375 0.08148148148148149 0.041666666666666664
3 1.0351851851851852 0.03697916666666667 0.04814814814814815 0.02395833333333333
3 0.8333333333333334 0.034375 0.040740740740740744 0.022916666666666665
3 0.8435185185185186 0.009895833333333333 0.03888888888888889 0.019791666666666666
3 0.6638888888888889 0.026041666666666668 0.05740740740740741 0.03333333333333333
4 0.5712962962962963 0.0067708333333333336 0.03888888888888889 0.015625
3 0.3212962962962963 0.14375 0.1462962962962963 0.035416666666666666
1 1.2351851851851852 0.25364583333333335 0.03333333333333333 0.030208333333333334
4 1.1240740740740742 0.0078125 0.07777777777777778 0.017708333333333333
3 1.238888888888889 0.04895833333333333 0.07037037037037037 0.03125
5 1.3185185185185186 0.050520833333333334 0.07777777777777778 0.030208333333333334
3 1.4212962962962963 0.04895833333333333 0.08333333333333334 0.025
3 1.489814814814815 0.044270833333333336 0.08333333333333334 0.028125
3 1.5648148148148149 0.0484375 0.08148148148148149 0.030208333333333334
3 1.3981481481481481 0.109375 0.12222222222222223 0.04375
3 1.4916666666666667 0.10572916666666667 0.13518518518518519 0.04479166666666667
3 1.5546296296296296 0.103125 0.10555555555555556 0.03333333333333333
3 1.4435185185185186 0.17760416666666667 0.16111111111111112 0.034375
3 1.4722222222222223 0.20520833333333333 0.1925925925925926 0.04375
9 1.599074074074074 0.19791666666666666 0.06481481481481481 0.029166666666666667
2 1.638888888888889 0.22708333333333333 0.06666666666666667 0.027083333333333334
3 1.489814814814815 0.35 0.17222222222222222 0.1
9 1.6481481481481481 0.3770833333333333 0.0925925925925926 0.058333333333333334
1 1.0518518518518518 0.08177083333333333 0.018518518518518517 0.021875
2 1.049074074074074 0.09010416666666667 0.016666666666666666 0.019791666666666666
