1 1.2287037037037039 0.20260416666666667 0.031481481481481485 0.028125
1 1.0305555555555557 0.17708333333333334 0.024074074074074074 0.035416666666666666
1 1.0212962962962964 0.175 0.0462962962962963 0.04583333333333333
9 1.0240740740740741 0.1875 0.02592592592592593 0.03125
1 1.125925925925926 0.18072916666666666 0.044444444444444446 0.04895833333333333
9 1.1296296296296298 0.19010416666666666 0.02592592592592593 0.036458333333333336
1 1.1787037037037038 0.16614583333333333 0.031481481481481485 0.04895833333333333
9 1.1768518518518518 0.1796875 0.06851851851851852 0.03229166666666666
1 1.2074074074074075 0.125 0.022222222222222223 0.022916666666666665
1 1.2101851851851853 0.12083333333333333 0.02777777777777778 0.025
1 1.3944444444444446 0.13958333333333334 0.02962962962962963 0.020833333333333332
9 1.3305555555555557 0.1359375 0.031481481481481485 0.03229166666666666
1 1.2148148148148148 0.1640625 0.02962962962962963 0.034375
9 1.212962962962963 0.17708333333333334 0.04814814814814815 0.025
9 1.2925925925925927 0.14739583333333334 0.05555555555555556 0.026041666666666668
9 1.276851851851852 0.1546875 0.05740740740740741 0.028125
1 1.4833333333333334 0.13020833333333334 0.02592592592592593 0.01875
9 1.1546296296296297 0.1125 0.03888888888888889 0.025
9 1.1231481481481482 0.11875 0.053703703703703705 0.022916666666666665
1 1.401851851851852 0.159375 0.037037037037037035 0.027083333333333334
