3 0.4351851851851852 0.4671875 0.15185185185185185 0.07291666666666667
9 0.5106481481481482 0.42343749999999997 0.03981481481481482 0.03854166666666667
9 0.4916666666666667 0.4171875 0.037037037037037035 0.029166666666666667
3 1.1569444444444446 0.52109375 0.18425925925925926 0.08177083333333333
2 0.9750000000000001 0.52890625 0.053703703703703705 0.06614583333333333
1 0.976388888888889 0.5119791666666667 0.05462962962962963 0.071875
3 0.625462962962963 0.42942708333333335 0.13055555555555556 0.05260416666666667
3 0.7916666666666667 0.4276041666666667 0.11111111111111112 0.051041666666666666
3 0.7157407407407408 0.3872395833333333 0.07777777777777778 0.03802083333333333
3 0.6828703703703703 0.35703125 0.1175925925925926 0.025520833333333333
3 1.087037037037037 0.46119791666666665 0.1277777777777778 0.0640625
3 1.0527777777777778 0.42109375 0.11666666666666667 0.0546875
3 1.0287037037037037 0.3950520833333333 0.08518518518518518 0.03177083333333333
3 1.0125 0.38046875 0.075 0.0328125
3 1.001851851851852 0.3671875 0.06481481481481481 0.026041666666666668
3 0.9986111111111111 0.3541666666666667 0.05277777777777778 0.020833333333333332
3 0.9768518518518519 0.33697916666666666 0.040740740740740744 0.019791666666666666
3 0.8384259259259259 0.37057291666666664 0.06759259259259259 0.028645833333333332
3 0.8023148148148148 0.33671875 0.04166666666666667 0.019270833333333334
3 0.8560185185185185 0.3484375 0.05092592592592593 0.02395833333333333
3 0.888425925925926 0.3247395833333333 0.032407407407407406 0.015104166666666667
3 0.9143518518518519 0.3307291666666667 0.03981481481481482 0.019791666666666666
2 0.8342592592592593 0.3375 0.012962962962962964 0.013541666666666667
1 0.8314814814814815 0.3341145833333333 0.018518518518518517 0.0171875
3 0.8226851851851852 0.328125 0.03981481481481482 0.016666666666666666
3 0.8287037037037037 0.32317708333333334 0.03333333333333333 0.013020833333333334
2 0.9273148148148148 0.35442708333333334 0.017592592592592594 0.018229166666666668
1 0.9282407407407408 0.3481770833333333 0.015740740740740743 0.021354166666666667
9 0.9462962962962963 0.32708333333333334 0.014814814814814815 0.011458333333333333
1 0.9462962962962963 0.32421875 0.012962962962962964 0.0140625
2 0.9490740740740741 0.3520833333333333 0.014814814814814815 0.01875
1 0.9500000000000001 0.34609375 0.014814814814814815 0.021354166666666667
2 0.9453703703703704 0.3411458333333333 0.014814814814814815 0.013541666666666667
1 0.9462962962962963 0.3359375 0.011111111111111112 0.011458333333333333
3 0.6712962962962963 0.5416666666666666 0.21296296296296297 0.040625
