3 0.45046296296296295 0.09114583333333333 0.019444444444444445 0.005208333333333333
3 0.47731481481481486 0.09322916666666667 0.015740740740740743 0.004166666666666667
3 0.5013888888888889 0.09401041666666667 0.019444444444444445 0.0046875
3 0.5259259259259259 0.09453125 0.020370370370370372 0.0036458333333333334
3 0.549537037037037 0.09505208333333333 0.019444444444444445 0.0046875
3 0.5953703703703704 0.09557291666666666 0.018518518518518517 0.0046875
3 0.6194444444444445 0.09583333333333333 0.020370370370370372 0.005208333333333333
3 0.6430555555555556 0.09609375 0.017592592592592594 0.0046875
3 0.6666666666666667 0.09609375 0.018518518518518517 0.0036458333333333334
3 0.674074074074074 0.09401041666666667 0.018518518518518517 0.0046875
3 0.6870370370370371 0.09713541666666667 0.014814814814814815 0.0046875
3 0.7083333333333334 0.09765625 0.018518518518518517 0.0036458333333333334
3 0.712037037037037 0.09453125 0.020370370370370372 0.0046875
3 0.7319444444444445 0.09765625 0.017592592592592594 0.0046875
3 0.7537037037037038 0.096875 0.016666666666666666 0.005208333333333333
3 0.7763888888888889 0.09765625 0.017592592592592594 0.0036458333333333334
4 0.7824074074074074 0.09453125 0.020370370370370372 0.0046875
3 0.8027777777777778 0.09791666666666667 0.016666666666666666 0.003125
3 0.8245370370370371 0.09869791666666666 0.015740740740740743 0.0046875
3 0.8412037037037038 0.09583333333333333 0.017592592592592594 0.004166666666666667
3 0.8652777777777778 0.09869791666666666 0.017592592592592594 0.0046875
3 0.8898148148148148 0.09817708333333333 0.014814814814814815 0.0046875
3 0.9648148148148149 0.09817708333333333 0.014814814814814815 0.0046875
3 0.5282407407407408 0.15989583333333332 0.04166666666666667 0.009375
3 0.5750000000000001 0.16276041666666666 0.03518518518518519 0.008854166666666666
3 0.6273148148148149 0.16640625 0.03981481481481482 0.008854166666666666
3 0.7282407407407407 0.171875 0.03981481481481482 0.010416666666666666
3 0.7800925925925927 0.17526041666666667 0.03425925925925926 0.008854166666666666
3 0.7949074074074074 0.15546875 0.03425925925925926 0.0078125
3 0.5152777777777778 0.15677083333333333 0.032407407407407406 0.008333333333333333
3 0.5546296296296297 0.15911458333333334 0.031481481481481485 0.008854166666666666
3 0.6050925925925926 0.1625 0.030555555555555558 0.008333333333333333
3 0.6532407407407408 0.16380208333333332 0.030555555555555558 0.009895833333333333
3 0.6972222222222223 0.165625 0.03333333333333333 0.008333333333333333
3 0.7458333333333333 0.16796875 0.028703703703703703 0.008854166666666666
3 0.763425925925926 0.16640625 0.030555555555555558 0.0078125
3 0.8125 0.16875 0.03796296296296296 0.010416666666666666
4 0.6527777777777778 0.15833333333333333 0.037037037037037035 0.010416666666666666
4 0.7935185185185185 0.16927083333333334 0.040740740740740744 0.011458333333333333
3 0.5208333333333334 0.15130208333333334 0.03981481481481482 0.009895833333333333
3 0.549537037037037 0.15520833333333334 0.030555555555555558 0.007291666666666667
3 0.5638888888888889 0.15442708333333333 0.031481481481481485 0.0078125
3 0.5990740740740741 0.15572916666666667 0.03518518518518519 0.008333333333333333
3 0.6078703703703704 0.15859375 0.036111111111111115 0.008854166666666666
3 0.6800925925925926 0.16901041666666666 0.03981481481481482 0.0109375
3 0.7231481481481482 0.16822916666666665 0.03888888888888889 0.009375
5 0.7152777777777778 0.15963541666666667 0.05092592592592593 0.013020833333333334
3 0.6837962962962963 0.18776041666666665 0.025 0.0109375
3 0.0625 0.31666666666666665 0.09907407407407408 0.022916666666666665
3 0.05324074074074074 0.34140625 0.10462962962962963 0.0296875
3 0.09583333333333334 0.3645833333333333 0.09907407407407408 0.029166666666666667
3 0.38981481481481484 0.5049479166666666 0.12962962962962962 0.0453125
3 0.27037037037037037 0.4203125 0.11851851851851852 0.034375
3 0.11157407407407408 0.4588541666666667 0.125 0.0375
4 0.26851851851851855 0.48984374999999997 0.12222222222222223 0.04739583333333333
3 0.32731481481481484 0.4380208333333333 0.11574074074074074 0.0375
3 0.38287037037037036 0.39348958333333334 0.10092592592592593 0.028645833333333332
3 0.39351851851851855 0.31744791666666666 0.07407407407407407 0.0234375
3 0.350462962962963 0.2973958333333333 0.07685185185185185 0.021875
3 0.7263888888888889 0.41901041666666666 0.09351851851851853 0.033854166666666664
3 0.6189814814814815 0.38984375 0.08796296296296297 0.0296875
3 0.5583333333333333 0.34765625 0.08518518518518518 0.0265625
3 0.6444444444444445 0.3302083333333333 0.06851851851851852 0.020833333333333332
4 0.6814814814814815 0.39739583333333334 0.12592592592592594 0.05
4 0.4981481481481482 0.365625 0.07222222222222223 0.030208333333333334
5 0.6703703703703704 0.24010416666666667 0.10185185185185186 0.040625
5 0.8314814814814815 0.22369791666666666 0.08703703703703704 0.03697916666666667
5 0.9935185185185186 0.19557291666666665 0.06666666666666667 0.030729166666666665
5 0.9101851851851852 0.20520833333333333 0.06666666666666667 0.01875
5 1.6745370370370372 0.20807291666666666 0.058333333333333334 0.013020833333333334
3 0.7097222222222223 0.31197916666666664 0.0638888888888889 0.021875
3 0.7842592592592593 0.29635416666666664 0.05925925925925926 0.01875
3 0.8490740740740741 0.31875 0.061111111111111116 0.022916666666666665
3 0.9101851851851852 0.35546875 0.07592592592592592 0.024479166666666666
3 0.9675925925925927 0.30703125 0.053703703703703705 0.018229166666666668
3 1.0671296296296298 0.3013020833333333 0.05277777777777778 0.018229166666666668
3 1.1074074074074074 0.26875 0.04259259259259259 0.015625
3 0.9592592592592593 0.2552083333333333 0.040740740740740744 0.014583333333333334
3 1.052314814814815 0.22890625 0.036111111111111115 0.013020833333333334
3 0.7907407407407407 0.21770833333333334 0.040740740740740744 0.0125
3 0.9527777777777778 0.19010416666666666 0.02777777777777778 0.010416666666666666
3 0.8773148148148149 0.27109375 0.049074074074074076 0.015104166666666667
3 1.0203703703703704 0.17890625 0.02777777777777778 0.009895833333333333
3 1.0657407407407409 0.1796875 0.02777777777777778 0.008333333333333333
3 1.125462962962963 0.16223958333333333 0.02314814814814815 0.008854166666666666
3 1.1430555555555555 0.16484375 0.02314814814814815 0.008854166666666666
3 0.8342592592592593 0.2825520833333333 0.053703703703703705 0.01614583333333333
3 0.9092592592592593 0.2838541666666667 0.05 0.016666666666666666
3 0.925 0.2625 0.044444444444444446 0.015625
3 0.9902777777777778 0.24505208333333334 0.03981481481481482 0.013020833333333334
3 1.0064814814814815 0.2747395833333333 0.044444444444444446 0.015104166666666667
3 1.0495370370370372 0.2778645833333333 0.04722222222222222 0.018229166666666668
3 1.139351851851852 0.25286458333333334 0.03796296296296296 0.013020833333333334
4 1.1125 0.24505208333333334 0.036111111111111115 0.0140625
3 1.0282407407407408 0.23671875 0.04166666666666667 0.0140625
3 1.0837962962962964 0.221875 0.03425925925925926 0.011458333333333333
3 0.7967592592592593 0.22630208333333332 0.03981481481481482 0.013020833333333334
9 0.8412037037037038 0.18177083333333333 0.01388888888888889 0.00625
1 0.8412037037037038 0.18098958333333334 0.008333333333333333 0.0078125
9 0.9837962962962963 0.16953125 0.012037037037037037 0.005729166666666666
1 0.9828703703703704 0.16796875 0.010185185185185186 0.0067708333333333336
3 1.025925925925926 0.25234375 0.04259259259259259 0.0140625
3 1.0777777777777777 0.16953125 0.02777777777777778 0.0109375
3 1.1106481481481483 0.17890625 0.025 0.008854166666666666
3 1.150462962962963 0.17213541666666665 0.025 0.008854166666666666
3 1.1643518518518519 0.21276041666666667 0.028703703703703703 0.009895833333333333
3 1.2 0.2171875 0.02962962962962963 0.011458333333333333
3 1.262037037037037 0.21432291666666667 0.02777777777777778 0.0109375
3 1.2430555555555556 0.20598958333333334 0.026851851851851852 0.008854166666666666
3 1.3097222222222222 0.20182291666666666 0.025 0.009895833333333333
4 1.2513888888888889 0.19140625 0.025 0.011979166666666666
4 1.3365740740740741 0.17942708333333332 0.021296296296296296 0.0078125
3 1.1796296296296296 0.15885416666666666 0.022222222222222223 0.007291666666666667
3 1.1587962962962963 0.1578125 0.021296296296296296 0.007291666666666667
3 1.213425925925926 0.15989583333333332 0.021296296296296296 0.007291666666666667
3 1.2268518518518519 0.15026041666666667 0.018518518518518517 0.0067708333333333336
3 1.2291666666666667 0.14166666666666666 0.017592592592592594 0.00625
3 1.2810185185185186 0.14088541666666665 0.017592592592592594 0.005729166666666666
3 1.276851851851852 0.14739583333333334 0.016666666666666666 0.00625
3 1.2532407407407409 0.15859375 0.019444444444444445 0.0078125
3 1.2726851851851853 0.15520833333333334 0.019444444444444445 0.007291666666666667
3 1.2837962962962963 0.15260416666666665 0.01388888888888889 0.007291666666666667
3 1.2972222222222223 0.15 0.014814814814814815 0.00625
3 1.3060185185185185 0.1484375 0.015740740740740743 0.007291666666666667
3 1.3194444444444444 0.1453125 0.014814814814814815 0.007291666666666667
3 1.3300925925925926 0.14375 0.015740740740740743 0.007291666666666667
3 1.3416666666666668 0.14010416666666667 0.018518518518518517 0.00625
4 1.238888888888889 0.15963541666666667 0.024074074074074074 0.009895833333333333
5 1.2824074074074074 0.1796875 0.03333333333333333 0.017708333333333333
3 1.3731481481481482 0.17005208333333333 0.020370370370370372 0.008854166666666666
3 1.3550925925925927 0.16536458333333334 0.017592592592592594 0.0067708333333333336
3 1.424074074074074 0.16953125 0.018518518518518517 0.008854166666666666
3 1.45 0.15729166666666666 0.016666666666666666 0.00625
3 1.4333333333333333 0.15234375 0.016666666666666666 0.0078125
3 1.3962962962962964 0.15338541666666666 0.018518518518518517 0.0067708333333333336
3 1.4523148148148148 0.1390625 0.015740740740740743 0.00625
3 1.4708333333333334 0.14296875 0.01388888888888889 0.005729166666666666
3 1.4597222222222224 0.14765625 0.01388888888888889 0.005729166666666666
3 1.488888888888889 0.13671875 0.012962962962962964 0.005729166666666666
3 1.5032407407407409 0.13177083333333334 0.012037037037037037 0.005208333333333333
3 1.5319444444444446 0.12421875 0.010185185185185186 0.0046875
3 1.5333333333333334 0.12109375 0.009259259259259259 0.0046875
4 1.5472222222222223 0.11901041666666666 0.009259259259259259 0.0046875
4 1.5703703703703704 0.11302083333333333 0.007407407407407408 0.004166666666666667
3 1.55 0.11223958333333334 0.009259259259259259 0.0036458333333333334
3 1.5430555555555556 0.11614583333333334 0.010185185185185186 0.005208333333333333
3 1.5314814814814814 0.11796875 0.011111111111111112 0.0046875
4 1.524537037037037 0.11458333333333333 0.010185185185185186 0.005208333333333333
3 1.5125 0.11875 0.010185185185185186 0.004166666666666667
3 1.4976851851851853 0.12708333333333333 0.012037037037037037 0.005208333333333333
3 1.462962962962963 0.16953125 0.018518518518518517 0.0067708333333333336
3 1.651851851851852 0.21822916666666667 0.053703703703703705 0.010416666666666666
3 1.5462962962962963 0.203125 0.0462962962962963 0.010416666666666666
3 1.5439814814814816 0.19739583333333333 0.04351851851851852 0.008333333333333333
3 1.5722222222222222 0.1953125 0.04259259259259259 0.008333333333333333
3 1.6041666666666667 0.20572916666666666 0.032407407407407406 0.009375
3 1.600925925925926 0.20130208333333333 0.03333333333333333 0.008854166666666666
3 1.6189814814814816 0.20026041666666666 0.03796296296296296 0.008854166666666666
4 1.638888888888889 0.20364583333333333 0.0462962962962963 0.011458333333333333
3 1.6912037037037038 0.20442708333333334 0.04537037037037037 0.008854166666666666
3 1.7037037037037037 0.20781249999999998 0.05185185185185186 0.009375
3 1.725462962962963 0.21015625 0.04351851851851852 0.008854166666666666
3 1.762962962962963 0.21041666666666667 0.02777777777777778 0.009375
3 1.7541666666666667 0.20755208333333333 0.04351851851851852 0.008854166666666666
