8 0.6248366013071895 0.45625 0.20130718954248364 0.15955882352941175
3 0.7973856209150326 0.46544117647058825 0.0784313725490196 0.07794117647058824
3 0.9385620915032679 0.42683823529411763 0.07058823529411765 0.05955882352941176
3 0.7261437908496732 0.31066176470588236 0.05620915032679738 0.04485294117647059
3 0.8398692810457515 0.3382352941176471 0.06143790849673202 0.052941176470588235
3 1.0816993464052287 0.38125 0.07712418300653594 0.04632352941176471
4 0.9333333333333332 0.3386029411764706 0.06013071895424836 0.04485294117647059
3 1.0019607843137255 0.32941176470588235 0.05620915032679738 0.04264705882352941
3 1.0346405228758169 0.28088235294117647 0.050980392156862744 0.033823529411764704
3 0.9522875816993464 0.25477941176470587 0.0457516339869281 0.030147058823529412
3 1.007843137254902 0.21875 0.0392156862745098 0.02426470588235294
3 0.8254901960784313 0.2698529411764706 0.050980392156862744 0.041176470588235294
3 0.7647058823529411 0.22941176470588234 0.04444444444444444 0.030882352941176472
3 0.7836601307189542 0.16470588235294117 0.03790849673202614 0.025
3 1.0032679738562091 0.13933823529411765 0.0326797385620915 0.01838235294117647
3 0.8588235294117647 0.10330882352941176 0.02875816993464052 0.019852941176470587
3 0.8594771241830065 0.1349264705882353 0.03006535947712418 0.019852941176470587
3 0.8150326797385621 0.10367647058823529 0.03006535947712418 0.020588235294117647
3 0.8673202614379084 0.08566176470588235 0.02483660130718954 0.013970588235294117
3 0.9117647058823529 0.07573529411764705 0.02222222222222222 0.013235294117647059
3 0.9405228758169935 0.06727941176470588 0.02222222222222222 0.0125
3 0.9098039215686274 0.06286764705882353 0.023529411764705882 0.011029411764705881
3 0.968627450980392 0.05330882352941176 0.01830065359477124 0.011029411764705881
3 0.9339869281045751 0.055882352941176466 0.02222222222222222 0.010294117647058823
3 0.9026143790849672 0.040808823529411765 0.0196078431372549 0.009558823529411765
3 0.9065359477124182 0.051470588235294115 0.0196078431372549 0.010294117647058823
3 0.8751633986928103 0.033455882352941176 0.0196078431372549 0.009558823529411765
3 0.9098039215686274 0.01911764705882353 0.01830065359477124 0.007352941176470588
3 0.9209150326797385 0.026470588235294117 0.01699346405228758 0.008823529411764706
3 0.8601307189542483 0.009191176470588236 0.01568627450980392 0.008088235294117646
3 0.8673202614379084 0.01875 0.01699346405228758 0.009558823529411765
3 0.9045751633986927 0.032352941176470584 0.01830065359477124 0.010294117647058823
3 0.9274509803921568 0.04044117647058824 0.0196078431372549 0.008823529411764706
3 0.9477124183006536 0.03566176470588235 0.01830065359477124 0.009558823529411765
3 0.9568627450980391 0.04375 0.01830065359477124 0.011029411764705881
3 0.9163398692810457 0.08823529411764705 0.0261437908496732 0.013235294117647059
3 0.9607843137254901 0.14705882352941177 0.03660130718954248 0.01911764705882353
3 0.9718954248366012 0.17279411764705882 0.04052287581699346 0.022058823529411763
3 1.5209150326797385 0.09889705882352941 0.0457516339869281 0.013970588235294117
3 1.5522875816993462 0.09816176470588235 0.043137254901960784 0.0125
3 1.461437908496732 0.09889705882352941 0.0392156862745098 0.013970588235294117
3 1.4934640522875815 0.09889705882352941 0.03529411764705882 0.015441176470588236
3 1.4287581699346403 0.09926470588235294 0.047058823529411764 0.013235294117647059
3 1.495424836601307 0.07794117647058824 0.0392156862745098 0.014705882352941176
3 1.4699346405228757 0.07941176470588235 0.03529411764705882 0.013235294117647059
3 1.5346405228758169 0.07904411764705882 0.0392156862745098 0.0125
3 1.5666666666666667 0.07867647058823529 0.03529411764705882 0.011764705882352941
3 1.6019607843137254 0.07610294117647058 0.04836601307189542 0.015441176470588236
3 1.6464052287581699 0.08639705882352941 0.05620915032679738 0.0125
3 1.6431372549019607 0.09080882352941176 0.05751633986928104 0.013970588235294117
3 1.4705882352941175 0.05698529411764706 0.02875816993464052 0.0125
3 1.4928104575163397 0.05698529411764706 0.02875816993464052 0.0125
3 1.4450980392156862 0.05698529411764706 0.03006535947712418 0.0125
3 1.4202614379084966 0.055882352941176466 0.03529411764705882 0.013235294117647059
3 1.3980392156862744 0.05661764705882353 0.03006535947712418 0.013235294117647059
3 1.384313725490196 0.06323529411764706 0.054901960784313725 0.011764705882352941
3 1.565359477124183 0.06911764705882353 0.0326797385620915 0.007352941176470588
3 1.5424836601307188 0.07058823529411765 0.03660130718954248 0.010294117647058823
3 1.5169934640522875 0.07095588235294117 0.0326797385620915 0.011029411764705881
3 1.4869281045751632 0.07058823529411765 0.03790849673202614 0.010294117647058823
3 1.4607843137254901 0.07022058823529412 0.03529411764705882 0.008088235294117646
3 1.2967320261437907 0.05110294117647059 0.03660130718954248 0.008088235294117646
4 1.1555555555555554 0.01911764705882353 0.023529411764705882 0.010294117647058823
3 1.15359477124183 0.0033088235294117647 0.01437908496732026 0.006617647058823529
3 1.1699346405228757 0.003676470588235294 0.01830065359477124 0.007352941176470588
3 1.2405228758169933 0.0033088235294117647 0.02091503267973856 0.008088235294117646
3 1.2699346405228757 0.0029411764705882353 0.02222222222222222 0.007352941176470588
3 1.2888888888888888 0.0029411764705882353 0.01830065359477124 0.007352941176470588
3 1.3045751633986926 0.003676470588235294 0.01568627450980392 0.007352941176470588
3 1.3215686274509804 0.003676470588235294 0.01830065359477124 0.007352941176470588
3 1.3398692810457515 0.003676470588235294 0.01830065359477124 0.007352941176470588
3 1.2313725490196077 0.026838235294117645 0.02875816993464052 0.009558823529411765
3 1.111111111111111 0.4827205882352941 0.10718954248366012 0.06691176470588235
4 0.830718954248366 0.17095588235294118 0.03529411764705882 0.03161764705882353
4 0.8816993464052287 0.02426470588235294 0.01699346405228758 0.013235294117647059
4 0.8823529411764706 0.005514705882352941 0.01568627450980392 0.011029411764705881
4 0.9764705882352941 0.06948529411764706 0.02091503267973856 0.015441176470588236
4 0.9640522875816993 0.19117647058823528 0.03790849673202614 0.026470588235294117
4 0.8084967320261437 0.13529411764705881 0.0326797385620915 0.026470588235294117
3 0.8581699346405228 0.0029411764705882353 0.01437908496732026 0.007352941176470588
3 0.8372549019607842 0.01801470588235294 0.0196078431372549 0.009558823529411765
3 0.8326797385620914 0.025 0.01830065359477124 0.007352941176470588
3 0.9405228758169935 0.011029411764705881 0.03529411764705882 0.007352941176470588
3 0.9111111111111111 0.013602941176470588 0.01830065359477124 0.008088235294117646
3 0.9248366013071895 0.007720588235294118 0.03529411764705882 0.008088235294117646
3 0.9137254901960784 0.002573529411764706 0.01830065359477124 0.006617647058823529
3 0.892156862745098 0.0022058823529411764 0.011764705882352941 0.0058823529411764705
8 0.949673202614379 0.02389705882352941 0.02483660130718954 0.021323529411764706
5 0.8424836601307188 0.05183823529411764 0.043137254901960784 0.03308823529411765
5 0.8183006535947712 0.07536764705882353 0.03660130718954248 0.03161764705882353
5 0.926797385620915 0.11213235294117647 0.04967320261437908 0.04191176470588235
5 0.9104575163398693 0.16948529411764707 0.058823529411764705 0.08602941176470588
5 0.8450980392156863 0.19779411764705881 0.05620915032679738 0.057352941176470586
3 0.9464052287581699 0.5393382352941176 0.08366013071895424 0.04485294117647059
5 0.5718954248366013 0.060294117647058824 0.0326797385620915 0.027941176470588233
3 0.09084967320261438 0.0801470588235294 0.0718954248366013 0.016176470588235292
3 0.05947712418300653 0.10294117647058823 0.0457516339869281 0.01764705882352941
3 0.10718954248366012 0.1297794117647059 0.054901960784313725 0.021323529411764706
3 0.17777777777777776 0.12573529411764706 0.054901960784313725 0.022058823529411763
3 0.23790849673202613 0.125 0.0522875816993464 0.020588235294117647
3 0.2823529411764706 0.12463235294117647 0.04444444444444444 0.021323529411764706
3 0.32679738562091504 0.12720588235294117 0.054901960784313725 0.022058823529411763
5 0.2699346405228758 0.08786764705882352 0.09281045751633986 0.022794117647058822
3 0.01633986928104575 0.10367647058823529 0.03529411764705882 0.01764705882352941
3 0.01111111111111111 0.1264705882352941 0.02483660130718954 0.01764705882352941
3 0.43202614379084964 0.08713235294117647 0.0326797385620915 0.015441176470588236
1 0.7797385620915032 0.10808823529411765 0.0065359477124183 0.013235294117647059
2 0.7784313725490195 0.11213235294117647 0.0065359477124183 0.009558823529411765
1 0.9601307189542483 0.06985294117647059 0.00915032679738562 0.010294117647058823
1 0.9209150326797385 0.045588235294117645 0.0065359477124183 0.008823529411764706
1 0.9346405228758169 0.04448529411764706 0.00784313725490196 0.008088235294117646
9 0.9601307189542483 0.07279411764705883 0.00915032679738562 0.008823529411764706
9 0.9196078431372549 0.048161764705882355 0.0065359477124183 0.006617647058823529
9 0.9333333333333332 0.046691176470588236 0.00784313725490196 0.006617647058823529
9 0.9320261437908496 0.032352941176470584 0.00522875816993464 0.0058823529411764705
9 0.9326797385620914 0.021323529411764706 0.0065359477124183 0.0058823529411764705
1 0.9326797385620914 0.01838235294117647 0.00392156862745098 0.0058823529411764705
1 0.9313725490196078 0.030882352941176472 0.0065359477124183 0.007352941176470588
