4 1.6351851851851853 0.2140625 0.04814814814814815 0.017708333333333333
4 1.1458333333333335 0.18802083333333333 0.05648148148148149 0.015625
3 0.45231481481481484 0.5236979166666667 0.13240740740740742 0.0765625
3 0.9125000000000001 0.49140625 0.07685185185185185 0.059895833333333336
3 0.6893518518518519 0.4270833333333333 0.07314814814814816 0.05416666666666667
3 0.825462962962963 0.3684895833333333 0.06018518518518519 0.033854166666666664
8 0.5370370370370371 0.3794270833333333 0.15925925925925927 0.1015625
5 0.6902777777777778 0.28489583333333335 0.06574074074074074 0.03229166666666666
5 0.7384259259259259 0.24687499999999998 0.05277777777777778 0.02395833333333333
3 0.7078703703703704 0.234375 0.030555555555555558 0.016666666666666666
3 0.9837962962962963 0.2635416666666667 0.03796296296296296 0.021875
3 0.9226851851851853 0.24088541666666666 0.032407407407407406 0.018229166666666668
3 0.7847222222222222 0.22369791666666666 0.032407407407407406 0.015104166666666667
4 0.9865740740740742 0.20807291666666666 0.025 0.01614583333333333
4 0.9500000000000001 0.20078125 0.024074074074074074 0.018229166666666668
3 1.0027777777777778 0.18671875 0.020370370370370372 0.013020833333333334
3 1.0615740740740742 0.18645833333333334 0.058333333333333334 0.011458333333333333
3 0.8916666666666667 0.203125 0.024074074074074074 0.011458333333333333
3 0.8120370370370371 0.18932291666666667 0.024074074074074074 0.013020833333333334
1 0.7870370370370371 0.1796875 0.007407407407407408 0.007291666666666667
9 0.7870370370370371 0.18151041666666667 0.007407407407407408 0.0078125
1 0.9685185185185186 0.1609375 0.005555555555555556 0.007291666666666667
9 0.9685185185185186 0.1625 0.005555555555555556 0.00625
2 0.763425925925926 0.17239583333333333 0.006481481481481482 0.00625
9 0.7736111111111111 0.16744791666666667 0.012037037037037037 0.0067708333333333336
3 0.8569444444444445 0.17630208333333333 0.017592592592592594 0.009895833333333333
3 0.8953703703703704 0.17552083333333332 0.018518518518518517 0.009375
5 0.9337962962962963 0.16901041666666666 0.026851851851851852 0.0234375
5 0.9625 0.13671875 0.04166666666666667 0.009895833333333333
1 0.9481481481481482 0.15078125 0.005555555555555556 0.005729166666666666
9 0.9481481481481482 0.15182291666666667 0.005555555555555556 0.0046875
1 0.9356481481481482 0.14869791666666665 0.004629629629629629 0.0046875
9 0.9356481481481482 0.14973958333333334 0.004629629629629629 0.0046875
3 0.9263888888888889 0.15885416666666666 0.012037037037037037 0.007291666666666667
3 0.9203703703703704 0.15520833333333334 0.014814814814814815 0.007291666666666667
3 0.8986111111111111 0.15598958333333332 0.015740740740740743 0.0078125
3 0.9287037037037037 0.14505208333333333 0.012962962962962964 0.005729166666666666
3 0.9143518518518519 0.14348958333333334 0.019444444444444445 0.005729166666666666
3 0.8981481481481481 0.14505208333333333 0.014814814814814815 0.005729166666666666
3 0.9083333333333333 0.14739583333333334 0.014814814814814815 0.00625
3 0.913888888888889 0.15052083333333333 0.014814814814814815 0.00625
3 0.6152777777777778 0.12395833333333334 0.015740740740740743 0.004166666666666667
4 0.6305555555555555 0.12239583333333333 0.007407407407407408 0.004166666666666667
1 0.8912037037037037 0.13515625 0.002777777777777778 0.005729166666666666
9 0.8921296296296297 0.13567708333333334 0.010185185185185186 0.0036458333333333334
3 0.8407407407407408 0.15859375 0.016666666666666666 0.0078125
3 0.8787037037037038 0.13932291666666666 0.012962962962962964 0.005729166666666666
3 0.8782407407407408 0.14192708333333334 0.010185185185185186 0.005729166666666666
3 0.8712962962962963 0.14427083333333332 0.014814814814814815 0.007291666666666667
3 0.8601851851851852 0.14166666666666666 0.014814814814814815 0.005208333333333333
3 0.8518518518518519 0.13932291666666666 0.014814814814814815 0.005729166666666666
5 0.837962962962963 0.14921875 0.018518518518518517 0.0140625
3 0.8277777777777778 0.14765625 0.012962962962962964 0.0067708333333333336
3 0.8351851851851853 0.14114583333333333 0.012962962962962964 0.00625
4 0.8310185185185186 0.13671875 0.021296296296296296 0.0067708333333333336
5 0.8351851851851853 0.12916666666666665 0.016666666666666666 0.007291666666666667
8 0.8180555555555555 0.13828125 0.021296296296296296 0.0140625
3 0.8027777777777778 0.13619791666666667 0.012962962962962964 0.005729166666666666
3 0.7944444444444445 0.13359375 0.012962962962962964 0.0046875
4 0.8097222222222222 0.12838541666666667 0.012037037037037037 0.005729166666666666
3 0.7462962962962963 0.13645833333333332 0.024074074074074074 0.00625
3 0.7902777777777779 0.125 0.012037037037037037 0.004166666666666667
3 0.7777777777777778 0.12994791666666666 0.011111111111111112 0.005729166666666666
3 0.7578703703703704 0.12005208333333334 0.010185185185185186 0.0036458333333333334
