4 0.32156862745098036 0.41323529411764703 0.21176470588235294 0.09705882352941177
3 0.8372549019607842 0.3176470588235294 0.06405228758169934 0.044117647058823525
3 0.7980392156862745 0.2727941176470588 0.08235294117647059 0.03529411764705882
3 1.0281045751633986 0.30073529411764705 0.08235294117647059 0.04264705882352941
3 0.9509803921568627 0.26323529411764707 0.0849673202614379 0.030882352941176472
3 0.7333333333333333 0.22977941176470587 0.054901960784313725 0.04044117647058824
3 1.4254901960784312 0.38235294117647056 0.16601307189542483 0.047058823529411764
3 1.265359477124183 0.2908088235294118 0.10980392156862745 0.04044117647058824
3 1.137908496732026 0.24558823529411763 0.09281045751633986 0.032352941176470584
3 1.0346405228758169 0.21176470588235294 0.07712418300653594 0.032352941176470584
4 0.3732026143790849 0.2485294117647059 0.06928104575163398 0.055882352941176466
4 0.027450980392156862 0.30477941176470585 0.05751633986928104 0.04926470588235294
3 1.418300653594771 0.12316176470588235 0.06274509803921569 0.01838235294117647
4 1.2045751633986927 0.13014705882352942 0.06143790849673202 0.020588235294117647
3 1.2869281045751633 0.14963235294117647 0.06143790849673202 0.021323529411764706
3 1.1784313725490194 0.13676470588235293 0.07973856209150326 0.016176470588235292
3 1.1254901960784314 0.15330882352941178 0.06797385620915032 0.025735294117647058
3 1.1915032679738562 0.16948529411764707 0.07973856209150326 0.02426470588235294
5 1.2856209150326796 0.17977941176470588 0.20522875816993463 0.04779411764705882
3 1.4287581699346403 0.1963235294117647 0.04967320261437908 0.027941176470588233
4 1.495424836601307 0.17022058823529412 0.08104575163398692 0.03161764705882353
3 1.588235294117647 0.19301470588235295 0.09934640522875816 0.025735294117647058
3 1.5627450980392157 0.22426470588235295 0.05620915032679738 0.030882352941176472
3 1.7516339869281043 0.2139705882352941 0.04967320261437908 0.023529411764705882
