2 1.1611111111111112 0.5395833333333333 0.07777777777777778 0.025
1 1.0481481481481483 0.4947916666666667 0.022222222222222223 0.020833333333333332
9 1.049074074074074 0.503125 0.020370370370370372 0.029166666666666667
1 0.9907407407407408 0.4848958333333333 0.02592592592592593 0.019791666666666666
9 0.987962962962963 0.4947916666666667 0.020370370370370372 0.027083333333333334
1 0.6277777777777778 0.44895833333333335 0.02962962962962963 0.027083333333333334
2 0.625 0.45468749999999997 0.02777777777777778 0.021875
9 0.6444444444444445 0.4276041666666667 0.05185185185185186 0.017708333333333333
9 0.6490740740740741 0.4161458333333333 0.05740740740740741 0.021875
1 0.7055555555555556 0.3807291666666667 0.014814814814814815 0.011458333333333333
9 0.7064814814814815 0.3911458333333333 0.016666666666666666 0.017708333333333333
1 0.7453703703703703 0.359375 0.020370370370370372 0.014583333333333334
9 0.7462962962962963 0.3671875 0.018518518518518517 0.019791666666666666
1 0.9083333333333333 0.3859375 0.016666666666666666 0.011458333333333333
1 0.9074074074074074 0.38229166666666664 0.018518518518518517 0.014583333333333334
9 0.9064814814814816 0.3927083333333333 0.016666666666666666 0.014583333333333334
5 0.9898148148148148 0.3619791666666667 0.08333333333333334 0.046875
3 0.8601851851851852 0.3541666666666667 0.05 0.027083333333333334
6 0.9703703703703704 0.3286458333333333 0.05925925925925926 0.015625
1 0.9101851851851852 0.3453125 0.016666666666666666 0.013541666666666667
9 0.912962962962963 0.3541666666666667 0.014814814814814815 0.0125
3 0.7398148148148148 0.31666666666666665 0.03888888888888889 0.027083333333333334
3 0.9425925925925926 0.3104166666666667 0.040740740740740744 0.01875
3 0.9314814814814815 0.2921875 0.040740740740740744 0.017708333333333333
3 0.9092592592592593 0.27708333333333335 0.037037037037037035 0.020833333333333332
3 0.8972222222222223 0.265625 0.031481481481481485 0.014583333333333334
3 0.9444444444444445 0.2609375 0.05925925925925926 0.013541666666666667
9 0.887962962962963 0.2552083333333333 0.02777777777777778 0.010416666666666666
3 0.8703703703703703 0.2916666666666667 0.03333333333333333 0.020833333333333332
1 0.8842592592592593 0.27708333333333335 0.009259259259259259 0.010416666666666666
9 0.8842592592592593 0.28229166666666666 0.012962962962962964 0.008333333333333333
1 0.8472222222222222 0.2989583333333333 0.012962962962962964 0.010416666666666666
9 0.8481481481481482 0.30364583333333334 0.011111111111111112 0.011458333333333333
1 0.837962962962963 0.29010416666666666 0.009259259259259259 0.009375
9 0.837037037037037 0.296875 0.007407407407407408 0.010416666666666666
1 0.8138888888888889 0.2911458333333333 0.012962962962962964 0.009375
1 0.8148148148148149 0.2869791666666667 0.014814814814814815 0.009375
9 0.8148148148148149 0.29270833333333335 0.011111111111111112 0.0125
1 0.7444444444444445 0.29583333333333334 0.011111111111111112 0.008333333333333333
9 0.7444444444444445 0.3020833333333333 0.014814814814814815 0.008333333333333333
3 0.7657407407407407 0.2796875 0.03518518518518519 0.017708333333333333
1 0.8101851851851852 0.2708333333333333 0.009259259259259259 0.008333333333333333
9 0.8092592592592593 0.27239583333333334 0.011111111111111112 0.015625
1 0.8148148148148149 0.259375 0.011111111111111112 0.00625
6 0.8175925925925926 0.265625 0.020370370370370372 0.0125
3 0.7685185185185186 0.2635416666666667 0.02592592592592593 0.016666666666666666
4 0.7611111111111112 0.24687499999999998 0.02962962962962963 0.01875
1 0.7277777777777779 0.259375 0.007407407407407408 0.010416666666666666
1 0.7305555555555556 0.2630208333333333 0.020370370370370372 0.011458333333333333
9 0.7287037037037037 0.26510416666666664 0.009259259259259259 0.011458333333333333
4 0.6787037037037037 0.3046875 0.04259259259259259 0.036458333333333336
3 0.7944444444444445 0.22864583333333333 0.02592592592592593 0.013541666666666667
9 0.8546296296296296 0.22552083333333334 0.012962962962962964 0.009375
3 0.8351851851851853 0.20729166666666665 0.022222222222222223 0.010416666666666666
1 0.8185185185185185 0.21458333333333332 0.007407407407407408 0.00625
9 0.8185185185185185 0.21770833333333334 0.007407407407407408 0.00625
1 0.7546296296296297 0.22604166666666667 0.009259259259259259 0.00625
9 0.7546296296296297 0.23072916666666665 0.009259259259259259 0.007291666666666667
1 0.750925925925926 0.21197916666666666 0.005555555555555556 0.005208333333333333
1 0.7574074074074074 0.2125 0.007407407407407408 0.00625
1 0.7555555555555555 0.2140625 0.007407407407407408 0.005208333333333333
6 0.7546296296296297 0.21770833333333334 0.012962962962962964 0.008333333333333333
4 0.7592592592592593 0.20208333333333334 0.014814814814814815 0.0125
1 0.7324074074074074 0.2140625 0.009259259259259259 0.005208333333333333
9 0.7333333333333334 0.21875 0.011111111111111112 0.00625
1 0.7342592592592593 0.19791666666666666 0.005555555555555556 0.004166666666666667
2 0.7351851851851852 0.20208333333333334 0.007407407407407408 0.00625
1 0.7453703703703703 0.19375 0.005555555555555556 0.004166666666666667
9 0.7453703703703703 0.196875 0.005555555555555556 0.004166666666666667
3 0.7527777777777778 0.190625 0.016666666666666666 0.008333333333333333
3 0.7768518518518519 0.18229166666666666 0.012962962962962964 0.00625
4 0.7657407407407407 0.17552083333333332 0.009259259259259259 0.007291666666666667
3 0.7472222222222222 0.1765625 0.012962962962962964 0.007291666666666667
5 0.7648148148148148 0.1625 0.011111111111111112 0.010416666666666666
