3 1.2647058823529411 0.4959558823529412 0.13202614379084968 0.09926470588235294
3 0.9692810457516339 0.3272058823529412 0.08235294117647059 0.060294117647058824
3 0.8091503267973855 0.43124999999999997 0.0915032679738562 0.09191176470588235
3 0.7562091503267974 0.30625 0.0849673202614379 0.07279411764705883
3 0.9915032679738561 0.1 0.0457516339869281 0.026470588235294117
3 0.8993464052287581 0.0375 0.04183006535947712 0.023529411764705882
4 1.3366013071895424 0.21286764705882352 0.07973856209150326 0.04926470588235294
5 1.030065359477124 0.03529411764705882 0.04444444444444444 0.030882352941176472
1 1.065359477124183 0.04889705882352941 0.0130718954248366 0.009558823529411765
3 1.2542483660130719 0.09889705882352941 0.08758169934640522 0.022794117647058822
5 1.218954248366013 0.04375 0.07712418300653594 0.04044117647058824
1 1.3058823529411763 0.06433823529411764 0.01045751633986928 0.013970588235294117
5 1.3692810457516338 0.057352941176470586 0.10065359477124182 0.032352941176470584
3 1.418300653594771 0.14411764705882352 0.1045751633986928 0.027941176470588233
4 1.3830065359477124 0.10477941176470588 0.08888888888888888 0.025735294117647058
3 0.6947712418300653 0.08713235294117647 0.05359477124183006 0.025735294117647058
3 0.588235294117647 0.013235294117647059 0.03660130718954248 0.022058823529411763
3 0.6941176470588235 0.12463235294117647 0.06013071895424836 0.04338235294117647
4 0.44509803921568625 0.008455882352941176 0.0718954248366013 0.01838235294117647
4 0.3915032679738562 0.03161764705882353 0.08235294117647059 0.022058823529411763
3 0.3679738562091503 0.04632352941176471 0.07712418300653594 0.020588235294117647
9 0.23464052287581696 0.04044117647058824 0.04052287581699346 0.014705882352941176
9 0.2045751633986928 0.04301470588235294 0.01437908496732026 0.016911764705882352
9 0.18431372549019606 0.05367647058823529 0.04183006535947712 0.014705882352941176
9 0.08300653594771241 0.06948529411764706 0.02222222222222222 0.015441176470588236
5 0.13986928104575164 0.06286764705882353 0.06274509803921569 0.019852941176470587
3 0.134640522875817 0.08345588235294117 0.09934640522875816 0.03161764705882353
5 0.4163398692810457 0.13272058823529412 0.06143790849673202 0.04485294117647059
4 0.549673202614379 0.13308823529411765 0.04836601307189542 0.03529411764705882
6 0.5601307189542484 0.17573529411764705 0.08758169934640522 0.025
1 0.5862745098039215 0.17205882352941176 0.01437908496732026 0.01764705882352941
3 0.04444444444444444 0.14522058823529413 0.0915032679738562 0.03455882352941177
6 0.12352941176470587 0.21470588235294116 0.06928104575163398 0.032352941176470584
6 0.16928104575163397 0.22352941176470587 0.06405228758169934 0.03676470588235294
6 0.47581699346405226 0.21654411764705883 0.047058823529411764 0.0375
6 0.42222222222222217 0.2639705882352941 0.09934640522875816 0.033823529411764704
6 0.3281045751633987 0.31948529411764703 0.13333333333333333 0.0375
6 0.049019607843137254 0.5422794117647058 0.09803921568627451 0.03897058823529412
6 0.29281045751633983 0.5088235294117647 0.10980392156862745 0.055882352941176466
1 0.3699346405228758 0.4970588235294118 0.03660130718954248 0.054411764705882354
1 0.4071895424836601 0.47720588235294115 0.0326797385620915 0.027941176470588233
6 0.3352941176470588 0.45698529411764705 0.16601307189542483 0.04485294117647059
6 0.426797385620915 0.5025735294117647 0.15294117647058822 0.04632352941176471
6 0.5516339869281045 0.46911764705882353 0.0915032679738562 0.07794117647058824
1 0.534640522875817 0.46654411764705883 0.04183006535947712 0.03455882352941177
9 0.6490196078431372 0.3952205882352941 0.03529411764705882 0.04632352941176471
1 0.6477124183006535 0.39301470588235293 0.03006535947712418 0.04191176470588235
6 0.7366013071895424 0.24485294117647058 0.03790849673202614 0.04264705882352941
1 0.7379084967320261 0.2426470588235294 0.02483660130718954 0.027941176470588233
6 0.6143790849673202 0.3139705882352941 0.04967320261437908 0.05
1 0.6183006535947712 0.3044117647058823 0.023529411764705882 0.022058823529411763
9 0.4418300653594771 0.31580882352941175 0.047058823529411764 0.04191176470588235
5 0.5379084967320261 0.2852941176470588 0.11372549019607843 0.08088235294117647
6 0.6588235294117647 0.2525735294117647 0.04444444444444444 0.04191176470588235
