1 1.7185185185185186 0.29010416666666666 0.07407407407407407 0.065625
1 1.6314814814814815 0.28229166666666666 0.08148148148148149 0.05625
1 0.30092592592592593 0.190625 0.053703703703703705 0.0375
1 0.4240740740740741 0.17760416666666667 0.022222222222222223 0.028125
2 0.3212962962962963 0.09166666666666666 0.024074074074074074 0.025
1 0.6287037037037038 0.05677083333333333 0.024074074074074074 0.026041666666666668
1 0.6481481481481481 0.05677083333333333 0.02962962962962963 0.026041666666666668
1 0.7148148148148148 0.0515625 0.014814814814814815 0.019791666666666666
9 1.7537037037037038 0.051041666666666666 0.044444444444444446 0.022916666666666665
9 1.664814814814815 0.04583333333333333 0.03333333333333333 0.020833333333333332
9 1.5046296296296298 0.04635416666666667 0.020370370370370372 0.019791666666666666
2 1.6296296296296298 0.05 0.018518518518518517 0.01875
9 1.600925925925926 0.04791666666666666 0.031481481481481485 0.01875
9 1.425925925925926 0.042708333333333334 0.02962962962962963 0.025
9 1.2796296296296297 0.042708333333333334 0.022222222222222223 0.020833333333333332
9 1.287962962962963 0.029166666666666667 0.05740740740740741 0.01875
9 1.237962962962963 0.04010416666666666 0.024074074074074074 0.021875
9 1.2166666666666668 0.029166666666666667 0.05185185185185186 0.01875
9 1.2092592592592593 0.041666666666666664 0.014814814814814815 0.016666666666666666
2 1.1842592592592593 0.04010416666666666 0.024074074074074074 0.017708333333333333
9 1.1351851851851853 0.0390625 0.018518518518518517 0.019791666666666666
9 1.1194444444444445 0.04010416666666666 0.016666666666666666 0.017708333333333333
9 1.1027777777777779 0.03958333333333333 0.020370370370370372 0.01875
9 1.0805555555555555 0.0390625 0.024074074074074074 0.015625
9 1.0407407407407407 0.03697916666666667 0.02962962962962963 0.017708333333333333
9 1.0046296296296298 0.036458333333333336 0.031481481481481485 0.01875
