2 1.7052287581699346 0.12242647058823529 0.0326797385620915 0.011029411764705881
1 1.7091503267973855 0.11838235294117647 0.01699346405228758 0.014705882352941176
3 1.4156862745098038 0.022058823529411763 0.07320261437908496 0.020588235294117647
3 1.3627450980392155 0.05698529411764706 0.0457516339869281 0.028676470588235293
3 1.3823529411764706 0.10477941176470588 0.09281045751633986 0.025735294117647058
9 1.4620915032679738 0.11470588235294117 0.02222222222222222 0.016176470588235292
3 1.6771241830065358 0.2878676470588235 0.11241830065359476 0.03455882352941177
3 1.4294117647058822 0.30808823529411766 0.11633986928104574 0.03676470588235294
3 1.184967320261438 0.3029411764705882 0.1111111111111111 0.03823529411764706
3 1.2202614379084966 0.2625 0.11372549019607843 0.030882352941176472
6 1.5222222222222221 0.3492647058823529 0.11372549019607843 0.03823529411764706
3 1.7392156862745096 0.5419117647058823 0.07450980392156863 0.039705882352941174
4 0.9967320261437908 0.37058823529411766 0.15294117647058822 0.045588235294117645
8 0.8117647058823528 0.28455882352941175 0.1830065359477124 0.09852941176470588
4 0.7013071895424836 0.4301470588235294 0.10588235294117647 0.041176470588235294
3 0.31045751633986923 0.40698529411764706 0.1372549019607843 0.04632352941176471
3 0.04379084967320261 0.34816176470588234 0.09019607843137255 0.03602941176470588
3 0.0326797385620915 0.44926470588235295 0.06797385620915032 0.03823529411764706
9 1.268627450980392 0.14669117647058824 0.03529411764705882 0.0125
1 1.2705882352941176 0.14595588235294119 0.01830065359477124 0.013970588235294117
1 1.2810457516339868 0.14705882352941177 0.01568627450980392 0.013235294117647059
3 1.2607843137254902 0.057352941176470586 0.0457516339869281 0.029411764705882353
2 1.2745098039215685 0.021323529411764706 0.01830065359477124 0.014705882352941176
9 1.2385620915032678 0.022058823529411763 0.011764705882352941 0.013235294117647059
3 1.175816993464052 0.05661764705882353 0.04836601307189542 0.03529411764705882
3 1.1098039215686273 0.03713235294117647 0.07320261437908496 0.022794117647058822
3 1.1326797385620915 0.051470588235294115 0.050980392156862744 0.027941176470588233
3 1.026143790849673 0.0058823529411764705 0.0522875816993464 0.013235294117647059
9 1.091503267973856 0.054044117647058826 0.0130718954248366 0.0125
9 1.091503267973856 0.07058823529411765 0.01830065359477124 0.013235294117647059
1 1.092156862745098 0.06727941176470588 0.00915032679738562 0.0125
3 0.7640522875816993 0.09264705882352942 0.04836601307189542 0.03529411764705882
9 0.6137254901960784 0.22536764705882353 0.0326797385620915 0.013970588235294117
1 0.6084967320261437 0.22205882352941175 0.01699346405228758 0.014705882352941176
1 0.6019607843137255 0.22463235294117648 0.01699346405228758 0.0125
9 0.6084967320261437 0.17794117647058824 0.0196078431372549 0.01764705882352941
1 0.6098039215686274 0.17352941176470588 0.00915032679738562 0.014705882352941176
3 0.6261437908496732 0.17573529411764705 0.01568627450980392 0.016176470588235292
1 0.6241830065359477 0.17058823529411765 0.01437908496732026 0.014705882352941176
9 0.7437908496732025 0.027205882352941177 0.0130718954248366 0.01911764705882353
1 0.745751633986928 0.025735294117647058 0.011764705882352941 0.013235294117647059
3 0.6274509803921569 0.054411764705882354 0.047058823529411764 0.033823529411764704
3 0.5013071895424837 0.04595588235294117 0.04052287581699346 0.03308823529411765
3 0.5104575163398692 0.009191176470588236 0.03529411764705882 0.019852941176470587
9 0.5594771241830065 0.04044117647058824 0.0130718954248366 0.014705882352941176
1 0.5581699346405229 0.03786764705882353 0.0130718954248366 0.015441176470588236
1 0.5633986928104575 0.03786764705882353 0.00784313725490196 0.0125
3 0.0784313725490196 0.22977941176470587 0.12287581699346405 0.028676470588235293
3 0.28888888888888886 0.1661764705882353 0.0915032679738562 0.027941176470588233
3 0.15947712418300652 0.20661764705882352 0.10980392156862745 0.027941176470588233
6 0.07450980392156863 0.19595588235294117 0.054901960784313725 0.013970588235294117
1 0.4686274509803921 0.014705882352941176 0.01437908496732026 0.011764705882352941
9 0.4620915032679738 0.07389705882352941 0.0326797385620915 0.015441176470588236
2 0.31241830065359477 0.12463235294117647 0.023529411764705882 0.016911764705882352
9 0.2222222222222222 0.10330882352941176 0.01568627450980392 0.016911764705882352
9 0.2392156862745098 0.10514705882352941 0.01568627450980392 0.01764705882352941
9 0.2568627450980392 0.10514705882352941 0.01699346405228758 0.01911764705882353
9 0.2673202614379085 0.10551470588235294 0.011764705882352941 0.01838235294117647
9 0.28104575163398693 0.10477941176470588 0.01568627450980392 0.016911764705882352
6 0.3549019607843137 0.13602941176470587 0.06666666666666667 0.026470588235294117
6 0.3660130718954248 0.1290441176470588 0.047058823529411764 0.019852941176470587
6 0.426797385620915 0.10551470588235294 0.05620915032679738 0.01838235294117647
9 0.396078431372549 0.07904411764705882 0.0261437908496732 0.015441176470588236
1 0.40784313725490196 0.04595588235294117 0.01045751633986928 0.011029411764705881
9 0.32614379084967315 0.08345588235294117 0.027450980392156862 0.016911764705882352
9 0.3078431372549019 0.09191176470588235 0.01699346405228758 0.01764705882352941
9 0.3006535947712418 0.10330882352941176 0.01568627450980392 0.01838235294117647
9 0.3333333333333333 0.10992647058823529 0.02875816993464052 0.016911764705882352
2 0.3699346405228758 0.05955882352941176 0.03137254901960784 0.011764705882352941
9 0.3398692810457516 0.05220588235294118 0.0261437908496732 0.008823529411764706
2 0.31045751633986923 0.02977941176470588 0.02483660130718954 0.013970588235294117
9 0.3222222222222222 0.019852941176470587 0.02483660130718954 0.007352941176470588
9 0.3699346405228758 0.06764705882352941 0.0261437908496732 0.010294117647058823
9 0.3150326797385621 0.04852941176470588 0.023529411764705882 0.011764705882352941
9 0.30588235294117644 0.06433823529411764 0.023529411764705882 0.0125
9 0.3522875816993464 0.08272058823529412 0.02483660130718954 0.011029411764705881
9 0.3549019607843137 0.08823529411764705 0.02222222222222222 0.013235294117647059
9 0.3424836601307189 0.06654411764705882 0.0261437908496732 0.013970588235294117
9 0.3352941176470588 0.0713235294117647 0.027450980392156862 0.010294117647058823
9 0.41437908496732023 0.019852941176470587 0.02875816993464052 0.011764705882352941
9 0.4111111111111111 0.025 0.02483660130718954 0.010294117647058823
9 0.44052287581699345 0.06323529411764706 0.0261437908496732 0.011764705882352941
1 0.4418300653594771 0.06102941176470588 0.00784313725490196 0.016176470588235292
9 0.38954248366013067 0.10294117647058823 0.0261437908496732 0.01911764705882353
