3 0.5643518518518519 0.546875 0.39166666666666666 0.030208333333333334
2 0.09305555555555556 0.4671875 0.09907407407407408 0.07083333333333333
3 0.4041666666666667 0.3796875 0.17500000000000002 0.078125
1 0.6537037037037037 0.3299479166666667 0.020370370370370372 0.027604166666666666
2 0.6546296296296297 0.3380208333333333 0.024074074074074074 0.022916666666666665
8 0.737037037037037 0.2947916666666667 0.13518518518518519 0.026041666666666668
5 0.7523148148148149 0.30546875 0.04166666666666667 0.018229166666666668
3 0.7532407407407408 0.3143229166666667 0.03796296296296296 0.0203125
3 0.7560185185185185 0.3169270833333333 0.03796296296296296 0.01614583333333333
3 0.7453703703703703 0.32317708333333334 0.05555555555555556 0.0171875
3 0.7425925925925926 0.33151041666666664 0.053703703703703705 0.0171875
3 0.7546296296296297 0.34348958333333335 0.07592592592592592 0.0296875
3 0.7356481481481482 0.353125 0.08611111111111111 0.030208333333333334
3 0.7356481481481482 0.3692708333333333 0.10648148148148148 0.036458333333333336
3 0.7180555555555556 0.4119791666666667 0.13611111111111113 0.071875
4 0.4013888888888889 0.378125 0.1787037037037037 0.078125
8 0.7421296296296297 0.29609375 0.12685185185185185 0.025520833333333333
1 0.6555555555555556 0.3263020833333333 0.018518518518518517 0.0203125
2 0.6532407407407408 0.33880208333333334 0.02314814814814815 0.022395833333333334
4 0.8092592592592593 0.3078125 0.037037037037037035 0.019791666666666666
3 0.8185185185185185 0.31614583333333335 0.04259259259259259 0.014583333333333334
3 0.8458333333333333 0.3385416666666667 0.0712962962962963 0.03125
3 0.5638888888888889 0.5473958333333333 0.37962962962962965 0.029166666666666667
3 0.8921296296296297 0.38359375 0.13611111111111113 0.06822916666666666
3 0.9643518518518519 0.4903645833333333 0.2638888888888889 0.12864583333333332
3 1.2319444444444445 0.4497395833333333 0.2898148148148148 0.1015625
1 0.9828703703703704 0.33932291666666664 0.028703703703703703 0.0234375
2 0.9819444444444445 0.35520833333333335 0.017592592592592594 0.020833333333333332
1 0.850462962962963 0.3072916666666667 0.012037037037037037 0.014583333333333334
2 0.8523148148148149 0.31171875 0.010185185185185186 0.009895833333333333
1 0.8675925925925926 0.3091145833333333 0.011111111111111112 0.015104166666666667
2 0.8666666666666667 0.31276041666666665 0.009259259259259259 0.0109375
1 0.8791666666666667 0.31171875 0.012037037037037037 0.015104166666666667
2 0.8800925925925926 0.31744791666666666 0.010185185185185186 0.009895833333333333
1 0.8976851851851853 0.315625 0.012037037037037037 0.017708333333333333
1 0.8986111111111111 0.32057291666666665 0.015740740740740743 0.0171875
2 0.8981481481481481 0.3299479166666667 0.014814814814814815 0.011979166666666666
1 0.913425925925926 0.32135416666666666 0.012037037037037037 0.016666666666666666
2 0.9120370370370371 0.3307291666666667 0.007407407407407408 0.0125
1 0.9217592592592593 0.32760416666666664 0.019444444444444445 0.026041666666666668
2 0.9208333333333334 0.3364583333333333 0.015740740740740743 0.017708333333333333
1 0.9486111111111112 0.3346354166666667 0.021296296296296296 0.024479166666666666
2 0.9486111111111112 0.3484375 0.017592592592592594 0.01875
3 1.1500000000000001 0.375 0.19444444444444445 0.058333333333333334
1 1.2060185185185186 0.3763020833333333 0.03981481481481482 0.04739583333333333
3 1.3976851851851853 0.38776041666666666 0.2898148148148148 0.0609375
3 1.3740740740740742 0.365625 0.2240740740740741 0.03854166666666667
3 1.6680555555555556 0.38203125 0.2175925925925926 0.050520833333333334
3 1.6189814814814816 0.37265625 0.23611111111111113 0.0421875
4 1.5226851851851853 0.33958333333333335 0.13611111111111113 0.0375
3 1.4574074074074075 0.3390625 0.10370370370370371 0.027083333333333334
3 1.4166666666666667 0.3359375 0.11666666666666667 0.022916666666666665
3 1.3717592592592593 0.3296875 0.11203703703703705 0.020833333333333332
3 1.3300925925925926 0.3294270833333333 0.09351851851851853 0.022395833333333334
4 1.2217592592592592 0.3151041666666667 0.07314814814814816 0.026041666666666668
3 1.6101851851851852 0.33229166666666665 0.09074074074074075 0.029166666666666667
3 1.3356481481481481 0.31197916666666664 0.062037037037037036 0.020833333333333332
