3 1.291503267973856 0.5165441176470588 0.14901960784313725 0.09044117647058823
9 1.3967320261437908 0.4613970588235294 0.06143790849673202 0.019852941176470587
3 1.2091503267973855 0.39080882352941176 0.12549019607843137 0.09044117647058823
9 1.272549019607843 0.2088235294117647 0.050980392156862744 0.020588235294117647
9 1.2346405228758168 0.19117647058823528 0.043137254901960784 0.020588235294117647
3 1.1477124183006535 0.2926470588235294 0.08104575163398692 0.052941176470588235
3 1.1124183006535946 0.22536764705882353 0.08366013071895424 0.05367647058823529
3 1.1980392156862745 0.1525735294117647 0.12941176470588234 0.03308823529411765
9 1.2509803921568627 0.11397058823529412 0.03137254901960784 0.01764705882352941
9 1.218954248366013 0.08823529411764705 0.0326797385620915 0.013235294117647059
9 1.130718954248366 0.10992647058823529 0.03398692810457516 0.016911764705882352
3 1.0424836601307188 0.10661764705882353 0.05359477124183006 0.032352941176470584
3 1.022875816993464 0.07977941176470588 0.05620915032679738 0.03308823529411765
2 1.1300653594771242 0.09191176470588235 0.0326797385620915 0.016176470588235292
3 0.7542483660130719 0.27095588235294116 0.07320261437908496 0.06397058823529411
3 1.0098039215686274 0.05551470588235294 0.050980392156862744 0.027205882352941177
3 0.9999999999999999 0.02977941176470588 0.04444444444444444 0.025735294117647058
3 0.9849673202614379 0.008455882352941176 0.0457516339869281 0.01838235294117647
3 0.6464052287581699 0.010661764705882353 0.0457516339869281 0.022794117647058822
3 0.6333333333333333 0.03308823529411765 0.0457516339869281 0.030882352941176472
3 0.6261437908496732 0.05661764705882353 0.04967320261437908 0.033823529411764704
2 0.5287581699346405 0.044117647058823525 0.03006535947712418 0.014705882352941176
9 0.5241830065359476 0.07720588235294118 0.03137254901960784 0.014705882352941176
6 0.592156862745098 0.1264705882352941 0.03398692810457516 0.026470588235294117
4 0.5627450980392157 0.16323529411764706 0.06928104575163398 0.052941176470588235
3 0.5431372549019607 0.21985294117647058 0.0718954248366013 0.055882352941176466
3 0.4745098039215686 0.12610294117647058 0.12287581699346405 0.0375
3 0.4352941176470588 0.15845588235294117 0.12026143790849672 0.0375
3 0.396078431372549 0.24816176470588236 0.1411764705882353 0.04485294117647059
9 0.6326797385620915 0.3220588235294118 0.02875816993464052 0.033823529411764704
1 0.630718954248366 0.3113970588235294 0.02483660130718954 0.02426470588235294
3 0.43006535947712415 0.43676470588235294 0.12287581699346405 0.10147058823529412
3 0.3555555555555555 0.5216911764705883 0.12549019607843137 0.0801470588235294
3 0.1738562091503268 0.45073529411764707 0.19346405228758168 0.09852941176470588
