3 1.0202614379084967 0.21433823529411763 0.0457516339869281 0.011029411764705881
3 1.0784313725490196 0.21875 0.03137254901960784 0.009558823529411765
3 1.0823529411764705 0.20919117647058824 0.0392156862745098 0.008088235294117646
3 1.1281045751633987 0.21654411764705883 0.03660130718954248 0.009558823529411765
3 1.1490196078431372 0.20073529411764707 0.01830065359477124 0.008823529411764706
3 1.149673202614379 0.19595588235294117 0.01699346405228758 0.006617647058823529
3 1.175816993464052 0.20441176470588235 0.03006535947712418 0.008823529411764706
3 1.2 0.20661764705882352 0.03137254901960784 0.008823529411764706
3 1.1954248366013072 0.21544117647058822 0.03790849673202614 0.008823529411764706
3 1.2777777777777777 0.21764705882352942 0.0326797385620915 0.008823529411764706
