3 1.3087962962962962 0.2375 0.05462962962962963 0.026041666666666668
3 1.4527777777777777 0.3091145833333333 0.05925925925925926 0.03177083333333333
9 1.0740740740740742 0.19166666666666665 0.012962962962962964 0.011458333333333333
2 1.0865740740740741 0.19348958333333333 0.010185185185185186 0.011979166666666666
2 1.1101851851851852 0.19479166666666667 0.009259259259259259 0.013541666666666667
2 1.1222222222222222 0.1953125 0.012962962962962964 0.014583333333333334
2 1.1337962962962964 0.19635416666666666 0.012037037037037037 0.0125
3 1.1550925925925926 0.48671875 0.19351851851851853 0.059895833333333336
3 1.1694444444444445 0.45 0.1685185185185185 0.053125
3 1.1550925925925926 0.425 0.15092592592592594 0.04375
3 1.1717592592592594 0.39947916666666666 0.16944444444444445 0.04479166666666667
3 1.1898148148148149 0.3807291666666667 0.1685185185185185 0.040625
3 1.1898148148148149 0.3609375 0.14814814814814814 0.04375
3 1.1842592592592593 0.340625 0.14444444444444446 0.03854166666666667
4 1.1694444444444445 0.31666666666666665 0.11111111111111112 0.029166666666666667
3 1.1865740740740742 0.3106770833333333 0.11944444444444445 0.0328125
3 1.1736111111111112 0.29635416666666664 0.10833333333333334 0.027083333333333334
3 1.1851851851851851 0.28541666666666665 0.11296296296296297 0.029166666666666667
3 1.1828703703703705 0.2747395833333333 0.12314814814814816 0.0265625
3 1.1949074074074075 0.26145833333333335 0.1175925925925926 0.035416666666666666
4 1.212037037037037 0.2515625 0.11666666666666667 0.0375
4 1.2060185185185186 0.23619791666666667 0.13425925925925927 0.04635416666666667
3 1.0703703703703704 0.23697916666666666 0.10370370370370371 0.020833333333333332
3 1.0685185185185186 0.24713541666666666 0.10925925925925926 0.0234375
3 1.0453703703703705 0.25338541666666664 0.10740740740740741 0.021354166666666667
3 1.0430555555555556 0.265625 0.11203703703703705 0.025
3 1.0296296296296297 0.275 0.11481481481481481 0.02395833333333333
3 1.024537037037037 0.28515625 0.1175925925925926 0.022395833333333334
3 1.0231481481481481 0.29635416666666664 0.12407407407407407 0.029166666666666667
3 1.0064814814814815 0.31328125 0.12407407407407407 0.0328125
4 1.0148148148148148 0.32135416666666666 0.13703703703703704 0.035416666666666666
3 0.9990740740740741 0.33932291666666664 0.14444444444444446 0.027604166666666666
3 0.9796296296296296 0.36041666666666666 0.1574074074074074 0.03958333333333333
3 0.9722222222222222 0.3794270833333333 0.1574074074074074 0.0421875
3 0.9439814814814815 0.4044270833333333 0.1638888888888889 0.044270833333333336
3 0.9064814814814816 0.4276041666666667 0.1685185185185185 0.05
2 0.46481481481481485 0.15052083333333333 0.012962962962962964 0.0125
2 0.4444444444444445 0.15026041666666667 0.016666666666666666 0.011979166666666666
2 0.39351851851851855 0.14635416666666667 0.011111111111111112 0.011458333333333333
2 0.4064814814814815 0.146875 0.011111111111111112 0.010416666666666666
2 0.42314814814814816 0.15026041666666667 0.014814814814814815 0.009895833333333333
2 0.42453703703703705 0.14661458333333333 0.02314814814814815 0.009895833333333333
2 0.21851851851851853 0.14166666666666666 0.02592592592592593 0.011458333333333333
9 0.12962962962962962 0.12786458333333334 0.02592592592592593 0.0109375
3 0.022685185185185187 0.14479166666666665 0.04722222222222222 0.016666666666666666
3 0.8583333333333334 0.21380208333333334 0.08888888888888889 0.022395833333333334
3 0.8166666666666667 0.225 0.0962962962962963 0.022916666666666665
3 0.8115740740740741 0.23411458333333332 0.08981481481481482 0.0234375
3 0.7837962962962963 0.2421875 0.11388888888888889 0.027083333333333334
3 0.7782407407407408 0.25234375 0.09166666666666667 0.0265625
3 0.7490740740740741 0.26276041666666666 0.11481481481481481 0.0296875
3 0.7305555555555556 0.26979166666666665 0.11111111111111112 0.029166666666666667
3 0.7189814814814816 0.2838541666666667 0.11388888888888889 0.029166666666666667
3 0.6902777777777778 0.2950520833333333 0.1212962962962963 0.033854166666666664
3 0.6657407407407407 0.31145833333333334 0.1277777777777778 0.035416666666666666
3 0.6342592592592593 0.32526041666666666 0.13518518518518519 0.03697916666666667
3 0.6217592592592592 0.3463541666666667 0.15462962962962964 0.03958333333333333
3 0.4740740740740741 0.3151041666666667 0.12037037037037038 0.03333333333333333
3 0.5087962962962963 0.29973958333333334 0.12314814814814816 0.030729166666666665
3 0.5449074074074074 0.284375 0.1212962962962963 0.022916666666666665
3 0.5574074074074075 0.2713541666666667 0.10555555555555556 0.026041666666666668
3 0.6245370370370371 0.25390625 0.11018518518518519 0.025520833333333333
3 0.650462962962963 0.24114583333333334 0.10277777777777779 0.025
3 0.6648148148148149 0.23489583333333333 0.0925925925925926 0.026041666666666668
3 0.6870370370370371 0.22526041666666666 0.09814814814814815 0.022395833333333334
3 0.7064814814814815 0.21875 0.0962962962962963 0.022916666666666665
3 0.7037037037037037 0.20859375 0.0925925925925926 0.0203125
3 0.7310185185185185 0.20130208333333333 0.08981481481481482 0.025520833333333333
3 0.2814814814814815 0.2596354166666667 0.13333333333333333 0.027604166666666666
3 0.3050925925925926 0.24791666666666667 0.11018518518518519 0.026041666666666668
3 0.34120370370370373 0.23984375 0.10462962962962963 0.0265625
3 0.38287037037037036 0.2296875 0.10833333333333334 0.030208333333333334
3 0.4083333333333333 0.21848958333333332 0.09074074074074075 0.0203125
3 0.4416666666666667 0.2125 0.09814814814814815 0.029166666666666667
3 0.46574074074074073 0.20703125 0.08888888888888889 0.022395833333333334
3 0.48240740740740745 0.20078125 0.0925925925925926 0.019270833333333334
3 0.5074074074074074 0.19322916666666667 0.09074074074074075 0.020833333333333332
3 0.5263888888888889 0.18723958333333332 0.08425925925925926 0.0203125
3 0.4375 0.17890625 0.08425925925925926 0.0203125
3 0.41203703703703703 0.1875 0.09074074074074075 0.019791666666666666
3 0.38796296296296295 0.19192708333333333 0.08703703703703704 0.019270833333333334
3 0.35370370370370374 0.1984375 0.09444444444444444 0.025
3 0.3287037037037037 0.20494791666666667 0.08333333333333334 0.021354166666666667
3 0.2986111111111111 0.21302083333333333 0.08796296296296297 0.025
3 0.2657407407407408 0.22161458333333334 0.08148148148148149 0.0234375
3 0.23796296296296296 0.22916666666666666 0.06851851851851852 0.022916666666666665
3 0.13611111111111113 0.15911458333333334 0.08703703703703704 0.0234375
3 0.24814814814814815 0.1671875 0.06851851851851852 0.01875
3 0.2199074074074074 0.17213541666666665 0.08425925925925926 0.0203125
3 0.1865740740740741 0.17838541666666666 0.08796296296296297 0.0203125
3 0.10740740740740741 0.16822916666666665 0.08148148148148149 0.021875
3 0.04953703703703704 0.17526041666666667 0.08055555555555556 0.018229166666666668
3 0.012962962962962964 0.18255208333333334 0.02777777777777778 0.018229166666666668
3 0.03287037037037037 0.20078125 0.06759259259259259 0.022395833333333334
3 0.015740740740740743 0.21145833333333333 0.03333333333333333 0.021875
