3 0.46296296296296297 0.4609375 0.09444444444444444 0.06354166666666666
4 0.5805555555555556 0.44947916666666665 0.0925925925925926 0.07604166666666666
3 0.700462962962963 0.4473958333333333 0.08055555555555556 0.06458333333333333
3 0.9967592592592593 0.4669270833333333 0.09166666666666667 0.0671875
3 1.1291666666666667 0.49583333333333335 0.10833333333333334 0.07083333333333333
8 1.2203703703703703 0.4205729166666667 0.2111111111111111 0.1546875
3 1.0648148148148149 0.39453125 0.07777777777777778 0.044270833333333336
3 0.8652777777777778 0.371875 0.058333333333333334 0.036458333333333336
3 0.9532407407407407 0.3690104166666667 0.0638888888888889 0.0390625
3 1.100462962962963 0.33541666666666664 0.06574074074074074 0.034375
3 1.0125 0.33307291666666666 0.058333333333333334 0.0328125
3 0.6939814814814815 0.340625 0.05462962962962963 0.036458333333333336
4 0.6125 0.29375 0.06944444444444445 0.05
3 0.6310185185185185 0.25078125 0.04537037037037037 0.025520833333333333
3 0.700462962962963 0.25286458333333334 0.03981481481481482 0.022395833333333334
3 0.7662037037037037 0.24635416666666665 0.036111111111111115 0.022916666666666665
3 0.7268518518518519 0.21744791666666666 0.03333333333333333 0.018229166666666668
3 0.7814814814814816 0.21171874999999998 0.031481481481481485 0.0171875
3 0.7023148148148148 0.196875 0.028703703703703703 0.015625
3 0.6791666666666667 0.18854166666666666 0.028703703703703703 0.016666666666666666
3 0.7791666666666667 0.18229166666666666 0.025 0.013541666666666667
3 0.7430555555555556 0.18020833333333333 0.026851851851851852 0.013541666666666667
3 0.762962962962963 0.16692708333333334 0.024074074074074074 0.011979166666666666
3 0.7930555555555556 0.15677083333333333 0.019444444444444445 0.011458333333333333
3 1.3106481481481482 0.36666666666666664 0.12685185185185185 0.0375
3 1.2657407407407408 0.3341145833333333 0.11296296296296297 0.0328125
3 1.2462962962962962 0.31328125 0.12037037037037038 0.025520833333333333
4 1.2328703703703705 0.2953125 0.125 0.030208333333333334
3 1.2046296296296297 0.284375 0.10370370370370371 0.022916666666666665
3 1.199537037037037 0.27265625 0.09351851851851853 0.018229166666666668
8 1.0652777777777778 0.2830729166666667 0.10648148148148148 0.0703125
3 0.9777777777777779 0.2755208333333333 0.044444444444444446 0.025
3 0.9175925925925926 0.2700520833333333 0.04259259259259259 0.022395833333333334
3 0.850925925925926 0.28359375 0.044444444444444446 0.025520833333333333
3 0.85 0.2598958333333333 0.03888888888888889 0.020833333333333332
3 0.8476851851851852 0.24192708333333332 0.036111111111111115 0.01614583333333333
3 0.9087962962962963 0.24036458333333333 0.03796296296296296 0.019270833333333334
3 1.036574074074074 0.228125 0.03796296296296296 0.019791666666666666
3 0.8986111111111111 0.22135416666666666 0.028703703703703703 0.016666666666666666
8 0.8458333333333333 0.21328125 0.04537037037037037 0.044270833333333336
8 0.9282407407407408 0.184375 0.04722222222222222 0.03229166666666666
3 0.9444444444444445 0.2140625 0.03333333333333333 0.016666666666666666
3 0.8916666666666667 0.19973958333333333 0.02777777777777778 0.0171875
3 0.8435185185185186 0.1921875 0.02777777777777778 0.011458333333333333
3 0.8449074074074074 0.1859375 0.02314814814814815 0.010416666666666666
3 0.8847222222222223 0.18515625 0.025 0.011979166666666666
3 0.8814814814814815 0.17317708333333334 0.024074074074074074 0.013020833333333334
3 0.9074074074074074 0.16692708333333334 0.024074074074074074 0.0109375
3 0.9361111111111111 0.16458333333333333 0.024074074074074074 0.0125
8 0.8449074074074074 0.16927083333333334 0.03425925925925926 0.030208333333333334
3 0.8597222222222223 0.14479166666666665 0.017592592592592594 0.009375
3 0.8722222222222222 0.15807291666666667 0.020370370370370372 0.009895833333333333
3 0.9013888888888889 0.15703125 0.019444444444444445 0.009895833333333333
3 0.8921296296296297 0.14869791666666665 0.019444444444444445 0.008854166666666666
3 0.9208333333333334 0.14921875 0.019444444444444445 0.0109375
3 0.4666666666666667 0.19505208333333332 0.06666666666666667 0.013020833333333334
3 0.47222222222222227 0.18984375 0.06666666666666667 0.013020833333333334
3 0.47314814814814815 0.184375 0.061111111111111116 0.013541666666666667
3 0.487962962962963 0.18098958333333334 0.06296296296296297 0.013020833333333334
3 0.5125000000000001 0.1671875 0.06018518518518519 0.010416666666666666
3 0.5287037037037037 0.16354166666666667 0.05555555555555556 0.009375
3 0.5365740740740741 0.15989583333333332 0.05092592592592593 0.009375
3 0.5430555555555556 0.15546875 0.04537037037037037 0.008854166666666666
3 0.5583333333333333 0.15364583333333334 0.044444444444444446 0.008333333333333333
3 0.5671296296296297 0.14661458333333333 0.04537037037037037 0.008854166666666666
3 0.5722222222222223 0.14453125 0.05 0.008854166666666666
3 0.5800925925925926 0.14088541666666665 0.04166666666666667 0.0078125
3 0.5643518518518519 0.13541666666666666 0.03796296296296296 0.008333333333333333
3 0.5791666666666667 0.13828125 0.03425925925925926 0.0078125
3 0.6245370370370371 0.14348958333333334 0.02314814814814815 0.0109375
3 0.6625 0.14453125 0.026851851851851852 0.009895833333333333
3 0.6717592592592593 0.14036458333333332 0.028703703703703703 0.009895833333333333
3 0.6777777777777778 0.15026041666666667 0.020370370370370372 0.009895833333333333
3 0.6995370370370371 0.14557291666666666 0.019444444444444445 0.009895833333333333
8 0.7115740740740741 0.15286458333333333 0.036111111111111115 0.025520833333333333
3 0.7606481481481482 0.15130208333333334 0.019444444444444445 0.009895833333333333
3 0.7851851851851852 0.14609375 0.018518518518518517 0.009895833333333333
3 1.0180555555555555 0.2125 0.030555555555555558 0.016666666666666666
3 1.0060185185185186 0.19817708333333334 0.032407407407407406 0.0140625
3 0.9944444444444445 0.18619791666666666 0.02777777777777778 0.0140625
3 0.987962962962963 0.17890625 0.024074074074074074 0.011979166666666666
3 0.9805555555555556 0.17239583333333333 0.022222222222222223 0.011458333333333333
3 0.9722222222222222 0.16614583333333333 0.024074074074074074 0.011458333333333333
3 0.9662037037037038 0.16119791666666666 0.026851851851851852 0.0109375
3 0.9703703703703704 0.15572916666666667 0.020370370370370372 0.009375
3 0.9717592592592593 0.15104166666666666 0.032407407407407406 0.009375
3 1.0152777777777777 0.15104166666666666 0.03796296296296296 0.010416666666666666
3 0.7273148148148149 0.14609375 0.019444444444444445 0.009895833333333333
3 0.7481481481481482 0.14427083333333332 0.020370370370370372 0.009375
3 0.7495370370370371 0.13776041666666666 0.017592592592592594 0.0078125
3 0.7231481481481482 0.13385416666666666 0.014814814814814815 0.008333333333333333
3 0.7694444444444445 0.13333333333333333 0.014814814814814815 0.008333333333333333
3 0.7407407407407408 0.12838541666666667 0.016666666666666666 0.0078125
3 0.7560185185185185 0.12552083333333333 0.01388888888888889 0.007291666666666667
3 0.7759259259259259 0.12265625 0.014814814814814815 0.0067708333333333336
3 0.7986111111111112 0.12265625 0.01388888888888889 0.0067708333333333336
8 0.7310185185185185 0.11692708333333333 0.026851851851851852 0.0203125
3 0.8541666666666667 0.13776041666666666 0.015740740740740743 0.0078125
3 0.8796296296296297 0.13854166666666667 0.018518518518518517 0.008333333333333333
3 0.9032407407407408 0.13958333333333334 0.017592592592592594 0.007291666666666667
3 0.8967592592592593 0.13489583333333333 0.01388888888888889 0.008333333333333333
3 0.8912037037037037 0.13098958333333333 0.019444444444444445 0.009895833333333333
3 0.8703703703703703 0.13385416666666666 0.016666666666666666 0.007291666666666667
3 0.8407407407407408 0.13151041666666666 0.014814814814814815 0.0067708333333333336
3 0.8537037037037037 0.12916666666666665 0.016666666666666666 0.007291666666666667
3 0.8648148148148148 0.12682291666666667 0.012962962962962964 0.0067708333333333336
3 0.837962962962963 0.125 0.014814814814814815 0.00625
3 0.8671296296296297 0.12161458333333333 0.01388888888888889 0.0067708333333333336
3 0.8439814814814816 0.12161458333333333 0.01388888888888889 0.0067708333333333336
3 0.8550925925925926 0.11822916666666666 0.01388888888888889 0.00625
3 0.8356481481481481 0.11744791666666667 0.012037037037037037 0.005729166666666666
3 0.8097222222222222 0.11354166666666667 0.01388888888888889 0.00625
3 1.150462962962963 0.21614583333333334 0.04166666666666667 0.016666666666666666
3 1.2310185185185185 0.18932291666666667 0.03796296296296296 0.0140625
3 1.0208333333333335 0.1390625 0.032407407407407406 0.008333333333333333
3 0.75 0.11848958333333333 0.012962962962962964 0.0067708333333333336
3 0.7486111111111111 0.11458333333333333 0.012037037037037037 0.00625
3 0.7712962962962964 0.11848958333333333 0.012962962962962964 0.0067708333333333336
3 0.7689814814814815 0.11692708333333333 0.012037037037037037 0.0067708333333333336
3 0.7962962962962963 0.12005208333333334 0.011111111111111112 0.005729166666666666
3 0.762962962962963 0.11380208333333333 0.011111111111111112 0.005729166666666666
3 0.7930555555555556 0.11822916666666666 0.012037037037037037 0.00625
3 0.7893518518518519 0.11588541666666667 0.012037037037037037 0.0067708333333333336
3 0.7847222222222222 0.11380208333333333 0.012037037037037037 0.0067708333333333336
3 0.7787037037037038 0.11276041666666667 0.011111111111111112 0.005729166666666666
3 0.775 0.11041666666666666 0.011111111111111112 0.005208333333333333
3 0.7717592592592593 0.109375 0.012037037037037037 0.00625
3 0.7967592592592593 0.10963541666666667 0.012037037037037037 0.005729166666666666
3 0.8157407407407408 0.11041666666666666 0.011111111111111112 0.00625
3 0.8416666666666667 0.11354166666666667 0.012962962962962964 0.005208333333333333
3 0.8319444444444445 0.11119791666666666 0.012037037037037037 0.005729166666666666
4 0.8805555555555555 0.11432291666666666 0.012962962962962964 0.0067708333333333336
3 0.8685185185185186 0.11145833333333333 0.012962962962962964 0.005208333333333333
3 0.8587962962962963 0.109375 0.012037037037037037 0.005208333333333333
1 1.7189814814814814 0.3828125 0.021296296296296296 0.025
1 1.640277777777778 0.38307291666666665 0.026851851851851852 0.022395833333333334
1 1.2564814814814815 0.26901041666666664 0.016666666666666666 0.015104166666666667
2 1.2555555555555555 0.27578125 0.016666666666666666 0.013020833333333334
1 1.2060185185185186 0.21692708333333333 0.01388888888888889 0.013020833333333334
9 1.2060185185185186 0.21953124999999998 0.012037037037037037 0.011979166666666666
1 1.1467592592592593 0.22265625 0.012037037037037037 0.0109375
1 1.1699074074074074 0.23151041666666666 0.012037037037037037 0.0109375
2 1.1462962962962964 0.22734374999999998 0.011111111111111112 0.0109375
9 1.1694444444444445 0.2375 0.011111111111111112 0.010416666666666666
1 1.1708333333333334 0.22473958333333333 0.012037037037037037 0.009895833333333333
2 1.0837962962962964 0.22890625 0.010185185185185186 0.011979166666666666
1 0.42129629629629634 0.2591145833333333 0.014814814814814815 0.0171875
2 0.4199074074074074 0.2635416666666667 0.012037037037037037 0.015625
2 0.425 0.29713541666666665 0.016666666666666666 0.0171875
2 0.38287037037037036 0.32057291666666665 0.036111111111111115 0.019270833333333334
3 0.5356481481481482 0.12265625 0.028703703703703703 0.0078125
1 0.47824074074074074 0.23020833333333332 0.012037037037037037 0.015625
9 0.47824074074074074 0.23411458333333332 0.012037037037037037 0.011979166666666666
1 0.6023148148148149 0.20546875 0.008333333333333333 0.008854166666666666
1 0.5657407407407408 0.23124999999999998 0.011111111111111112 0.009375
1 0.5662037037037038 0.23958333333333334 0.01388888888888889 0.011458333333333333
1 0.537962962962963 0.25026041666666665 0.011111111111111112 0.01614583333333333
2 0.5370370370370371 0.25494791666666666 0.011111111111111112 0.013020833333333334
2 0.5666666666666667 0.24635416666666665 0.011111111111111112 0.0125
9 0.6018518518518519 0.21041666666666667 0.007407407407407408 0.009375
1 0.5462962962962963 0.1828125 0.007407407407407408 0.009375
1 0.5541666666666667 0.1875 0.006481481481481482 0.009375
1 0.5675925925925926 0.18723958333333332 0.007407407407407408 0.0078125
2 0.5578703703703703 0.17265625 0.008333333333333333 0.008854166666666666
2 0.5726851851851852 0.16536458333333334 0.006481481481481482 0.0067708333333333336
2 0.5680555555555555 0.19140625 0.006481481481481482 0.0078125
2 0.5541666666666667 0.19140625 0.004629629629629629 0.008854166666666666
2 0.49212962962962964 0.20598958333333334 0.01388888888888889 0.008854166666666666
2 0.23796296296296296 0.40911458333333334 0.05925925925925926 0.019270833333333334
2 0.2087962962962963 0.41875 0.058333333333333334 0.02395833333333333
2 0.2087962962962963 0.42890625 0.058333333333333334 0.022395833333333334
2 0.14027777777777778 0.48723958333333334 0.07685185185185185 0.025520833333333333
2 0.18935185185185185 0.4518229166666667 0.06018518518518519 0.021354166666666667
2 0.10092592592592593 0.4940104166666667 0.08148148148148149 0.025520833333333333
2 0.07314814814814816 0.5018229166666667 0.05925925925925926 0.0234375
2 0.04722222222222222 0.5375 0.07222222222222223 0.030208333333333334
2 0.06851851851851852 0.5174479166666667 0.07962962962962963 0.022395833333333334
