3 1.0797385620915032 0.5110294117647058 0.09673202614379084 0.07058823529411765
3 1.057516339869281 0.4323529411764706 0.08104575163398692 0.057352941176470586
3 0.7477124183006535 0.48051470588235295 0.10980392156862745 0.09044117647058823
3 0.8444444444444443 0.3889705882352941 0.07058823529411765 0.054411764705882354
3 0.741830065359477 0.3220588235294118 0.0718954248366013 0.04852941176470588
3 0.9673202614379084 0.28125 0.08888888888888888 0.03455882352941177
3 0.5052287581699346 0.41801470588235295 0.11633986928104574 0.06397058823529411
3 0.2797385620915033 0.37573529411764706 0.13856209150326795 0.047058823529411764
3 0.21372549019607842 0.41470588235294115 0.19215686274509802 0.052941176470588235
3 0.134640522875817 0.45 0.21176470588235294 0.055882352941176466
3 0.09411764705882353 0.4959558823529412 0.19084967320261437 0.05514705882352941
3 0.24117647058823527 0.22720588235294117 0.10588235294117647 0.023529411764705882
3 0.3098039215686274 0.24926470588235294 0.11503267973856209 0.027941176470588233
3 0.14313725490196078 0.2672794117647059 0.11633986928104574 0.02426470588235294
3 0.13398692810457516 0.2088235294117647 0.09542483660130718 0.01911764705882353
4 0.27124183006535946 0.2077205882352941 0.10326797385620914 0.025735294117647058
3 0.2620915032679738 0.1922794117647059 0.09019607843137255 0.01838235294117647
3 0.3437908496732026 0.19264705882352942 0.03398692810457516 0.01911764705882353
3 0.4091503267973856 0.19522058823529412 0.06797385620915032 0.01838235294117647
3 0.3915032679738562 0.21102941176470588 0.09542483660130718 0.020588235294117647
3 0.5326797385620915 0.1889705882352941 0.05359477124183006 0.01911764705882353
4 0.5928104575163399 0.1775735294117647 0.05359477124183006 0.03161764705882353
4 0.630718954248366 0.1838235294117647 0.043137254901960784 0.022058823529411763
3 1.7026143790849673 0.4430147058823529 0.09019607843137255 0.05367647058823529
3 1.5555555555555554 0.24963235294117647 0.08366013071895424 0.021323529411764706
3 1.5562091503267972 0.23676470588235293 0.09803921568627451 0.020588235294117647
8 1.172549019607843 0.1698529411764706 0.05751633986928104 0.039705882352941174
3 1.1287581699346405 0.16397058823529412 0.03006535947712418 0.013235294117647059
3 1.0509803921568626 0.15404411764705883 0.02875816993464052 0.013970588235294117
3 1.0588235294117647 0.13602941176470587 0.02091503267973856 0.010294117647058823
3 1.0601307189542484 0.11433823529411764 0.02091503267973856 0.009558823529411765
3 1.072549019607843 0.09411764705882353 0.01699346405228758 0.007352941176470588
3 1.026143790849673 0.10625 0.01830065359477124 0.009558823529411765
4 0.9986928104575162 0.10551470588235294 0.01568627450980392 0.011029411764705881
3 1.0222222222222221 0.09595588235294117 0.01568627450980392 0.008088235294117646
3 0.9928104575163398 0.08860294117647059 0.01437908496732026 0.006617647058823529
3 0.9614379084967319 0.08970588235294118 0.01437908496732026 0.007352941176470588
3 0.9359477124183005 0.11066176470588235 0.01830065359477124 0.009558823529411765
3 0.9307189542483659 0.09522058823529411 0.01568627450980392 0.008088235294117646
3 0.9405228758169935 0.08198529411764706 0.011764705882352941 0.006617647058823529
3 0.9627450980392156 0.08345588235294117 0.01437908496732026 0.006617647058823529
3 1.0294117647058822 0.12720588235294117 0.03006535947712418 0.010294117647058823
3 0.9169934640522875 0.13345588235294117 0.02222222222222222 0.0125
3 0.8901960784313725 0.16801470588235293 0.0261437908496732 0.015441176470588236
3 0.8888888888888888 0.18308823529411763 0.03137254901960784 0.020588235294117647
4 0.9457516339869281 0.19375 0.03529411764705882 0.02426470588235294
3 0.9620915032679738 0.2099264705882353 0.04967320261437908 0.030147058823529412
3 0.9915032679738561 0.23088235294117646 0.04836601307189542 0.025
3 0.7849673202614379 0.17426470588235293 0.03529411764705882 0.01764705882352941
3 0.8542483660130719 0.1577205882352941 0.027450980392156862 0.015441176470588236
3 0.8130718954248366 0.13970588235294118 0.02875816993464052 0.013235294117647059
3 0.7849673202614379 0.12316176470588235 0.0457516339869281 0.0125
3 0.8241830065359477 0.12426470588235294 0.043137254901960784 0.013235294117647059
3 0.8490196078431372 0.11544117647058823 0.0196078431372549 0.010294117647058823
6 0.5006535947712418 0.20330882352941176 0.054901960784313725 0.0125
6 1.280392156862745 0.21102941176470588 0.06928104575163398 0.01764705882352941
1 1.2679738562091503 0.20625 0.0130718954248366 0.015441176470588236
1 1.2732026143790849 0.27058823529411763 0.01830065359477124 0.01911764705882353
9 1.2732026143790849 0.2742647058823529 0.01830065359477124 0.01764705882352941
1 1.25359477124183 0.3488970588235294 0.01830065359477124 0.021323529411764706
9 1.2509803921568627 0.3547794117647059 0.03660130718954248 0.021323529411764706
1 1.3712418300653595 0.49227941176470585 0.03137254901960784 0.028676470588235293
9 1.3692810457516338 0.4988970588235294 0.043137254901960784 0.0375
1 1.480392156862745 0.40441176470588236 0.03529411764705882 0.027941176470588233
9 1.4810457516339868 0.40955882352941175 0.0392156862745098 0.025
1 1.484313725490196 0.22536764705882353 0.01437908496732026 0.016911764705882352
9 1.4784313725490195 0.2286764705882353 0.02875816993464052 0.011764705882352941
1 0.5771241830065359 0.34191176470588236 0.02222222222222222 0.022058823529411763
2 0.5790849673202614 0.3488970588235294 0.02091503267973856 0.019852941176470587
9 0.7346405228758169 0.15073529411764705 0.01568627450980392 0.008823529411764706
1 0.1980392156862745 0.2727941176470588 0.0196078431372549 0.013235294117647059
1 0.30588235294117644 0.28051470588235294 0.023529411764705882 0.01838235294117647
9 0.3098039215686274 0.28602941176470587 0.03137254901960784 0.016176470588235292
9 0.2006535947712418 0.2786764705882353 0.03790849673202614 0.014705882352941176
1 0.2947712418300653 0.25220588235294117 0.01699346405228758 0.014705882352941176
1 0.3111111111111111 0.25919117647058826 0.01830065359477124 0.01838235294117647
6 0.3052287581699346 0.2621323529411765 0.06928104575163398 0.015441176470588236
1 0.4006535947712418 0.21470588235294116 0.01437908496732026 0.016176470588235292
9 0.4013071895424836 0.21764705882352942 0.03660130718954248 0.011764705882352941
3 0.8300653594771241 0.12867647058823528 0.01830065359477124 0.010294117647058823
1 0.8816993464052287 0.14595588235294119 0.00915032679738562 0.009558823529411765
9 0.8823529411764706 0.1488970588235294 0.00784313725490196 0.009558823529411765
8 0.9039215686274509 0.09926470588235294 0.0326797385620915 0.020588235294117647
3 0.872549019607843 0.11691176470588235 0.0196078431372549 0.010294117647058823
4 1.1026143790849672 0.09154411764705882 0.03529411764705882 0.008088235294117646
4 1.1058823529411763 0.09375 0.03137254901960784 0.008088235294117646
4 1.1124183006535946 0.10404411764705883 0.03398692810457516 0.009558823529411765
3 1.1274509803921569 0.10588235294117647 0.0326797385620915 0.007352941176470588
5 1.1320261437908496 0.11286764705882353 0.0392156862745098 0.011029411764705881
3 1.103267973856209 0.11544117647058823 0.02091503267973856 0.008823529411764706
3 1.122875816993464 0.125 0.0261437908496732 0.010294117647058823
4 1.1339869281045751 0.13272058823529412 0.0196078431372549 0.013970588235294117
1 0.9444444444444444 0.29558823529411765 0.02222222222222222 0.014705882352941176
6 0.9464052287581699 0.30625 0.0261437908496732 0.019852941176470587
4 1.2143790849673202 0.15073529411764705 0.04967320261437908 0.016176470588235292
4 1.1660130718954247 0.12463235294117647 0.01830065359477124 0.013970588235294117
3 0.8202614379084967 0.10661764705882353 0.03529411764705882 0.007352941176470588
3 0.8300653594771241 0.10477941176470588 0.03398692810457516 0.008088235294117646
3 0.8450980392156863 0.10294117647058823 0.0326797385620915 0.008823529411764706
3 0.8692810457516339 0.09889705882352941 0.03398692810457516 0.009558823529411765
3 0.8732026143790849 0.10294117647058823 0.01830065359477124 0.008823529411764706
4 0.8333333333333333 0.0974264705882353 0.03006535947712418 0.008088235294117646
4 0.85359477124183 0.09191176470588235 0.02875816993464052 0.008823529411764706
3 0.8705882352941176 0.0875 0.02875816993464052 0.008823529411764706
3 0.9437908496732026 0.07610294117647058 0.01045751633986928 0.006617647058823529
3 0.9960784313725489 0.07610294117647058 0.01045751633986928 0.005147058823529412
3 0.9627450980392156 0.07279411764705883 0.011764705882352941 0.0058823529411764705
3 0.9895424836601306 0.07169117647058823 0.01045751633986928 0.005147058823529412
1 0.10784313725490195 0.3327205882352941 0.03006535947712418 0.019852941176470587
1 0.11633986928104574 0.3301470588235294 0.0261437908496732 0.022058823529411763
