3 1.3869281045751634 0.17830882352941177 0.03398692810457516 0.006617647058823529
3 1.3954248366013071 0.18125 0.04052287581699346 0.008088235294117646
3 1.3679738562091501 0.18529411764705883 0.04052287581699346 0.011764705882352941
5 1.4692810457516339 0.18455882352941178 0.023529411764705882 0.014705882352941176
3 1.4816993464052286 0.18235294117647058 0.01699346405228758 0.008823529411764706
4 1.533986928104575 0.18161764705882352 0.03529411764705882 0.008823529411764706
5 1.5065359477124183 0.18786764705882353 0.03006535947712418 0.01838235294117647
4 1.50718954248366 0.20294117647058824 0.02875816993464052 0.016176470588235292
3 1.5705882352941176 0.19448529411764706 0.043137254901960784 0.009558823529411765
5 1.4594771241830065 0.20294117647058824 0.03529411764705882 0.020588235294117647
5 1.4431372549019608 0.19669117647058823 0.05751633986928104 0.021323529411764706
5 1.4202614379084966 0.2051470588235294 0.03006535947712418 0.01911764705882353
5 1.4045751633986927 0.21286764705882352 0.03529411764705882 0.019852941176470587
3 1.388235294117647 0.20330882352941176 0.02875816993464052 0.0125
3 1.3614379084967319 0.2 0.02483660130718954 0.010294117647058823
5 1.3294117647058823 0.20845588235294119 0.03660130718954248 0.019852941176470587
5 1.3758169934640523 0.2323529411764706 0.04836601307189542 0.025
3 1.4751633986928103 0.21985294117647058 0.0457516339869281 0.011764705882352941
3 1.4705882352941175 0.22794117647058823 0.06797385620915032 0.013235294117647059
3 1.468627450980392 0.23566176470588235 0.06666666666666667 0.013970588235294117
3 1.430065359477124 0.25588235294117645 0.04183006535947712 0.01764705882352941
3 1.3130718954248366 0.26691176470588235 0.043137254901960784 0.022058823529411763
3 1.3045751633986926 0.21948529411764706 0.02875816993464052 0.013970588235294117
5 1.284313725490196 0.22389705882352942 0.0457516339869281 0.02426470588235294
5 1.2117647058823529 0.2426470588235294 0.09934640522875816 0.047058823529411764
5 0.9450980392156862 0.3044117647058823 0.13333333333333333 0.044117647058823525
5 0.9483660130718954 0.31691176470588234 0.15294117647058822 0.044117647058823525
5 0.041176470588235294 0.20661764705882352 0.058823529411764705 0.023529411764705882
5 0.1241830065359477 0.2150735294117647 0.07320261437908496 0.027205882352941177
5 0.0869281045751634 0.22463235294117648 0.09281045751633986 0.027205882352941177
5 0.29084967320261434 0.22352941176470587 0.09542483660130718 0.023529411764705882
3 0.7281045751633987 0.4150735294117647 0.13333333333333333 0.05955882352941176
9 0.5300653594771242 0.4775735294117647 0.06928104575163398 0.02426470588235294
3 0.4418300653594771 0.5176470588235293 0.19084967320261437 0.07794117647058824
9 0.8718954248366012 0.5349264705882353 0.11764705882352941 0.04191176470588235
9 1.5986928104575162 0.3367647058823529 0.01830065359477124 0.026470588235294117
6 1.6006535947712417 0.3323529411764706 0.04052287581699346 0.01911764705882353
6 1.5999999999999999 0.3 0.07320261437908496 0.01911764705882353
1 1.5947712418300652 0.29375 0.02091503267973856 0.0125
1 1.61437908496732 0.29558823529411765 0.02091503267973856 0.014705882352941176
