3 0.6156862745098038 0.5375 0.1411764705882353 0.04852941176470588
6 0.7862745098039216 0.5345588235294118 0.058823529411764705 0.054411764705882354
4 0.6588235294117647 0.28970588235294115 0.0522875816993464 0.06323529411764706
3 1.0359477124183005 0.2731617647058823 0.06143790849673202 0.05367647058823529
9 1.072549019607843 0.16911764705882354 0.043137254901960784 0.013235294117647059
9 1.0699346405228758 0.16433823529411765 0.03790849673202614 0.015441176470588236
9 0.8993464052287581 0.07316176470588236 0.01568627450980392 0.019852941176470587
1 0.8999999999999999 0.06985294117647059 0.01437908496732026 0.011764705882352941
2 1.0477124183006534 0.0375 0.03529411764705882 0.011764705882352941
9 1.0333333333333332 0.029044117647058824 0.0457516339869281 0.016911764705882352
2 1.0235294117647058 0.0058823529411764705 0.0130718954248366 0.013235294117647059
3 0.6790849673202614 0.015073529411764706 0.05620915032679738 0.03161764705882353
9 0.9888888888888888 0.4319852941176471 0.027450980392156862 0.03161764705882353
1 0.9908496732026143 0.4301470588235294 0.023529411764705882 0.020588235294117647
9 1.1679738562091502 0.4404411764705882 0.04836601307189542 0.014705882352941176
9 1.2366013071895423 0.5477941176470588 0.023529411764705882 0.027941176470588233
3 0.36470588235294116 0.29044117647058826 0.12810457516339868 0.041176470588235294
3 0.40457516339869276 0.17794117647058824 0.10588235294117647 0.030882352941176472
3 0.4052287581699346 0.15110294117647058 0.10196078431372549 0.02426470588235294
9 1.1274509803921569 0.27095588235294116 0.01699346405228758 0.027205882352941177
