3 0.7862745098039216 0.32279411764705884 0.13986928104575164 0.039705882352941174
3 0.15947712418300652 0.2566176470588235 0.12549019607843137 0.03676470588235294
4 0.4457516339869281 0.19301470588235295 0.07058823529411765 0.03308823529411765
3 0.7627450980392156 0.20294117647058824 0.07450980392156863 0.023529411764705882
3 0.8816993464052287 0.21029411764705883 0.09019607843137255 0.025
3 0.7823529411764706 0.18970588235294117 0.05359477124183006 0.022058823529411763
3 0.7359477124183006 0.1786764705882353 0.06274509803921569 0.022058823529411763
3 0.7692810457516339 0.14301470588235293 0.03529411764705882 0.016911764705882352
3 1.3287581699346405 0.2036764705882353 0.11372549019607843 0.026470588235294117
3 1.56078431372549 0.16838235294117646 0.06013071895424836 0.01911764705882353
3 1.6098039215686273 0.16875 0.06405228758169934 0.01838235294117647
4 1.6274509803921569 0.09191176470588235 0.047058823529411764 0.014705882352941176
3 1.6895424836601307 0.08970588235294118 0.043137254901960784 0.011764705882352941
6 0.2797385620915033 0.19705882352941176 0.0522875816993464 0.01764705882352941
4 0.05424836601307189 0.13419117647058823 0.043137254901960784 0.021323529411764706
4 0.10915032679738561 0.1213235294117647 0.07450980392156863 0.030882352941176472
3 0.2437908496732026 0.1363970588235294 0.07450980392156863 0.015441176470588236
4 0.265359477124183 0.12794117647058822 0.06797385620915032 0.016176470588235292
4 0.29084967320261434 0.11985294117647059 0.058823529411764705 0.016176470588235292
3 0.27058823529411763 0.09852941176470588 0.0522875816993464 0.014705882352941176
9 0.296078431372549 0.10551470588235294 0.011764705882352941 0.009558823529411765
9 0.28627450980392155 0.10294117647058823 0.01568627450980392 0.008823529411764706
1 0.29673202614379085 0.10294117647058823 0.01045751633986928 0.011764705882352941
5 0.6078431372549019 0.13970588235294118 0.0522875816993464 0.033823529411764704
5 0.5058823529411764 0.14522058823529413 0.07581699346405228 0.03897058823529412
5 0.549673202614379 0.12610294117647058 0.06405228758169934 0.03455882352941177
5 0.5849673202614378 0.10955882352941176 0.05359477124183006 0.032352941176470584
1 0.6032679738562091 0.12095588235294118 0.01437908496732026 0.008088235294117646
5 0.9346405228758169 0.11286764705882353 0.26405228758169935 0.04044117647058824
5 0.926797385620915 0.11286764705882353 0.23529411764705882 0.03455882352941177
8 1.0143790849673202 0.08529411764705883 0.07581699346405228 0.020588235294117647
6 0.8366013071895424 0.07830882352941176 0.02091503267973856 0.011029411764705881
4 0.6156862745098038 0.06580882352941177 0.02091503267973856 0.011029411764705881
3 0.5712418300653594 0.06433823529411764 0.02875816993464052 0.009558823529411765
3 0.5398692810457516 0.06066176470588235 0.0392156862745098 0.009558823529411765
3 0.5117647058823529 0.05367647058823529 0.0196078431372549 0.008823529411764706
3 0.5313725490196078 0.054044117647058826 0.02222222222222222 0.008088235294117646
3 0.5732026143790849 0.05330882352941176 0.02222222222222222 0.006617647058823529
3 0.5830065359477123 0.047058823529411764 0.03398692810457516 0.0058823529411764705
5 0.6235294117647059 0.039338235294117646 0.11503267973856209 0.015441176470588236
5 0.6627450980392157 0.0375 0.09673202614379084 0.01911764705882353
3 0.7359477124183006 0.03823529411764706 0.02875816993464052 0.0058823529411764705
4 0.8464052287581699 0.02977941176470588 0.00915032679738562 0.006617647058823529
5 0.8281045751633986 0.03051470588235294 0.011764705882352941 0.008088235294117646
5 0.818954248366013 0.025 0.01437908496732026 0.011764705882352941
5 0.8026143790849672 0.02426470588235294 0.01830065359477124 0.011764705882352941
5 0.8300653594771241 0.013602941176470588 0.0130718954248366 0.009558823529411765
5 0.9111111111111111 0.028308823529411765 0.023529411764705882 0.006617647058823529
4 0.9281045751633986 0.027573529411764705 0.01830065359477124 0.006617647058823529
5 0.8771241830065359 0.02022058823529412 0.01568627450980392 0.011029411764705881
3 0.8627450980392156 0.011397058823529411 0.00784313725490196 0.003676470588235294
9 0.7483660130718953 0.05514705882352941 0.0065359477124183 0.0058823529411764705
1 0.7483660130718953 0.052941176470588235 0.0065359477124183 0.0058823529411764705
3 1.2241830065359476 0.19080882352941175 0.03790849673202614 0.02426470588235294
