9 0.01015228426395939 0.5496428571428571 0.02284263959390863 0.023571428571428573
9 0.03743654822335025 0.5478571428571428 0.04187817258883248 0.027142857142857142
9 0.05837563451776649 0.5425 0.04568527918781726 0.030714285714285715
9 0.09200507614213198 0.5271428571428571 0.04187817258883248 0.032857142857142856
9 0.12055837563451775 0.5228571428571429 0.03807106598984771 0.03
9 0.1351522842639594 0.5125 0.04695431472081218 0.03214285714285714
9 0.1649746192893401 0.5092857142857142 0.035532994923857864 0.03
9 0.2049492385786802 0.49178571428571427 0.04441624365482233 0.03214285714285714
9 0.22208121827411165 0.48464285714285715 0.032994923857868015 0.030714285714285715
9 0.2506345177664974 0.47785714285714287 0.031725888324873094 0.03142857142857143
8 0.3959390862944162 0.43142857142857144 0.20558375634517764 0.08428571428571428
9 0.891497461928934 0.4517857142857143 0.019035532994923856 0.025
1 1.282994923857868 0.5332142857142858 0.032994923857868015 0.009285714285714286
4 1.5583756345177664 0.07107142857142858 0.04060913705583756 0.020714285714285713
8 1.4879441624365481 0.08535714285714285 0.10532994923857868 0.04357142857142857
8 1.2988578680203045 0.14035714285714285 0.1281725888324873 0.055
3 1.3743654822335025 0.12464285714285714 0.04314720812182741 0.016428571428571428
3 1.4225888324873095 0.11285714285714285 0.04314720812182741 0.015714285714285715
3 1.0945431472081217 0.24571428571428572 0.07741116751269035 0.02857142857142857
8 1.048223350253807 0.22142857142857142 0.11928934010152284 0.04857142857142857
8 0.883248730964467 0.27535714285714286 0.13451776649746192 0.056428571428571425
8 0.6573604060913705 0.3467857142857143 0.22588832487309643 0.09642857142857143
3 0.3413705583756345 0.2692857142857143 0.03807106598984771 0.027142857142857142
4 0.3432741116751269 0.18285714285714286 0.03426395939086294 0.022857142857142857
4 0.5228426395939086 0.19071428571428573 0.03807106598984771 0.03
4 0.5621827411167513 0.17 0.032994923857868015 0.022857142857142857
4 0.5532994923857868 0.14785714285714285 0.027918781725888322 0.022857142857142857
4 0.5406091370558376 0.12035714285714286 0.03045685279187817 0.025
4 0.5190355329949238 0.10071428571428571 0.032994923857868015 0.022857142857142857
4 0.4276649746192893 0.05928571428571429 0.050761421319796954 0.014285714285714285
1 0.3972081218274111 0.11214285714285714 0.0076142131979695426 0.008571428571428572
9 0.39847715736040606 0.11428571428571428 0.015228426395939085 0.012857142857142857
3 0.4422588832487309 0.11928571428571429 0.03426395939086294 0.02
3 0.4815989847715736 0.0875 0.031725888324873094 0.017857142857142856
5 0.3876903553299492 0.044642857142857144 0.04441624365482233 0.025
5 0.3515228426395939 0.0275 0.048223350253807105 0.023571428571428573
5 0.33248730964467005 0.06107142857142857 0.048223350253807105 0.030714285714285715
4 0.06852791878172589 0.005 0.027918781725888322 0.011428571428571429
4 0.15736040609137056 0.02 0.025380710659898477 0.012857142857142857
4 0.24682741116751267 0.015 0.024111675126903553 0.014285714285714285
9 1.006979695431472 0.5546428571428571 0.021573604060913704 0.013571428571428571
9 1.0272842639593909 0.5532142857142857 0.026649746192893398 0.016428571428571428
