3 0.4738095238095238 0.20964285714285713 0.04476190476190476 0.017857142857142856
3 0.4623809523809524 0.14857142857142858 0.03142857142857143 0.012857142857142857
5 0.6780952380952381 0.2782142857142857 0.04380952380952381 0.045
8 0.5190476190476191 0.02035714285714286 0.01904761904761905 0.02642857142857143
3 0.5542857142857143 0.03464285714285714 0.011428571428571429 0.012142857142857143
3 0.5128571428571429 0.0032142857142857142 0.008571428571428572 0.007857142857142858
3 0.81 0.2639285714285714 0.02761904761904762 0.02214285714285714
3 0.5819047619047619 0.24392857142857144 0.026666666666666665 0.027857142857142858
4 0.5776190476190476 0.2175 0.018095238095238095 0.02214285714285714
4 0.5961904761904762 0.27035714285714285 0.026666666666666665 0.027857142857142858
5 0.6171428571428571 0.3464285714285714 0.04380952380952381 0.07285714285714286
5 0.6623809523809524 0.3317857142857143 0.06190476190476191 0.085
3 0.7228571428571429 0.3742857142857143 0.030476190476190476 0.03428571428571429
5 0.6176190476190476 0.2307142857142857 0.04476190476190476 0.06142857142857143
3 0.6390476190476191 0.2782142857142857 0.030476190476190476 0.029285714285714286
3 0.5204761904761904 0.04107142857142857 0.014285714285714285 0.012142857142857143
3 0.5966666666666667 0.1825 0.018095238095238095 0.02214285714285714
3 0.5866666666666667 0.16142857142857142 0.01904761904761905 0.018571428571428572
4 0.6057142857142858 0.19857142857142857 0.015238095238095238 0.014285714285714285
8 0.560952380952381 0.17607142857142857 0.03619047619047619 0.05357142857142857
8 0.5461904761904762 0.1357142857142857 0.029523809523809525 0.041428571428571426
8 0.570952380952381 0.12678571428571428 0.029523809523809525 0.04071428571428572
8 0.5314285714285715 0.09285714285714286 0.024761904761904763 0.03571428571428571
8 0.540952380952381 0.0625 0.022857142857142857 0.030714285714285715
8 0.5138095238095238 0.05071428571428571 0.021904761904761906 0.03142857142857143
3 0.4176190476190476 0.7157142857142857 0.09047619047619047 0.045714285714285714
8 0.9133333333333333 0.7067857142857142 0.24 0.08214285714285714
5 1.1833333333333333 0.6396428571428572 0.1761904761904762 0.06357142857142857
3 1.3166666666666667 0.6725 0.03142857142857143 0.03785714285714286
9 1.0057142857142858 0.3821428571428571 0.02095238095238095 0.01
9 0.9076190476190477 0.3525 0.015238095238095238 0.013571428571428571
1 1.0080952380952382 0.38107142857142856 0.006666666666666666 0.012142857142857143
1 0.9085714285714286 0.35 0.009523809523809525 0.012857142857142857
9 0.5814285714285714 0.4067857142857143 0.010476190476190476 0.015
9 0.6014285714285714 0.415 0.012380952380952381 0.015714285714285715
1 0.5814285714285714 0.4035714285714286 0.006666666666666666 0.012857142857142857
1 0.6004761904761905 0.4135714285714286 0.008571428571428572 0.012857142857142857
