3 0.5142857142857142 0.5092857142857142 0.18666666666666668 0.09714285714285714
3 0.06523809523809523 0.5528571428571428 0.13047619047619047 0.11142857142857143
3 0.741904761904762 0.43214285714285716 0.11238095238095239 0.06
3 0.9038095238095238 0.4139285714285714 0.07809523809523809 0.05357142857142857
3 0.8380952380952381 0.36642857142857144 0.07238095238095238 0.03857142857142857
3 0.9914285714285714 0.3439285714285714 0.07809523809523809 0.029285714285714286
3 0.8333333333333334 0.3289285714285714 0.05333333333333333 0.030714285714285715
3 0.940952380952381 0.2975 0.0380952380952381 0.020714285714285713
3 0.9652380952380952 0.27535714285714286 0.03142857142857143 0.017857142857142856
3 0.9495238095238095 0.26357142857142857 0.024761904761904763 0.014285714285714285
3 1.0476190476190477 0.2671428571428571 0.024761904761904763 0.014285714285714285
3 1.0171428571428571 0.24214285714285713 0.013333333333333332 0.008571428571428572
3 1.0033333333333334 0.23535714285714285 0.014285714285714285 0.007857142857142858
3 1.0014285714285713 0.22035714285714286 0.014285714285714285 0.0064285714285714285
1 1.0557142857142856 0.3125 0.012380952380952381 0.019285714285714285
1 1.0623809523809524 0.3317857142857143 0.01619047619047619 0.016428571428571428
9 1.051904761904762 0.3182142857142857 0.008571428571428572 0.012142857142857143
9 1.0571428571428572 0.3389285714285714 0.015238095238095238 0.016428571428571428
1 0.6928571428571428 0.2739285714285714 0.006666666666666666 0.015
9 0.6947619047619048 0.2782142857142857 0.008571428571428572 0.0064285714285714285
1 1.0557142857142856 0.25107142857142856 0.006666666666666666 0.009285714285714286
9 1.0547619047619048 0.2532142857142857 0.004761904761904762 0.009285714285714286
