3 0.9098984771573604 0.545 0.03045685279187817 0.025714285714285714
3 0.8940355329949238 0.5146428571428572 0.031725888324873094 0.02642857142857143
3 0.881979695431472 0.48642857142857143 0.025380710659898477 0.022857142857142857
3 0.8965736040609137 0.4585714285714286 0.026649746192893398 0.02142857142857143
4 0.8788071065989848 0.4253571428571429 0.026649746192893398 0.02214285714285714
8 0.8565989847715736 0.43535714285714283 0.048223350253807105 0.05928571428571429
3 0.8807106598984771 0.38321428571428573 0.035532994923857864 0.016428571428571428
8 1.0355329949238579 0.35892857142857143 0.09644670050761421 0.027857142857142858
8 1.0203045685279186 0.3507142857142857 0.09390862944162436 0.03
3 0.9828680203045684 0.34964285714285714 0.03426395939086294 0.012142857142857143
3 0.9892131979695431 0.34035714285714286 0.03426395939086294 0.012142857142857143
4 1.1161167512690355 0.3482142857142857 0.04441624365482233 0.015
4 1.140228426395939 0.3357142857142857 0.04441624365482233 0.014285714285714285
3 1.0907360406091369 0.3242857142857143 0.03934010152284264 0.014285714285714285
8 1.1040609137055837 0.30714285714285716 0.050761421319796954 0.017142857142857144
3 1.0437817258883249 0.30785714285714283 0.031725888324873094 0.01
3 0.8864213197969543 0.33071428571428574 0.031725888324873094 0.011428571428571429
3 0.8261421319796953 0.3464285714285714 0.04060913705583756 0.011428571428571429
4 0.9213197969543147 0.3142857142857143 0.03807106598984771 0.012857142857142857
3 0.8166243654822335 0.29035714285714287 0.019035532994923856 0.016428571428571428
5 0.833756345177665 0.2792857142857143 0.025380710659898477 0.027142857142857142
3 0.8591370558375634 0.2857142857142857 0.02030456852791878 0.014285714285714285
3 0.8496192893401014 0.2710714285714286 0.019035532994923856 0.013571428571428571
3 0.824238578680203 0.26 0.019035532994923856 0.014285714285714285
3 0.8388324873096447 0.25535714285714284 0.017766497461928932 0.013571428571428571
3 0.8178934010152283 0.24285714285714285 0.013959390862944161 0.015714285714285715
3 0.833756345177665 0.2425 0.017766497461928932 0.012142857142857143
3 0.8121827411167513 0.2292857142857143 0.015228426395939085 0.012857142857142857
3 0.831218274111675 0.2292857142857143 0.015228426395939085 0.014285714285714285
3 0.8248730964467005 0.2117857142857143 0.02030456852791878 0.023571428571428573
3 0.8223350253807106 0.17607142857142857 0.012690355329949238 0.010714285714285714
4 0.7760152284263959 0.1575 0.011421319796954314 0.010714285714285714
3 0.8153553299492385 0.1467857142857143 0.011421319796954314 0.007857142857142858
3 0.6059644670050761 0.36964285714285716 0.04187817258883248 0.012142857142857143
3 0.5793147208121827 0.34 0.03426395939086294 0.012857142857142857
3 0.424492385786802 0.3842857142857143 0.04441624365482233 0.012857142857142857
4 0.45050761421319796 0.3578571428571429 0.04060913705583756 0.014285714285714285
5 0.40038071065989844 0.36214285714285716 0.052030456852791875 0.015714285714285715
3 0.3445431472081218 0.36892857142857144 0.03934010152284264 0.010714285714285714
3 0.28680203045685276 0.2332142857142857 0.02030456852791878 0.012142857142857143
3 0.3280456852791878 0.22285714285714286 0.024111675126903553 0.014285714285714285
3 0.31535532994923854 0.21107142857142858 0.016497461928934008 0.012142857142857143
3 0.3248730964467005 0.20214285714285715 0.02030456852791878 0.011428571428571429
3 0.33375634517766495 0.19285714285714287 0.015228426395939085 0.011428571428571429
3 0.3280456852791878 0.18642857142857142 0.016497461928934008 0.011428571428571429
3 0.26078680203045684 0.23642857142857143 0.021573604060913704 0.012857142857142857
3 0.27347715736040606 0.22464285714285714 0.024111675126903553 0.015
3 0.2842639593908629 0.21428571428571427 0.017766497461928932 0.011428571428571429
3 0.29505076142131975 0.20464285714285715 0.019035532994923856 0.012142857142857143
3 0.3052030456852792 0.195 0.019035532994923856 0.011428571428571429
3 0.315989847715736 0.18642857142857142 0.017766497461928932 0.011428571428571429
8 0.2563451776649746 0.1692857142857143 0.04314720812182741 0.03
8 0.2182741116751269 0.17285714285714285 0.04314720812182741 0.03
8 0.18337563451776648 0.17642857142857143 0.04187817258883248 0.025714285714285714
3 0.16434010152284262 0.13535714285714287 0.024111675126903553 0.0064285714285714285
3 0.20558375634517764 0.13392857142857142 0.03045685279187817 0.007857142857142858
3 1.2182741116751268 0.27464285714285713 0.035532994923857864 0.010714285714285714
3 1.258248730964467 0.2760714285714286 0.029187817258883246 0.010714285714285714
3 1.413705583756345 0.24928571428571428 0.027918781725888322 0.011428571428571429
3 1.4790609137055837 0.245 0.03426395939086294 0.011428571428571429
3 1.553934010152284 0.25535714285714284 0.03426395939086294 0.012142857142857143
3 1.5025380710659897 0.23107142857142857 0.035532994923857864 0.012142857142857143
3 1.5158629441624365 0.22035714285714286 0.031725888324873094 0.009285714285714286
8 1.557741116751269 0.21857142857142858 0.049492385786802026 0.017142857142857144
3 1.555203045685279 0.2307142857142857 0.031725888324873094 0.01
3 1.6776649746192893 0.2517857142857143 0.03045685279187817 0.012142857142857143
3 1.5913705583756343 0.2032142857142857 0.027918781725888322 0.009285714285714286
3 1.70494923857868 0.19464285714285715 0.031725888324873094 0.010714285714285714
3 1.2290609137055837 0.09892857142857144 0.016497461928934008 0.010714285714285714
3 1.2246192893401013 0.08785714285714286 0.012690355329949238 0.011428571428571429
3 1.2315989847715736 0.04321428571428571 0.011421319796954314 0.007857142857142858
