3 0.7791878172588832 0.4210714285714286 0.10659898477157359 0.052142857142857144
3 0.9041878172588832 0.5239285714285714 0.10786802030456852 0.05785714285714286
3 0.6618020304568527 0.40964285714285714 0.09771573604060912 0.04928571428571429
3 0.5602791878172588 0.32821428571428574 0.08248730964467005 0.039285714285714285
3 0.3565989847715736 0.3921428571428571 0.07106598984771573 0.037142857142857144
3 0.11675126903553298 0.23035714285714284 0.048223350253807105 0.03214285714285714
3 0.0881979695431472 0.15071428571428572 0.05964467005076142 0.02857142857142857
3 0.5723350253807106 0.26035714285714284 0.053299492385786795 0.025
8 0.4314720812182741 0.2332142857142857 0.12944162436548223 0.062142857142857146
8 0.6592639593908629 0.23107142857142857 0.11294416243654821 0.07071428571428572
8 0.5869289340101522 0.22428571428571428 0.10279187817258882 0.05714285714285714
8 0.5285532994923857 0.1675 0.11040609137055837 0.05785714285714286
8 0.4879441624365482 0.18142857142857144 0.10786802030456852 0.054285714285714284
8 0.4289340101522842 0.12785714285714286 0.10913705583756345 0.05285714285714286
8 0.383248730964467 0.13357142857142856 0.11167512690355329 0.055714285714285716
8 0.2842639593908629 0.12142857142857143 0.08629441624365482 0.04428571428571428
8 0.2861675126903553 0.09642857142857143 0.11294416243654821 0.05142857142857143
3 0.21890862944162434 0.09714285714285714 0.049492385786802026 0.022857142857142857
8 0.2081218274111675 0.06357142857142857 0.08629441624365482 0.047142857142857146
8 0.1548223350253807 0.06535714285714286 0.06598984771573603 0.03357142857142857
4 0.15862944162436546 0.04107142857142857 0.03045685279187817 0.020714285714285713
3 0.19035532994923857 0.3632142857142857 0.050761421319796954 0.02642857142857143
3 0.14086294416243653 0.34 0.048223350253807105 0.025714285714285714
3 0.08375634517766496 0.3117857142857143 0.053299492385786795 0.025
4 1.739213197969543 0.08892857142857143 0.05710659898477157 0.023571428571428573
4 1.6529187817258881 0.065 0.05964467005076142 0.015714285714285715
3 1.66243654822335 0.07892857142857143 0.05837563451776649 0.02214285714285714
