9 0.9390862944162436 0.4089285714285714 0.027918781725888322 0.023571428571428573
3 0.833756345177665 0.2392857142857143 0.035532994923857864 0.025714285714285714
3 1.1243654822335025 0.1492857142857143 0.048223350253807105 0.03142857142857143
5 1.2100253807106598 0.13 0.09517766497461928 0.08
5 1.3178934010152283 0.18464285714285714 0.08248730964467005 0.062142857142857146
5 1.2779187817258881 0.1332142857142857 0.04568527918781726 0.03214285714285714
3 0.9378172588832486 0.09035714285714286 0.03807106598984771 0.02642857142857143
9 0.8026649746192893 0.15964285714285714 0.016497461928934008 0.015
9 0.7550761421319796 0.08821428571428572 0.017766497461928932 0.016428571428571428
3 0.7335025380710659 0.04321428571428571 0.032994923857868015 0.025
3 0.35342639593908626 0.09357142857142857 0.029187817258883246 0.022857142857142857
