3 1.064 0.56425 0.13733333333333334 0.0975
3 0.7823333333333333 0.55275 0.10066666666666667 0.08650000000000001
4 1.24 0.41625 0.108 0.07050000000000001
3 0.9279999999999999 0.44625000000000004 0.104 0.0795
3 0.8453333333333333 0.36925 0.09066666666666666 0.0605
3 0.6726666666666666 0.384 0.06533333333333333 0.059000000000000004
3 0.6426666666666666 0.33075 0.06133333333333333 0.0495
3 0.6096666666666667 0.279 0.05266666666666667 0.036000000000000004
4 0.7866666666666666 0.306 0.058666666666666666 0.054
4 0.7446666666666666 0.27175 0.058666666666666666 0.0395
3 0.7026666666666667 0.24025 0.05333333333333333 0.0335
3 0.6743333333333333 0.20975 0.04733333333333333 0.0285
3 0.6433333333333333 0.18575 0.03866666666666667 0.0235
3 0.5826666666666667 0.24325 0.042666666666666665 0.0345
3 0.5623333333333334 0.21325 0.038 0.0315
3 0.5479999999999999 0.18725 0.036 0.025500000000000002
3 0.9049999999999999 0.22525 0.07933333333333333 0.0265
1 0.9103333333333333 0.14925 0.01 0.0145
9 0.9103333333333333 0.15425 0.02333333333333333 0.0095
1 0.839 0.11125 0.01 0.0105
9 1.0743333333333334 0.08725000000000001 0.007333333333333333 0.0105
9 1.0626666666666666 0.085 0.016 0.01
9 1.057 0.08425 0.015333333333333332 0.0085
1 0.992 0.0955 0.006666666666666666 0.01
3 0.9823333333333333 0.0895 0.04466666666666667 0.013000000000000001
3 0.958 0.08425 0.04133333333333333 0.0175
3 0.6133333333333333 0.145 0.034666666666666665 0.023
4 0.529 0.163 0.026 0.024
4 0.52 0.14775 0.024 0.0245
3 0.513 0.135 0.024666666666666667 0.02
3 0.5043333333333333 0.123 0.035333333333333335 0.017
3 0.598 0.10975 0.02 0.0145
3 0.5683333333333334 0.112 0.026 0.017
3 0.5323333333333333 0.11175 0.024666666666666667 0.0165
3 0.5573333333333333 0.1005 0.022666666666666665 0.014
4 0.5469999999999999 0.08775000000000001 0.020666666666666667 0.0195
3 0.5103333333333333 0.08775000000000001 0.020666666666666667 0.0135
3 0.5336666666666666 0.081 0.018 0.014
3 0.5293333333333333 0.07425 0.017333333333333333 0.0125
3 0.5223333333333333 0.06675 0.016666666666666666 0.0125
3 0.514 0.062 0.016 0.012
3 0.503 0.051000000000000004 0.016666666666666666 0.01
3 0.492 0.1115 0.022666666666666665 0.017
3 0.48433333333333334 0.1 0.022 0.017
3 0.47833333333333333 0.0905 0.019333333333333334 0.017
6 0.41233333333333333 0.108 0.012666666666666666 0.013000000000000001
9 0.3476666666666667 0.0565 0.007333333333333333 0.008
3 0.46066666666666667 0.06225 0.016 0.0115
6 0.44966666666666666 0.05625 0.006 0.0075
3 0.4483333333333333 0.043750000000000004 0.014 0.0115
5 0.4963333333333333 0.043750000000000004 0.02333333333333333 0.0125
4 0.48666666666666664 0.03475 0.012 0.0115
3 0.481 0.0325 0.011333333333333332 0.01
3 0.47833333333333333 0.02725 0.011333333333333332 0.0085
3 0.4643333333333333 0.035 0.014 0.009000000000000001
5 0.4413333333333333 0.0315 0.014666666666666666 0.013000000000000001
3 0.434 0.02275 0.010666666666666666 0.006500000000000001
4 0.42566666666666664 0.0115 0.014 0.01
3 0.41733333333333333 0.0055 0.017333333333333333 0.006
3 0.4666666666666667 0.01675 0.009333333333333332 0.006500000000000001
3 0.4623333333333333 0.014 0.01 0.008
3 0.4603333333333333 0.0105 0.007333333333333333 0.007
4 0.472 0.021500000000000002 0.012 0.011
3 0.45666666666666667 0.0085 0.008 0.006
3 0.4563333333333333 0.002 0.02333333333333333 0.005
4 0.07033333333333333 0.0175 0.02733333333333333 0.009000000000000001
3 0.056666666666666664 0.0165 0.017333333333333333 0.007
3 0.041 0.017750000000000002 0.02333333333333333 0.006500000000000001
3 0.05566666666666666 0.02875 0.02733333333333333 0.0075
3 0.051 0.025750000000000002 0.022 0.0055
4 0.043333333333333335 0.0245 0.018666666666666665 0.007
3 0.037 0.0245 0.016666666666666666 0.008
3 0.029666666666666664 0.02425 0.019333333333333334 0.006500000000000001
3 0.023666666666666666 0.024 0.020666666666666667 0.007
4 0.005 0.03625 0.011333333333333332 0.0125
4 0.015 0.022 0.018 0.008
3 0.006666666666666666 0.02275 0.014666666666666666 0.0075
1 0.09666666666666666 0.025 0.008 0.007
