3 0.2914285714285714 0.0625 0.08571428571428572 0.03642857142857143
3 0.3838095238095238 0.08285714285714285 0.08571428571428572 0.03428571428571429
3 0.2561904761904762 0.15678571428571428 0.09333333333333334 0.04071428571428572
3 0.49476190476190474 0.09821428571428571 0.09428571428571429 0.02642857142857143
3 0.6047619047619047 0.11928571428571429 0.09333333333333334 0.04285714285714286
3 0.5133333333333333 0.12357142857142857 0.10095238095238095 0.037142857142857144
3 0.46095238095238095 0.1757142857142857 0.10476190476190476 0.04285714285714286
3 0.6371428571428571 0.20464285714285715 0.11619047619047619 0.04928571428571429
3 0.7790476190476191 0.24107142857142858 0.11428571428571428 0.047857142857142855
3 1.0033333333333334 0.18642857142857142 0.12666666666666668 0.05
3 0.93 0.2732142857142857 0.1457142857142857 0.05785714285714286
3 1.0804761904761904 0.3457142857142857 0.06761904761904762 0.08
3 1.2847619047619048 0.24571428571428572 0.09523809523809523 0.041428571428571426
3 1.2733333333333334 0.39321428571428574 0.1180952380952381 0.11214285714285714
9 0.14952380952380953 0.35464285714285715 0.05904761904761905 0.027857142857142858
9 0.14761904761904762 0.3817857142857143 0.05904761904761905 0.02642857142857143
