3 0.6795238095238095 0.5167857142857143 0.021904761904761906 0.035
3 0.4766666666666667 0.48 0.04666666666666667 0.017142857142857144
3 0.4819047619047619 0.4975 0.04380952380952381 0.016428571428571428
3 0.6261904761904762 0.31892857142857145 0.02 0.03357142857142857
3 0.6795238095238095 0.20642857142857143 0.02 0.03
3 0.5428571428571428 0.24964285714285714 0.02095238095238095 0.03357142857142857
3 0.48 0.31285714285714283 0.0419047619047619 0.015714285714285715
3 0.48 0.33285714285714285 0.047619047619047616 0.018571428571428572
3 0.4666666666666667 0.3578571428571429 0.0419047619047619 0.02857142857142857
4 0.5528571428571428 0.36428571428571427 0.02 0.03428571428571429
4 0.5580952380952381 0.4017857142857143 0.02095238095238095 0.03785714285714286
3 0.5338095238095238 0.40464285714285714 0.02 0.03357142857142857
3 0.53 0.36642857142857144 0.02 0.032857142857142856
3 0.5085714285714286 0.3917857142857143 0.02095238095238095 0.03642857142857143
3 0.5247619047619048 0.43285714285714283 0.047619047619047616 0.017142857142857144
3 0.4738095238095238 0.4303571428571429 0.04666666666666667 0.017857142857142856
3 0.539047619047619 0.1367857142857143 0.01904761904761905 0.030714285714285715
3 0.5114285714285715 0.13642857142857143 0.02095238095238095 0.03428571428571429
3 0.5138095238095238 0.185 0.02 0.03
3 0.49523809523809526 0.20107142857142857 0.02095238095238095 0.03357142857142857
3 0.7276190476190476 0.205 0.02095238095238095 0.03
3 0.7261904761904762 0.17357142857142857 0.02 0.03428571428571429
3 0.4580952380952381 0.29392857142857143 0.045714285714285714 0.015
4 0.4533333333333333 0.2764285714285714 0.04 0.015714285714285715
4 0.5433333333333333 0.21714285714285714 0.018095238095238095 0.027142857142857142
5 0.5395238095238095 0.1742857142857143 0.021904761904761906 0.041428571428571426
4 0.5190476190476191 0.24714285714285714 0.01904761904761905 0.025714285714285714
3 0.5190476190476191 0.21785714285714286 0.01904761904761905 0.025714285714285714
3 0.4719047619047619 0.4067857142857143 0.05047619047619047 0.016428571428571428
3 0.47095238095238096 0.3807142857142857 0.040952380952380955 0.024285714285714285
3 0.44904761904761903 0.7239285714285715 0.04857142857142857 0.019285714285714285
3 0.5133333333333333 0.6782142857142857 0.026666666666666665 0.03785714285714286
3 0.5114285714285715 0.645 0.045714285714285714 0.022857142857142857
3 0.5157142857142857 0.6003571428571428 0.04666666666666667 0.019285714285714285
3 0.5238095238095238 0.5535714285714286 0.045714285714285714 0.017142857142857144
3 0.4980952380952381 0.5742857142857143 0.05523809523809524 0.018571428571428572
3 0.49666666666666665 0.6246428571428572 0.05047619047619047 0.016428571428571428
3 0.8361904761904762 0.5832142857142857 0.045714285714285714 0.016428571428571428
3 1.0566666666666666 0.5910714285714286 0.040952380952380955 0.027857142857142858
4 1.23 0.55 0.04476190476190476 0.015714285714285715
3 1.2466666666666666 0.3871428571428571 0.049523809523809526 0.015714285714285715
3 1.1576190476190475 0.2789285714285714 0.04285714285714286 0.016428571428571428
3 1.188095238095238 0.3892857142857143 0.04285714285714286 0.015714285714285715
3 1.1376190476190475 0.39035714285714285 0.04666666666666667 0.015
3 1.0857142857142856 0.3925 0.045714285714285714 0.013571428571428571
4 1.0357142857142858 0.39464285714285713 0.04857142857142857 0.015
8 1.2123809523809523 0.07071428571428572 0.03619047619047619 0.037142857142857144
3 0.9438095238095238 0.08214285714285714 0.045714285714285714 0.018571428571428572
4 0.8757142857142857 0.08821428571428572 0.07904761904761905 0.019285714285714285
3 0.5071428571428571 0.009285714285714286 0.01619047619047619 0.02
3 0.44571428571428573 0.028214285714285713 0.04380952380952381 0.017857142857142856
3 0.7119047619047619 0.03892857142857143 0.02 0.03214285714285714
3 0.7104761904761905 0.009642857142857142 0.01904761904761905 0.020714285714285713
3 0.74 0.2978571428571429 0.01904761904761905 0.03
4 0.74 0.3292857142857143 0.02095238095238095 0.02857142857142857
3 0.7738095238095238 0.735 0.021904761904761906 0.02857142857142857
9 0.7823809523809524 0.6267857142857143 0.010476190476190476 0.019285714285714285
9 0.7723809523809524 0.6185714285714285 0.007619047619047619 0.017142857142857144
2 0.7861904761904762 0.6071428571428571 0.014285714285714285 0.005714285714285714
9 0.8423809523809523 0.65 0.021904761904761906 0.01
9 0.8371428571428572 0.6275 0.02095238095238095 0.007857142857142858
5 0.58 0.68 0.022857142857142857 0.04428571428571428
3 0.027142857142857142 0.5685714285714286 0.05047619047619047 0.017142857142857144
3 0.1380952380952381 0.4632142857142857 0.049523809523809526 0.019285714285714285
3 0.22095238095238096 0.46 0.04380952380952381 0.015714285714285715
3 0.023809523809523808 0.48964285714285716 0.049523809523809526 0.017857142857142856
3 0.21047619047619048 0.225 0.047619047619047616 0.017142857142857144
3 0.15714285714285714 0.31107142857142855 0.049523809523809526 0.017857142857142856
