4 0.3919047619047619 0.7089285714285715 0.09428571428571429 0.08071428571428571
3 0.4552380952380952 0.6167857142857143 0.08952380952380952 0.08928571428571429
3 0.35285714285714287 0.6210714285714286 0.07142857142857142 0.08071428571428571
3 0.530952380952381 0.5185714285714286 0.08095238095238096 0.08428571428571428
3 0.5952380952380952 0.42892857142857144 0.07428571428571429 0.07214285714285715
3 0.5076190476190476 0.4235714285714286 0.06857142857142857 0.07
3 0.5633333333333334 0.3557142857142857 0.06380952380952382 0.06428571428571428
3 0.6138095238095238 0.285 0.05238095238095238 0.05857142857142857
3 0.55 0.2307142857142857 0.06 0.05857142857142857
3 0.7066666666666667 0.28214285714285714 0.05904761904761905 0.05857142857142857
3 0.7514285714285714 0.11214285714285714 0.05333333333333333 0.05
3 0.7761904761904762 0.06285714285714286 0.047619047619047616 0.05
3 0.3914285714285714 0.41464285714285715 0.0761904761904762 0.06928571428571428
3 0.4276190476190476 0.5275 0.09333333333333334 0.09071428571428572
3 0.25476190476190474 0.5657142857142857 0.09619047619047619 0.08285714285714285
4 0.5585714285714286 0.7189285714285715 0.07333333333333333 0.060714285714285714
3 0.6 0.6689285714285714 0.07238095238095238 0.08785714285714286
3 0.6390476190476191 0.6182142857142857 0.06666666666666667 0.08214285714285714
3 0.79 0.6878571428571428 0.11523809523809524 0.06857142857142857
4 0.810952380952381 0.6457142857142857 0.11142857142857143 0.06142857142857143
3 0.8861904761904762 0.5310714285714285 0.10380952380952381 0.056428571428571425
4 0.7095238095238096 0.5053571428571428 0.07047619047619047 0.08214285714285714
3 0.7376190476190476 0.4567857142857143 0.06952380952380953 0.075
3 0.7633333333333333 0.4160714285714286 0.06571428571428571 0.06642857142857143
4 0.7914285714285715 0.3675 0.06666666666666667 0.07071428571428572
3 0.6538095238095238 0.3525 0.06571428571428571 0.065
3 0.9247619047619048 0.41785714285714287 0.10476190476190476 0.05714285714285714
3 0.9604761904761905 0.35642857142857143 0.08857142857142856 0.045714285714285714
3 0.9914285714285714 0.29892857142857143 0.09904761904761905 0.04357142857142857
3 1.0085714285714287 0.2735714285714286 0.09904761904761905 0.045714285714285714
3 0.8185714285714286 0.3264285714285714 0.06761904761904762 0.05857142857142857
3 0.8433333333333334 0.2825 0.06952380952380953 0.05928571428571429
3 0.8680952380952381 0.24821428571428572 0.06190476190476191 0.065
3 0.8919047619047619 0.21642857142857141 0.06761904761904762 0.055714285714285716
3 0.9138095238095238 0.18571428571428572 0.058095238095238096 0.05285714285714286
3 0.7509523809523809 0.22 0.05238095238095238 0.05714285714285714
5 0.6642857142857143 0.21392857142857144 0.06190476190476191 0.07214285714285715
4 0.7180952380952381 0.1575 0.047619047619047616 0.04642857142857143
3 0.79 0.16178571428571428 0.054285714285714284 0.05357142857142857
3 0.8280952380952381 0.10785714285714286 0.04666666666666667 0.054285714285714284
4 0.8533333333333333 0.060714285714285714 0.04 0.045714285714285714
3 0.9328571428571428 0.15357142857142858 0.06 0.05714285714285714
3 0.9495238095238095 0.12321428571428572 0.05333333333333333 0.047857142857142855
3 0.9709523809523809 0.08928571428571429 0.06571428571428571 0.047142857142857146
3 0.9776190476190476 0.06107142857142857 0.07142857142857142 0.04214285714285714
3 0.9880952380952381 0.04214285714285714 0.07904761904761905 0.04428571428571428
3 1.0076190476190476 0.02214285714285714 0.07047619047619047 0.041428571428571426
5 0.5966666666666667 0.1692857142857143 0.06380952380952382 0.05285714285714286
5 0.64 0.10714285714285714 0.07238095238095238 0.08142857142857143
