3 0.6038095238095238 0.4275 0.15619047619047619 0.052142857142857144
3 0.7147619047619047 0.34535714285714286 0.10571428571428572 0.05928571428571429
6 0.8509523809523809 0.7042857142857143 0.07523809523809524 0.09
1 0.7347619047619047 0.7114285714285714 0.037142857142857144 0.027142857142857142
3 1.198095238095238 0.4667857142857143 0.15428571428571428 0.05785714285714286
3 0.6342857142857142 0.10678571428571429 0.03238095238095238 0.035
3 0.5785714285714286 0.11571428571428571 0.040952380952380955 0.027142857142857142
3 0.38285714285714284 0.10785714285714286 0.04 0.03428571428571429
4 0.41285714285714287 0.06392857142857143 0.03142857142857143 0.030714285714285715
4 0.4280952380952381 0.04071428571428572 0.029523809523809525 0.03
5 0.4380952380952381 0.019642857142857142 0.0380952380952381 0.035
8 0.5528571428571428 0.014642857142857143 0.035238095238095235 0.030714285714285715
9 0.7195238095238096 0.13428571428571429 0.01619047619047619 0.022857142857142857
1 1.139047619047619 0.5789285714285715 0.05333333333333333 0.02642857142857143
9 1.1371428571428572 0.6253571428571428 0.07047619047619047 0.04214285714285714
2 1.240952380952381 0.5214285714285715 0.06476190476190476 0.022857142857142857
4 1.0085714285714287 0.48 0.13904761904761906 0.06142857142857143
9 1.167142857142857 0.6871428571428572 0.08095238095238096 0.04
9 1.2085714285714286 0.7182142857142857 0.07047619047619047 0.03357142857142857
9 0.7371428571428571 0.7125 0.04380952380952381 0.05071428571428571
1 1.22 0.34714285714285714 0.026666666666666665 0.03571428571428571
9 1.213809523809524 0.3432142857142857 0.05238095238095238 0.027857142857142858
2 1.0252380952380953 0.30107142857142855 0.014285714285714285 0.02642857142857143
9 1.069047619047619 0.29714285714285715 0.025714285714285714 0.032857142857142856
