4 0.888095238095238 0.6707142857142857 0.21428571428571427 0.09428571428571429
4 0.8866666666666667 0.5789285714285715 0.20761904761904762 0.08071428571428571
3 0.8728571428571429 0.4857142857142857 0.19714285714285715 0.06571428571428571
3 0.7214285714285714 0.4203571428571429 0.09428571428571429 0.08928571428571429
3 0.8066666666666666 0.3435714285714286 0.18285714285714286 0.054285714285714284
3 0.6028571428571429 0.3367857142857143 0.0761904761904762 0.08071428571428571
4 0.5766666666666667 0.22285714285714286 0.04476190476190476 0.05714285714285714
3 0.4714285714285714 0.2675 0.13142857142857142 0.03214285714285714
3 0.5933333333333334 0.18678571428571428 0.047619047619047616 0.039285714285714285
3 0.5642857142857143 0.1367857142857143 0.09619047619047619 0.03214285714285714
3 0.5614285714285714 0.11035714285714286 0.0980952380952381 0.030714285714285715
3 0.7495238095238095 0.1382142857142857 0.10095238095238095 0.03357142857142857
3 0.7395238095238095 0.10464285714285715 0.08666666666666667 0.025
3 0.7352380952380952 0.09214285714285714 0.08 0.02142857142857143
3 0.5695238095238095 0.07464285714285715 0.08190476190476191 0.027857142857142858
3 0.5704761904761905 0.06142857142857143 0.08190476190476191 0.025714285714285714
3 0.5742857142857143 0.053214285714285714 0.0761904761904762 0.023571428571428573
3 0.5728571428571428 0.045714285714285714 0.06952380952380953 0.018571428571428572
3 0.5742857142857143 0.030714285714285715 0.06666666666666667 0.02
3 0.5728571428571428 0.024642857142857143 0.06761904761904762 0.019285714285714285
3 0.6957142857142857 0.020714285714285713 0.07333333333333333 0.02142857142857143
3 0.6947619047619048 0.008928571428571428 0.06761904761904762 0.016428571428571428
3 0.7209523809523809 0.046785714285714285 0.06857142857142857 0.023571428571428573
3 0.7257142857142858 0.06392857142857143 0.08 0.023571428571428573
3 0.47714285714285715 0.08964285714285715 0.04 0.03214285714285714
3 0.7542857142857143 0.2025 0.11428571428571428 0.04071428571428572
3 0.7795238095238095 0.2735714285714286 0.13428571428571429 0.04428571428571428
3 0.77 0.24714285714285714 0.12095238095238095 0.041428571428571426
1 0.5747619047619048 0.4625 0.023809523809523808 0.02214285714285714
3 1.0366666666666666 0.33107142857142857 0.08857142857142856 0.07642857142857143
3 0.9852380952380952 0.26071428571428573 0.06761904761904762 0.05857142857142857
3 0.8219047619047619 0.041428571428571426 0.03238095238095238 0.03142857142857143
3 0.8404761904761905 0.06714285714285714 0.04476190476190476 0.03428571428571429
