3 0.6730055658627088 0.5302713987473904 0.11410018552875696 0.038622129436325675
3 0.9837662337662337 0.4428496868475991 0.10482374768089053 0.03183716075156576
3 0.7532467532467533 0.41570981210855945 0.10575139146567718 0.03496868475991649
3 0.7736549165120594 0.3846555323590814 0.10204081632653061 0.027139874739039664
3 0.7806122448979592 0.3496868475991649 0.09369202226345083 0.033402922755741124
3 1.032931354359926 0.3045407098121085 0.07884972170686456 0.025574112734864297
3 1.056586270871985 0.24295407098121083 0.08534322820037106 0.028705636743215027
3 1.067717996289425 0.14848643006263046 0.07792207792207792 0.022442588726513567
3 0.8432282003710575 0.24999999999999997 0.0927643784786642 0.025052192066805843
3 0.8126159554730984 0.2977557411273486 0.0927643784786642 0.03183716075156576
5 0.7829313543599258 0.32150313152400833 0.1150278293135436 0.037578288100208766
5 0.8589981447124304 0.2124217118997912 0.1150278293135436 0.039665970772442584
3 0.936456400742115 0.08376826722338204 0.06957328385899815 0.022442588726513567
3 1.1080705009276437 0.05036534446764091 0.06771799628942486 0.01826722338204593
4 1.114100185528757 0.03418580375782881 0.05380333951762523 0.019311064718162838
5 0.9684601113172542 0.04044885177453027 0.0705009276437848 0.03705636743215031
3 0.9721706864564008 0.023486430062630476 0.0686456400742115 0.016701461377870562
9 0.4067717996289425 0.4360647181628392 0.04730983302411874 0.016179540709812108
3 0.45222634508348797 0.37943632567849683 0.10482374768089053 0.022964509394572022
1 0.5064935064935066 0.3329853862212943 0.020408163265306124 0.008350730688935281
1 0.5231910946196661 0.3155010438413361 0.016697588126159554 0.014091858037578286
3 0.5431354359925789 0.272964509394572 0.08812615955473098 0.025052192066805843
3 0.698051948051948 0.11638830897703548 0.06586270871985157 0.022964509394572022
3 0.7179962894248608 0.08559498956158663 0.07606679035250465 0.021920668058455113
3 0.7305194805194806 0.0673277661795407 0.06586270871985157 0.021920668058455113
3 0.7666975881261595 0.028705636743215027 0.06215213358070501 0.019832985386221292
9 0.738404452690167 0.05193110647181628 0.025974025974025976 0.014091858037578286
9 0.7838589981447125 0.007828810020876827 0.02411873840445269 0.011482254697286011
3 0.33441558441558444 0.5339248434237995 0.11966604823747681 0.033402922755741124
3 1.7560296846011132 0.1584029227557411 0.03896103896103896 0.016179540709812108
