3 0.724 0.68225 0.13466666666666666 0.0635
3 0.75 0.5595 0.10133333333333333 0.046
3 0.728 0.641 0.132 0.056
3 0.45599999999999996 0.47025 0.08133333333333333 0.035500000000000004
3 0.6336666666666666 0.388 0.06733333333333333 0.029
3 0.7106666666666667 0.35025 0.05333333333333333 0.0205
3 0.82 0.406 0.08266666666666667 0.027
3 0.8486666666666667 0.2965 0.03866666666666667 0.016
3 0.8556666666666667 0.28925 0.049999999999999996 0.0145
3 0.7616666666666666 0.2665 0.024666666666666667 0.015
3 0.8563333333333333 0.2725 0.049999999999999996 0.014
3 0.862 0.26725 0.04666666666666666 0.0135
3 1.1773333333333333 0.3605 0.04133333333333333 0.029
3 1.2246666666666666 0.35575 0.04533333333333333 0.0335
3 1.0883333333333334 0.265 0.028666666666666667 0.017
5 1.1136666666666666 0.248 0.051333333333333335 0.038
3 1.0683333333333334 0.23575000000000002 0.020666666666666667 0.0155
3 1.06 0.21625 0.018666666666666665 0.0125
3 0.8663333333333333 0.25225000000000003 0.049999999999999996 0.0175
3 0.7666666666666666 0.23950000000000002 0.03733333333333333 0.012
3 0.782 0.23800000000000002 0.03733333333333333 0.012
3 0.7939999999999999 0.23175 0.04 0.0125
3 1.0483333333333333 0.20500000000000002 0.016666666666666666 0.012
4 1.0593333333333332 0.19725 0.013333333333333332 0.0115
3 1.0346666666666666 0.19075 0.013333333333333332 0.0095
3 1.035 0.1775 0.016666666666666666 0.011
3 1.0326666666666666 0.17200000000000001 0.017333333333333333 0.009000000000000001
5 1.0113333333333332 0.16525 0.016 0.0175
3 1.017 0.15975 0.008666666666666666 0.006500000000000001
3 1.0113333333333332 0.153 0.009333333333333332 0.005
4 0.873 0.23175 0.03933333333333333 0.0135
3 0.8743333333333333 0.22775 0.038 0.0105
6 0.8076666666666666 0.20600000000000002 0.020666666666666667 0.008
4 0.831 0.17775 0.018 0.0085
9 0.8263333333333333 0.20400000000000001 0.008666666666666666 0.007
9 0.8106666666666666 0.2155 0.008 0.008
3 0.844 0.17225000000000001 0.009333333333333332 0.006500000000000001
3 0.8546666666666667 0.14875 0.012 0.0045000000000000005
4 0.8573333333333333 0.17225000000000001 0.009333333333333332 0.0075
4 0.8583333333333333 0.15375 0.01 0.006500000000000001
3 0.8496666666666667 0.168 0.014 0.007
3 0.8816666666666666 0.21725 0.038 0.0075
3 0.877 0.21225 0.033999999999999996 0.0085
5 0.9943333333333333 0.152 0.016666666666666666 0.012
9 0.5599999999999999 0.404 0.018666666666666665 0.016
2 0.541 0.41150000000000003 0.022 0.019
2 0.524 0.421 0.029333333333333333 0.019
9 0.49266666666666664 0.4295 0.022666666666666665 0.017
9 0.4963333333333333 0.44025000000000003 0.028666666666666667 0.0145
9 0.726 0.31175 0.018666666666666665 0.0095
4 0.85 0.36425 0.052 0.051500000000000004
