3 1.4397031539888683 0.47807933194154484 0.2504638218923933 0.08037578288100208
5 0.916048237476809 0.3689979123173277 0.15120593692022263 0.1753653444676409
3 0.8260667903525046 0.17771398747390396 0.14935064935064934 0.03810020876826722
4 0.7778293135435993 0.27113778705636743 0.19573283858998144 0.06837160751565761
6 0.0816326530612245 0.12291231732776617 0.07792207792207792 0.02453027139874739
9 0.09925788497217068 0.10934237995824633 0.025974025974025976 0.014091858037578286
9 0.150278293135436 0.09342379958246345 0.02411873840445269 0.018789144050104383
6 0.12291280148423006 0.15474947807933193 0.07699443413729128 0.02453027139874739
6 0.1906307977736549 0.14326722338204592 0.0640074211502783 0.022442588726513567
5 0.6266233766233766 0.21111691022964507 0.14749536178107606 0.0464509394572025
3 0.5273654916512059 0.03496868475991649 0.06957328385899815 0.015657620041753653
3 0.7671614100185529 0.04018789144050104 0.05194805194805195 0.020876826722338204
9 0.9267161410018553 0.09342379958246345 0.029684601113172542 0.013569937369519832
8 0.9471243042671614 0.0720250521920668 0.15584415584415584 0.038622129436325675
3 0.9132653061224489 0.052453027139874736 0.036178107606679034 0.015135699373695197
9 1.3140074211502784 0.2912317327766179 0.036178107606679034 0.020876826722338204
1 1.1757884972170687 0.3277661795407098 0.036178107606679034 0.030271398747390394
1 1.215213358070501 0.3342901878914405 0.03710575139146568 0.02766179540709812
1 0.8288497217068646 0.3564718162839248 0.036178107606679034 0.022964509394572022
