3 0.19098984771573602 0.5482142857142858 0.026649746192893398 0.02642857142857143
1 0.16370558375634517 0.2 0.0076142131979695426 0.007142857142857143
1 0.01015228426395939 0.32821428571428574 0.01015228426395939 0.0035714285714285713
4 0.19543147208121825 0.5167857142857143 0.02284263959390863 0.02642857142857143
4 0.19860406091370555 0.4857142857142857 0.021573604060913704 0.022857142857142857
3 0.33375634517766495 0.35 0.017766497461928932 0.02
3 0.5196700507614213 0.34464285714285714 0.016497461928934008 0.02214285714285714
4 0.5456852791878172 0.3442857142857143 0.02030456852791878 0.02142857142857143
4 0.5685279187817258 0.3435714285714286 0.02030456852791878 0.02142857142857143
4 0.7703045685279187 0.49535714285714283 0.02284263959390863 0.023571428571428573
4 0.8857868020304568 0.455 0.03045685279187817 0.022857142857142857
4 0.9467005076142131 0.485 0.032994923857868015 0.025714285714285714
4 1.6529187817258881 0.5075 0.03934010152284264 0.025
3 1.5958121827411167 0.4546428571428571 0.03426395939086294 0.025
3 1.5602791878172588 0.41892857142857143 0.029187817258883246 0.02214285714285714
8 1.6129441624365481 0.4185714285714286 0.05837563451776649 0.06285714285714286
3 1.6256345177664973 0.04071428571428572 0.03045685279187817 0.011428571428571429
3 1.428934010152284 0.0035714285714285713 0.027918781725888322 0.008571428571428572
3 1.3838832487309645 0.003928571428571429 0.029187817258883246 0.009285714285714286
9 1.2684010152284262 0.13857142857142857 0.008883248730964466 0.005714285714285714
9 1.239213197969543 0.16964285714285715 0.008883248730964466 0.007857142857142858
9 1.2163705583756343 0.19428571428571428 0.008883248730964466 0.007142857142857143
9 1.2525380710659897 0.15785714285714286 0.01015228426395939 0.008571428571428572
8 1.4016497461928934 0.32857142857142857 0.10532994923857868 0.041428571428571426
4 1.324238578680203 0.31035714285714283 0.03934010152284264 0.017857142857142856
3 1.2810913705583755 0.29285714285714287 0.03680203045685279 0.015714285714285715
3 1.2328680203045683 0.27535714285714286 0.03680203045685279 0.016428571428571428
3 1.181472081218274 0.255 0.032994923857868015 0.015714285714285715
3 1.1395939086294415 0.23714285714285716 0.035532994923857864 0.017142857142857144
3 1.0996192893401013 0.2225 0.03426395939086294 0.016428571428571428
4 1.0615482233502538 0.20464285714285715 0.03426395939086294 0.019285714285714285
4 1.156725888324873 0.4092857142857143 0.03680203045685279 0.024285714285714285
3 1.1129441624365481 0.4692857142857143 0.032994923857868015 0.025714285714285714
4 0.9949238578680202 0.44392857142857145 0.032994923857868015 0.02642857142857143
4 1.031725888324873 0.3364285714285714 0.027918781725888322 0.015714285714285715
4 0.8673857868020304 0.3628571428571429 0.031725888324873094 0.024285714285714285
3 0.9308375634517766 0.2975 0.031725888324873094 0.017857142857142856
4 0.833756345177665 0.3725 0.027918781725888322 0.02214285714285714
4 0.7804568527918782 0.40214285714285714 0.027918781725888322 0.024285714285714285
4 0.7258883248730964 0.3871428571428571 0.02030456852791878 0.022857142857142857
4 0.7296954314720812 0.3335714285714286 0.025380710659898477 0.02
4 0.7550761421319796 0.31892857142857145 0.027918781725888322 0.019285714285714285
8 0.6846446700507614 0.36142857142857143 0.03934010152284264 0.05714285714285714
4 0.7658629441624365 0.3032142857142857 0.024111675126903553 0.017857142857142856
4 0.7138324873096447 0.2832142857142857 0.021573604060913704 0.016428571428571428
5 0.732233502538071 0.26785714285714285 0.025380710659898477 0.018571428571428572
5 0.6903553299492385 0.2978571428571429 0.032994923857868015 0.03
3 0.7703045685279187 0.2125 0.025380710659898477 0.016428571428571428
3 0.7449238578680203 0.1742857142857143 0.025380710659898477 0.017142857142857144
4 0.6897208121827411 0.25 0.024111675126903553 0.017142857142857144
4 0.6618020304568527 0.2717857142857143 0.021573604060913704 0.019285714285714285
4 0.6668781725888324 0.22464285714285714 0.019035532994923856 0.016428571428571428
3 0.6446700507614213 0.24392857142857144 0.02030456852791878 0.017857142857142856
4 0.9041878172588832 0.12178571428571429 0.024111675126903553 0.015
8 0.6199238578680203 0.17 0.019035532994923856 0.015714285714285715
3 0.6560913705583756 0.2 0.02030456852791878 0.012857142857142857
3 0.633248730964467 0.21821428571428572 0.02030456852791878 0.015
3 0.5958121827411167 0.1775 0.019035532994923856 0.015
5 0.4974619289340101 0.28285714285714286 0.027918781725888322 0.05
5 0.4898477157360406 0.23642857142857143 0.025380710659898477 0.03428571428571429
4 0.565989847715736 0.2860714285714286 0.03807106598984771 0.015
4 0.5647208121827411 0.2735714285714286 0.035532994923857864 0.015714285714285715
4 0.5583756345177665 0.26 0.03807106598984771 0.017142857142857144
4 0.5532994923857868 0.24785714285714286 0.03045685279187817 0.015714285714285715
3 0.5532994923857868 0.23642857142857143 0.032994923857868015 0.014285714285714285
4 0.549492385786802 0.22285714285714286 0.035532994923857864 0.015714285714285715
9 0.5501269035532994 0.21071428571428572 0.019035532994923856 0.005714285714285714
3 0.5450507614213198 0.18285714285714286 0.031725888324873094 0.012857142857142857
8 0.5615482233502538 0.13642857142857143 0.03680203045685279 0.037142857142857144
3 0.5786802030456852 0.12857142857142856 0.02030456852791878 0.014285714285714285
3 0.5418781725888324 0.11571428571428571 0.015228426395939085 0.012857142857142857
3 0.5425126903553299 0.17464285714285716 0.031725888324873094 0.012142857142857143
4 0.5368020304568527 0.16642857142857143 0.035532994923857864 0.012857142857142857
3 0.5361675126903553 0.15214285714285714 0.026649746192893398 0.011428571428571429
3 0.5253807106598984 0.14607142857142857 0.032994923857868015 0.012142857142857143
3 0.5139593908629442 0.13285714285714287 0.032994923857868015 0.011428571428571429
4 0.5057106598984771 0.11928571428571429 0.029187817258883246 0.011428571428571429
4 0.5101522842639593 0.12571428571428572 0.03045685279187817 0.011428571428571429
3 0.7956852791878172 0.07857142857142857 0.025380710659898477 0.014285714285714285
3 0.8362944162436547 0.07714285714285714 0.025380710659898477 0.014285714285714285
3 0.5501269035532994 0.09857142857142857 0.013959390862944161 0.011428571428571429
3 0.4892131979695431 0.05785714285714286 0.013959390862944161 0.012857142857142857
3 0.5786802030456852 0.05178571428571429 0.012690355329949238 0.010714285714285714
4 0.45241116751269034 0.019285714285714285 0.013959390862944161 0.011428571428571429
3 0.49365482233502533 0.0375 0.012690355329949238 0.010714285714285714
4 0.5406091370558376 0.03142857142857143 0.02030456852791878 0.017142857142857144
4 0.516497461928934 0.085 0.017766497461928932 0.012857142857142857
3 0.5253807106598984 0.07035714285714285 0.017766497461928932 0.013571428571428571
5 0.48667512690355325 0.09 0.029187817258883246 0.025714285714285714
5 0.4631979695431472 0.09 0.025380710659898477 0.03142857142857143
5 0.43718274111675126 0.08785714285714286 0.031725888324873094 0.03571428571428571
5 0.45177664974619286 0.065 0.025380710659898477 0.025714285714285714
3 0.4422588832487309 0.04321428571428571 0.019035532994923856 0.012142857142857143
3 0.45177664974619286 0.05357142857142857 0.012690355329949238 0.014285714285714285
3 0.24682741116751267 0.024642857142857143 0.019035532994923856 0.010714285714285714
