3 0.5523333333333333 0.0195 0.019333333333333334 0.016
3 0.5733333333333334 0.06075 0.022666666666666665 0.0195
3 0.523 0.17825 0.033999999999999996 0.035500000000000004
3 0.6246666666666666 0.15 0.03733333333333333 0.034
4 0.494 0.25275000000000003 0.04 0.0465
3 0.03333333333333333 0.05675 0.064 0.0155
5 0.7979999999999999 0.04625 0.05466666666666666 0.0325
1 0.7686666666666666 0.01325 0.004 0.0075
5 1.1543333333333332 0.242 0.19533333333333333 0.096
4 0.8233333333333333 0.6930000000000001 0.144 0.113
