3 0.02736549165120594 0.37395615866388304 0.05658627087198516 0.022442588726513567
3 0.0816326530612245 0.3695198329853862 0.05009276437847866 0.021920668058455113
3 0.13821892393320964 0.3627348643006263 0.04452690166975881 0.020876826722338204
3 0.17857142857142858 0.36064718162839243 0.039888682745825604 0.021920668058455113
3 0.45315398886827457 0.33507306889352817 0.043599257884972174 0.016701461377870562
5 0.48144712430426717 0.31497912317327764 0.0463821892393321 0.016179540709812108
3 0.46938775510204084 0.3118475991649269 0.0352504638218924 0.014091858037578286
3 0.23979591836734696 0.3515135699373695 0.036178107606679034 0.020354906054279746
3 0.4772727272727273 0.27348643006263046 0.039888682745825604 0.012526096033402922
3 1.2694805194805194 0.49921711899791227 0.07328385899814471 0.03496868475991649
3 1.7323747680890538 0.512787056367432 0.0862708719851577 0.04331941544885177
3 0.7546382189239332 0.28392484342379953 0.043599257884972174 0.011482254697286011
3 0.775974025974026 0.27896659707724425 0.039888682745825604 0.014091858037578286
3 0.7954545454545454 0.2758350730688935 0.03803339517625232 0.010960334029227557
3 0.8102968460111317 0.27113778705636743 0.039888682745825604 0.012004175365344467
3 0.8817254174397031 0.2562630480167014 0.041743970315398886 0.010438413361169102
3 0.8965677179962894 0.25234864300626303 0.03803339517625232 0.009916492693110646
3 0.9995361781076066 0.2283402922755741 0.03432282003710575 0.008872651356993735
4 1.0204081632653061 0.22312108559498953 0.03153988868274583 0.009916492693110646
3 0.9452690166975881 0.2398225469728601 0.03896103896103896 0.010960334029227557
3 1.038961038961039 0.21659707724425886 0.03339517625231911 0.009394572025052192
3 1.0551948051948052 0.21346555323590813 0.02504638218923933 0.009394572025052192
3 1.0742115027829313 0.21085594989561585 0.029684601113172542 0.008350730688935281
3 1.0746753246753247 0.2074634655532359 0.026901669758812616 0.006784968684759916
3 1.0862708719851577 0.20511482254697283 0.029684601113172542 0.008350730688935281
3 1.5255102040816326 0.24217118997912315 0.03803339517625232 0.009394572025052192
3 1.5797773654916512 0.18971816283924842 0.025974025974025976 0.006784968684759916
3 1.5102040816326532 0.14326722338204592 0.011131725417439703 0.0057411273486430055
3 1.1924860853432282 0.15396659707724425 0.02319109461966605 0.006263048016701461
3 1.1832096474953617 0.1573590814196242 0.02319109461966605 0.0057411273486430055
3 1.1999072356215215 0.1526617954070981 0.0176252319109462 0.0057411273486430055
3 1.2040816326530612 0.15135699373695197 0.020408163265306124 0.005219206680584551
3 1.2073283858998145 0.1495302713987474 0.021335807050092765 0.004697286012526096
3 1.2207792207792207 0.1469206680584551 0.01855287569573284 0.0057411273486430055
4 1.2564935064935066 0.13622129436325678 0.012059369202226345 0.0041753653444676405
3 1.3766233766233766 0.1260438413361169 0.0074211502782931356 0.004697286012526096
3 1.348330241187384 0.12421711899791231 0.010204081632653062 0.006263048016701461
