3 0.23376623376623376 0.2473903966597077 0.011131725417439703 0.0041753653444676405
3 0.42068645640074215 0.3421189979123173 0.021335807050092765 0.010960334029227557
3 0.3821892393320965 0.34759916492693105 0.025974025974025976 0.012526096033402922
3 0.2694805194805195 0.36560542797494777 0.02504638218923933 0.014091858037578286
3 0.3070500927643785 0.3483820459290188 0.027829313543599257 0.012004175365344467
4 0.34740259740259744 0.33794363256784965 0.03803339517625232 0.008872651356993735
3 0.187847866419295 0.4086638830897703 0.03803339517625232 0.016701461377870562
3 0.4605751391465677 0.31497912317327764 0.021335807050092765 0.008872651356993735
3 0.21846011131725418 0.39405010438413357 0.03246753246753247 0.013569937369519832
3 0.525974025974026 0.2682672233820459 0.012987012987012988 0.0073068893528183704
4 0.5357142857142857 0.25156576200417535 0.010204081632653062 0.006263048016701461
3 0.6038961038961039 0.23147181628392482 0.00927643784786642 0.004697286012526096
3 0.2894248608534323 0.4692066805845511 0.04267161410018553 0.020876826722338204
3 0.08070500927643785 0.4632045929018789 0.04823747680890538 0.020354906054279746
3 0.11595547309833024 0.4457202505219206 0.04081632653061225 0.01774530271398747
3 0.15166975881261596 0.25469728601252606 0.02319109461966605 0.005219206680584551
3 0.5213358070500927 0.3914405010438413 0.016697588126159554 0.012526096033402922
9 0.21382189239332097 0.4172755741127348 0.015769944341372914 0.0057411273486430055
9 0.0774582560296846 0.487473903966597 0.015769944341372914 0.009394572025052192
9 0.06725417439703155 0.4986951983298538 0.01948051948051948 0.008872651356993735
9 0.04406307977736549 0.5036534446764092 0.021335807050092765 0.008350730688935281
9 0.24489795918367346 0.39170146137787054 0.011131725417439703 0.004697286012526096
9 0.24675324675324675 0.39926931106471814 0.014842300556586271 0.0041753653444676405
3 0.3432282003710575 0.32724425887265135 0.016697588126159554 0.009394572025052192
3 0.3678107606679035 0.31393528183716074 0.013914656771799629 0.009916492693110646
5 0.5565862708719852 0.24608559498956156 0.012987012987012988 0.007828810020876827
3 0.6498144712430427 0.2398225469728601 0.008348794063079777 0.004697286012526096
5 0.6405380333951762 0.1923277661795407 0.008348794063079777 0.007828810020876827
4 0.9707792207792207 0.22390396659707723 0.012059369202226345 0.0041753653444676405
5 0.9874768089053804 0.26383089770354906 0.026901669758812616 0.009916492693110646
5 1.3432282003710576 0.23147181628392482 0.022263450834879406 0.0057411273486430055
5 1.3260667903525047 0.23016701461377867 0.02504638218923933 0.005219206680584551
5 1.3149350649350648 0.22912317327766177 0.026901669758812616 0.005219206680584551
3 1.2824675324675325 0.22807933194154487 0.013914656771799629 0.0041753653444676405
3 1.2504638218923934 0.2257306889352818 0.011131725417439703 0.0036534446764091852
3 1.2407235621521335 0.22494780793319413 0.012059369202226345 0.0041753653444676405
3 1.2852504638218925 0.2473903966597077 0.01948051948051948 0.0041753653444676405
3 1.2820037105751392 0.24399791231732773 0.01855287569573284 0.0036534446764091852
3 1.4095547309833025 0.23199373695198328 0.0176252319109462 0.0036534446764091852
3 1.2518552875695732 0.22129436325678495 0.0176252319109462 0.0041753653444676405
3 1.2249536178107607 0.2312108559498956 0.0176252319109462 0.0031315240083507304
3 0.6539888682745826 0.23434237995824633 0.00927643784786642 0.0041753653444676405
3 0.6549165120593692 0.23199373695198328 0.0074211502782931356 0.0026096033402922755
3 0.6461038961038961 0.1905010438413361 0.00463821892393321 0.0020876826722338203
3 0.6321892393320965 0.18162839248434237 0.00463821892393321 0.0031315240083507304
9 0.07003710575139147 0.4840814196242171 0.021335807050092765 0.006784968684759916
9 0.13218923933209648 0.4624217118997912 0.01948051948051948 0.0073068893528183704
4 0.7532467532467533 0.23355949895615863 0.016697588126159554 0.004697286012526096
5 0.5236549165120594 0.23747390396659707 0.015769944341372914 0.008350730688935281
9 0.005102040816326531 0.5260960334029227 0.012059369202226345 0.0073068893528183704
