3 0.24533333333333332 0.37625000000000003 0.20933333333333332 0.0765
3 0.692 0.3585 0.12 0.093
4 0.2846666666666667 0.30375 0.19999999999999998 0.07150000000000001
4 0.9083333333333333 0.32525 0.20199999999999999 0.0785
4 0.422 0.12925 0.14666666666666667 0.0565
4 0.7346666666666667 0.6617500000000001 0.15866666666666665 0.1715
4 1.1183333333333334 0.69725 0.42333333333333334 0.1045
4 0.9953333333333333 0.59025 0.3426666666666667 0.1225
4 0.894 0.5075000000000001 0.25066666666666665 0.10300000000000001
3 0.9123333333333333 0.28300000000000003 0.20333333333333334 0.055
3 0.8023333333333333 0.244 0.16999999999999998 0.057
3 0.48566666666666664 0.22 0.08733333333333333 0.062
3 0.30933333333333335 0.26375 0.18133333333333332 0.051500000000000004
3 0.35533333333333333 0.232 0.18 0.057
9 0.30766666666666664 0.20650000000000002 0.07933333333333333 0.037
2 0.366 0.1895 0.056 0.031
4 0.8743333333333333 0.2085 0.13133333333333333 0.062
3 0.8643333333333333 0.18225 0.15133333333333332 0.0485
3 0.834 0.15825 0.13866666666666666 0.0405
3 0.8293333333333333 0.14325000000000002 0.13866666666666666 0.0405
4 0.4413333333333333 0.113 0.128 0.045
3 0.8136666666666666 0.12175 0.11933333333333333 0.0345
6 0.8066666666666666 0.10725 0.08 0.029500000000000002
3 0.7893333333333333 0.081 0.11066666666666666 0.031
3 0.7879999999999999 0.068 0.10133333333333333 0.023
4 0.783 0.051500000000000004 0.08466666666666667 0.031
5 0.7716666666666666 0.042 0.09533333333333333 0.028
3 0.7663333333333333 0.0275 0.08333333333333333 0.022
4 0.7593333333333333 0.014750000000000001 0.07733333333333334 0.025500000000000002
3 0.6933333333333334 0.053 0.044 0.033
3 0.6163333333333333 0.0405 0.04466666666666667 0.032
3 0.473 0.08725000000000001 0.11133333333333333 0.0335
3 0.4633333333333333 0.0695 0.11066666666666666 0.033
3 0.47733333333333333 0.05425 0.104 0.0275
3 0.5093333333333333 0.04275 0.104 0.0275
3 0.5063333333333333 0.026000000000000002 0.094 0.028
3 0.496 0.0155 0.07866666666666666 0.018000000000000002
4 0.5106666666666666 0.00875 0.07733333333333334 0.0185
9 0.407 0.0985 0.03933333333333333 0.02
9 0.4403333333333333 0.03775 0.035333333333333335 0.021500000000000002
2 0.4503333333333333 0.02875 0.019333333333333334 0.0185
2 0.45666666666666667 0.0165 0.013333333333333332 0.016
