3 0.670952380952381 0.7210714285714286 0.039047619047619046 0.025
3 0.6857142857142857 0.6539285714285714 0.0380952380952381 0.017857142857142856
3 0.6852380952380952 0.6371428571428571 0.03142857142857143 0.014285714285714285
5 0.6980952380952381 0.6771428571428572 0.05142857142857143 0.02857142857142857
5 0.690952380952381 0.6939285714285715 0.04857142857142857 0.03357142857142857
5 0.6776190476190476 0.7082142857142857 0.039047619047619046 0.023571428571428573
3 1.2452380952380953 0.05785714285714286 0.039047619047619046 0.022857142857142857
3 1.2580952380952382 0.0425 0.03428571428571429 0.017857142857142856
3 1.0676190476190477 0.2892857142857143 0.03428571428571429 0.018571428571428572
3 1.0523809523809524 0.29964285714285716 0.0380952380952381 0.020714285714285713
3 1.0371428571428571 0.31035714285714283 0.03619047619047619 0.02214285714285714
3 1.042857142857143 0.3314285714285714 0.0380952380952381 0.017142857142857144
