3 0.16053299492385786 0.30178571428571427 0.04695431472081218 0.03642857142857143
3 0.2442893401015228 0.33535714285714285 0.052030456852791875 0.04071428571428572
3 0.3039340101522842 0.33035714285714285 0.049492385786802026 0.030714285714285715
3 0.3508883248730964 0.32285714285714284 0.05456852791878172 0.037142857142857144
3 0.04505076142131979 0.3517857142857143 0.05964467005076142 0.03785714285714286
3 0.6738578680203046 0.2642857142857143 0.06345177664974619 0.03857142857142857
3 0.37246192893401014 0.5378571428571428 0.12309644670050761 0.032857142857142856
3 0.5088832487309645 0.5264285714285715 0.11675126903553298 0.03
3 1.28997461928934 0.47214285714285714 0.09263959390862943 0.06714285714285714
3 1.4568527918781724 0.19107142857142856 0.06345177664974619 0.03357142857142857
3 1.556472081218274 0.09678571428571428 0.05456852791878172 0.027857142857142858
3 1.6954314720812182 0.12928571428571428 0.06091370558375634 0.02857142857142857
3 1.534263959390863 0.4857142857142857 0.06598984771573603 0.055714285714285716
3 1.6065989847715734 0.3271428571428571 0.06091370558375634 0.04
4 1.6218274111675126 0.5385714285714286 0.07360406091370558 0.045714285714285714
3 0.039974619289340096 0.2357142857142857 0.07233502538071065 0.032857142857142856
5 0.8362944162436547 0.45321428571428574 0.1649746192893401 0.09357142857142857
3 0.2703045685279188 0.2175 0.07614213197969542 0.023571428571428573
3 0.28553299492385786 0.2275 0.053299492385786795 0.029285714285714286
3 0.38007614213197966 0.25285714285714284 0.03934010152284264 0.027142857142857142
3 0.42195431472081213 0.26607142857142857 0.04187817258883248 0.025
