3 0.2423809523809524 0.012142857142857143 0.04476190476190476 0.025714285714285714
3 0.2642857142857143 0.036071428571428574 0.05238095238095238 0.035
3 0.2866666666666667 0.07678571428571429 0.06095238095238095 0.04071428571428572
3 0.2923809523809524 0.11071428571428571 0.05904761904761905 0.041428571428571426
3 0.37857142857142856 0.12285714285714286 0.06952380952380953 0.06285714285714286
5 0.3142857142857143 0.16214285714285714 0.08571428571428572 0.09142857142857143
3 0.3523809523809524 0.245 0.07809523809523809 0.07142857142857142
3 0.3838095238095238 0.33214285714285713 0.08761904761904762 0.09857142857142857
3 0.4185714285714286 0.44392857142857145 0.11904761904761904 0.125
4 0.4938095238095238 0.6032142857142857 0.1419047619047619 0.19214285714285714
3 1.098095238095238 0.5953571428571428 0.2 0.14785714285714285
3 0.9704761904761905 0.45357142857142857 0.14476190476190476 0.1
3 0.8704761904761905 0.35285714285714287 0.13904761904761906 0.09285714285714286
3 0.7380952380952381 0.2357142857142857 0.11238095238095239 0.07
3 0.6657142857142857 0.13 0.05523809523809524 0.047142857142857146
