4 0.4680952380952381 0.1275 0.05047619047619047 0.07214285714285715
3 0.4519047619047619 0.2175 0.06380952380952382 0.08928571428571429
3 0.7485714285714286 0.06392857142857143 0.06666666666666667 0.065
3 0.8580952380952381 0.13214285714285715 0.1180952380952381 0.04428571428571428
3 0.8804761904761905 0.20142857142857143 0.11523809523809524 0.05857142857142857
3 1.1476190476190475 0.22214285714285714 0.10476190476190476 0.04428571428571428
3 1.1585714285714286 0.12107142857142857 0.11523809523809524 0.04642857142857143
3 1.1347619047619049 0.06678571428571428 0.12095238095238095 0.047857142857142855
3 1.2838095238095237 0.10928571428571429 0.09714285714285714 0.04428571428571428
3 1.1866666666666668 0.3003571428571429 0.1295238095238095 0.04642857142857143
4 1.1223809523809525 0.41892857142857143 0.09619047619047619 0.115
4 1.19 0.6078571428571429 0.15904761904761905 0.12714285714285714
3 1.2266666666666666 0.5417857142857143 0.14095238095238094 0.10785714285714286
3 0.6961904761904761 0.5353571428571429 0.07428571428571429 0.11357142857142857
3 0.5876190476190476 0.5785714285714286 0.06095238095238095 0.09428571428571429
3 0.8919047619047619 0.5207142857142857 0.13047619047619047 0.08571428571428572
3 0.4157142857142857 0.6517857142857143 0.08095238095238096 0.11928571428571429
2 0.4866666666666667 0.49 0.024761904761904763 0.04
