3 0.6676190476190477 0.5689285714285715 0.02857142857142857 0.04642857142857143
4 0.2842857142857143 0.6228571428571429 0.07333333333333333 0.03571428571428571
3 0.26761904761904765 0.5225 0.06666666666666667 0.02214285714285714
3 0.6871428571428572 0.47285714285714286 0.02761904761904762 0.041428571428571426
3 0.6257142857142857 0.3867857142857143 0.026666666666666665 0.029285714285714286
3 0.36952380952380953 0.34464285714285714 0.04380952380952381 0.015
3 0.2780952380952381 0.3796428571428571 0.03619047619047619 0.03214285714285714
3 0.3504761904761905 0.2517857142857143 0.02095238095238095 0.023571428571428573
4 0.4157142857142857 0.1742857142857143 0.01619047619047619 0.017142857142857144
3 0.40523809523809523 0.15642857142857142 0.01619047619047619 0.017142857142857144
3 0.44952380952380955 0.06892857142857142 0.013333333333333332 0.012142857142857143
3 0.46476190476190476 0.045 0.013333333333333332 0.011428571428571429
3 1.1338095238095238 0.7371428571428571 0.08095238095238096 0.024285714285714285
3 1.2552380952380953 0.6110714285714286 0.06666666666666667 0.025
3 0.8928571428571429 0.2742857142857143 0.023809523809523808 0.024285714285714285
3 0.8852380952380953 0.25142857142857145 0.023809523809523808 0.02
3 0.9447619047619048 0.26857142857142857 0.022857142857142857 0.022857142857142857
3 0.8909523809523809 0.23214285714285715 0.02 0.018571428571428572
5 0.8738095238095238 0.22892857142857143 0.018095238095238095 0.025
3 0.9933333333333333 0.27964285714285714 0.03428571428571429 0.015
5 0.9476190476190476 0.3435714285714286 0.06095238095238095 0.03571428571428571
3 0.9709523809523809 0.24071428571428571 0.035238095238095235 0.014285714285714285
3 0.9676190476190476 0.23214285714285715 0.04 0.014285714285714285
3 0.9576190476190476 0.22285714285714286 0.03333333333333333 0.012857142857142857
4 0.9485714285714286 0.21535714285714286 0.030476190476190476 0.013571428571428571
4 0.940952380952381 0.20857142857142857 0.03238095238095238 0.011428571428571429
6 0.9766666666666667 0.5278571428571428 0.021904761904761906 0.024285714285714285
6 0.9657142857142857 0.5071428571428571 0.017142857142857144 0.02
6 0.9442857142857143 0.5035714285714286 0.03333333333333333 0.012857142857142857
6 0.9347619047619048 0.4742857142857143 0.037142857142857144 0.012857142857142857
6 0.9504761904761905 0.4607142857142857 0.022857142857142857 0.025714285714285714
9 0.920952380952381 0.54 0.013333333333333332 0.015714285714285715
3 0.7952380952380952 0.16535714285714287 0.022857142857142857 0.012142857142857143
3 0.8328571428571429 0.15714285714285714 0.03142857142857143 0.01
3 0.8566666666666667 0.11821428571428572 0.018095238095238095 0.015
3 0.7614285714285715 0.09607142857142857 0.018095238095238095 0.010714285714285714
4 0.7857142857142857 0.14464285714285716 0.017142857142857144 0.017857142857142856
3 0.9547619047619048 0.07857142857142857 0.023809523809523808 0.01
3 0.9485714285714286 0.07107142857142858 0.013333333333333332 0.010714285714285714
3 0.9180952380952381 0.07071428571428572 0.013333333333333332 0.011428571428571429
3 0.9047619047619048 0.07107142857142858 0.013333333333333332 0.012142857142857143
3 0.89 0.07178571428571429 0.014285714285714285 0.012142857142857143
3 0.8661904761904762 0.036071428571428574 0.012380952380952381 0.010714285714285714
4 0.8790476190476191 0.035 0.015238095238095238 0.012857142857142857
3 0.7457142857142857 0.0067857142857142855 0.013333333333333332 0.007857142857142858
5 0.5776190476190476 0.095 0.02761904761904762 0.04
5 0.5942857142857143 0.02142857142857143 0.015238095238095238 0.018571428571428572
5 0.57 0.004285714285714286 0.02761904761904762 0.01
3 0.5190476190476191 0.01107142857142857 0.01904761904761905 0.0064285714285714285
3 0.5190476190476191 0.0075 0.02095238095238095 0.0064285714285714285
3 0.5219047619047619 0.0035714285714285713 0.01904761904761905 0.005714285714285714
3 0.44285714285714284 0.18 0.03238095238095238 0.012857142857142857
3 0.4452380952380952 0.17035714285714285 0.03333333333333333 0.010714285714285714
