3 0.051904761904761905 0.5675 0.10380952380952381 0.07071428571428572
9 0.7971428571428572 0.4203571428571429 0.017142857142857144 0.02642857142857143
3 0.6923809523809524 0.3514285714285714 0.11428571428571428 0.045714285714285714
3 0.2638095238095238 0.33535714285714285 0.08761904761904762 0.04642857142857143
3 0.5133333333333333 0.2864285714285714 0.07238095238095238 0.02857142857142857
3 0.35523809523809524 0.23 0.04380952380952381 0.018571428571428572
3 0.08666666666666667 0.18214285714285713 0.03238095238095238 0.017142857142857144
3 0.015238095238095238 0.16857142857142857 0.02857142857142857 0.015714285714285715
3 0.09619047619047619 0.20285714285714285 0.03428571428571429 0.02142857142857143
3 0.2661904761904762 0.21 0.029523809523809525 0.018571428571428572
3 0.2895238095238095 0.13392857142857142 0.02857142857142857 0.009285714285714286
5 0.3 0.22785714285714287 0.05523809523809524 0.027142857142857142
2 1.0504761904761906 0.3582142857142857 0.011428571428571429 0.02214285714285714
3 0.36952380952380953 0.2642857142857143 0.06666666666666667 0.027142857142857142
3 0.29523809523809524 0.26571428571428574 0.047619047619047616 0.024285714285714285
1 0.7980952380952381 0.41785714285714287 0.013333333333333332 0.02
1 1.051904761904762 0.3578571428571429 0.010476190476190476 0.017142857142857144
