3 0.5634517766497461 0.3732142857142857 0.09137055837563451 0.025
3 0.8274111675126903 0.44 0.04314720812182741 0.04285714285714286
3 0.7671319796954315 0.33785714285714286 0.07233502538071065 0.022857142857142857
3 0.7944162436548222 0.31107142857142855 0.07614213197969542 0.02214285714285714
3 0.649746192893401 0.2825 0.07106598984771573 0.02214285714285714
3 0.5469543147208121 0.27035714285714285 0.07106598984771573 0.02214285714285714
3 0.33312182741116747 0.315 0.0748730964467005 0.022857142857142857
3 0.21890862944162434 0.3028571428571429 0.07741116751269035 0.025714285714285714
3 0.2785532994923858 0.4032142857142857 0.09010152284263959 0.025
3 0.9600253807106598 0.24892857142857142 0.06725888324873096 0.017857142857142856
3 0.9060913705583755 0.22035714285714286 0.06852791878172589 0.020714285714285713
3 1.013959390862944 0.2282142857142857 0.07360406091370558 0.020714285714285713
3 1.065989847715736 0.2082142857142857 0.06345177664974619 0.02214285714285714
3 1.1808375634517765 0.19714285714285715 0.06725888324873096 0.018571428571428572
3 1.3515228426395938 0.21285714285714286 0.06598984771573603 0.018571428571428572
3 1.4111675126903551 0.19142857142857142 0.07106598984771573 0.02
3 1.520939086294416 0.16535714285714287 0.06218274111675126 0.019285714285714285
3 1.589467005076142 0.1875 0.06979695431472081 0.016428571428571428
3 1.7170050761421318 0.175 0.06345177664974619 0.017142857142857144
3 1.3102791878172588 0.2317857142857143 0.06725888324873096 0.019285714285714285
3 1.3953045685279186 0.22392857142857142 0.06725888324873096 0.019285714285714285
3 1.2176395939086293 0.24071428571428571 0.06979695431472081 0.02142857142857143
3 1.1294416243654821 0.2507142857142857 0.07360406091370558 0.02
3 1.03997461928934 0.26071428571428573 0.07233502538071065 0.02142857142857143
3 1.1281725888324872 0.23464285714285715 0.06598984771573603 0.019285714285714285
3 1.3172588832487309 0.18392857142857144 0.06091370558375634 0.02214285714285714
3 0.4695431472081218 0.14214285714285715 0.027918781725888322 0.02
3 0.3775380710659898 0.04 0.05710659898477157 0.01
3 0.24238578680203043 0.08857142857142856 0.053299492385786795 0.012857142857142857
3 0.23921319796954313 0.07678571428571429 0.05710659898477157 0.013571428571428571
3 0.23667512690355327 0.07 0.052030456852791875 0.014285714285714285
3 0.2411167512690355 0.06357142857142857 0.048223350253807105 0.012857142857142857
3 0.25507614213197966 0.05357142857142857 0.050761421319796954 0.014285714285714285
3 0.26776649746192893 0.04535714285714286 0.050761421319796954 0.013571428571428571
3 0.3756345177664974 0.05 0.050761421319796954 0.011428571428571429
3 0.39847715736040606 0.032857142857142856 0.04568527918781726 0.011428571428571429
3 0.39213197969543145 0.028214285714285713 0.04060913705583756 0.010714285714285714
3 0.38832487309644664 0.020714285714285713 0.04314720812182741 0.011428571428571429
3 0.38578680203045684 0.013214285714285715 0.050761421319796954 0.010714285714285714
3 0.38642131979695427 0.005714285714285714 0.04441624365482233 0.01
3 0.2728426395939086 0.008571428571428572 0.04568527918781726 0.01
4 0.2703045685279188 0.013928571428571429 0.04060913705583756 0.012142857142857143
4 0.38642131979695427 0.05785714285714286 0.04695431472081218 0.014285714285714285
4 0.41941624365482233 0.06571428571428571 0.024111675126903553 0.02
3 0.5291878172588832 0.13392857142857142 0.027918781725888322 0.020714285714285713
3 0.5253807106598984 0.18142857142857144 0.027918781725888322 0.022857142857142857
3 0.4727157360406091 0.10821428571428571 0.024111675126903553 0.020714285714285713
3 0.5139593908629442 0.16071428571428573 0.027918781725888322 0.022857142857142857
8 0.4752538071065989 0.16857142857142857 0.03934010152284264 0.045714285714285714
3 0.29441624365482233 0.06142857142857143 0.02284263959390863 0.014285714285714285
3 0.3680203045685279 0.07535714285714286 0.048223350253807105 0.013571428571428571
4 0.3045685279187817 0.11321428571428571 0.050761421319796954 0.015
4 0.23984771573604058 0.12 0.027918781725888322 0.017142857142857144
3 0.013959390862944161 0.1375 0.03045685279187817 0.020714285714285713
3 0.04378172588832487 0.1357142857142857 0.029187817258883246 0.017142857142857144
3 0.08375634517766496 0.12928571428571428 0.025380710659898477 0.02142857142857143
3 0.15736040609137056 0.13 0.02284263959390863 0.017142857142857144
5 0.3775380710659898 0.175 0.04441624365482233 0.055714285714285716
5 0.28236040609137053 0.21821428571428572 0.09517766497461928 0.03357142857142857
1 0.4486040609137055 0.1975 0.013959390862944161 0.010714285714285714
9 0.4486040609137055 0.1992857142857143 0.011421319796954314 0.014285714285714285
3 0.6345177664974618 0.20107142857142857 0.048223350253807105 0.020714285714285713
4 0.5920050761421319 0.08178571428571428 0.024111675126903553 0.017857142857142856
1 0.5818527918781725 0.09714285714285714 0.011421319796954314 0.007142857142857143
9 0.5818527918781725 0.09857142857142857 0.011421319796954314 0.011428571428571429
3 0.7544416243654821 0.17535714285714285 0.05456852791878172 0.02214285714285714
9 0.8870558375634517 0.19071428571428573 0.02030456852791878 0.008571428571428572
5 0.6738578680203046 0.08357142857142857 0.06852791878172589 0.02142857142857143
4 0.6782994923857868 0.07464285714285715 0.04441624365482233 0.015
1 1.430203045685279 0.15214285714285714 0.012690355329949238 0.008571428571428572
3 1.423223350253807 0.1732142857142857 0.06218274111675126 0.020714285714285713
4 1.5755076142131978 0.17357142857142857 0.0748730964467005 0.02142857142857143
3 1.680203045685279 0.16428571428571428 0.06345177664974619 0.017142857142857144
3 1.7531725888324872 0.15678571428571428 0.04441624365482233 0.017857142857142856
4 1.641497461928934 0.29214285714285715 0.06979695431472081 0.02142857142857143
8 1.7341370558375633 0.2507142857142857 0.08248730964467005 0.04
3 1.7373096446700507 0.2835714285714286 0.07360406091370558 0.018571428571428572
1 1.6053299492385786 0.26821428571428574 0.012690355329949238 0.010714285714285714
2 1.6040609137055837 0.2717857142857143 0.017766497461928932 0.012142857142857143
1 0.8635786802030456 0.3817857142857143 0.011421319796954314 0.013571428571428571
2 0.8629441624365481 0.38321428571428573 0.032994923857868015 0.010714285714285714
9 0.9416243654822334 0.3653571428571429 0.027918781725888322 0.012142857142857143
1 0.9441624365482233 0.36464285714285716 0.012690355329949238 0.010714285714285714
3 0.9796954314720812 0.3389285714285714 0.07106598984771573 0.02642857142857143
3 0.11167512690355329 0.41892857142857143 0.10152284263959391 0.02642857142857143
4 0.17956852791878172 0.38571428571428573 0.09771573604060912 0.032857142857142856
3 0.7690355329949238 0.5489285714285714 0.048223350253807105 0.025
5 0.09390862944162436 0.2982142857142857 0.11675126903553298 0.02642857142857143
