3 0.5457142857142857 0.6346428571428572 0.05714285714285714 0.11357142857142857
3 0.5680952380952381 0.4253571428571429 0.035238095238095235 0.056428571428571425
3 0.4757142857142857 0.19892857142857143 0.010476190476190476 0.007857142857142858
3 0.48 0.1925 0.009523809523809525 0.0064285714285714285
3 0.4795238095238095 0.1692857142857143 0.010476190476190476 0.008571428571428572
3 0.2042857142857143 0.7207142857142858 0.07333333333333333 0.05714285714285714
3 0.5323809523809524 0.2875 0.022857142857142857 0.020714285714285713
3 0.5366666666666666 0.2542857142857143 0.018095238095238095 0.014285714285714285
3 0.5414285714285715 0.24142857142857144 0.02 0.014285714285714285
3 0.5661904761904762 0.16107142857142856 0.012380952380952381 0.009285714285714286
3 0.5223809523809524 0.14535714285714285 0.012380952380952381 0.0064285714285714285
3 0.5438095238095239 0.11178571428571428 0.011428571428571429 0.005
3 0.5838095238095238 0.19 0.015238095238095238 0.011428571428571429
3 0.5895238095238096 0.14857142857142858 0.009523809523809525 0.007142857142857143
3 0.5885714285714285 0.11678571428571428 0.007619047619047619 0.0064285714285714285
3 0.6371428571428571 0.12 0.007619047619047619 0.004285714285714286
3 0.6752380952380952 0.1792857142857143 0.011428571428571429 0.01
3 0.72 0.24214285714285713 0.017142857142857144 0.014285714285714285
3 0.69 0.16285714285714287 0.008571428571428572 0.007142857142857143
3 0.6438095238095238 0.11607142857142858 0.005714285714285714 0.0035714285714285713
3 0.6271428571428571 0.10142857142857142 0.004761904761904762 0.004285714285714286
3 0.6409523809523809 0.10821428571428571 0.009523809523809525 0.005
3 0.6257142857142857 0.11214285714285714 0.005714285714285714 0.005714285714285714
3 0.6109523809523809 0.14642857142857144 0.014285714285714285 0.005714285714285714
3 0.6442857142857142 0.14964285714285713 0.02 0.0064285714285714285
3 0.6580952380952381 0.15642857142857142 0.009523809523809525 0.005714285714285714
3 0.6309523809523809 0.09428571428571429 0.006666666666666666 0.004285714285714286
3 0.6238095238095238 0.09535714285714286 0.005714285714285714 0.0035714285714285713
9 0.7052380952380952 0.21785714285714286 0.006666666666666666 0.008571428571428572
9 0.7123809523809523 0.20642857142857143 0.005714285714285714 0.01
9 0.5985714285714285 0.16857142857142857 0.008571428571428572 0.004285714285714286
9 0.5842857142857143 0.13285714285714287 0.004761904761904762 0.008571428571428572
9 0.909047619047619 0.4446428571428571 0.014285714285714285 0.016428571428571428
9 0.8804761904761905 0.44357142857142856 0.01619047619047619 0.018571428571428572
3 0.6880952380952381 0.15214285714285714 0.025714285714285714 0.008571428571428572
1 0.5842857142857143 0.13071428571428573 0.004761904761904762 0.004285714285714286
1 0.5985714285714285 0.1675 0.004761904761904762 0.002142857142857143
1 0.7119047619047619 0.20535714285714285 0.004761904761904762 0.0035714285714285713
1 0.7057142857142857 0.21535714285714286 0.005714285714285714 0.0035714285714285713
1 0.9095238095238095 0.44107142857142856 0.009523809523809525 0.010714285714285714
1 0.8809523809523809 0.43892857142857145 0.011428571428571429 0.009285714285714286
3 0.6214285714285714 0.09 0.006666666666666666 0.004285714285714286
