3 0.579047619047619 0.6357142857142857 0.21333333333333332 0.08714285714285715
9 0.40904761904761905 0.13607142857142857 0.023809523809523808 0.03357142857142857
9 0.4014285714285714 0.14785714285714285 0.02 0.03428571428571429
4 0.5852380952380952 0.725 0.21428571428571427 0.04857142857142857
4 0.6004761904761905 0.2739285714285714 0.13047619047619047 0.052142857142857144
3 0.5928571428571429 0.2292857142857143 0.15142857142857144 0.04285714285714286
3 0.5976190476190476 0.18785714285714286 0.1361904761904762 0.03857142857142857
3 0.6009523809523809 0.1467857142857143 0.13523809523809524 0.03785714285714286
3 0.5966666666666667 0.11107142857142857 0.12476190476190477 0.04214285714285714
3 0.5919047619047619 0.07714285714285714 0.12285714285714286 0.04428571428571428
3 0.5971428571428572 0.048928571428571425 0.13142857142857142 0.03785714285714286
3 0.5966666666666667 0.018214285714285714 0.12095238095238095 0.03642857142857143
1 0.8819047619047619 0.23 0.02095238095238095 0.02
3 1.2776190476190477 0.03142857142857143 0.08285714285714285 0.06142857142857143
3 1.3014285714285714 0.2792857142857143 0.06190476190476191 0.08714285714285715
