3 0.6786666666666666 0.21625 0.014666666666666666 0.0055
4 0.6823333333333333 0.213 0.019333333333333334 0.007
4 0.6943333333333334 0.21225 0.020666666666666667 0.0075
4 0.698 0.2085 0.022666666666666665 0.008
4 0.721 0.20475000000000002 0.018 0.0075
4 0.7233333333333333 0.20225 0.017333333333333333 0.006500000000000001
4 0.7393333333333333 0.2005 0.008 0.008
3 0.7136666666666667 0.20775000000000002 0.016666666666666666 0.0075
4 0.7326666666666667 0.21325 0.021333333333333333 0.0095
4 0.7413333333333333 0.21775 0.02 0.0075
3 0.7363333333333333 0.20550000000000002 0.008666666666666666 0.006
3 0.7473333333333333 0.20750000000000002 0.013333333333333332 0.006
3 0.751 0.21075 0.01 0.006500000000000001
3 0.766 0.21375 0.02 0.006500000000000001
3 0.7783333333333333 0.217 0.018 0.007
4 0.7813333333333333 0.2115 0.009333333333333332 0.009000000000000001
4 0.7823333333333333 0.22025 0.011333333333333332 0.0085
4 0.7236666666666667 0.247 0.011333333333333332 0.011
4 0.719 0.254 0.014 0.013000000000000001
4 0.7153333333333333 0.26875 0.014666666666666666 0.0125
4 0.7653333333333333 0.24875 0.013333333333333332 0.0135
3 0.7673333333333333 0.22175 0.009333333333333332 0.0085
3 0.751 0.2235 0.011333333333333332 0.008
3 0.7493333333333333 0.233 0.012 0.008
3 0.7666666666666666 0.23325 0.013333333333333332 0.0095
3 0.7323333333333333 0.22625 0.012666666666666666 0.0085
3 0.7276666666666667 0.23700000000000002 0.014 0.008
3 0.7303333333333333 0.23075 0.011333333333333332 0.0085
3 0.7656666666666666 0.243 0.011333333333333332 0.009000000000000001
3 0.7623333333333333 0.2575 0.014 0.009000000000000001
3 0.732 0.26 0.018666666666666665 0.011
3 0.7156666666666667 0.27925 0.018 0.0105
3 0.7093333333333333 0.2885 0.021333333333333333 0.013000000000000001
3 0.762 0.28075 0.026666666666666665 0.0105
3 0.7596666666666666 0.2905 0.015333333333333332 0.012
9 0.7676666666666666 0.26975 0.007333333333333333 0.006500000000000001
3 0.5923333333333333 0.306 0.03266666666666666 0.01
1 0.6196666666666667 0.30125 0.006 0.0055
1 0.6173333333333333 0.29975 0.005333333333333333 0.0055
1 0.622 0.29975 0.006666666666666666 0.006500000000000001
4 0.6753333333333333 0.28675 0.02 0.0135
3 0.6836666666666666 0.305 0.03933333333333333 0.012
3 0.7606666666666666 0.31125 0.03333333333333333 0.0115
3 0.7583333333333333 0.31875000000000003 0.03266666666666666 0.0155
3 0.7483333333333333 0.331 0.022 0.016
3 0.7503333333333333 0.34825 0.02333333333333333 0.0205
9 0.7543333333333333 0.3625 0.01 0.013000000000000001
9 0.743 0.3605 0.011333333333333332 0.009000000000000001
3 0.741 0.375 0.02333333333333333 0.025
4 0.6743333333333333 0.35975 0.022 0.0205
1 0.7043333333333333 0.32375 0.006 0.0085
9 0.7056666666666667 0.32875 0.008666666666666666 0.0085
2 0.699 0.33125 0.008666666666666666 0.0085
5 0.6796666666666666 0.33525 0.020666666666666667 0.0205
3 0.35266666666666663 0.4955 0.06799999999999999 0.025
3 0.4603333333333333 0.43525 0.06066666666666667 0.021500000000000002
4 0.476 0.41450000000000004 0.06133333333333333 0.024
3 0.4623333333333333 0.54725 0.051333333333333335 0.0495
3 0.6543333333333333 0.39375 0.028666666666666667 0.025500000000000002
3 0.6483333333333333 0.421 0.026 0.025
3 0.6143333333333333 0.49025 0.048666666666666664 0.0385
3 0.585 0.5415 0.041999999999999996 0.049
3 0.6956666666666667 0.5417500000000001 0.038 0.0475
3 0.7313333333333333 0.59 0.044 0.052000000000000005
3 0.646 0.59375 0.042666666666666665 0.0565
3 0.5533333333333333 0.617 0.056 0.065
1 0.6373333333333333 0.505 0.013333333333333332 0.015
1 0.6729999999999999 0.5035000000000001 0.012666666666666666 0.014
9 0.6723333333333333 0.507 0.014 0.024
9 0.6363333333333333 0.51325 0.014 0.0225
1 0.536 0.72275 0.017333333333333333 0.0145
3 0.8263333333333333 0.71325 0.057999999999999996 0.0725
3 0.827 0.6055 0.048666666666666664 0.06
2 0.8946666666666666 0.5235 0.028 0.021
5 0.815 0.5305 0.046 0.078
4 0.834 0.34900000000000003 0.02 0.026000000000000002
9 0.8293333333333333 0.324 0.006666666666666666 0.01
9 0.8743333333333333 0.316 0.014 0.008
1 0.8803333333333333 0.2615 0.004666666666666666 0.006
1 0.8893333333333333 0.267 0.005333333333333333 0.008
1 0.881 0.252 0.006 0.006
2 0.8803333333333333 0.26575 0.006 0.0055
2 0.889 0.27025 0.006 0.0075
2 0.8796666666666666 0.25575000000000003 0.004666666666666666 0.006500000000000001
3 0.9126666666666666 0.25525000000000003 0.018666666666666665 0.0105
4 0.9243333333333333 0.2475 0.018 0.013000000000000001
4 0.889 0.2245 0.015333333333333332 0.008
4 0.902 0.22575 0.013333333333333332 0.0075
