3 0.5252380952380953 0.7067857142857142 0.07523809523809524 0.085
4 0.6733333333333333 0.7153571428571428 0.08190476190476191 0.06785714285714285
9 1.0338095238095237 0.7082142857142857 0.06190476190476191 0.02642857142857143
9 1.026190476190476 0.6778571428571428 0.06761904761904762 0.025714285714285714
3 0.8852380952380953 0.5275 0.12095238095238095 0.05071428571428571
3 0.8271428571428572 0.4446428571428571 0.16476190476190475 0.05928571428571429
9 1.0033333333333334 0.49607142857142855 0.058095238095238096 0.027857142857142858
3 0.3661904761904762 0.5071428571428571 0.07142857142857142 0.11
4 0.3676190476190476 0.6478571428571429 0.0761904761904762 0.11571428571428571
4 0.6085714285714285 0.07571428571428572 0.05523809523809524 0.08
3 0.38904761904761903 0.125 0.06190476190476191 0.08285714285714285
3 0.39571428571428574 0.046785714285714285 0.05619047619047619 0.07928571428571428
3 0.829047619047619 0.36892857142857144 0.14761904761904762 0.056428571428571425
3 0.7557142857142857 0.2725 0.12476190476190477 0.04642857142857143
9 0.9133333333333333 0.47 0.06095238095238095 0.022857142857142857
9 0.929047619047619 0.23285714285714285 0.02761904761904762 0.04428571428571428
9 0.8847619047619047 0.21214285714285713 0.01904761904761905 0.03142857142857143
9 0.8466666666666667 0.10107142857142858 0.045714285714285714 0.020714285714285713
9 0.8357142857142857 0.08892857142857143 0.04285714285714286 0.02642857142857143
9 0.6928571428571428 0.19428571428571428 0.05238095238095238 0.02142857142857143
1 0.6638095238095238 0.045 0.015238095238095238 0.027142857142857142
9 0.660952380952381 0.04642857142857143 0.04 0.02
