3 0.891497461928934 0.09 0.049492385786802026 0.041428571428571426
3 0.9968274111675126 0.16035714285714286 0.09517766497461928 0.04357142857142857
3 1.1357868020304567 0.24892857142857142 0.11928934010152284 0.03357142857142857
3 1.6154822335025378 0.3335714285714286 0.13705583756345177 0.03428571428571429
3 0.9758883248730964 0.05357142857142857 0.09137055837563451 0.03
3 1.2601522842639592 0.04857142857142857 0.09390862944162436 0.03142857142857143
3 0.5139593908629442 0.29 0.08883248730964466 0.06428571428571428
3 0.5190355329949238 0.4085714285714286 0.07106598984771573 0.07285714285714286
3 0.7030456852791878 0.5307142857142857 0.06598984771573603 0.06142857142857143
3 0.7696700507614213 0.5296428571428572 0.0748730964467005 0.06357142857142857
3 0.8445431472081217 0.5375 0.06218274111675126 0.047857142857142855
3 1.159263959390863 0.545 0.09010152284263959 0.032857142857142856
3 1.1008883248730963 0.5264285714285715 0.11294416243654821 0.06571428571428571
3 1.0628172588832487 0.49714285714285716 0.1281725888324873 0.06142857142857143
3 1.005710659898477 0.46964285714285714 0.13071065989847716 0.07071428571428572
3 0.9003807106598984 0.415 0.11040609137055837 0.05714285714285714
3 0.8565989847715736 0.39107142857142857 0.11421319796954314 0.060714285714285714
3 0.8217005076142131 0.36392857142857143 0.11802030456852791 0.065
3 0.7753807106598984 0.3425 0.11421319796954314 0.056428571428571425
3 0.7411167512690354 0.32321428571428573 0.09137055837563451 0.052142857142857144
3 0.7043147208121827 0.3057142857142857 0.10152284263959391 0.05285714285714286
3 0.6713197969543147 0.2875 0.09390862944162436 0.045
3 0.649746192893401 0.26357142857142857 0.09137055837563451 0.05
3 0.6129441624365481 0.24964285714285714 0.08629441624365482 0.047857142857142855
3 0.5913705583756345 0.2307142857142857 0.08375634517766496 0.04857142857142857
3 0.6053299492385786 0.31285714285714283 0.08883248730964466 0.05857142857142857
3 0.5387055837563451 0.2596428571428571 0.08502538071065989 0.05928571428571429
3 0.5145939086294415 0.21 0.06472081218274112 0.05
3 0.42005076142131975 0.29964285714285716 0.06345177664974619 0.06928571428571428
3 0.3661167512690355 0.2982142857142857 0.05964467005076142 0.07357142857142857
3 0.2931472081218274 0.4828571428571429 0.07106598984771573 0.08285714285714285
3 0.32868020304568524 0.4057142857142857 0.06345177664974619 0.07142857142857142
3 0.391497461928934 0.40714285714285714 0.06472081218274112 0.06857142857142857
3 0.3629441624365482 0.4785714285714286 0.08375634517766496 0.07428571428571429
3 0.4308375634517766 0.4767857142857143 0.06979695431472081 0.07357142857142857
3 0.449238578680203 0.40714285714285714 0.06091370558375634 0.05857142857142857
3 0.49999999999999994 0.47714285714285715 0.06345177664974619 0.07142857142857142
3 0.4422588832487309 0.23214285714285715 0.06472081218274112 0.06714285714285714
3 0.38642131979695427 0.2367857142857143 0.05456852791878172 0.05357142857142857
5 0.440989847715736 0.17607142857142857 0.06472081218274112 0.062142857142857146
3 0.9118020304568527 0.15607142857142858 0.08756345177664974 0.04642857142857143
3 0.9930203045685279 0.19357142857142856 0.08502538071065989 0.04285714285714286
3 1.7252538071065988 0.10285714285714286 0.10025380710659898 0.05142857142857143
3 1.3508883248730963 0.07857142857142857 0.08756345177664974 0.03428571428571429
3 1.4714467005076142 0.11678571428571428 0.09263959390862943 0.04214285714285714
3 1.6015228426395938 0.165 0.09137055837563451 0.037142857142857144
5 1.739213197969543 0.20714285714285716 0.07233502538071065 0.03857142857142857
3 0.5139593908629442 0.1657142857142857 0.07868020304568528 0.03428571428571429
3 0.5596446700507614 0.19714285714285715 0.08375634517766496 0.041428571428571426
