3 0.3678107606679035 0.33898747390396655 0.05844155844155844 0.04227557411273486
3 0.48840445269016697 0.34237995824634654 0.05473098330241188 0.052192066805845504
3 0.5417439703153989 0.34681628392484337 0.05194805194805195 0.05271398747390396
3 0.7119666048237477 0.34994780793319413 0.049165120593692026 0.05375782881002087
3 0.7704081632653061 0.3504697286012526 0.049165120593692026 0.055845511482254695
4 0.8297773654916513 0.35099164926931103 0.043599257884972174 0.06106471816283924
9 0.7527829313543599 0.2142484342379958 0.010204081632653062 0.017223382045929016
3 0.8256029684601113 0.22416492693110646 0.03896103896103896 0.04123173277661795
3 0.8877551020408163 0.22129436325678495 0.04081632653061225 0.039665970772442584
3 1.0236549165120594 0.22025052192066805 0.039888682745825604 0.03653444676409186
3 1.0987940630797774 0.34159707724425886 0.04730983302411874 0.05167014613778705
3 1.0950834879406308 0.21842379958246344 0.039888682745825604 0.04227557411273486
3 1.1549165120593692 0.21972860125260957 0.03896103896103896 0.04070981210855949
9 1.2564935064935066 0.21555323590814193 0.015769944341372914 0.025052192066805843
3 1.3153988868274582 0.342901878914405 0.0575139146567718 0.051148225469728595
3 1.37291280148423 0.34577244258872647 0.0575139146567718 0.04958246346555323
3 1.0830241187384044 0.4984342379958246 0.05102040816326531 0.04697286012526095
6 1.1553803339517625 0.5177453027139874 0.045454545454545456 0.037578288100208766
5 1.2230983302411873 0.5334029227557411 0.05287569573283859 0.050104384133611686
5 1.2820037105751392 0.5315762004175365 0.0686456400742115 0.055845511482254695
3 1.4253246753246753 0.5284446764091858 0.07884972170686456 0.06524008350730688
6 1.4953617810760669 0.5114822546972859 0.06679035250463822 0.06054279749478079
3 1.5092764378478665 0.43449895615866385 0.11317254174397032 0.03183716075156576
3 1.5756029684601114 0.35307933194154484 0.06215213358070501 0.0464509394572025
3 1.5500927643784788 0.3089770354906054 0.04823747680890538 0.04279749478079332
5 1.5667903525046383 0.1839770354906054 0.09461966604823747 0.04958246346555323
3 1.6535250463821893 0.2019832985386221 0.05658627087198516 0.04175365344467641
3 1.7064007421150278 0.2074634655532359 0.05287569573283859 0.03496868475991649
3 0.8116883116883117 0.5271398747390396 0.05380333951762523 0.06263048016701461
3 0.7397959183673469 0.5307933194154488 0.05473098330241188 0.057411273486430055
3 0.6076066790352505 0.5331419624217119 0.061224489795918366 0.055845511482254695
