3 0.6952380952380952 0.6017857142857143 0.09714285714285714 0.11642857142857142
3 0.8152380952380952 0.4057142857142857 0.04 0.02857142857142857
3 0.8604761904761905 0.33 0.035238095238095235 0.025714285714285714
3 0.07095238095238095 0.31785714285714284 0.04666666666666667 0.014285714285714285
4 0.018571428571428572 0.33321428571428574 0.039047619047619046 0.017857142857142856
3 0.023333333333333334 0.33714285714285713 0.04476190476190476 0.015714285714285715
3 0.0419047619047619 0.3385714285714286 0.04 0.015714285714285715
3 0.05904761904761905 0.33785714285714286 0.0380952380952381 0.017142857142857144
3 0.08666666666666667 0.37107142857142855 0.06285714285714286 0.02214285714285714
3 0.1138095238095238 0.3717857142857143 0.04666666666666667 0.020714285714285713
3 0.13952380952380952 0.37214285714285716 0.04666666666666667 0.018571428571428572
3 0.1680952380952381 0.37892857142857145 0.05619047619047619 0.029285714285714286
3 0.11952380952380952 0.33964285714285714 0.05047619047619047 0.020714285714285713
3 0.14333333333333334 0.34035714285714286 0.04857142857142857 0.017857142857142856
3 0.17095238095238094 0.3432142857142857 0.04857142857142857 0.023571428571428573
3 0.2261904761904762 0.3467857142857143 0.06190476190476191 0.023571428571428573
3 0.11 0.32535714285714284 0.04666666666666667 0.016428571428571428
3 0.15619047619047619 0.3275 0.0380952380952381 0.012142857142857143
4 0.17095238095238094 0.49535714285714283 0.11714285714285715 0.062142857142857146
8 0.6504761904761904 0.46035714285714285 0.13714285714285715 0.12357142857142857
3 0.5333333333333333 0.41964285714285715 0.05904761904761905 0.03357142857142857
5 0.7257142857142858 0.3535714285714286 0.09714285714285714 0.04285714285714286
3 0.66 0.3535714285714286 0.024761904761904763 0.017142857142857144
4 0.6404761904761904 0.3964285714285714 0.09428571428571429 0.03571428571428571
1 0.4819047619047619 0.38785714285714284 0.01904761904761905 0.017142857142857144
3 0.43333333333333335 0.38571428571428573 0.0380952380952381 0.02142857142857143
3 0.45714285714285713 0.35464285714285715 0.04380952380952381 0.020714285714285713
4 0.48 0.3385714285714286 0.045714285714285714 0.018571428571428572
3 0.5204761904761904 0.3560714285714286 0.021904761904761906 0.023571428571428573
3 0.4238095238095238 0.3375 0.045714285714285714 0.013571428571428571
3 0.42714285714285716 0.34964285714285714 0.035238095238095235 0.019285714285714285
2 0.48428571428571426 0.3917857142857143 0.035238095238095235 0.012142857142857143
1 0.579047619047619 0.31035714285714283 0.005714285714285714 0.010714285714285714
1 0.6133333333333333 0.35428571428571426 0.011428571428571429 0.012857142857142857
2 0.5780952380952381 0.31357142857142856 0.007619047619047619 0.008571428571428572
2 0.6142857142857143 0.35892857142857143 0.011428571428571429 0.015
4 0.6409523809523809 0.3171428571428571 0.045714285714285714 0.018571428571428572
3 0.6476190476190476 0.31357142857142856 0.045714285714285714 0.011428571428571429
3 0.6476190476190476 0.3092857142857143 0.045714285714285714 0.012857142857142857
3 0.6580952380952381 0.30464285714285716 0.03428571428571429 0.013571428571428571
3 0.6828571428571428 0.29678571428571426 0.03428571428571429 0.013571428571428571
3 0.7204761904761905 0.2857142857142857 0.035238095238095235 0.012857142857142857
3 0.7095238095238096 0.2910714285714286 0.03428571428571429 0.012142857142857143
3 0.8461904761904762 0.29678571428571426 0.02 0.015
3 0.8485714285714285 0.2875 0.01904761904761905 0.010714285714285714
3 0.8580952380952381 0.285 0.015238095238095238 0.012857142857142857
3 0.8652380952380953 0.27285714285714285 0.01619047619047619 0.011428571428571429
3 0.8728571428571429 0.26821428571428574 0.012380952380952381 0.012142857142857143
3 0.8752380952380953 0.26357142857142857 0.015238095238095238 0.01
3 0.8809523809523809 0.2621428571428571 0.011428571428571429 0.007142857142857143
5 0.888095238095238 0.25107142857142856 0.014285714285714285 0.017857142857142856
3 0.900952380952381 0.2475 0.009523809523809525 0.0064285714285714285
8 0.97 0.30428571428571427 0.035238095238095235 0.04857142857142857
8 1.0214285714285714 0.30892857142857144 0.040952380952380955 0.04642857142857143
1 0.829047619047619 0.34214285714285714 0.010476190476190476 0.012857142857142857
9 0.830952380952381 0.3467857142857143 0.012380952380952381 0.009285714285714286
3 1.2757142857142858 0.49 0.08857142857142856 0.05142857142857143
3 1.2261904761904763 0.4492857142857143 0.07904761904761905 0.04
3 1.1890476190476191 0.4139285714285714 0.06761904761904762 0.035
3 1.1604761904761904 0.3825 0.07142857142857142 0.03785714285714286
5 1.301904761904762 0.5328571428571428 0.06095238095238095 0.07714285714285714
