3 0.6528571428571428 0.45535714285714285 0.05238095238095238 0.045
3 0.7904761904761904 0.6057142857142858 0.0761904761904762 0.07142857142857142
3 0.15571428571428572 0.7228571428571429 0.15714285714285714 0.04857142857142857
3 0.7347619047619047 0.3532142857142857 0.03142857142857143 0.02642857142857143
9 0.2885714285714286 0.5675 0.05523809523809524 0.02642857142857143
1 0.28095238095238095 0.5617857142857143 0.01904761904761905 0.015
9 0.5295238095238095 0.41785714285714287 0.01904761904761905 0.022857142857142857
9 0.6628571428571428 0.2692857142857143 0.015238095238095238 0.008571428571428572
9 1.2542857142857142 0.6667857142857143 0.05523809523809524 0.023571428571428573
1 0.5328571428571428 0.4114285714285714 0.010476190476190476 0.01
3 0.7338095238095238 0.23464285714285715 0.021904761904761906 0.013571428571428571
3 0.7704761904761904 0.2007142857142857 0.01904761904761905 0.011428571428571429
3 0.7590476190476191 0.21071428571428572 0.017142857142857144 0.011428571428571429
3 0.8447619047619047 0.20642857142857143 0.01904761904761905 0.011428571428571429
3 0.8852380952380953 0.16214285714285714 0.014285714285714285 0.008571428571428572
3 0.8747619047619047 0.1757142857142857 0.01619047619047619 0.01
3 0.8823809523809524 0.14464285714285716 0.014285714285714285 0.007857142857142858
3 0.9085714285714286 0.13035714285714287 0.009523809523809525 0.0064285714285714285
3 0.9476190476190476 0.09142857142857143 0.005714285714285714 0.004285714285714286
3 0.9314285714285714 0.09178571428571429 0.005714285714285714 0.005
3 0.9738095238095238 0.19178571428571428 0.012380952380952381 0.010714285714285714
3 0.7219047619047619 0.3167857142857143 0.03428571428571429 0.025
3 0.8485714285714285 0.14 0.011428571428571429 0.008571428571428572
3 0.86 0.12821428571428573 0.011428571428571429 0.009285714285714286
3 0.8280952380952381 0.15642857142857142 0.010476190476190476 0.005714285714285714
3 0.9361904761904762 0.10785714285714286 0.007619047619047619 0.005714285714285714
3 0.9271428571428572 0.10535714285714286 0.006666666666666666 0.0064285714285714285
3 0.8752380952380953 0.11821428571428572 0.009523809523809525 0.005
3 0.8871428571428571 0.10821428571428571 0.006666666666666666 0.0035714285714285713
3 0.8966666666666666 0.10285714285714286 0.006666666666666666 0.004285714285714286
3 0.8985714285714286 0.09964285714285714 0.006666666666666666 0.0035714285714285713
3 0.9071428571428571 0.09285714285714286 0.004761904761904762 0.002857142857142857
3 0.8052380952380952 0.1632142857142857 0.010476190476190476 0.0064285714285714285
9 0.9647619047619047 0.11071428571428571 0.0038095238095238095 0.005714285714285714
1 0.9652380952380952 0.10928571428571429 0.002857142857142857 0.0014285714285714286
1 1.26 0.6553571428571429 0.015238095238095238 0.012142857142857143
3 1.1438095238095238 0.2592857142857143 0.024761904761904763 0.014285714285714285
3 1.1804761904761905 0.23714285714285716 0.02 0.012857142857142857
3 1.171904761904762 0.22857142857142856 0.02 0.011428571428571429
3 1.14 0.24857142857142858 0.02095238095238095 0.011428571428571429
3 1.1157142857142857 0.22071428571428572 0.02 0.012857142857142857
