3 0.9138095238095238 0.7089285714285715 0.06190476190476191 0.055
3 0.8366666666666667 0.5457142857142857 0.04666666666666667 0.04
3 0.7338095238095238 0.45 0.03333333333333333 0.03
3 0.7204761904761905 0.38392857142857145 0.029523809523809525 0.020714285714285713
3 0.6457142857142857 0.36607142857142855 0.024761904761904763 0.019285714285714285
3 0.6519047619047619 0.3317857142857143 0.023809523809523808 0.019285714285714285
3 0.43952380952380954 0.05607142857142857 0.004761904761904762 0.005
3 0.4561904761904762 0.08178571428571428 0.005714285714285714 0.0035714285714285713
3 0.47333333333333333 0.10107142857142858 0.007619047619047619 0.005
3 0.45095238095238094 0.09678571428571428 0.008571428571428572 0.005
3 0.44047619047619047 0.09964285714285714 0.006666666666666666 0.0035714285714285713
3 0.43666666666666665 0.07928571428571428 0.006666666666666666 0.005714285714285714
3 0.44571428571428573 0.08392857142857142 0.007619047619047619 0.0035714285714285713
3 0.4319047619047619 0.060714285714285714 0.006666666666666666 0.005714285714285714
3 0.42095238095238097 0.04178571428571429 0.007619047619047619 0.0035714285714285713
3 0.4257142857142857 0.04857142857142857 0.007619047619047619 0.004285714285714286
3 0.4276190476190476 0.05392857142857143 0.005714285714285714 0.0035714285714285713
3 0.43285714285714283 0.06714285714285714 0.006666666666666666 0.004285714285714286
3 0.43714285714285717 0.08464285714285714 0.005714285714285714 0.0035714285714285713
3 0.44761904761904764 0.09 0.005714285714285714 0.004285714285714286
3 0.4804761904761905 0.15321428571428572 0.008571428571428572 0.0064285714285714285
3 0.48428571428571426 0.16071428571428573 0.008571428571428572 0.005714285714285714
9 0.4452380952380952 0.1625 0.004761904761904762 0.007857142857142858
9 0.43285714285714283 0.16464285714285715 0.004761904761904762 0.0064285714285714285
3 0.35095238095238096 0.19428571428571428 0.02 0.012857142857142857
3 0.4280952380952381 0.2425 0.014285714285714285 0.013571428571428571
8 0.4766666666666667 0.27964285714285714 0.021904761904761906 0.016428571428571428
3 0.4219047619047619 0.29892857142857143 0.02095238095238095 0.016428571428571428
3 0.36428571428571427 0.22892857142857143 0.01619047619047619 0.013571428571428571
3 0.4023809523809524 0.014642857142857143 0.004761904761904762 0.0035714285714285713
3 0.4023809523809524 0.018571428571428572 0.004761904761904762 0.002857142857142857
3 0.490952380952381 0.08357142857142857 0.006666666666666666 0.004285714285714286
3 0.4880952380952381 0.08071428571428571 0.004761904761904762 0.004285714285714286
9 0.5014285714285714 0.10214285714285715 0.002857142857142857 0.004285714285714286
9 0.51 0.10821428571428571 0.002857142857142857 0.005
9 0.5280952380952381 0.12535714285714286 0.002857142857142857 0.0035714285714285713
3 0.48904761904761906 0.1442857142857143 0.010476190476190476 0.007142857142857143
3 0.4990476190476191 0.15857142857142856 0.013333333333333332 0.007142857142857143
3 0.52 0.31607142857142856 0.02095238095238095 0.020714285714285713
3 0.6138095238095238 0.6942857142857143 0.05047619047619047 0.06857142857142857
3 0.5414285714285715 0.2975 0.023809523809523808 0.020714285714285713
3 0.6109523809523809 0.2810714285714286 0.02 0.012142857142857143
3 0.5661904761904762 0.25142857142857145 0.01619047619047619 0.011428571428571429
3 0.5919047619047619 0.255 0.018095238095238095 0.011428571428571429
3 0.6104761904761905 0.25107142857142856 0.017142857142857144 0.010714285714285714
3 0.6042857142857143 0.26857142857142857 0.018095238095238095 0.012857142857142857
3 0.5580952380952381 0.24107142857142858 0.015238095238095238 0.009285714285714286
3 0.5814285714285714 0.24142857142857144 0.018095238095238095 0.011428571428571429
3 0.6004761904761905 0.24107142857142858 0.01619047619047619 0.009285714285714286
3 0.5838095238095238 0.21821428571428572 0.013333333333333332 0.010714285714285714
3 0.5671428571428572 0.22178571428571428 0.01619047619047619 0.010714285714285714
3 0.5438095238095239 0.21928571428571428 0.017142857142857144 0.011428571428571429
3 0.550952380952381 0.2307142857142857 0.01619047619047619 0.01
3 0.5738095238095238 0.23142857142857143 0.018095238095238095 0.008571428571428572
3 0.5919047619047619 0.2292857142857143 0.01619047619047619 0.01
3 0.6571428571428571 0.17357142857142857 0.022857142857142857 0.008571428571428572
3 0.6623809523809524 0.17642857142857143 0.023809523809523808 0.008571428571428572
9 0.6157142857142857 0.21642857142857141 0.014285714285714285 0.008571428571428572
3 0.6490476190476191 0.2839285714285714 0.018095238095238095 0.012142857142857143
3 0.8095238095238095 0.3 0.02857142857142857 0.017142857142857144
3 1.0571428571428572 0.6535714285714286 0.06857142857142857 0.05
3 1.1338095238095238 0.7207142857142858 0.08666666666666667 0.05714285714285714
1 0.5014285714285714 0.10142857142857142 0.002857142857142857 0.002857142857142857
1 0.51 0.10535714285714286 0.002857142857142857 0.0035714285714285713
1 0.5290476190476191 0.12357142857142857 0.002857142857142857 0.002857142857142857
1 0.44333333333333336 0.16142857142857142 0.006666666666666666 0.005714285714285714
1 0.43238095238095237 0.16285714285714287 0.0038095238095238095 0.004285714285714286
