4 0.895 0.727 0.13933333333333334 0.045
4 0.23233333333333334 0.30725 0.043333333333333335 0.0165
4 0.6956666666666667 0.54875 0.054 0.0535
4 0.7746666666666666 0.4925 0.06 0.041
4 1.208 0.27025 0.036 0.0135
4 1.1336666666666666 0.248 0.028666666666666667 0.012
3 0.706 0.3315 0.03733333333333333 0.019
9 0.563 0.35025 0.014 0.0115
3 0.028999999999999998 0.33575 0.03666666666666667 0.0185
3 0.08566666666666667 0.36575 0.033999999999999996 0.021500000000000002
3 0.10333333333333333 0.3275 0.044 0.015
3 0.12966666666666665 0.3275 0.03133333333333333 0.02
3 0.09666666666666666 0.31 0.052 0.015
3 0.15366666666666667 0.29875 0.048666666666666664 0.0155
3 0.21433333333333332 0.30425 0.04466666666666667 0.0135
3 0.22899999999999998 0.28650000000000003 0.04066666666666666 0.016
3 0.236 0.494 0.06933333333333333 0.038
3 0.985 0.64625 0.13266666666666665 0.0565
3 0.849 0.62325 0.09799999999999999 0.0685
3 0.986 0.5640000000000001 0.09333333333333332 0.038
3 0.9946666666666666 0.52575 0.10266666666666667 0.035500000000000004
3 1.0566666666666666 0.3055 0.03733333333333333 0.013000000000000001
3 0.9016666666666666 0.40675 0.056666666666666664 0.0305
3 0.8793333333333333 0.42525 0.064 0.0285
3 0.8536666666666667 0.442 0.06333333333333332 0.033
3 0.7373333333333333 0.52475 0.06533333333333333 0.0485
3 0.6343333333333333 0.56775 0.06733333333333333 0.051500000000000004
3 0.572 0.58175 0.06933333333333333 0.0625
3 0.953 0.7000000000000001 0.162 0.07100000000000001
3 1.084 0.446 0.04533333333333333 0.032
3 1.1023333333333334 0.41075 0.06733333333333333 0.025500000000000002
3 1.1146666666666667 0.392 0.06266666666666666 0.023
3 1.132 0.3665 0.056 0.021
3 1.1603333333333332 0.332 0.028666666666666667 0.018000000000000002
3 1.1726666666666665 0.3175 0.04533333333333333 0.015
3 1.174 0.3075 0.044 0.013000000000000001
3 1.18 0.29925 0.042666666666666665 0.0125
3 1.2049999999999998 0.28150000000000003 0.022 0.012
3 1.2296666666666667 0.25325000000000003 0.016666666666666666 0.0105
3 1.152 0.23675000000000002 0.016 0.0085
3 1.1166666666666667 0.25875 0.022666666666666665 0.0125
3 1.0206666666666666 0.32125 0.032 0.0175
3 1.0086666666666666 0.33575 0.044 0.0165
3 0.9946666666666666 0.34775 0.04933333333333333 0.0195
3 0.9776666666666667 0.35575 0.05266666666666667 0.0185
3 0.973 0.368 0.056666666666666664 0.02
3 0.9453333333333332 0.37575000000000003 0.058666666666666666 0.025500000000000002
3 0.9369999999999999 0.38725 0.06066666666666667 0.025500000000000002
3 0.9199999999999999 0.39575 0.050666666666666665 0.0235
1 1.0633333333333332 0.33575 0.008 0.0115
9 1.0623333333333334 0.33975 0.007333333333333333 0.0095
6 1.268 0.1905 0.008 0.006
3 0.8023333333333333 0.47375 0.06333333333333332 0.0415
3 0.8296666666666667 0.46025 0.05933333333333333 0.0345
3 0.5576666666666666 0.2305 0.016666666666666666 0.008
3 0.5653333333333334 0.23875000000000002 0.02 0.0085
3 0.5896666666666667 0.23450000000000001 0.019333333333333334 0.008
3 0.591 0.24425 0.020666666666666667 0.0085
3 0.6146666666666667 0.23900000000000002 0.024 0.009000000000000001
3 0.6356666666666666 0.23500000000000001 0.022 0.009000000000000001
3 0.5489999999999999 0.23225 0.018 0.0085
3 0.5469999999999999 0.24525 0.019333333333333334 0.0095
3 0.654 0.232 0.022666666666666665 0.008
3 0.6843333333333333 0.218 0.011333333333333332 0.007
3 0.6759999999999999 0.21075 0.018666666666666665 0.006500000000000001
3 0.6636666666666666 0.21375 0.022 0.006500000000000001
3 0.6606666666666666 0.22175 0.017333333333333333 0.0075
3 0.6493333333333333 0.216 0.016 0.008
3 0.5743333333333334 0.184 0.015333333333333332 0.005
3 0.5836666666666667 0.187 0.015333333333333332 0.005
