3 0.7366666666666667 0.26821428571428574 0.021904761904761906 0.025
3 0.7295238095238096 0.21142857142857144 0.017142857142857144 0.024285714285714285
3 0.6904761904761905 0.19714285714285715 0.022857142857142857 0.025714285714285714
3 0.719047619047619 0.17107142857142857 0.01904761904761905 0.016428571428571428
8 0.7314285714285714 0.7014285714285714 0.049523809523809526 0.09571428571428571
3 0.628095238095238 0.6882142857142857 0.040952380952380955 0.08928571428571429
3 0.6295238095238095 0.5564285714285714 0.0419047619047619 0.07142857142857142
3 0.628095238095238 0.48678571428571427 0.04285714285714286 0.065
3 0.6328571428571429 0.4278571428571429 0.03142857142857143 0.05142857142857143
3 0.63 0.3457142857142857 0.03142857142857143 0.037142857142857144
3 0.6323809523809524 0.3075 0.030476190476190476 0.035
3 0.6366666666666667 0.2739285714285714 0.023809523809523808 0.03357142857142857
8 0.6371428571428571 0.23714285714285716 0.022857142857142857 0.03857142857142857
3 0.6671428571428571 0.2742857142857143 0.012380952380952381 0.024285714285714285
3 0.6409523809523809 0.19285714285714287 0.017142857142857144 0.022857142857142857
3 0.6414285714285715 0.15642857142857142 0.01619047619047619 0.015714285714285715
3 0.638095238095238 0.12964285714285714 0.015238095238095238 0.013571428571428571
3 0.6371428571428571 0.11321428571428571 0.017142857142857144 0.013571428571428571
3 0.6376190476190476 0.10035714285714285 0.014285714285714285 0.013571428571428571
3 0.6385714285714286 0.08464285714285714 0.01619047619047619 0.013571428571428571
3 0.638095238095238 0.07107142857142858 0.015238095238095238 0.010714285714285714
3 0.6385714285714286 0.05821428571428571 0.014285714285714285 0.013571428571428571
3 0.6404761904761904 0.038214285714285715 0.01619047619047619 0.016428571428571428
3 0.7052380952380952 0.0032142857142857142 0.010476190476190476 0.0064285714285714285
3 0.7076190476190476 0.011428571428571429 0.011428571428571429 0.01
3 0.71 0.023571428571428573 0.010476190476190476 0.008571428571428572
3 0.7119047619047619 0.03428571428571429 0.010476190476190476 0.01
3 0.7166666666666667 0.0525 0.012380952380952381 0.009285714285714286
3 0.7185714285714285 0.06357142857142857 0.012380952380952381 0.011428571428571429
3 0.7252380952380952 0.08428571428571428 0.014285714285714285 0.011428571428571429
3 0.7285714285714285 0.09642857142857143 0.011428571428571429 0.01
3 0.7071428571428572 0.12892857142857142 0.01619047619047619 0.015
3 0.6061904761904762 0.002857142857142857 0.01619047619047619 0.007142857142857143
3 0.6438095238095238 0.021785714285714287 0.011428571428571429 0.012142857142857143
9 0.7257142857142858 0.13392857142857142 0.005714285714285714 0.009285714285714286
2 0.6785714285714286 0.14 0.004761904761904762 0.012857142857142857
2 0.669047619047619 0.15642857142857142 0.004761904761904762 0.01
2 0.6647619047619048 0.15392857142857141 0.0038095238095238095 0.007857142857142858
9 0.6714285714285714 0.13785714285714284 0.007619047619047619 0.012857142857142857
9 0.6776190476190476 0.16892857142857143 0.006666666666666666 0.015
9 0.74 0.13035714285714287 0.005714285714285714 0.009285714285714286
9 0.7819047619047619 0.36142857142857143 0.009523809523809525 0.015714285714285715
9 0.6652380952380952 0.3539285714285714 0.008571428571428572 0.025
3 1.0180952380952382 0.46535714285714286 0.06285714285714286 0.04642857142857143
3 0.8366666666666667 0.13535714285714287 0.039047619047619046 0.015
3 1.2419047619047618 0.6203571428571428 0.07047619047619047 0.07214285714285715
3 1.3133333333333332 0.6125 0.0380952380952381 0.06928571428571428
3 1.1061904761904762 0.7221428571428572 0.06 0.054285714285714284
1 0.74 0.12785714285714286 0.0038095238095238095 0.007142857142857143
1 0.7257142857142858 0.13178571428571428 0.0038095238095238095 0.0064285714285714285
1 0.6780952380952381 0.13857142857142857 0.0038095238095238095 0.005714285714285714
1 0.6704761904761904 0.13535714285714287 0.0038095238095238095 0.0064285714285714285
1 0.6642857142857143 0.15285714285714286 0.002857142857142857 0.005714285714285714
1 0.6695238095238095 0.15392857142857141 0.0038095238095238095 0.005
1 0.6771428571428572 0.16642857142857143 0.005714285714285714 0.008571428571428572
1 0.6647619047619048 0.3464285714285714 0.009523809523809525 0.008571428571428572
1 0.7823809523809524 0.3585714285714286 0.008571428571428572 0.01
