6 0.4503333333333333 0.6567500000000001 0.03666666666666667 0.0425
9 0.509 0.63775 0.033999999999999996 0.0375
6 0.5363333333333333 0.7305 0.041999999999999996 0.038
1 0.5656666666666667 0.6 0.014 0.019
9 0.568 0.61175 0.018666666666666665 0.0245
4 0.9253333333333333 0.684 0.07466666666666666 0.096
9 0.3953333333333333 0.65325 0.032 0.0325
9 0.5616666666666666 0.5407500000000001 0.018 0.0235
1 0.5386666666666666 0.50925 0.018666666666666665 0.0185
1 0.5593333333333333 0.5125 0.016 0.015
2 0.5746666666666667 0.513 0.010666666666666666 0.021
4 1.174 0.7332500000000001 0.112 0.0325
3 1.18 0.69175 0.18133333333333332 0.0855
3 1.0999999999999999 0.6125 0.148 0.052000000000000005
3 1.2866666666666666 0.6015 0.092 0.047
1 1.06 0.52175 0.016 0.021500000000000002
2 1.0676666666666665 0.51625 0.019333333333333334 0.0285
2 1.0436666666666667 0.49775 0.022 0.025500000000000002
1 1.0173333333333332 0.48175 0.012 0.021500000000000002
1 1.0076666666666667 0.48275 0.012666666666666666 0.021500000000000002
9 0.9403333333333334 0.46075 0.016666666666666666 0.0245
3 0.836 0.5905 0.02 0.032
2 0.851 0.3655 0.026 0.015
3 0.867 0.46875 0.05533333333333333 0.0455
4 0.7613333333333333 0.46525 0.04133333333333333 0.0475
1 0.736 0.51125 0.025333333333333333 0.0205
1 0.765 0.50425 0.018 0.0195
6 0.76 0.5095000000000001 0.052 0.026000000000000002
1 0.6226666666666666 0.42825 0.014666666666666666 0.0195
2 0.6246666666666666 0.43375 0.010666666666666666 0.0185
1 0.5696666666666667 0.405 0.011333333333333332 0.012
1 0.8386666666666667 0.30825 0.04666666666666666 0.0155
4 0.431 0.33275 0.056666666666666664 0.0225
3 0.42533333333333334 0.32325 0.050666666666666665 0.0145
3 0.44 0.3185 0.050666666666666665 0.014
3 0.3783333333333333 0.33075 0.041999999999999996 0.0165
