3 0.9973333333333333 0.0685 0.008 0.006
3 0.993 0.0735 0.008666666666666666 0.007
3 0.9843333333333333 0.07175000000000001 0.007333333333333333 0.0055
3 0.9853333333333333 0.07675 0.009333333333333332 0.0055
3 0.9766666666666667 0.091 0.009333333333333332 0.007
2 0.287 0.4345 0.035333333333333335 0.018000000000000002
2 0.29533333333333334 0.3865 0.024 0.013000000000000001
2 0.352 0.378 0.03733333333333333 0.015
9 0.442 0.3375 0.014666666666666666 0.02
3 0.516 0.24125 0.05333333333333333 0.021500000000000002
3 0.585 0.249 0.048666666666666664 0.02
3 0.6103333333333333 0.23375 0.056666666666666664 0.021500000000000002
3 0.5633333333333334 0.3125 0.056 0.039
9 0.629 0.20025 0.01 0.0115
1 0.6253333333333333 0.19975 0.006666666666666666 0.0075
1 0.628 0.1965 0.008 0.01
2 0.65 0.22525 0.017333333333333333 0.0115
9 0.6639999999999999 0.22175 0.009333333333333332 0.0155
9 0.6533333333333333 0.2185 0.009333333333333332 0.009000000000000001
2 0.703 0.203 0.019333333333333334 0.01
2 0.6859999999999999 0.201 0.014666666666666666 0.013000000000000001
9 0.6783333333333333 0.18525 0.016666666666666666 0.0095
2 0.6746666666666666 0.1885 0.013333333333333332 0.009000000000000001
2 0.6716666666666666 0.19425 0.008666666666666666 0.0105
2 0.6876666666666666 0.17450000000000002 0.007333333333333333 0.009000000000000001
6 0.7016666666666667 0.179 0.012666666666666666 0.012
3 0.703 0.16125 0.03266666666666666 0.0115
3 0.7306666666666667 0.1515 0.029333333333333333 0.013000000000000001
5 0.782 0.1525 0.04933333333333333 0.017
4 0.9356666666666666 0.0745 0.019333333333333334 0.009000000000000001
1 0.9643333333333333 0.10125 0.004666666666666666 0.006500000000000001
2 0.9643333333333333 0.10325000000000001 0.003333333333333333 0.0045000000000000005
3 0.947 0.10775 0.01 0.0085
4 0.939 0.1125 0.011333333333333332 0.01
4 0.9426666666666667 0.10925 0.012 0.0105
1 0.9676666666666667 0.1135 0.004666666666666666 0.007
9 0.9676666666666667 0.115 0.004666666666666666 0.006
1 0.9633333333333333 0.11725000000000001 0.004 0.006500000000000001
2 0.9633333333333333 0.11950000000000001 0.004 0.006
1 0.9023333333333333 0.133 0.006 0.006
9 0.9386666666666666 0.13 0.005333333333333333 0.006
1 0.939 0.12775 0.004666666666666666 0.006500000000000001
1 0.9336666666666666 0.1405 0.006 0.008
2 0.9333333333333333 0.14275000000000002 0.006666666666666666 0.0075
3 0.9299999999999999 0.15475 0.02 0.0115
4 0.961 0.1935 0.03266666666666666 0.019
4 0.9626666666666667 0.21 0.029333333333333333 0.021
4 0.84 0.20350000000000001 0.024 0.02
4 0.8043333333333333 0.21125 0.03 0.0185
5 0.8213333333333334 0.22475 0.03866666666666667 0.0245
5 0.8543333333333333 0.19225 0.02733333333333333 0.0195
1 0.9036666666666666 0.16775 0.008666666666666666 0.0105
9 0.9039999999999999 0.1715 0.008 0.009000000000000001
1 0.89 0.18075 0.006666666666666666 0.0135
2 0.89 0.18275 0.006666666666666666 0.0095
9 0.879 0.1805 0.01 0.009000000000000001
1 0.878 0.16925 0.006666666666666666 0.0085
1 0.901 0.18925 0.007333333333333333 0.0115
1 0.9026666666666666 0.1975 0.008 0.011
1 0.8876666666666666 0.20875 0.007333333333333333 0.0105
2 0.9013333333333333 0.1925 0.006666666666666666 0.011
2 0.9026666666666666 0.2005 0.008 0.009000000000000001
2 0.8886666666666666 0.2115 0.008 0.011
1 0.8463333333333333 0.217 0.007333333333333333 0.012
1 0.841 0.22025 0.007333333333333333 0.0145
1 0.8366666666666667 0.22825 0.008 0.0195
1 0.8316666666666667 0.217 0.008666666666666666 0.009000000000000001
1 0.8433333333333333 0.24525 0.010666666666666666 0.0135
1 0.769 0.251 0.01 0.013000000000000001
1 0.7856666666666666 0.24125 0.011333333333333332 0.0095
9 0.8039999999999999 0.2575 0.017333333333333333 0.012
6 0.7726666666666666 0.262 0.016 0.018000000000000002
1 0.7203333333333333 0.3075 0.01 0.012
1 0.9349999999999999 0.331 0.012666666666666666 0.015
4 0.8983333333333333 0.35725 0.046 0.051500000000000004
9 0.7323333333333333 0.37725000000000003 0.018 0.029500000000000002
1 0.7316666666666667 0.37375 0.015333333333333332 0.021500000000000002
1 0.6613333333333333 0.44075000000000003 0.012 0.0145
1 0.651 0.40875 0.011333333333333332 0.0115
2 0.6806666666666666 0.3885 0.021333333333333333 0.018000000000000002
2 0.6533333333333333 0.4255 0.028 0.02
1 0.63 0.424 0.017333333333333333 0.012
1 0.6226666666666666 0.432 0.021333333333333333 0.019
2 0.7066666666666667 0.4495 0.030666666666666665 0.025
9 0.744 0.4055 0.014666666666666666 0.023
1 0.743 0.3985 0.014 0.016
2 0.8906666666666666 0.41025 0.034666666666666665 0.0225
5 0.8603333333333333 0.457 0.05266666666666667 0.057
5 0.5033333333333333 0.4475 0.13066666666666665 0.085
9 0.45666666666666667 0.51175 0.044 0.0185
1 0.6733333333333333 0.50375 0.021333333333333333 0.021500000000000002
1 0.634 0.52925 0.02 0.0265
2 0.6716666666666666 0.513 0.022 0.034
2 0.6346666666666666 0.5335 0.018666666666666665 0.036000000000000004
5 0.7989999999999999 0.5735 0.12866666666666665 0.1
9 0.5986666666666667 0.5915 0.028 0.042
1 0.599 0.58625 0.024666666666666667 0.0245
9 0.482 0.62725 0.04666666666666666 0.0385
1 0.36666666666666664 0.7285 0.032 0.041
9 0.37066666666666664 0.7272500000000001 0.06133333333333333 0.0445
5 0.35866666666666663 0.67975 0.17733333333333332 0.1355
