3 0.254 0.6935 0.13333333333333333 0.112
4 0.44466666666666665 0.43925000000000003 0.052 0.0445
3 0.605 0.42275 0.05533333333333333 0.0505
3 0.6849999999999999 0.34175 0.03933333333333333 0.0365
3 0.05233333333333333 0.2945 0.06333333333333332 0.025
3 0.04566666666666667 0.48 0.09266666666666666 0.054
3 0.026333333333333334 0.41775 0.054 0.0375
3 0.072 0.3765 0.104 0.031
3 0.11599999999999999 0.357 0.09733333333333333 0.029
3 0.14366666666666666 0.342 0.09533333333333333 0.028
4 0.2796666666666667 0.2735 0.07666666666666666 0.023
3 0.22899999999999998 0.28975 0.08066666666666666 0.021500000000000002
4 0.39666666666666667 0.25725 0.056 0.029500000000000002
5 0.434 0.21375 0.08266666666666667 0.0285
5 0.33666666666666667 0.2085 0.10266666666666667 0.032
5 0.22999999999999998 0.2085 0.09466666666666666 0.029
5 0.13466666666666666 0.20575000000000002 0.088 0.0305
3 0.14666666666666667 0.1835 0.032 0.014
3 0.176 0.18875 0.03733333333333333 0.0145
3 0.22933333333333333 0.197 0.04533333333333333 0.015
4 1.1163333333333334 0.64675 0.10866666666666666 0.0965
3 1.05 0.54575 0.08399999999999999 0.0795
6 0.975 0.41200000000000003 0.07533333333333334 0.07200000000000001
4 0.9426666666666667 0.3665 0.04 0.039
4 0.9299999999999999 0.32425 0.03866666666666667 0.0395
4 0.8496666666666667 0.27475 0.03266666666666666 0.0235
3 0.9206666666666666 0.30225 0.036 0.025500000000000002
3 0.9063333333333333 0.2685 0.03 0.023
3 0.8926666666666666 0.197 0.02 0.013000000000000001
3 0.888 0.17575000000000002 0.032 0.0155
4 0.7683333333333333 0.14125000000000001 0.014 0.0105
3 0.7753333333333333 0.13875 0.014666666666666666 0.0085
4 0.901 0.14100000000000001 0.012666666666666666 0.011
3 0.8676666666666666 0.1165 0.011333333333333332 0.006
3 0.9159999999999999 0.12 0.012 0.006
5 0.8853333333333333 0.10075 0.016 0.0115
4 0.9 0.09775 0.016 0.0055
3 0.8116666666666666 0.113 0.019333333333333334 0.006
3 0.8133333333333334 0.11175 0.024 0.006500000000000001
4 0.8049999999999999 0.09825 0.014 0.0055
4 0.8093333333333333 0.0985 0.014666666666666666 0.005
4 0.8146666666666667 0.09925 0.014666666666666666 0.0055
3 0.8183333333333334 0.0995 0.015333333333333332 0.005
4 0.9363333333333334 0.10400000000000001 0.008666666666666666 0.005
3 0.954 0.09825 0.017333333333333333 0.0055
4 1.0043333333333333 0.08925 0.008666666666666666 0.0045000000000000005
4 1.0116666666666667 0.08750000000000001 0.011333333333333332 0.006
4 1.0266666666666666 0.08775000000000001 0.010666666666666666 0.0045000000000000005
