4 0.42714285714285716 0.5653571428571429 0.07142857142857142 0.07071428571428572
3 0.5004761904761905 0.4089285714285714 0.04285714285714286 0.039285714285714285
3 0.5757142857142857 0.3439285714285714 0.02761904761904762 0.027857142857142858
4 0.26761904761904765 0.2817857142857143 0.04380952380952381 0.015
4 0.41714285714285715 0.2596428571428571 0.049523809523809526 0.017857142857142856
3 0.2895238095238095 0.27464285714285713 0.04 0.013571428571428571
4 0.4280952380952381 0.20607142857142857 0.03333333333333333 0.010714285714285714
5 0.5685714285714286 0.24607142857142858 0.04380952380952381 0.04642857142857143
5 0.6152380952380953 0.1682142857142857 0.026666666666666665 0.012142857142857143
5 0.7614285714285715 0.3385714285714286 0.018095238095238095 0.025714285714285714
5 0.4442857142857143 0.3460714285714286 0.023809523809523808 0.020714285714285713
3 0.06761904761904762 0.6314285714285715 0.09523809523809523 0.07857142857142857
9 0.3495238095238095 0.4064285714285714 0.009523809523809525 0.018571428571428572
9 0.4657142857142857 0.4042857142857143 0.013333333333333332 0.02
9 0.3404761904761905 0.4057142857142857 0.008571428571428572 0.015714285714285715
1 0.46190476190476193 0.40214285714285714 0.009523809523809525 0.014285714285714285
1 0.7166666666666667 0.21285714285714286 0.004761904761904762 0.005714285714285714
1 0.6276190476190476 0.22214285714285714 0.005714285714285714 0.005714285714285714
1 0.6133333333333333 0.26107142857142857 0.005714285714285714 0.0064285714285714285
1 0.6166666666666667 0.26035714285714284 0.006666666666666666 0.007857142857142858
9 0.6271428571428571 0.22535714285714287 0.004761904761904762 0.0064285714285714285
9 0.7214285714285714 0.22107142857142856 0.012380952380952381 0.0064285714285714285
9 0.7166666666666667 0.21428571428571427 0.010476190476190476 0.005714285714285714
9 0.6123809523809524 0.2646428571428571 0.011428571428571429 0.009285714285714286
9 0.46714285714285714 0.4060714285714286 0.014285714285714285 0.015
8 0.6666666666666666 0.18785714285714286 0.024761904761904763 0.022857142857142857
4 0.6766666666666666 0.17142857142857143 0.014285714285714285 0.008571428571428572
3 0.6842857142857143 0.1757142857142857 0.010476190476190476 0.007142857142857143
5 1.0580952380952382 0.3292857142857143 0.03238095238095238 0.024285714285714285
5 1.099047619047619 0.38535714285714284 0.10285714285714286 0.09357142857142857
5 1.0052380952380953 0.2810714285714286 0.029523809523809525 0.025
5 1.0742857142857143 0.19035714285714286 0.05714285714285714 0.027857142857142858
4 0.9814285714285714 0.18785714285714286 0.02 0.008571428571428572
3 1.0252380952380953 0.18142857142857144 0.018095238095238095 0.007142857142857143
3 1.012857142857143 0.20642857142857143 0.018095238095238095 0.007142857142857143
5 0.9523809523809523 0.21392857142857144 0.022857142857142857 0.013571428571428571
6 0.909047619047619 0.19107142857142856 0.01619047619047619 0.009285714285714286
3 0.47904761904761906 0.19178571428571428 0.022857142857142857 0.007857142857142858
3 0.5128571428571429 0.20535714285714285 0.02761904761904762 0.007857142857142858
3 0.5219047619047619 0.20142857142857143 0.02095238095238095 0.007142857142857143
3 0.53 0.195 0.02761904761904762 0.01
3 0.5233333333333333 0.19214285714285714 0.023809523809523808 0.008571428571428572
3 0.5423809523809524 0.19142857142857142 0.021904761904761906 0.01
3 0.5542857142857143 0.15892857142857142 0.017142857142857144 0.0064285714285714285
3 0.5904761904761905 0.14642857142857144 0.013333333333333332 0.005714285714285714
3 0.6176190476190476 0.15285714285714286 0.01619047619047619 0.005714285714285714
3 0.6195238095238095 0.15107142857142858 0.01619047619047619 0.0064285714285714285
5 0.5476190476190477 0.1875 0.022857142857142857 0.010714285714285714
5 0.5766666666666667 0.18964285714285714 0.039047619047619046 0.013571428571428571
5 0.5595238095238095 0.20642857142857143 0.06190476190476191 0.022857142857142857
9 0.24 0.2882142857142857 0.013333333333333332 0.009285714285714286
