3 0.14333333333333334 0.5167857142857143 0.040952380952380955 0.030714285714285715
3 0.32904761904761903 0.44107142857142856 0.02761904761904762 0.029285714285714286
3 0.628095238095238 0.4007142857142857 0.018095238095238095 0.022857142857142857
3 0.6852380952380952 0.46035714285714285 0.02 0.02642857142857143
3 0.7552380952380953 0.3296428571428571 0.02857142857142857 0.015
3 0.7766666666666666 0.37892857142857145 0.03333333333333333 0.017857142857142856
3 0.7457142857142857 0.31535714285714284 0.030476190476190476 0.012142857142857143
3 0.6738095238095239 0.21392857142857144 0.006666666666666666 0.0064285714285714285
3 0.7714285714285715 0.24821428571428572 0.022857142857142857 0.007857142857142858
3 0.758095238095238 0.22785714285714287 0.022857142857142857 0.007142857142857143
3 0.7633333333333333 0.23392857142857143 0.023809523809523808 0.0064285714285714285
3 0.7671428571428571 0.2375 0.018095238095238095 0.005
3 0.7652380952380953 0.24035714285714285 0.021904761904761906 0.005
3 0.7695238095238095 0.24535714285714286 0.026666666666666665 0.005
3 0.741904761904762 0.20285714285714285 0.01904761904761905 0.005714285714285714
3 0.6728571428571428 0.24285714285714285 0.010476190476190476 0.011428571428571429
5 0.5461904761904762 0.11857142857142858 0.035238095238095235 0.008571428571428572
5 0.6357142857142857 0.14107142857142857 0.010476190476190476 0.019285714285714285
5 0.6566666666666666 0.19642857142857142 0.012380952380952381 0.018571428571428572
5 0.6723809523809524 0.18785714285714286 0.011428571428571429 0.015714285714285715
5 0.6661904761904762 0.1632142857142857 0.008571428571428572 0.010714285714285714
5 0.6538095238095238 0.15714285714285714 0.010476190476190476 0.01
5 0.6638095238095238 0.1475 0.009523809523809525 0.010714285714285714
5 0.650952380952381 0.13607142857142857 0.008571428571428572 0.012142857142857143
5 0.660952380952381 0.12928571428571428 0.007619047619047619 0.011428571428571429
5 0.6323809523809524 0.13 0.007619047619047619 0.011428571428571429
5 0.6561904761904762 0.1792857142857143 0.009523809523809525 0.011428571428571429
4 0.6671428571428571 0.1775 0.006666666666666666 0.005
3 0.6671428571428571 0.1725 0.004761904761904762 0.005
4 0.6566666666666666 0.16964285714285715 0.006666666666666666 0.0064285714285714285
3 0.6533333333333333 0.16464285714285715 0.005714285714285714 0.005
3 0.6866666666666666 0.155 0.007619047619047619 0.005714285714285714
4 0.6904761904761905 0.15178571428571427 0.005714285714285714 0.005
4 0.6661904761904762 0.15464285714285714 0.006666666666666666 0.0064285714285714285
4 0.6523809523809524 0.15035714285714286 0.005714285714285714 0.0035714285714285713
3 0.6228571428571429 0.13428571428571429 0.0038095238095238095 0.004285714285714286
3 0.700952380952381 0.14357142857142857 0.005714285714285714 0.004285714285714286
3 0.669047619047619 0.13035714285714287 0.004761904761904762 0.0035714285714285713
3 0.6333333333333333 0.12285714285714286 0.0038095238095238095 0.002857142857142857
3 0.6638095238095238 0.13857142857142857 0.005714285714285714 0.005714285714285714
3 0.6319047619047619 0.15535714285714286 0.006666666666666666 0.005
3 0.6371428571428571 0.185 0.005714285714285714 0.005714285714285714
3 0.6271428571428571 0.1825 0.006666666666666666 0.0064285714285714285
8 0.6342857142857142 0.16535714285714287 0.009523809523809525 0.015
5 0.6233333333333333 0.20857142857142857 0.010476190476190476 0.015714285714285715
3 0.7042857142857143 0.6071428571428571 0.025714285714285714 0.04
3 0.8842857142857142 0.5975 0.05619047619047619 0.02214285714285714
3 0.8971428571428571 0.6164285714285714 0.05523809523809524 0.02142857142857143
8 0.6247619047619047 0.5210714285714285 0.0380952380952381 0.08642857142857142
5 0.7919047619047619 0.5239285714285714 0.025714285714285714 0.03357142857142857
5 0.2833333333333333 0.5828571428571429 0.06380952380952382 0.054285714285714284
5 0.6771428571428572 0.31 0.015238095238095238 0.02142857142857143
5 0.6861904761904762 0.25857142857142856 0.01619047619047619 0.015714285714285715
5 0.6404761904761904 0.29285714285714287 0.012380952380952381 0.02
9 0.009523809523809525 0.5603571428571429 0.02095238095238095 0.015
9 0.2 0.4417857142857143 0.017142857142857144 0.0064285714285714285
3 0.011904761904761904 0.5921428571428572 0.025714285714285714 0.03571428571428571
9 0.9342857142857143 0.5485714285714286 0.022857142857142857 0.008571428571428572
4 0.3923809523809524 0.2257142857142857 0.022857142857142857 0.01
3 0.4204761904761905 0.23964285714285713 0.012380952380952381 0.007857142857142858
3 0.4166666666666667 0.22107142857142856 0.006666666666666666 0.005
3 0.33714285714285713 0.28214285714285714 0.02857142857142857 0.008571428571428572
3 0.35285714285714287 0.2692857142857143 0.023809523809523808 0.007142857142857143
3 0.3638095238095238 0.26142857142857145 0.026666666666666665 0.008571428571428572
3 0.27476190476190476 0.2317857142857143 0.01619047619047619 0.007857142857142858
4 0.3419047619047619 0.275 0.026666666666666665 0.008571428571428572
3 0.26571428571428574 0.3335714285714286 0.01904761904761905 0.017142857142857144
4 0.29 0.34285714285714286 0.018095238095238095 0.018571428571428572
4 0.30714285714285716 0.34535714285714286 0.021904761904761906 0.016428571428571428
5 0.3057142857142857 0.305 0.06285714285714286 0.03428571428571429
5 0.2361904761904762 0.2317857142857143 0.022857142857142857 0.016428571428571428
5 0.22666666666666666 0.22892857142857143 0.02095238095238095 0.016428571428571428
5 0.2138095238095238 0.22678571428571428 0.025714285714285714 0.020714285714285713
5 0.1376190476190476 0.2342857142857143 0.09238095238095238 0.018571428571428572
5 0.11523809523809524 0.2367857142857143 0.10095238095238095 0.019285714285714285
5 0.0980952380952381 0.2417857142857143 0.10095238095238095 0.019285714285714285
5 0.07428571428571429 0.245 0.10476190476190476 0.022857142857142857
5 0.07095238095238095 0.25285714285714284 0.10571428571428572 0.02
5 0.04857142857142857 0.25785714285714284 0.09904761904761905 0.014285714285714285
5 0.07095238095238095 0.2832142857142857 0.04857142857142857 0.025
4 1.1061904761904762 0.6457142857142857 0.05619047619047619 0.022857142857142857
