3 1.1142857142857143 0.73 0.1219047619047619 0.03857142857142857
3 1.0685714285714285 0.6946428571428571 0.12380952380952381 0.07071428571428572
3 1.0204761904761905 0.6503571428571429 0.10952380952380952 0.05785714285714286
4 0.99 0.6092857142857143 0.09238095238095238 0.05
3 0.9561904761904761 0.5760714285714286 0.10857142857142857 0.047857142857142855
3 0.9185714285714286 0.5407142857142857 0.1 0.05
3 0.8871428571428571 0.51 0.0980952380952381 0.04857142857142857
9 0.9014285714285715 0.4810714285714286 0.039047619047619046 0.019285714285714285
4 0.8528571428571429 0.4735714285714286 0.08857142857142856 0.045714285714285714
3 0.839047619047619 0.43892857142857145 0.09333333333333334 0.03785714285714286
1 0.9952380952380953 0.4632142857142857 0.01904761904761905 0.012142857142857143
1 0.9847619047619047 0.44642857142857145 0.015238095238095238 0.008571428571428572
1 1.0114285714285713 0.485 0.013333333333333332 0.014285714285714285
1 1.0342857142857143 0.4925 0.01904761904761905 0.017857142857142856
1 1.0676190476190477 0.47464285714285714 0.015238095238095238 0.013571428571428571
1 0.8352380952380952 0.4057142857142857 0.017142857142857144 0.022857142857142857
9 0.8328571428571429 0.4082142857142857 0.03142857142857143 0.020714285714285713
3 0.6576190476190477 0.3657142857142857 0.08476190476190476 0.037142857142857144
9 0.7376190476190476 0.3628571428571429 0.037142857142857144 0.012857142857142857
1 0.7404761904761905 0.3625 0.01619047619047619 0.020714285714285713
3 0.7366666666666667 0.3489285714285714 0.07904761904761905 0.030714285714285715
4 0.7085714285714285 0.32821428571428574 0.09142857142857143 0.04071428571428572
3 0.6985714285714286 0.31392857142857145 0.08285714285714285 0.027857142857142858
3 0.6871428571428572 0.2982142857142857 0.07904761904761905 0.029285714285714286
4 0.6728571428571428 0.2832142857142857 0.08095238095238096 0.030714285714285715
9 0.689047619047619 0.25785714285714284 0.021904761904761906 0.017142857142857144
1 0.6880952380952381 0.25357142857142856 0.012380952380952381 0.014285714285714285
1 0.6195238095238095 0.215 0.008571428571428572 0.01
1 0.6623809523809524 0.18142857142857144 0.012380952380952381 0.015714285714285715
3 0.5866666666666667 0.19392857142857142 0.05714285714285714 0.02214285714285714
3 0.5771428571428572 0.1825 0.05904761904761905 0.017857142857142856
3 0.5252380952380953 0.1325 0.054285714285714284 0.017857142857142856
3 0.5261904761904762 0.11464285714285714 0.04857142857142857 0.02642857142857143
3 0.5233333333333333 0.05392857142857143 0.04285714285714286 0.015
3 0.518095238095238 0.046785714285714285 0.0419047619047619 0.015
3 0.4614285714285714 0.07357142857142857 0.025714285714285714 0.02
3 0.44904761904761903 0.06285714285714286 0.02 0.015714285714285715
4 0.4419047619047619 0.05035714285714286 0.022857142857142857 0.019285714285714285
3 0.6209523809523809 0.6053571428571428 0.08571428571428572 0.08785714285714286
9 0.6214285714285714 0.48142857142857143 0.021904761904761906 0.032857142857142856
9 0.5804761904761905 0.4496428571428571 0.02 0.027857142857142858
9 0.0838095238095238 0.6610714285714285 0.02857142857142857 0.03357142857142857
3 0.12523809523809523 0.6725 0.06761904761904762 0.095
3 0.19476190476190477 0.6428571428571429 0.06761904761904762 0.08857142857142856
9 0.16523809523809524 0.6035714285714285 0.018095238095238095 0.027142857142857142
2 0.07476190476190477 0.5982142857142857 0.023809523809523808 0.03214285714285714
1 0.07285714285714286 0.5907142857142857 0.018095238095238095 0.017142857142857144
1 0.012857142857142857 0.5478571428571428 0.018095238095238095 0.012857142857142857
1 0.018095238095238095 0.5239285714285714 0.015238095238095238 0.010714285714285714
1 0.026666666666666665 0.52 0.013333333333333332 0.012857142857142857
4 0.17714285714285713 0.4682142857142857 0.05714285714285714 0.062142857142857146
1 0.07904761904761905 0.42178571428571426 0.015238095238095238 0.012142857142857143
1 0.08523809523809524 0.41714285714285715 0.02 0.015714285714285715
1 0.05904761904761905 0.39 0.015238095238095238 0.014285714285714285
1 0.04380952380952381 0.39071428571428574 0.022857142857142857 0.014285714285714285
1 0.04380952380952381 0.3807142857142857 0.015238095238095238 0.015714285714285715
1 0.06285714285714286 0.3767857142857143 0.013333333333333332 0.012142857142857143
1 0.07095238095238095 0.38392857142857145 0.014285714285714285 0.015
1 0.10761904761904761 0.3264285714285714 0.013333333333333332 0.01
1 0.1019047619047619 0.3335714285714286 0.011428571428571429 0.012857142857142857
1 0.08333333333333333 0.3325 0.010476190476190476 0.013571428571428571
1 0.09619047619047619 0.32357142857142857 0.011428571428571429 0.01
1 0.0838095238095238 0.325 0.011428571428571429 0.011428571428571429
1 0.05238095238095238 0.3364285714285714 0.02095238095238095 0.012857142857142857
1 0.017142857142857144 0.3407142857142857 0.013333333333333332 0.015714285714285715
1 0.04047619047619048 0.32107142857142856 0.010476190476190476 0.010714285714285714
1 0.051904761904761905 0.32857142857142857 0.01619047619047619 0.01
1 0.05380952380952381 0.32071428571428573 0.014285714285714285 0.011428571428571429
1 0.05904761904761905 0.315 0.01904761904761905 0.015714285714285715
1 0.09 0.30464285714285716 0.01619047619047619 0.010714285714285714
1 0.08857142857142856 0.29642857142857143 0.011428571428571429 0.01
1 0.09952380952380953 0.29464285714285715 0.014285714285714285 0.010714285714285714
1 0.1 0.2825 0.013333333333333332 0.009285714285714286
1 0.09380952380952381 0.2671428571428571 0.014285714285714285 0.01
1 0.08238095238095237 0.2642857142857143 0.012380952380952381 0.01
1 0.09523809523809523 0.25892857142857145 0.011428571428571429 0.007857142857142858
1 0.10857142857142857 0.26571428571428574 0.011428571428571429 0.008571428571428572
1 0.10857142857142857 0.25857142857142856 0.013333333333333332 0.01
1 0.0380952380952381 0.24285714285714285 0.013333333333333332 0.01
1 0.05380952380952381 0.24107142857142858 0.012380952380952381 0.010714285714285714
1 0.06095238095238095 0.23035714285714284 0.009523809523809525 0.009285714285714286
1 0.06952380952380953 0.2307142857142857 0.011428571428571429 0.008571428571428572
1 0.07952380952380952 0.23107142857142857 0.012380952380952381 0.010714285714285714
1 0.08047619047619048 0.22285714285714286 0.012380952380952381 0.008571428571428572
1 0.07428571428571429 0.21285714285714286 0.009523809523809525 0.01
1 0.0838095238095238 0.215 0.011428571428571429 0.007142857142857143
1 0.0838095238095238 0.2082142857142857 0.009523809523809525 0.007857142857142858
1 0.09476190476190476 0.21321428571428572 0.012380952380952381 0.009285714285714286
1 0.03380952380952381 0.2175 0.010476190476190476 0.010714285714285714
1 0.05857142857142857 0.21357142857142858 0.012380952380952381 0.01
1 0.048095238095238094 0.21142857142857144 0.012380952380952381 0.008571428571428572
1 0.060476190476190475 0.20285714285714285 0.010476190476190476 0.008571428571428572
1 0.03857142857142857 0.2025 0.008571428571428572 0.007857142857142858
1 0.06428571428571428 0.18857142857142858 0.010476190476190476 0.008571428571428572
1 0.11142857142857143 0.19607142857142856 0.011428571428571429 0.012142857142857143
1 0.12142857142857143 0.19392857142857142 0.010476190476190476 0.009285714285714286
1 0.07285714285714286 0.19964285714285715 0.010476190476190476 0.007857142857142858
1 0.08476190476190476 0.2007142857142857 0.009523809523809525 0.008571428571428572
1 0.0880952380952381 0.19535714285714287 0.010476190476190476 0.007857142857142858
9 0.19 0.27071428571428574 0.02761904761904762 0.011428571428571429
3 0.19047619047619047 0.24428571428571427 0.0380952380952381 0.032857142857142856
3 0.2885714285714286 0.0275 0.017142857142857144 0.017857142857142856
3 0.31952380952380954 0.036071428571428574 0.02 0.015
3 0.31142857142857144 0.013214285714285715 0.02095238095238095 0.015
