3 0.07366666666666666 0.48325 0.146 0.0895
3 0.204 0.384 0.16666666666666666 0.076
3 0.36066666666666664 0.6455 0.24266666666666667 0.108
3 0.6123333333333333 0.3335 0.174 0.07200000000000001
4 1.257 0.4275 0.14866666666666667 0.094
3 0.739 0.22 0.06066666666666667 0.068
4 0.9503333333333333 0.25675 0.14066666666666666 0.0745
3 1.0933333333333333 0.29775 0.17733333333333332 0.07050000000000001
3 1.2953333333333332 0.20325000000000001 0.07466666666666666 0.0565
3 0.8396666666666667 0.1465 0.08866666666666666 0.065
4 0.734 0.0835 0.06933333333333333 0.068
3 0.6639999999999999 0.016 0.06266666666666666 0.033
3 0.782 0.051750000000000004 0.184 0.1045
