3 0.6954314720812182 0.535 0.03807106598984771 0.025714285714285714
5 0.9035532994923857 0.46714285714285714 0.06852791878172589 0.04857142857142857
3 0.7595177664974618 0.37107142857142855 0.029187817258883246 0.017857142857142856
3 0.5203045685279187 0.3364285714285714 0.02284263959390863 0.012857142857142857
3 0.5571065989847716 0.32857142857142857 0.025380710659898477 0.014285714285714285
3 0.5818527918781725 0.31357142857142856 0.024111675126903553 0.012857142857142857
8 0.70748730964467 0.31535714285714284 0.026649746192893398 0.017857142857142856
3 0.6713197969543147 0.28035714285714286 0.02284263959390863 0.013571428571428571
5 0.5336294416243654 0.25357142857142856 0.031725888324873094 0.02142857142857143
3 0.5171319796954315 0.23607142857142857 0.019035532994923856 0.009285714285714286
4 0.5977157360406091 0.2292857142857143 0.017766497461928932 0.011428571428571429
3 0.506979695431472 0.22035714285714286 0.016497461928934008 0.009285714285714286
3 0.49048223350253806 0.20107142857142857 0.013959390862944161 0.009285714285714286
3 0.47906091370558374 0.18535714285714286 0.013959390862944161 0.007857142857142858
4 0.5475888324873096 0.19357142857142856 0.016497461928934008 0.011428571428571429
8 0.58248730964467 0.19107142857142856 0.015228426395939085 0.010714285714285714
3 0.5317258883248731 0.17464285714285716 0.015228426395939085 0.007857142857142858
3 0.5450507614213198 0.16107142857142856 0.011421319796954314 0.009285714285714286
3 0.45368020304568524 0.1717857142857143 0.011421319796954314 0.007857142857142858
3 0.4460659898477157 0.1625 0.011421319796954314 0.007857142857142858
3 0.4378172588832487 0.14714285714285713 0.012690355329949238 0.007142857142857143
3 0.5139593908629442 0.15142857142857144 0.012690355329949238 0.007142857142857143
5 0.45748730964467 0.1492857142857143 0.019035532994923856 0.014285714285714285
3 0.4486040609137055 0.13178571428571428 0.008883248730964466 0.0064285714285714285
3 0.4942893401015228 0.12607142857142858 0.011421319796954314 0.007857142857142858
3 0.4993654822335025 0.11535714285714285 0.011421319796954314 0.0064285714285714285
3 0.47969543147208116 0.11107142857142857 0.012690355329949238 0.0064285714285714285
8 0.48477157360406087 0.10142857142857142 0.012690355329949238 0.008571428571428572
3 0.4746192893401015 0.09571428571428571 0.01015228426395939 0.005714285714285714
3 0.1148477157360406 0.4067857142857143 0.05964467005076142 0.012142857142857143
3 1.3978426395939085 0.5132142857142857 0.04187817258883248 0.023571428571428573
