3 0.4095238095238095 0.007142857142857143 0.02095238095238095 0.015714285714285715
4 0.44571428571428573 0.026071428571428572 0.024761904761904763 0.03214285714285714
1 0.4061904761904762 0.10964285714285714 0.010476190476190476 0.009285714285714286
1 0.5514285714285714 0.12464285714285714 0.007619047619047619 0.009285714285714286
1 0.33285714285714285 0.1682142857142857 0.012380952380952381 0.015
1 0.4104761904761905 0.18892857142857142 0.011428571428571429 0.012142857142857143
1 0.44 0.2025 0.011428571428571429 0.012142857142857143
1 0.4338095238095238 0.35678571428571426 0.014285714285714285 0.013571428571428571
1 0.012857142857142857 0.4667857142857143 0.018095238095238095 0.013571428571428571
1 0.008095238095238095 0.4707142857142857 0.01619047619047619 0.008571428571428572
1 0.4195238095238095 0.6639285714285714 0.018095238095238095 0.015
1 0.41904761904761906 0.6567857142857143 0.01904761904761905 0.010714285714285714
1 0.6242857142857143 0.44607142857142856 0.012380952380952381 0.015
1 0.6028571428571429 0.2282142857142857 0.007619047619047619 0.013571428571428571
9 0.6147619047619047 0.07964285714285714 0.021904761904761906 0.015
9 0.5514285714285714 0.125 0.009523809523809525 0.017142857142857144
9 0.4104761904761905 0.19357142857142856 0.017142857142857144 0.017142857142857144
9 0.44095238095238093 0.2075 0.011428571428571429 0.017857142857142856
2 0.6033333333333334 0.2317857142857143 0.006666666666666666 0.016428571428571428
9 0.65 0.30357142857142855 0.023809523809523808 0.018571428571428572
9 0.69 0.27464285714285713 0.014285714285714285 0.020714285714285713
9 0.6857142857142857 0.24214285714285713 0.011428571428571429 0.015714285714285715
9 0.6695238095238095 0.395 0.030476190476190476 0.02142857142857143
9 0.6619047619047619 0.4025 0.02857142857142857 0.013571428571428571
9 0.6785714285714286 0.4185714285714286 0.029523809523809525 0.017142857142857144
9 0.6761904761904762 0.4275 0.03428571428571429 0.015
9 0.6761904761904762 0.435 0.03428571428571429 0.012857142857142857
9 0.6785714285714286 0.44571428571428573 0.037142857142857144 0.015714285714285715
9 0.6719047619047619 0.45571428571428574 0.037142857142857144 0.012857142857142857
9 0.68 0.46285714285714286 0.03619047619047619 0.012857142857142857
9 0.680952380952381 0.475 0.030476190476190476 0.02
9 0.6247619047619047 0.44821428571428573 0.013333333333333332 0.025
9 0.6623809523809524 0.52 0.014285714285714285 0.03428571428571429
9 0.4195238095238095 0.6657142857142857 0.018095238095238095 0.03857142857142857
9 0.017619047619047618 0.46964285714285714 0.037142857142857144 0.025
9 0.4342857142857143 0.36 0.017142857142857144 0.027142857142857142
2 0.33380952380952383 0.17142857142857143 0.01619047619047619 0.02
9 0.12523809523809523 0.26035714285714284 0.03142857142857143 0.017857142857142856
9 0.13333333333333333 0.2542857142857143 0.03238095238095238 0.017142857142857144
3 0.11571428571428571 0.3003571428571429 0.05619047619047619 0.039285714285714285
5 0.19333333333333333 0.2375 0.08 0.05785714285714286
3 0.2509523809523809 0.2007142857142857 0.054285714285714284 0.03857142857142857
9 0.2823809523809524 0.15285714285714286 0.021904761904761906 0.012857142857142857
3 0.319047619047619 0.15 0.05142857142857143 0.03857142857142857
3 0.2361904761904762 0.1682142857142857 0.05142857142857143 0.03214285714285714
9 0.3414285714285714 0.10642857142857143 0.01619047619047619 0.017142857142857144
9 0.2723809523809524 0.10678571428571429 0.007619047619047619 0.015
3 0.37761904761904763 0.10571428571428572 0.03142857142857143 0.032857142857142856
9 0.3461904761904762 0.07142857142857142 0.010476190476190476 0.015714285714285715
3 0.38285714285714284 0.07714285714285714 0.022857142857142857 0.027142857142857142
3 0.38142857142857145 0.05285714285714286 0.023809523809523808 0.02857142857142857
3 0.4614285714285714 0.07892857142857143 0.02761904761904762 0.03214285714285714
5 0.508095238095238 0.07035714285714285 0.029523809523809525 0.03214285714285714
3 0.4766666666666667 0.13964285714285715 0.02761904761904762 0.035
3 0.4876190476190476 0.25285714285714284 0.030476190476190476 0.04285714285714286
3 0.4919047619047619 0.3707142857142857 0.029523809523809525 0.04857142857142857
3 0.7019047619047619 0.67 0.05142857142857143 0.09
3 0.6328571428571429 0.24857142857142858 0.03142857142857143 0.041428571428571426
5 0.628095238095238 0.2057142857142857 0.035238095238095235 0.04
3 0.6133333333333333 0.17 0.030476190476190476 0.032857142857142856
3 0.6066666666666667 0.13857142857142857 0.03428571428571429 0.03
5 0.5685714285714286 0.05142857142857143 0.026666666666666665 0.027142857142857142
9 0.5657142857142857 0.0325 0.02095238095238095 0.010714285714285714
5 0.5514285714285714 0.010357142857142856 0.02857142857142857 0.02214285714285714
3 0.8680952380952381 0.055357142857142855 0.054285714285714284 0.017857142857142856
3 0.8704761904761905 0.06928571428571428 0.05142857142857143 0.015714285714285715
4 0.8795238095238095 0.08321428571428571 0.04666666666666667 0.02642857142857143
3 0.9385714285714286 0.065 0.05238095238095238 0.018571428571428572
3 0.9352380952380952 0.07928571428571428 0.05523809523809524 0.02142857142857143
3 0.9361904761904762 0.09214285714285714 0.05714285714285714 0.02
4 0.9228571428571428 0.10785714285714286 0.06285714285714286 0.018571428571428572
3 0.32142857142857145 0.21714285714285714 0.06 0.04
