9 0.15 0.6457142857142857 0.03142857142857143 0.012857142857142857
9 0.2638095238095238 0.7235714285714285 0.03619047619047619 0.04
9 0.3238095238095238 0.7264285714285714 0.030476190476190476 0.04
1 0.25952380952380955 0.7192857142857143 0.02 0.024285714285714285
1 0.3223809523809524 0.7239285714285715 0.01619047619047619 0.020714285714285713
1 0.2723809523809524 0.7157142857142857 0.015238095238095238 0.022857142857142857
1 0.3304761904761905 0.7207142857142858 0.015238095238095238 0.027142857142857142
9 0.7371428571428571 0.14285714285714285 0.017142857142857144 0.008571428571428572
9 0.7576190476190476 0.1632142857142857 0.01619047619047619 0.010714285714285714
3 0.680952380952381 0.5392857142857143 0.06476190476190476 0.06714285714285714
3 0.6247619047619047 0.6214285714285714 0.0761904761904762 0.07714285714285714
3 0.5614285714285714 0.71 0.08476190476190476 0.07857142857142857
3 0.8609523809523809 0.4689285714285714 0.05523809523809524 0.075
3 0.8928571428571429 0.23607142857142857 0.03142857142857143 0.025
3 0.9466666666666667 0.15607142857142858 0.022857142857142857 0.019285714285714285
3 0.9647619047619047 0.13392857142857142 0.022857142857142857 0.016428571428571428
3 0.9785714285714285 0.09 0.01619047619047619 0.015714285714285715
3 1.0019047619047619 0.07857142857142857 0.017142857142857144 0.011428571428571429
5 1.0471428571428572 0.04321428571428571 0.014285714285714285 0.013571428571428571
3 1.1828571428571428 0.0975 0.024761904761904763 0.009285714285714286
