3 0.929047619047619 0.5853571428571429 0.10380952380952381 0.045
3 0.8152380952380952 0.5910714285714286 0.0838095238095238 0.047857142857142855
5 0.5085714285714286 0.4521428571428571 0.06857142857142857 0.03
1 0.839047619047619 0.4332142857142857 0.005714285714285714 0.007857142857142858
3 0.8338095238095238 0.4421428571428571 0.039047619047619046 0.012857142857142857
3 0.7914285714285715 0.44607142857142856 0.0419047619047619 0.013571428571428571
5 0.7780952380952381 0.43857142857142856 0.05333333333333333 0.017142857142857144
3 0.7385714285714285 0.45357142857142857 0.04285714285714286 0.014285714285714285
3 0.7166666666666667 0.4667857142857143 0.05238095238095238 0.017857142857142856
3 0.6880952380952381 0.4617857142857143 0.04857142857142857 0.017857142857142856
