3 0.7461904761904762 0.6685714285714286 0.27904761904761904 0.16142857142857142
5 0.5638095238095238 0.46964285714285714 0.22285714285714286 0.19357142857142856
3 0.43857142857142856 0.355 0.13238095238095238 0.08
3 0.36952380952380953 0.2792857142857143 0.09523809523809523 0.06142857142857143
3 0.3323809523809524 0.22071428571428572 0.10095238095238095 0.05285714285714286
3 0.28476190476190477 0.17464285714285716 0.0761904761904762 0.045
3 0.2757142857142857 0.13892857142857143 0.06952380952380953 0.03642857142857143
1 0.30666666666666664 0.3325 0.049523809523809526 0.047857142857142855
9 0.32047619047619047 0.3357142857142857 0.04476190476190476 0.041428571428571426
4 0.25 0.10714285714285714 0.09047619047619047 0.05
3 0.24333333333333335 0.0775 0.04476190476190476 0.029285714285714286
3 0.2319047619047619 0.060714285714285714 0.039047619047619046 0.02
3 0.20809523809523808 0.05 0.07523809523809524 0.02857142857142857
3 0.31 0.048928571428571425 0.09428571428571429 0.023571428571428573
3 0.2680952380952381 0.031785714285714285 0.07142857142857142 0.020714285714285713
3 0.2338095238095238 0.023928571428571428 0.035238095238095235 0.019285714285714285
3 0.23142857142857143 0.013214285714285715 0.03428571428571429 0.019285714285714285
3 0.15714285714285714 0.021785714285714287 0.0380952380952381 0.02642857142857143
3 0.041428571428571426 0.04321428571428571 0.06952380952380953 0.020714285714285713
3 0.07809523809523809 0.03535714285714286 0.06285714285714286 0.02214285714285714
3 0.09095238095238095 0.03 0.058095238095238096 0.018571428571428572
3 0.09952380952380953 0.018571428571428572 0.04476190476190476 0.02
3 0.10904761904761905 0.011428571428571429 0.039047619047619046 0.015714285714285715
3 0.024761904761904763 0.07678571428571429 0.049523809523809526 0.04214285714285714
3 0.7771428571428571 0.12535714285714286 0.09523809523809523 0.035
