3 0.5190476190476191 0.32071428571428573 0.15047619047619049 0.06571428571428571
3 0.5004761904761905 0.26035714285714284 0.08095238095238096 0.065
4 0.6023809523809524 0.255 0.07904761904761905 0.08
1 0.6195238095238095 0.4307142857142857 0.023809523809523808 0.03571428571428571
9 0.7038095238095238 0.4132142857142857 0.030476190476190476 0.04928571428571429
1 0.7519047619047619 0.2725 0.025714285714285714 0.03785714285714286
4 0.830952380952381 0.28785714285714287 0.16666666666666666 0.09714285714285714
3 0.42238095238095236 0.16642857142857143 0.058095238095238096 0.04428571428571428
4 0.4004761904761905 0.10607142857142857 0.06571428571428571 0.04214285714285714
4 0.4595238095238095 0.09607142857142857 0.05238095238095238 0.039285714285714285
3 0.49238095238095236 0.08392857142857142 0.04380952380952381 0.03214285714285714
1 0.48142857142857143 0.10821428571428571 0.012380952380952381 0.02214285714285714
1 0.6019047619047619 0.175 0.017142857142857144 0.02857142857142857
1 0.6295238095238095 0.18 0.01904761904761905 0.03
1 0.7371428571428571 0.22607142857142856 0.01904761904761905 0.025
1 0.6938095238095238 0.18 0.01619047619047619 0.018571428571428572
1 0.6366666666666667 0.21571428571428572 0.02 0.02142857142857143
9 0.6371428571428571 0.22678571428571428 0.01904761904761905 0.03214285714285714
4 0.5247619047619048 0.013214285714285715 0.03428571428571429 0.027857142857142858
4 0.5638095238095238 0.052142857142857144 0.03238095238095238 0.03
1 0.5347619047619048 0.02892857142857143 0.012380952380952381 0.013571428571428571
4 1.2395238095238095 0.3967857142857143 0.16857142857142857 0.07642857142857143
