5 0.560952380952381 0.29392857142857143 0.017142857142857144 0.020714285714285713
5 0.6233333333333333 0.21142857142857144 0.014285714285714285 0.012857142857142857
5 0.6880952380952381 0.13535714285714287 0.006666666666666666 0.009285714285714286
3 0.6414285714285715 0.18964285714285714 0.004761904761904762 0.0064285714285714285
3 0.8766666666666667 0.5632142857142857 0.04857142857142857 0.019285714285714285
3 1.0433333333333332 0.4732142857142857 0.03333333333333333 0.016428571428571428
3 1.081904761904762 0.46464285714285714 0.03428571428571429 0.016428571428571428
3 1.120952380952381 0.45607142857142857 0.03619047619047619 0.016428571428571428
3 1.1585714285714286 0.44857142857142857 0.035238095238095235 0.015714285714285715
3 1.250952380952381 0.42928571428571427 0.03142857142857143 0.015714285714285715
3 0.9033333333333333 0.49964285714285717 0.04285714285714286 0.015
3 0.9952380952380953 0.48392857142857143 0.0380952380952381 0.017857142857142856
3 1.190952380952381 0.4421428571428571 0.03333333333333333 0.015714285714285715
3 1.2185714285714286 0.43642857142857144 0.03142857142857143 0.012857142857142857
3 0.8647619047619047 0.4042857142857143 0.03619047619047619 0.014285714285714285
4 0.8266666666666667 0.5678571428571428 0.03428571428571429 0.027142857142857142
3 0.04904761904761905 0.3675 0.03333333333333333 0.017857142857142856
3 0.01619047619047619 0.3821428571428571 0.03238095238095238 0.017142857142857144
3 0.11571428571428571 0.3339285714285714 0.018095238095238095 0.009285714285714286
3 0.8985714285714286 0.3914285714285714 0.037142857142857144 0.015714285714285715
4 0.7114285714285714 0.13035714285714287 0.0038095238095238095 0.0035714285714285713
