3 0.3304761904761905 0.5417857142857143 0.28 0.11071428571428571
3 0.5914285714285714 0.44285714285714284 0.11238095238095239 0.12571428571428572
3 0.9661904761904762 0.33285714285714285 0.14 0.1
3 0.8538095238095238 0.21357142857142858 0.10571428571428572 0.07142857142857142
3 0.6171428571428571 0.33214285714285713 0.09523809523809523 0.10571428571428572
3 0.6138095238095238 0.2282142857142857 0.08095238095238096 0.06928571428571428
3 0.589047619047619 0.16071428571428573 0.07714285714285714 0.08
3 0.5280952380952381 0.10142857142857142 0.08095238095238096 0.05142857142857143
3 0.48904761904761906 0.07107142857142858 0.05047619047619047 0.03357142857142857
3 0.7052380952380952 0.1407142857142857 0.07142857142857142 0.05857142857142857
4 0.7980952380952381 0.14785714285714285 0.07809523809523809 0.06
4 1.1414285714285715 0.6446428571428572 0.23333333333333334 0.2092857142857143
3 1.2642857142857142 0.2735714285714286 0.1361904761904762 0.06714285714285714
3 1.2342857142857142 0.24214285714285713 0.18476190476190477 0.06142857142857143
3 1.1742857142857144 0.20857142857142857 0.17333333333333334 0.055714285714285716
3 0.9557142857142857 0.11464285714285714 0.12857142857142856 0.03642857142857143
3 0.9338095238095238 0.09928571428571428 0.11333333333333333 0.037142857142857144
3 0.7114285714285714 0.09178571428571429 0.06666666666666667 0.03214285714285714
3 0.7666666666666667 0.05964285714285714 0.07047619047619047 0.03214285714285714
3 0.7280952380952381 0.04071428571428572 0.04666666666666667 0.02857142857142857
3 0.8142857142857143 0.05107142857142857 0.08952380952380952 0.027857142857142858
3 0.6747619047619048 0.07142857142857142 0.054285714285714284 0.03142857142857143
3 0.6514285714285715 0.052142857142857144 0.04380952380952381 0.02857142857142857
3 0.5676190476190476 0.025357142857142856 0.04380952380952381 0.02642857142857143
3 0.6047619047619047 0.021785714285714287 0.03619047619047619 0.02642857142857143
3 0.6623809523809524 0.009642857142857142 0.037142857142857144 0.020714285714285713
3 0.5514285714285714 0.008928571428571428 0.04 0.019285714285714285
