3 1.0195238095238095 0.7396428571428572 0.058095238095238096 0.019285714285714285
3 1.1466666666666667 0.6235714285714286 0.045714285714285714 0.017142857142857144
3 1.1985714285714286 0.5853571428571429 0.023809523809523808 0.015
3 1.2323809523809524 0.5885714285714285 0.02095238095238095 0.014285714285714285
3 0.8595238095238095 0.5903571428571428 0.035238095238095235 0.015
3 0.8571428571428571 0.5678571428571428 0.030476190476190476 0.012857142857142857
3 0.7433333333333333 0.5439285714285714 0.023809523809523808 0.010714285714285714
3 0.6866666666666666 0.5414285714285715 0.026666666666666665 0.01
3 0.5671428571428572 0.5182142857142857 0.021904761904761906 0.009285714285714286
3 0.4676190476190476 0.4903571428571429 0.017142857142857144 0.007857142857142858
