3 0.28285714285714286 0.495 0.047619047619047616 0.03571428571428571
3 0.6033333333333334 0.2782142857142857 0.010476190476190476 0.009285714285714286
3 0.6133333333333333 0.26821428571428574 0.009523809523809525 0.007857142857142858
5 0.5828571428571429 0.2925 0.015238095238095238 0.017857142857142856
8 0.4747619047619048 0.3625 0.05619047619047619 0.04214285714285714
5 0.8323809523809523 0.24785714285714286 0.013333333333333332 0.014285714285714285
5 0.7614285714285715 0.2507142857142857 0.008571428571428572 0.011428571428571429
5 0.7976190476190477 0.23035714285714284 0.010476190476190476 0.013571428571428571
3 0.7566666666666667 0.25892857142857145 0.006666666666666666 0.0064285714285714285
3 0.7561904761904762 0.2625 0.007619047619047619 0.005
5 0.8495238095238096 0.2789285714285714 0.02857142857142857 0.009285714285714286
5 0.839047619047619 0.27285714285714285 0.030476190476190476 0.008571428571428572
3 0.9347619047619048 0.415 0.04476190476190476 0.012857142857142857
3 0.9319047619047619 0.4042857142857143 0.04666666666666667 0.012857142857142857
3 0.9419047619047619 0.3982142857142857 0.0419047619047619 0.013571428571428571
3 0.9438095238095238 0.37107142857142855 0.0419047619047619 0.012142857142857143
3 0.9423809523809524 0.36392857142857143 0.040952380952380955 0.009285714285714286
3 0.9342857142857143 0.38035714285714284 0.0380952380952381 0.012142857142857143
3 1.0723809523809524 0.43357142857142855 0.02857142857142857 0.018571428571428572
3 1.0414285714285714 0.4357142857142857 0.02761904761904762 0.018571428571428572
3 0.9971428571428571 0.3492857142857143 0.030476190476190476 0.011428571428571429
3 0.9904761904761905 0.345 0.030476190476190476 0.01
3 0.9038095238095238 0.3242857142857143 0.017142857142857144 0.011428571428571429
3 0.9809523809523809 0.3382142857142857 0.03238095238095238 0.009285714285714286
9 1.0571428571428572 0.4082142857142857 0.013333333333333332 0.007857142857142858
3 0.9085714285714286 0.2567857142857143 0.017142857142857144 0.005
4 0.849047619047619 0.23285714285714285 0.01619047619047619 0.005714285714285714
8 0.07 0.6735714285714286 0.1380952380952381 0.14714285714285713
4 0.18666666666666668 0.32857142857142857 0.026666666666666665 0.011428571428571429
3 0.19238095238095237 0.32607142857142857 0.024761904761904763 0.009285714285714286
5 0.7176190476190476 0.26035714285714284 0.010476190476190476 0.012142857142857143
5 0.8709523809523809 0.32785714285714285 0.037142857142857144 0.011428571428571429
4 0.9052380952380953 0.24821428571428572 0.012380952380952381 0.0064285714285714285
4 0.8938095238095238 0.2417857142857143 0.006666666666666666 0.005
5 0.8952380952380953 0.315 0.02857142857142857 0.01
