3 0.8305837563451776 0.3389285714285714 0.031725888324873094 0.04214285714285714
3 0.7093908629441624 0.31392857142857145 0.032994923857868015 0.03642857142857143
3 0.7779187817258882 0.19607142857142856 0.027918781725888322 0.030714285714285715
3 0.8527918781725887 0.17821428571428571 0.027918781725888322 0.030714285714285715
3 0.7620558375634517 0.07035714285714285 0.026649746192893398 0.02214285714285714
3 0.8140862944162436 0.5421428571428571 0.03680203045685279 0.03857142857142857
3 0.9041878172588832 0.006071428571428571 0.021573604060913704 0.013571428571428571
3 0.9397208121827411 0.42428571428571427 0.04187817258883248 0.04857142857142857
3 1.2696700507614211 0.14642857142857144 0.08248730964467005 0.018571428571428572
3 1.3521573604060912 0.14714285714285713 0.06979695431472081 0.017142857142857144
4 1.4270304568527918 0.1475 0.07233502538071065 0.019285714285714285
3 1.5076142131979695 0.14535714285714285 0.07868020304568528 0.020714285714285713
3 1.6218274111675126 0.12142857142857143 0.07106598984771573 0.017142857142857144
3 1.7214467005076142 0.12178571428571429 0.06472081218274112 0.013571428571428571
3 1.4549492385786802 0.13285714285714287 0.06725888324873096 0.018571428571428572
4 0.9505076142131978 0.055357142857142855 0.02284263959390863 0.029285714285714286
4 0.8711928934010151 0.048214285714285716 0.026649746192893398 0.03214285714285714
