3 0.9498730964467005 0.32357142857142857 0.031725888324873094 0.04
3 0.8845177664974618 0.21535714285714286 0.027918781725888322 0.03214285714285714
3 0.7620558375634517 0.12571428571428572 0.019035532994923856 0.018571428571428572
3 0.9162436548223349 0.07928571428571428 0.025380710659898477 0.02142857142857143
3 0.9003807106598984 0.04607142857142857 0.024111675126903553 0.019285714285714285
3 0.8642131979695431 0.04392857142857143 0.02284263959390863 0.019285714285714285
3 0.8667512690355329 0.025357142857142856 0.017766497461928932 0.015
3 0.8648477157360406 0.0075 0.024111675126903553 0.015
3 0.8197969543147208 0.0075 0.02030456852791878 0.015
4 0.8020304568527918 0.18178571428571427 0.027918781725888322 0.027857142857142858
4 0.9625634517766497 0.4092857142857143 0.04695431472081218 0.06
4 0.8762690355329948 0.4475 0.04441624365482233 0.060714285714285714
4 0.7119289340101522 0.3517857142857143 0.035532994923857864 0.04214285714285714
3 1.0507614213197969 0.5525 0.048223350253807105 0.017857142857142856
3 0.940989847715736 0.04071428571428572 0.019035532994923856 0.018571428571428572
3 0.5469543147208121 0.06821428571428571 0.055837563451776644 0.012142857142857143
8 1.4371827411167513 0.22178571428571428 0.20685279187817257 0.04071428571428572
