3 0.20939086294416243 0.4832142857142857 0.08883248730964466 0.07071428571428572
3 0.907994923857868 0.4625 0.09263959390862943 0.08642857142857142
3 1.255710659898477 0.21071428571428572 0.0748730964467005 0.05
3 0.9137055837563451 0.11642857142857142 0.053299492385786795 0.03428571428571429
3 0.15672588832487308 0.3171428571428571 0.09263959390862943 0.024285714285714285
3 0.6364213197969543 0.09642857142857143 0.05964467005076142 0.018571428571428572
3 0.4841370558375634 0.09607142857142857 0.031725888324873094 0.020714285714285713
1 0.5901015228426395 0.4421428571428571 0.02284263959390863 0.017142857142857144
1 0.5621827411167513 0.48857142857142855 0.015228426395939085 0.011428571428571429
1 0.5609137055837563 0.49642857142857144 0.025380710659898477 0.017142857142857144
1 0.5647208121827411 0.5064285714285715 0.03045685279187817 0.014285714285714285
9 0.6148477157360406 0.2332142857142857 0.013959390862944161 0.019285714285714285
8 0.12309644670050761 0.4032142857142857 0.22081218274111675 0.14785714285714285
4 0.48667512690355325 0.2067857142857143 0.04187817258883248 0.035
4 0.5710659898477157 0.18071428571428572 0.07614213197969542 0.022857142857142857
4 0.5786802030456852 0.1657142857142857 0.06852791878172589 0.02
4 0.5926395939086294 0.1442857142857143 0.06852791878172589 0.02
4 0.6053299492385786 0.13214285714285715 0.06852791878172589 0.017142857142857144
4 0.6154822335025381 0.12142857142857143 0.06852791878172589 0.015714285714285715
4 0.6782994923857868 0.0475 0.029187817258883246 0.017857142857142856
4 0.656725888324873 0.030357142857142857 0.031725888324873094 0.013571428571428571
4 0.5869289340101522 0.018571428571428572 0.031725888324873094 0.02
4 0.08883248730964466 0.07428571428571429 0.05837563451776649 0.027142857142857142
4 0.17703045685279187 0.040357142857142855 0.04695431472081218 0.019285714285714285
4 0.21256345177664973 0.025 0.04695431472081218 0.018571428571428572
4 0.24365482233502536 0.012857142857142857 0.04060913705583756 0.018571428571428572
