3 0.7838095238095238 0.6839285714285714 0.21714285714285714 0.11071428571428571
3 0.76 0.5903571428571428 0.2038095238095238 0.08642857142857142
3 0.7352380952380952 0.51 0.18666666666666668 0.08142857142857143
3 0.7028571428571428 0.43785714285714283 0.19238095238095237 0.07571428571428572
3 0.6823809523809524 0.3632142857142857 0.15142857142857144 0.07071428571428572
3 0.6552380952380953 0.3082142857142857 0.1676190476190476 0.08071428571428571
3 0.62 0.2575 0.1295238095238095 0.060714285714285714
3 0.570952380952381 0.06928571428571428 0.13238095238095238 0.05285714285714286
3 0.560952380952381 0.023214285714285715 0.13333333333333333 0.047857142857142855
3 1.2966666666666666 0.07107142857142858 0.07142857142857142 0.07214285714285715
3 0.6266666666666667 0.2092857142857143 0.1523809523809524 0.047142857142857146
3 0.6128571428571429 0.17107142857142857 0.1419047619047619 0.055
3 0.5880952380952381 0.12892857142857142 0.1380952380952381 0.062142857142857146
3 1.2852380952380953 0.5717857142857142 0.09428571428571429 0.1492857142857143
3 1.1033333333333333 0.18642857142857142 0.11523809523809524 0.10714285714285714
9 0.4185714285714286 0.4564285714285714 0.03142857142857143 0.05714285714285714
9 0.45904761904761904 0.5078571428571429 0.07238095238095238 0.032857142857142856
9 0.4138095238095238 0.14892857142857144 0.04666666666666667 0.029285714285714286
9 0.3904761904761905 0.1707142857142857 0.045714285714285714 0.03142857142857143
9 0.40190476190476193 0.15785714285714286 0.03619047619047619 0.024285714285714285
9 0.3819047619047619 0.20714285714285716 0.02095238095238095 0.037142857142857144
3 0.9571428571428572 0.1275 0.10095238095238095 0.08642857142857142
1 1.2042857142857142 0.04607142857142857 0.021904761904761906 0.030714285714285715
