1 0.23904761904761904 0.7 0.007619047619047619 0.004285714285714286
1 0.26761904761904765 0.6975 0.005714285714285714 0.005
2 0.24095238095238095 0.6985714285714286 0.011428571428571429 0.002857142857142857
2 0.26904761904761904 0.6971428571428572 0.008571428571428572 0.002857142857142857
9 0.5571428571428572 0.6010714285714286 0.015238095238095238 0.005
3 0.62 0.5067857142857143 0.017142857142857144 0.030714285714285715
3 0.6390476190476191 0.5067857142857143 0.017142857142857144 0.027857142857142858
3 0.6538095238095238 0.4546428571428571 0.018095238095238095 0.027857142857142858
3 0.11142857142857143 0.31642857142857145 0.03238095238095238 0.012857142857142857
3 0.24285714285714285 0.2789285714285714 0.03238095238095238 0.012142857142857143
3 0.2757142857142857 0.29714285714285715 0.03333333333333333 0.011428571428571429
3 0.05476190476190476 0.004642857142857143 0.02761904761904762 0.009285714285714286
3 0.11714285714285715 0.12464285714285714 0.02857142857142857 0.010714285714285714
3 0.06476190476190476 0.12857142857142856 0.03238095238095238 0.011428571428571429
3 0.060476190476190475 0.13785714285714284 0.03333333333333333 0.01
3 0.05476190476190476 0.14821428571428572 0.035238095238095235 0.010714285714285714
3 0.047142857142857146 0.15678571428571428 0.03142857142857143 0.010714285714285714
3 0.04285714285714286 0.16607142857142856 0.03428571428571429 0.010714285714285714
9 0.08428571428571428 0.10678571428571429 0.012380952380952381 0.009285714285714286
3 0.20952380952380953 0.20964285714285713 0.030476190476190476 0.007857142857142858
4 0.09761904761904762 0.18928571428571428 0.03142857142857143 0.01
3 0.20333333333333334 0.21857142857142858 0.03333333333333333 0.01
3 0.20047619047619047 0.22857142857142856 0.03142857142857143 0.008571428571428572
3 0.22047619047619046 0.2317857142857143 0.018095238095238095 0.013571428571428571
3 0.25666666666666665 0.21821428571428572 0.023809523809523808 0.009285714285714286
3 0.25476190476190474 0.2292857142857143 0.025714285714285714 0.008571428571428572
5 0.31238095238095237 0.2785714285714286 0.030476190476190476 0.011428571428571429
3 0.3514285714285714 0.28 0.03238095238095238 0.011428571428571429
3 0.39 0.2814285714285714 0.029523809523809525 0.011428571428571429
3 0.42666666666666664 0.28214285714285714 0.030476190476190476 0.011428571428571429
3 0.4642857142857143 0.28285714285714286 0.029523809523809525 0.01
5 0.5033333333333333 0.2807142857142857 0.040952380952380955 0.017142857142857144
3 0.5423809523809524 0.2832142857142857 0.023809523809523808 0.010714285714285714
1 0.3933333333333333 0.2960714285714286 0.0038095238095238095 0.0035714285714285713
9 0.3933333333333333 0.29642857142857143 0.011428571428571429 0.004285714285714286
3 0.5619047619047619 0.015714285714285715 0.02095238095238095 0.01
3 0.5614285714285714 0.045714285714285714 0.021904761904761906 0.008571428571428572
4 0.5552380952380952 0.07428571428571429 0.02095238095238095 0.008571428571428572
3 0.5542857142857143 0.1 0.02857142857142857 0.01
3 0.5523809523809524 0.13107142857142856 0.022857142857142857 0.007857142857142858
3 0.5480952380952381 0.1475 0.025714285714285714 0.009285714285714286
3 0.5457142857142857 0.18142857142857144 0.030476190476190476 0.01
3 0.5404761904761904 0.20107142857142857 0.02761904761904762 0.010714285714285714
9 0.5433333333333333 0.22392857142857142 0.008571428571428572 0.007857142857142858
4 0.5161904761904762 0.22714285714285715 0.015238095238095238 0.02
3 0.48523809523809525 0.23607142857142857 0.010476190476190476 0.015
3 0.4533333333333333 0.20714285714285716 0.01904761904761905 0.018571428571428572
9 0.5419047619047619 0.20892857142857144 0.013333333333333332 0.0064285714285714285
3 0.580952380952381 0.28464285714285714 0.03238095238095238 0.010714285714285714
3 0.6180952380952381 0.28535714285714286 0.02857142857142857 0.012142857142857143
3 0.6528571428571428 0.2864285714285714 0.03142857142857143 0.011428571428571429
3 0.6957142857142857 0.28714285714285714 0.03142857142857143 0.011428571428571429
3 0.6738095238095239 0.32357142857142857 0.03142857142857143 0.012857142857142857
3 0.7347619047619047 0.2885714285714286 0.03333333333333333 0.011428571428571429
3 0.7538095238095238 0.2342857142857143 0.012380952380952381 0.018571428571428572
3 0.689047619047619 0.14 0.014285714285714285 0.02
3 0.6723809523809524 0.1407142857142857 0.011428571428571429 0.018571428571428572
3 0.7638095238095238 0.013928571428571429 0.024761904761904763 0.013571428571428571
3 0.7828571428571428 0.0775 0.02857142857142857 0.010714285714285714
3 0.7685714285714286 0.09285714285714286 0.026666666666666665 0.011428571428571429
3 0.7695238095238095 0.11857142857142858 0.026666666666666665 0.011428571428571429
3 0.7723809523809524 0.14107142857142857 0.026666666666666665 0.009285714285714286
3 0.7738095238095238 0.15142857142857144 0.025714285714285714 0.01
3 0.7747619047619048 0.17035714285714285 0.029523809523809525 0.009285714285714286
3 0.7733333333333333 0.18071428571428572 0.02857142857142857 0.008571428571428572
3 0.7795238095238095 0.19 0.029523809523809525 0.008571428571428572
3 0.7771428571428571 0.19857142857142857 0.030476190476190476 0.01
9 0.768095238095238 0.10392857142857143 0.010476190476190476 0.0064285714285714285
9 0.7780952380952381 0.11142857142857143 0.011428571428571429 0.004285714285714286
3 0.9180952380952381 0.012857142857142857 0.024761904761904763 0.01
3 0.940952380952381 0.032857142857142856 0.013333333333333332 0.017142857142857144
3 0.979047619047619 0.08178571428571428 0.03238095238095238 0.010714285714285714
3 0.9857142857142858 0.10142857142857142 0.026666666666666665 0.011428571428571429
3 0.9976190476190476 0.13142857142857142 0.029523809523809525 0.01
4 1.0 0.14 0.02857142857142857 0.011428571428571429
3 1.0038095238095237 0.18714285714285714 0.02857142857142857 0.015714285714285715
3 1.0047619047619047 0.1775 0.02857142857142857 0.017857142857142856
3 1.0138095238095237 0.2382142857142857 0.02 0.02214285714285714
3 0.7776190476190477 0.2892857142857143 0.029523809523809525 0.011428571428571429
3 0.819047619047619 0.2892857142857143 0.03238095238095238 0.011428571428571429
3 0.8542857142857143 0.2892857142857143 0.03238095238095238 0.012857142857142857
3 0.8938095238095238 0.2914285714285714 0.03142857142857143 0.01
3 0.9333333333333333 0.29214285714285715 0.03238095238095238 0.011428571428571429
4 0.9704761904761905 0.2914285714285714 0.030476190476190476 0.011428571428571429
3 1.01 0.2925 0.035238095238095235 0.012142857142857143
3 1.0480952380952382 0.2932142857142857 0.03142857142857143 0.010714285714285714
3 1.0866666666666667 0.29428571428571426 0.03619047619047619 0.012857142857142857
3 1.1228571428571428 0.2953571428571429 0.03428571428571429 0.012142857142857143
4 1.1628571428571428 0.2953571428571429 0.0380952380952381 0.013571428571428571
3 1.2042857142857142 0.29678571428571426 0.03142857142857143 0.012142857142857143
3 1.247142857142857 0.2975 0.035238095238095235 0.012142857142857143
3 1.2214285714285715 0.335 0.03333333333333333 0.011428571428571429
3 1.2866666666666666 0.2978571428571429 0.03619047619047619 0.012857142857142857
3 1.319047619047619 0.2985714285714286 0.026666666666666665 0.011428571428571429
3 1.2233333333333334 0.20964285714285713 0.03333333333333333 0.010714285714285714
3 1.2114285714285715 0.18107142857142858 0.03238095238095238 0.009285714285714286
3 1.2042857142857142 0.17142857142857143 0.03142857142857143 0.011428571428571429
3 1.1952380952380952 0.15071428571428572 0.026666666666666665 0.015714285714285715
3 1.1923809523809523 0.1367857142857143 0.026666666666666665 0.009285714285714286
3 1.19 0.12821428571428573 0.023809523809523808 0.009285714285714286
3 1.1852380952380952 0.11964285714285715 0.025714285714285714 0.009285714285714286
3 1.168095238095238 0.08607142857142858 0.023809523809523808 0.009285714285714286
4 1.1657142857142857 0.07642857142857143 0.02095238095238095 0.008571428571428572
3 1.1538095238095238 0.05714285714285714 0.02761904761904762 0.011428571428571429
3 1.1466666666666667 0.03428571428571429 0.024761904761904763 0.01
3 1.1357142857142857 0.006071428571428571 0.021904761904761906 0.010714285714285714
9 1.2304761904761905 0.16607142857142856 0.007619047619047619 0.0064285714285714285
3 0.7828571428571428 0.5975 0.0380952380952381 0.013571428571428571
3 0.7119047619047619 0.4525 0.01619047619047619 0.027857142857142858
3 0.7371428571428571 0.4546428571428571 0.017142857142857144 0.027857142857142858
4 0.7566666666666667 0.4539285714285714 0.023809523809523808 0.030714285714285715
3 0.7776190476190477 0.45321428571428574 0.01619047619047619 0.023571428571428573
3 0.8 0.45285714285714285 0.017142857142857144 0.024285714285714285
3 0.7023809523809523 0.5107142857142857 0.01619047619047619 0.02857142857142857
3 0.7519047619047619 0.5107142857142857 0.01619047619047619 0.027142857142857142
3 0.8733333333333333 0.5160714285714286 0.01904761904761905 0.02642857142857143
3 0.9033333333333333 0.4542857142857143 0.01619047619047619 0.02857142857142857
3 0.9295238095238095 0.4564285714285714 0.01904761904761905 0.025714285714285714
3 0.9019047619047619 0.5175 0.01904761904761905 0.027857142857142858
3 0.9247619047619048 0.5192857142857142 0.015238095238095238 0.025714285714285714
3 1.11 0.46035714285714285 0.021904761904761906 0.027857142857142858
3 1.131904761904762 0.4632142857142857 0.02 0.027857142857142858
3 1.1514285714285715 0.4632142857142857 0.01904761904761905 0.027857142857142858
3 1.1928571428571428 0.46285714285714286 0.02 0.027142857142857142
3 1.2147619047619047 0.4632142857142857 0.023809523809523808 0.029285714285714286
3 1.0942857142857143 0.5196428571428572 0.024761904761904763 0.029285714285714286
3 1.1161904761904762 0.5217857142857143 0.02095238095238095 0.02214285714285714
3 1.140952380952381 0.5196428571428572 0.022857142857142857 0.030714285714285715
3 1.1657142857142857 0.5203571428571429 0.026666666666666665 0.030714285714285715
3 1.2014285714285715 0.5203571428571429 0.025714285714285714 0.029285714285714286
3 1.2261904761904763 0.5207142857142857 0.02761904761904762 0.03142857142857143
3 1.2533333333333334 0.5228571428571429 0.024761904761904763 0.02857142857142857
3 1.2914285714285714 0.5232142857142857 0.026666666666666665 0.029285714285714286
3 1.31 0.5092857142857142 0.03333333333333333 0.02857142857142857
3 1.3004761904761906 0.4639285714285714 0.025714285714285714 0.023571428571428573
3 1.2190476190476192 0.4017857142857143 0.022857142857142857 0.02642857142857143
