4 0.7873333333333333 0.0135 0.025333333333333333 0.025
3 0.8006666666666666 0.03225 0.03333333333333333 0.0225
4 0.9189999999999999 0.165 0.06733333333333333 0.054
4 0.991 0.25875 0.07666666666666666 0.0735
3 1.0416666666666667 0.3355 0.08466666666666667 0.075
8 1.2203333333333333 0.58225 0.22466666666666665 0.3315
3 0.7793333333333333 0.2165 0.044 0.046
3 0.7396666666666667 0.29175 0.046 0.0525
3 0.35 0.187 0.050666666666666665 0.046
3 0.3213333333333333 0.2525 0.05466666666666666 0.058
3 0.2383333333333333 0.3625 0.08066666666666666 0.075
4 0.17433333333333334 0.45525 0.12066666666666666 0.11850000000000001
