4 0.9175126903553299 0.022857142857142857 0.04060913705583756 0.017142857142857144
5 0.7595177664974618 0.06535714285714286 0.08756345177664974 0.030714285714285715
5 0.8369289340101522 0.24357142857142858 0.09517766497461928 0.06285714285714286
3 0.8045685279187816 0.3025 0.04568527918781726 0.027857142857142858
3 0.7741116751269035 0.3925 0.050761421319796954 0.03357142857142857
5 0.5501269035532994 0.43357142857142855 0.10532994923857868 0.07
5 0.5228426395939086 0.4860714285714286 0.12690355329949238 0.07071428571428572
4 0.6732233502538071 0.4432142857142857 0.05456852791878172 0.03785714285714286
3 1.522208121827411 0.09357142857142857 0.024111675126903553 0.022857142857142857
3 1.522208121827411 0.16964285714285715 0.024111675126903553 0.025
5 1.49746192893401 0.255 0.032994923857868015 0.041428571428571426
4 1.2531725888324872 0.031071428571428573 0.03426395939086294 0.020714285714285713
3 1.2005076142131978 0.105 0.03045685279187817 0.02142857142857143
3 1.0253807106598984 0.19214285714285714 0.04060913705583756 0.024285714285714285
8 1.116751269035533 0.08821428571428572 0.053299492385786795 0.035
3 0.9530456852791878 0.2032142857142857 0.04314720812182741 0.025
9 0.9143401015228426 0.4585714285714286 0.006345177664974619 0.007142857142857143
