3 0.23350253807106597 0.3510714285714286 0.11167512690355329 0.06928571428571428
3 0.03743654822335025 0.4075 0.07741116751269035 0.039285714285714285
3 1.1275380710659897 0.5296428571428572 0.08502538071065989 0.06357142857142857
3 1.5107868020304567 0.5485714285714286 0.12309644670050761 0.025714285714285714
3 1.7544416243654821 0.5342857142857143 0.04187817258883248 0.047142857142857146
3 1.7525380710659897 0.49 0.04568527918781726 0.04
3 1.541243654822335 0.455 0.1383248730964467 0.05857142857142857
3 1.2442893401015227 0.3435714285714286 0.06472081218274112 0.06428571428571428
3 1.2931472081218274 0.15214285714285714 0.053299492385786795 0.04857142857142857
3 1.4073604060913705 0.15857142857142856 0.07106598984771573 0.06142857142857143
8 0.9949238578680202 0.2907142857142857 0.11675126903553298 0.10142857142857142
8 1.1383248730964466 0.3717857142857143 0.15736040609137056 0.16214285714285714
3 0.7798223350253807 0.5128571428571429 0.0748730964467005 0.08142857142857143
3 0.715736040609137 0.5189285714285714 0.06091370558375634 0.06642857142857143
3 0.6478426395939085 0.5267857142857143 0.0748730964467005 0.06928571428571428
3 0.574238578680203 0.5357142857142857 0.06472081218274112 0.05142857142857143
3 0.5063451776649746 0.5317857142857143 0.09390862944162436 0.05928571428571429
3 0.6110406091370558 0.21107142857142858 0.08756345177664974 0.052142857142857144
3 0.8350253807106598 0.16642857142857143 0.050761421319796954 0.037142857142857144
3 0.9200507614213197 0.15107142857142858 0.06852791878172589 0.039285714285714285
5 1.6294416243654821 0.27 0.17258883248730963 0.07428571428571429
5 1.6408629441624365 0.2082142857142857 0.1878172588832487 0.06785714285714285
5 1.6453045685279186 0.1825 0.18654822335025378 0.06785714285714285
5 1.6370558375634516 0.14607142857142857 0.13197969543147206 0.045
5 1.6326142131979695 0.12678571428571428 0.13071065989847716 0.055
5 1.6395939086294415 0.10678571428571429 0.13197969543147206 0.05785714285714286
5 1.657994923857868 0.08535714285714285 0.1484771573604061 0.06357142857142857
3 0.3648477157360406 0.11535714285714285 0.08756345177664974 0.02642857142857143
4 0.5190355329949238 0.09464285714285714 0.10659898477157359 0.03785714285714286
3 0.23350253807106597 0.09785714285714285 0.10152284263959391 0.027142857142857142
3 0.21319796954314718 0.13714285714285715 0.11421319796954314 0.032857142857142856
3 0.06345177664974619 0.16214285714285714 0.10913705583756345 0.04
