3 0.8236040609137055 0.22892857142857143 0.02030456852791878 0.017857142857142856
3 0.7753807106598984 0.3439285714285714 0.027918781725888322 0.02642857142857143
3 0.7290609137055837 0.31785714285714284 0.029187817258883246 0.018571428571428572
3 0.8236040609137055 0.35642857142857143 0.03045685279187817 0.027142857142857142
3 0.7633248730964466 0.4025 0.031725888324873094 0.029285714285714286
3 0.8343908629441624 0.1475 0.016497461928934008 0.013571428571428571
3 0.7544416243654821 0.11892857142857143 0.013959390862944161 0.009285714285714286
3 0.7804568527918782 0.10857142857142857 0.012690355329949238 0.008571428571428572
3 0.7519035532994923 0.09714285714285714 0.013959390862944161 0.01
3 0.8439086294416243 0.12535714285714286 0.015228426395939085 0.010714285714285714
3 0.7455583756345177 0.14535714285714285 0.016497461928934008 0.010714285714285714
8 0.7284263959390862 0.19678571428571429 0.02284263959390863 0.025
8 0.6928934010152283 0.2892857142857143 0.053299492385786795 0.06571428571428571
8 0.8305837563451776 0.2835714285714286 0.026649746192893398 0.03428571428571429
4 0.6643401015228426 0.3628571428571429 0.03934010152284264 0.03
4 0.6072335025380711 0.4925 0.08502538071065989 0.030714285714285715
3 1.4885786802030456 0.3607142857142857 0.032994923857868015 0.02
