4 0.09047619047619047 0.5942857142857143 0.13333333333333333 0.11
3 0.18761904761904763 0.5492857142857143 0.13142857142857142 0.09142857142857143
3 0.28476190476190477 0.52 0.10285714285714286 0.07857142857142857
3 0.36904761904761907 0.5028571428571429 0.10380952380952381 0.06
4 0.48238095238095235 0.45571428571428574 0.09619047619047619 0.05857142857142857
3 0.430952380952381 0.4785714285714286 0.10952380952380952 0.05714285714285714
3 0.5338095238095238 0.44142857142857145 0.10380952380952381 0.045714285714285714
4 0.5033333333333333 0.4 0.07904761904761905 0.03857142857142857
3 0.4523809523809524 0.4160714285714286 0.08571428571428572 0.035
3 0.4014285714285714 0.43285714285714283 0.08285714285714285 0.03857142857142857
3 0.3466666666666667 0.44892857142857145 0.09142857142857143 0.04214285714285714
3 0.28714285714285714 0.46714285714285714 0.09238095238095238 0.047142857142857146
3 0.21285714285714286 0.48857142857142855 0.08095238095238096 0.04857142857142857
3 0.1295238095238095 0.5085714285714286 0.09333333333333334 0.05142857142857143
3 0.04904761904761905 0.5414285714285715 0.0980952380952381 0.05857142857142857
3 0.03857142857142857 0.42714285714285716 0.07714285714285714 0.05
3 0.11666666666666667 0.4164285714285714 0.06761904761904762 0.04285714285714286
3 0.1823809523809524 0.4039285714285714 0.07333333333333333 0.04214285714285714
3 0.23904761904761904 0.39 0.07428571428571429 0.03857142857142857
3 0.2914285714285714 0.3775 0.07428571428571429 0.04071428571428572
3 0.33666666666666667 0.36857142857142855 0.06952380952380953 0.032857142857142856
3 0.5428571428571428 0.35714285714285715 0.08 0.03
3 0.6295238095238095 0.37 0.07428571428571429 0.03
3 0.5114285714285715 0.2932142857142857 0.05333333333333333 0.017857142857142856
4 0.6504761904761904 0.3167857142857143 0.07047619047619047 0.03357142857142857
3 0.6928571428571428 0.31285714285714283 0.054285714285714284 0.022857142857142857
3 0.7214285714285714 0.3028571428571429 0.058095238095238096 0.025714285714285714
3 0.7880952380952381 0.2885714285714286 0.04666666666666667 0.02
4 0.800952380952381 0.3817857142857143 0.08190476190476191 0.035
4 0.7647619047619048 0.33 0.05904761904761905 0.03
3 0.7252380952380952 0.24964285714285714 0.039047619047619046 0.016428571428571428
3 0.7595238095238095 0.2571428571428571 0.03142857142857143 0.012857142857142857
3 0.7876190476190477 0.26071428571428573 0.03619047619047619 0.014285714285714285
9 0.7309523809523809 0.37607142857142856 0.035238095238095235 0.020714285714285713
3 0.8142857142857143 0.7296428571428571 0.1980952380952381 0.039285714285714285
3 0.7690476190476191 0.685 0.20666666666666667 0.07857142857142857
3 0.7619047619047619 0.6210714285714286 0.18476190476190477 0.06785714285714285
3 0.7457142857142857 0.5764285714285714 0.1580952380952381 0.05714285714285714
3 0.73 0.5342857142857143 0.14952380952380953 0.05142857142857143
3 0.7223809523809523 0.49714285714285716 0.12476190476190477 0.04428571428571428
3 0.7457142857142857 0.47464285714285714 0.12761904761904763 0.04071428571428572
3 0.799047619047619 0.455 0.11238095238095239 0.045714285714285714
2 0.8314285714285714 0.5139285714285714 0.01904761904761905 0.03214285714285714
