4 0.9369202226345084 0.39848643006263046 0.07792207792207792 0.02766179540709812
4 0.6423933209647495 0.2771398747390396 0.06029684601113173 0.021920668058455113
3 0.687847866419295 0.2894050104384133 0.06771799628942486 0.019311064718162838
3 1.7064007421150278 0.13308977035490605 0.043599257884972174 0.012526096033402922
3 1.6410018552875696 0.16049060542797494 0.04823747680890538 0.014091858037578286
3 1.320964749536178 0.31080375782881 0.07421150278293136 0.020354906054279746
3 1.301948051948052 0.29984342379958245 0.06771799628942486 0.01826722338204593
4 1.2379406307977736 0.26565762004175364 0.05844155844155844 0.01774530271398747
9 1.2064007421150278 0.29331941544885176 0.012059369202226345 0.008350730688935281
3 1.1929499072356216 0.2445198329853862 0.061224489795918366 0.015135699373695197
3 1.179035250463822 0.2369519832985386 0.06307977736549165 0.016701461377870562
4 1.1586270871985158 0.22703549060542796 0.05009276437847866 0.01774530271398747
3 1.1535250463821893 0.21268267223382042 0.05844155844155844 0.012004175365344467
4 1.1368274582560296 0.2038100208768267 0.049165120593692026 0.014091858037578286
4 1.1196660482374767 0.197286012526096 0.04823747680890538 0.011482254697286011
4 1.1048237476808906 0.1894572025052192 0.04823747680890538 0.012526096033402922
6 1.2342300556586272 0.19963465553235907 0.02319109461966605 0.015135699373695197
5 1.2258812615955472 0.15501043841336115 0.05102040816326531 0.028183716075156573
3 1.1062152133580705 0.16231732776617952 0.030612244897959183 0.013569937369519832
3 0.7444341372912802 0.13961377870563674 0.030612244897959183 0.012004175365344467
3 1.019016697588126 0.14639874739039666 0.043599257884972174 0.010960334029227557
4 1.0088126159554731 0.1375260960334029 0.03803339517625232 0.010960334029227557
4 0.9833024118738405 0.1270876826722338 0.04267161410018553 0.010960334029227557
4 0.9573283858998145 0.11325678496868474 0.03153988868274583 0.008350730688935281
3 1.1303339517625233 0.10412317327766178 0.02504638218923933 0.008872651356993735
3 1.1080705009276437 0.09681628392484341 0.02504638218923933 0.008872651356993735
3 1.0858070500927643 0.08846555323590813 0.02319109461966605 0.007828810020876827
3 1.0667903525046383 0.0824634655532359 0.020408163265306124 0.0073068893528183704
3 1.050556586270872 0.07646137787056366 0.02319109461966605 0.006784968684759916
3 0.950834879406308 0.10751565762004174 0.03710575139146568 0.008350730688935281
4 0.8733766233766234 0.08089770354906053 0.026901669758812616 0.008350730688935281
3 0.9410946196660482 0.07098121085594988 0.026901669758812616 0.009394572025052192
3 0.9053803339517625 0.05167014613778705 0.02411873840445269 0.006263048016701461
3 0.8608534322820037 0.052192066805845504 0.029684601113172542 0.0073068893528183704
3 1.0435992578849722 0.05140918580375782 0.027829313543599257 0.0057411273486430055
3 1.0667903525046383 0.04906054279749478 0.027829313543599257 0.005219206680584551
8 1.1145640074211502 0.07985386221294362 0.043599257884972174 0.020876826722338204
8 1.077922077922078 0.06941544885177452 0.04452690166975881 0.019832985386221292
9 1.3014842300556586 0.11951983298538621 0.00927643784786642 0.006263048016701461
8 1.1238404452690167 0.04410229645093945 0.06215213358070501 0.013048016701461376
1 0.9893320964749537 0.09838204592901878 0.00463821892393321 0.004697286012526096
9 0.9893320964749537 0.1004697286012526 0.010204081632653062 0.006784968684759916
1 1.0324675324675325 0.04044885177453027 0.0037105751391465678 0.0036534446764091852
9 1.0310760667903525 0.042014613778705634 0.010204081632653062 0.0036534446764091852
3 0.9012059369202227 0.0360125260960334 0.013914656771799629 0.006263048016701461
3 0.916048237476809 0.03470772442588726 0.015769944341372914 0.0057411273486430055
3 0.8905380333951762 0.032359081419624215 0.014842300556586271 0.0073068893528183704
3 0.9039888682745826 0.03079331941544885 0.015769944341372914 0.006263048016701461
3 0.9197588126159555 0.03053235908141962 0.015769944341372914 0.0057411273486430055
3 0.8687384044526901 0.022703549060542796 0.013914656771799629 0.0057411273486430055
3 0.8548237476808905 0.011743215031315238 0.012059369202226345 0.0057411273486430055
