3 0.6199238578680203 0.023214285714285715 0.04187817258883248 0.030714285714285715
3 0.2728426395939086 0.4471428571428571 0.07868020304568528 0.05142857142857143
3 1.1421319796954315 0.5382142857142858 0.06091370558375634 0.04642857142857143
3 1.1104060913705582 0.45714285714285713 0.048223350253807105 0.04285714285714286
4 1.2201776649746192 0.43464285714285716 0.05456852791878172 0.04928571428571429
9 1.381979695431472 0.5092857142857142 0.025380710659898477 0.02
9 1.4022842639593907 0.4992857142857143 0.03045685279187817 0.017142857142857144
4 1.4511421319796953 0.4664285714285714 0.05964467005076142 0.055714285714285716
4 1.5190355329949237 0.4075 0.055837563451776644 0.04357142857142857
4 1.5501269035532994 0.3757142857142857 0.06218274111675126 0.05142857142857143
4 1.5736040609137054 0.3439285714285714 0.05837563451776649 0.047857142857142855
4 1.6059644670050761 0.32 0.06218274111675126 0.045714285714285714
3 1.4815989847715736 0.43285714285714283 0.05456852791878172 0.04857142857142857
5 1.6186548223350252 0.5067857142857143 0.14593908629441624 0.09642857142857143
5 1.7157360406091369 0.39107142857142857 0.11928934010152284 0.10071428571428571
4 1.7576142131979695 0.24892857142857142 0.035532994923857864 0.03642857142857143
4 1.7252538071065988 0.2332142857142857 0.06472081218274112 0.039285714285714285
3 1.680203045685279 0.0425 0.05837563451776649 0.03357142857142857
3 1.5545685279187815 0.08214285714285714 0.053299492385786795 0.03428571428571429
4 1.424492385786802 0.03214285714285714 0.04441624365482233 0.03571428571428571
9 1.4035532994923856 0.1732142857142857 0.02030456852791878 0.016428571428571428
1 1.404187817258883 0.17035714285714285 0.016497461928934008 0.009285714285714286
8 1.4593908629441623 0.2257142857142857 0.149746192893401 0.10857142857142857
4 1.3217005076142132 0.34464285714285714 0.06472081218274112 0.04357142857142857
4 1.1751269035532994 0.33714285714285713 0.055837563451776644 0.047142857142857146
9 1.056472081218274 0.3003571428571429 0.019035532994923856 0.019285714285714285
1 1.056472081218274 0.2982142857142857 0.013959390862944161 0.012142857142857143
8 0.9758883248730964 0.3335714285714286 0.06852791878172589 0.06142857142857143
5 1.0786802030456852 0.019642857142857142 0.048223350253807105 0.04071428571428572
4 1.2519035532994922 0.01 0.03426395939086294 0.02142857142857143
4 0.9758883248730964 0.15107142857142858 0.03807106598984771 0.035
4 1.2848984771573604 0.17535714285714285 0.04187817258883248 0.03357142857142857
3 1.197969543147208 0.1692857142857143 0.048223350253807105 0.037142857142857144
3 1.2379441624365481 0.24035714285714285 0.049492385786802026 0.04071428571428572
3 1.2772842639593907 0.2953571428571429 0.05964467005076142 0.04357142857142857
