3 0.7620558375634517 0.3339285714285714 0.026649746192893398 0.020714285714285713
3 0.8959390862944162 0.345 0.02284263959390863 0.02142857142857143
3 0.7893401015228426 0.26071428571428573 0.017766497461928932 0.014285714285714285
3 0.8280456852791878 0.24785714285714286 0.016497461928934008 0.011428571428571429
3 0.8401015228426395 0.21142857142857144 0.017766497461928932 0.011428571428571429
3 0.8502538071065989 0.19107142857142856 0.012690355329949238 0.009285714285714286
3 0.8432741116751269 0.165 0.013959390862944161 0.01
3 0.8261421319796953 0.14642857142857144 0.015228426395939085 0.01
3 0.8724619289340101 0.13 0.011421319796954314 0.008571428571428572
3 0.9029187817258882 0.13428571428571429 0.013959390862944161 0.011428571428571429
3 0.9238578680203045 0.14392857142857143 0.012690355329949238 0.010714285714285714
3 0.857233502538071 0.10285714285714286 0.011421319796954314 0.008571428571428572
3 0.9022842639593908 0.10285714285714286 0.012690355329949238 0.008571428571428572
3 0.8654822335025381 0.0625 0.01015228426395939 0.0064285714285714285
3 0.9060913705583755 0.04857142857142857 0.01015228426395939 0.007142857142857143
3 0.8699238578680203 0.04214285714285714 0.008883248730964466 0.005714285714285714
3 0.857233502538071 0.035 0.008883248730964466 0.005714285714285714
3 0.8800761421319796 0.030714285714285715 0.008883248730964466 0.005714285714285714
3 0.9054568527918782 0.03214285714285714 0.008883248730964466 0.007142857142857143
3 0.9168781725888324 0.008928571428571428 0.008883248730964466 0.005
3 0.8610406091370558 0.011785714285714287 0.006345177664974619 0.005
3 0.8876903553299492 0.0007142857142857143 0.008883248730964466 0.002857142857142857
3 0.9194162436548222 0.03464285714285714 0.008883248730964466 0.009285714285714286
3 0.8115482233502538 0.18214285714285713 0.013959390862944161 0.01
3 0.9511421319796953 0.22142857142857142 0.013959390862944161 0.017142857142857144
4 0.890228426395939 0.53 0.031725888324873094 0.04285714285714286
4 0.8090101522842639 0.30214285714285716 0.021573604060913704 0.014285714285714285
4 0.857233502538071 0.265 0.026649746192893398 0.017142857142857144
4 0.8991116751269035 0.20035714285714284 0.016497461928934008 0.016428571428571428
4 0.9340101522842639 0.11785714285714285 0.012690355329949238 0.011428571428571429
4 0.83248730964467 0.1175 0.012690355329949238 0.009285714285714286
4 0.840736040609137 0.09678571428571428 0.011421319796954314 0.007857142857142858
4 0.8807106598984771 0.05178571428571429 0.0076142131979695426 0.007857142857142858
4 0.9181472081218274 0.0175 0.008883248730964466 0.0064285714285714285
4 0.8654822335025381 0.006071428571428571 0.0076142131979695426 0.005
8 0.9282994923857867 0.2671428571428571 0.021573604060913704 0.03142857142857143
