3 0.840952380952381 0.3585714285714286 0.05333333333333333 0.015714285714285715
3 0.92 0.36392857142857143 0.06285714285714286 0.016428571428571428
3 0.9266666666666666 0.33714285714285713 0.022857142857142857 0.014285714285714285
3 0.8847619047619047 0.33214285714285713 0.017142857142857144 0.014285714285714285
3 0.9228571428571428 0.3292857142857143 0.02095238095238095 0.01
3 0.9185714285714286 0.32285714285714284 0.018095238095238095 0.01
3 0.9171428571428571 0.3182142857142857 0.017142857142857144 0.009285714285714286
3 0.9180952380952381 0.39785714285714285 0.04 0.02
3 0.9257142857142857 0.41035714285714286 0.03619047619047619 0.02214285714285714
3 0.93 0.43 0.040952380952380955 0.032857142857142856
4 0.9 0.49714285714285716 0.05523809523809524 0.05857142857142857
3 0.7747619047619048 0.6982142857142857 0.1380952380952381 0.10214285714285715
3 1.2985714285714285 0.6014285714285714 0.06761904761904762 0.06857142857142857
3 1.190952380952381 0.45107142857142857 0.06 0.03642857142857143
3 1.130952380952381 0.3967857142857143 0.04476190476190476 0.02214285714285714
3 1.0838095238095238 0.3585714285714286 0.030476190476190476 0.017142857142857144
4 1.0714285714285714 0.3467857142857143 0.024761904761904763 0.019285714285714285
3 1.052857142857143 0.3417857142857143 0.025714285714285714 0.015
