6 0.05238095238095238 0.6157142857142857 0.047619047619047616 0.06428571428571428
4 0.9447619047619048 0.71 0.06857142857142857 0.07857142857142857
4 0.9142857142857143 0.6228571428571429 0.07047619047619047 0.08142857142857143
3 0.910952380952381 0.5385714285714286 0.06190476190476191 0.07857142857142857
4 1.0104761904761905 0.5532142857142857 0.10857142857142857 0.04357142857142857
3 0.9904761904761905 0.5125 0.10857142857142857 0.03785714285714286
3 0.8495238095238096 0.4132142857142857 0.06666666666666667 0.06642857142857143
3 0.9638095238095238 0.43535714285714283 0.09523809523809523 0.03642857142857143
4 1.1752380952380952 0.5275 0.07047619047619047 0.085
3 1.1557142857142857 0.45035714285714284 0.06 0.065
3 0.9295238095238095 0.37357142857142855 0.10095238095238095 0.037142857142857144
3 0.9152380952380952 0.33714285714285713 0.09904761904761905 0.03571428571428571
3 0.6661904761904762 0.24035714285714285 0.054285714285714284 0.05785714285714286
3 0.7814285714285715 0.2775 0.05238095238095238 0.05928571428571429
3 0.7528571428571429 0.2257142857142857 0.054285714285714284 0.05285714285714286
3 0.73 0.17607142857142857 0.05238095238095238 0.045
3 0.580952380952381 0.09142857142857143 0.045714285714285714 0.04428571428571428
5 1.0276190476190477 0.08178571428571428 0.04380952380952381 0.052142857142857144
3 1.0142857142857142 0.05142857142857143 0.04380952380952381 0.04285714285714286
3 1.0233333333333334 0.018571428571428572 0.06380952380952382 0.03857142857142857
6 0.060476190476190475 0.19892857142857143 0.029523809523809525 0.03357142857142857
3 0.02619047619047619 0.010357142857142856 0.054285714285714284 0.02214285714285714
