9 0.025714285714285714 0.6346428571428572 0.05333333333333333 0.060714285714285714
3 0.17952380952380953 0.7085714285714285 0.13238095238095238 0.07857142857142857
3 1.2523809523809524 0.6942857142857143 0.15619047619047619 0.11
5 0.7223809523809523 0.5557142857142857 0.1019047619047619 0.1757142857142857
2 0.11952380952380952 0.31035714285714283 0.06380952380952382 0.02642857142857143
4 0.3171428571428571 0.39035714285714285 0.09904761904761905 0.09071428571428572
3 0.5723809523809524 0.3275 0.14857142857142858 0.07214285714285715
2 0.9657142857142857 0.4253571428571429 0.024761904761904763 0.04357142857142857
1 0.93 0.4035714285714286 0.035238095238095235 0.03
9 0.9314285714285714 0.4064285714285714 0.04 0.03857142857142857
3 1.0847619047619048 0.2907142857142857 0.10666666666666666 0.08857142857142856
9 1.2780952380952382 0.2842857142857143 0.05714285714285714 0.024285714285714285
3 0.7209523809523809 0.27714285714285714 0.06095238095238095 0.08571428571428572
3 0.35619047619047617 0.26571428571428574 0.08952380952380952 0.08285714285714285
3 0.3852380952380952 0.14964285714285713 0.06380952380952382 0.06785714285714285
3 0.4442857142857143 0.03964285714285714 0.05047619047619047 0.04357142857142857
3 0.5923809523809523 0.15928571428571428 0.1219047619047619 0.05142857142857143
3 0.5995238095238096 0.1225 0.11333333333333333 0.047857142857142855
3 0.5980952380952381 0.05928571428571429 0.10857142857142857 0.054285714285714284
3 0.6019047619047619 0.03321428571428572 0.09333333333333334 0.039285714285714285
3 0.9795238095238096 0.18392857142857144 0.07523809523809524 0.075
3 0.8733333333333333 0.1992857142857143 0.1295238095238095 0.05857142857142857
3 0.8628571428571429 0.15928571428571428 0.1219047619047619 0.05285714285714286
3 0.8509523809523809 0.1275 0.10952380952380952 0.055
3 0.8442857142857143 0.06928571428571428 0.08476190476190476 0.05285714285714286
4 0.9628571428571429 0.09821428571428571 0.08 0.065
3 1.0166666666666666 0.09285714285714286 0.08095238095238096 0.06714285714285714
2 1.1438095238095238 0.16142857142857142 0.02857142857142857 0.032857142857142856
9 1.1461904761904762 0.10035714285714285 0.029523809523809525 0.027857142857142858
2 1.2385714285714287 0.2357142857142857 0.03142857142857143 0.032857142857142856
2 1.2133333333333334 0.23 0.047619047619047616 0.024285714285714285
4 1.2 0.18821428571428572 0.12380952380952381 0.06928571428571428
