3 0.11784351145038167 0.5786838340486409 0.22423664122137404 0.14306151645207438
3 0.4809160305343511 0.4978540772532189 0.17938931297709923 0.117310443490701
3 0.5691793893129771 0.30221745350500717 0.14026717557251908 0.10085836909871244
3 0.6436068702290076 0.40486409155937053 0.15362595419847327 0.09728183118741059
3 0.5529580152671756 0.4417024320457797 0.16507633587786258 0.10801144492131616
3 0.3931297709923664 0.5593705293276109 0.17748091603053434 0.14163090128755365
3 0.7127862595419847 0.3601573676680973 0.1564885496183206 0.10515021459227468
3 0.7528625954198473 0.31258941344778257 0.15267175572519084 0.09298998569384835
4 0.1984732824427481 0.6924177396280401 0.17557251908396945 0.11015736766809728
4 0.31583969465648853 0.6487839771101573 0.1965648854961832 0.17739628040057226
2 0.26622137404580154 0.43776824034334766 0.05725190839694656 0.035765379113018594
3 0.47089694656488545 0.1552217453505007 0.10019083969465649 0.06580829756795423
2 0.969942748091603 0.17882689556509299 0.04484732824427481 0.030042918454935622
9 0.8058206106870228 0.46494992846924177 0.04484732824427481 0.045779685264663805
2 1.108301526717557 0.2510729613733906 0.03148854961832061 0.02861230329041488
2 1.1273854961832062 0.2614449213161659 0.029580152671755722 0.030758226037195996
2 1.239503816793893 0.1484263233190272 0.02099236641221374 0.023605150214592273
2 1.0486641221374045 0.17203147353361944 0.04961832061068702 0.02932761087267525
2 0.46135496183206104 0.09728183118741059 0.03530534351145038 0.022889842632331903
2 1.0644083969465647 0.13662374821173104 0.02194656488549618 0.022889842632331903
3 1.2838740458015268 0.2067238912732475 0.08874045801526717 0.06723891273247497
1 1.114503816793893 0.23533619456366237 0.02480916030534351 0.020028612303290415
1 1.135973282442748 0.24856938483547925 0.02194656488549618 0.017882689556509297
1 1.0830152671755724 0.40164520743919885 0.03244274809160305 0.017882689556509297
1 0.8048664122137404 0.4613733905579399 0.04293893129770992 0.02861230329041488
