3 0.018095238095238095 0.7 0.026666666666666665 0.032857142857142856
3 0.043333333333333335 0.7132142857142857 0.02761904761904762 0.03785714285714286
3 0.06190476190476191 0.7235714285714285 0.026666666666666665 0.03428571428571429
3 0.08190476190476191 0.735 0.03238095238095238 0.02857142857142857
3 0.1061904761904762 0.7332142857142857 0.039047619047619046 0.03214285714285714
1 0.28714285714285714 0.7225 0.008571428571428572 0.005
9 0.5828571428571429 0.5135714285714286 0.011428571428571429 0.005714285714285714
9 0.5866666666666667 0.5164285714285715 0.009523809523809525 0.005714285714285714
9 0.5919047619047619 0.5196428571428572 0.010476190476190476 0.0064285714285714285
9 0.5966666666666667 0.5246428571428572 0.010476190476190476 0.0064285714285714285
2 0.21714285714285714 0.3653571428571429 0.013333333333333332 0.0035714285714285713
2 0.21666666666666667 0.36178571428571427 0.012380952380952381 0.002142857142857143
9 0.2123809523809524 0.3578571428571429 0.013333333333333332 0.002857142857142857
9 0.2119047619047619 0.3439285714285714 0.012380952380952381 0.002142857142857143
9 0.21571428571428572 0.3392857142857143 0.012380952380952381 0.004285714285714286
6 0.22333333333333333 0.3289285714285714 0.02 0.009285714285714286
2 0.2261904761904762 0.3392857142857143 0.010476190476190476 0.002857142857142857
3 0.9023809523809524 0.24392857142857144 0.014285714285714285 0.019285714285714285
4 0.8871428571428571 0.24428571428571427 0.018095238095238095 0.022857142857142857
3 0.9552380952380952 0.24392857142857144 0.017142857142857144 0.016428571428571428
3 0.9952380952380953 0.24321428571428572 0.017142857142857144 0.017857142857142856
3 0.9042857142857142 0.20714285714285716 0.014285714285714285 0.02142857142857143
3 0.9519047619047619 0.20464285714285715 0.01619047619047619 0.020714285714285713
3 0.9728571428571429 0.20535714285714285 0.018095238095238095 0.020714285714285713
4 0.9909523809523809 0.2042857142857143 0.025714285714285714 0.022857142857142857
3 1.0066666666666666 0.2032142857142857 0.017142857142857144 0.017857142857142856
3 1.0247619047619048 0.20285714285714285 0.017142857142857144 0.017142857142857144
3 1.0566666666666666 0.2032142857142857 0.018095238095238095 0.019285714285714285
3 1.11 0.2017857142857143 0.018095238095238095 0.020714285714285713
3 1.1323809523809525 0.20214285714285715 0.01904761904761905 0.018571428571428572
3 1.1571428571428573 0.2417857142857143 0.022857142857142857 0.019285714285714285
4 1.14 0.24428571428571427 0.02095238095238095 0.018571428571428572
3 1.1195238095238096 0.24464285714285713 0.02 0.019285714285714285
3 1.0961904761904762 0.245 0.01904761904761905 0.018571428571428572
3 1.2823809523809524 0.20035714285714284 0.021904761904761906 0.020714285714285713
3 1.301904761904762 0.20214285714285715 0.01904761904761905 0.02
3 1.3195238095238095 0.2017857142857143 0.018095238095238095 0.020714285714285713
3 1.2776190476190477 0.24142857142857144 0.023809523809523808 0.02142857142857143
3 1.2976190476190477 0.2425 0.018095238095238095 0.016428571428571428
3 1.3171428571428572 0.2417857142857143 0.022857142857142857 0.020714285714285713
5 0.5833333333333334 0.08857142857142856 0.025714285714285714 0.011428571428571429
3 0.6157142857142857 0.08928571428571429 0.025714285714285714 0.01
3 0.6490476190476191 0.08964285714285715 0.025714285714285714 0.009285714285714286
3 0.6795238095238095 0.08892857142857143 0.025714285714285714 0.009285714285714286
3 0.7114285714285714 0.08892857142857143 0.024761904761904763 0.009285714285714286
5 0.7452380952380953 0.085 0.035238095238095235 0.017142857142857144
3 0.7766666666666666 0.08821428571428572 0.021904761904761906 0.009285714285714286
3 0.81 0.08821428571428572 0.02761904761904762 0.009285714285714286
3 0.8423809523809523 0.0875 0.025714285714285714 0.010714285714285714
3 0.8709523809523809 0.08785714285714286 0.02761904761904762 0.01
3 0.9080952380952381 0.0875 0.02761904761904762 0.010714285714285714
3 0.940952380952381 0.0875 0.02857142857142857 0.010714285714285714
3 0.9771428571428571 0.0875 0.024761904761904763 0.009285714285714286
3 1.012857142857143 0.08678571428571429 0.02761904761904762 0.010714285714285714
3 1.041904761904762 0.08678571428571429 0.026666666666666665 0.009285714285714286
3 1.0757142857142856 0.08678571428571429 0.02761904761904762 0.009285714285714286
3 1.1095238095238096 0.08642857142857142 0.02857142857142857 0.01
4 1.1414285714285715 0.085 0.02761904761904762 0.011428571428571429
4 1.1752380952380952 0.08464285714285714 0.03238095238095238 0.010714285714285714
4 1.207142857142857 0.085 0.029523809523809525 0.01
3 1.240952380952381 0.08392857142857142 0.030476190476190476 0.010714285714285714
3 1.2719047619047619 0.08428571428571428 0.029523809523809525 0.01
4 1.3066666666666666 0.08178571428571428 0.03428571428571429 0.013571428571428571
3 1.170952380952381 0.04214285714285714 0.01619047619047619 0.011428571428571429
3 1.1533333333333333 0.008571428571428572 0.024761904761904763 0.011428571428571429
3 1.1538095238095238 0.0032142857142857142 0.025714285714285714 0.007857142857142858
3 0.960952380952381 0.02107142857142857 0.026666666666666665 0.009285714285714286
3 0.9619047619047619 0.013571428571428571 0.024761904761904763 0.007142857142857143
3 0.9547619047619048 0.007857142857142858 0.025714285714285714 0.01
3 0.9538095238095238 0.002142857142857143 0.025714285714285714 0.005714285714285714
3 0.6876190476190476 0.03357142857142857 0.017142857142857144 0.014285714285714285
3 0.7614285714285715 0.027142857142857142 0.025714285714285714 0.01
3 0.7461904761904762 0.04642857142857143 0.012380952380952381 0.015714285714285715
3 0.76 0.0125 0.022857142857142857 0.010714285714285714
3 0.530952380952381 0.002857142857142857 0.02 0.007142857142857143
3 0.5223809523809524 0.045 0.021904761904761906 0.008571428571428572
3 0.5257142857142857 0.03785714285714286 0.026666666666666665 0.008571428571428572
3 0.4757142857142857 0.054285714285714284 0.025714285714285714 0.008571428571428572
3 0.47523809523809524 0.04642857142857143 0.026666666666666665 0.008571428571428572
3 0.47904761904761906 0.04 0.022857142857142857 0.007142857142857143
3 0.4938095238095238 0.056428571428571425 0.008571428571428572 0.011428571428571429
4 0.38047619047619047 0.026785714285714284 0.02 0.010714285714285714
3 0.3271428571428571 0.010714285714285714 0.02761904761904762 0.01
3 0.32904761904761903 0.0035714285714285713 0.025714285714285714 0.008571428571428572
3 0.08857142857142856 0.011785714285714287 0.026666666666666665 0.010714285714285714
3 0.16523809523809524 0.0225 0.012380952380952381 0.016428571428571428
4 0.17904761904761904 0.02214285714285714 0.013333333333333332 0.015714285714285715
3 0.15619047619047619 0.008928571428571428 0.015238095238095238 0.013571428571428571
3 0.16952380952380952 0.0075 0.015238095238095238 0.015
