3 0.6028571428571429 0.6192857142857143 0.0380952380952381 0.05857142857142857
3 0.6195238095238095 0.3717857142857143 0.03142857142857143 0.03214285714285714
3 0.6271428571428571 0.325 0.023809523809523808 0.024285714285714285
3 0.6623809523809524 0.2985714285714286 0.021904761904761906 0.02142857142857143
3 0.6357142857142857 0.22178571428571428 0.01619047619047619 0.016428571428571428
3 0.6580952380952381 0.24 0.01904761904761905 0.015714285714285715
3 0.66 0.2625 0.017142857142857144 0.017857142857142856
3 0.7790476190476191 0.32535714285714284 0.04 0.016428571428571428
3 0.7547619047619047 0.24821428571428572 0.04476190476190476 0.016428571428571428
3 0.6585714285714286 0.16535714285714287 0.014285714285714285 0.012142857142857143
3 0.6804761904761905 0.1692857142857143 0.018095238095238095 0.012857142857142857
3 0.5052380952380953 0.1432142857142857 0.029523809523809525 0.010714285714285714
3 0.47523809523809524 0.14642857142857144 0.026666666666666665 0.01
3 0.46285714285714286 0.1425 0.024761904761904763 0.010714285714285714
3 0.4957142857142857 0.13607142857142857 0.03333333333333333 0.012142857142857143
3 0.5019047619047619 0.11357142857142857 0.024761904761904763 0.01
3 0.21571428571428572 0.0725 0.023809523809523808 0.007857142857142858
3 0.7947619047619048 0.09035714285714286 0.018095238095238095 0.007857142857142858
3 0.7747619047619048 0.09857142857142857 0.010476190476190476 0.01
3 0.7719047619047619 0.08571428571428572 0.012380952380952381 0.007142857142857143
3 0.9328571428571428 0.08571428571428572 0.02 0.007142857142857143
4 0.6285714285714286 0.1442857142857143 0.01904761904761905 0.015714285714285715
3 0.7904761904761904 0.09928571428571428 0.007619047619047619 0.008571428571428572
3 0.7571428571428571 0.09964285714285714 0.013333333333333332 0.009285714285714286
4 0.7442857142857143 0.09785714285714285 0.010476190476190476 0.01
4 0.7304761904761905 0.09714285714285714 0.011428571428571429 0.01
5 0.6290476190476191 0.265 0.023809523809523808 0.07714285714285714
5 0.6333333333333333 0.19535714285714287 0.01904761904761905 0.029285714285714286
5 0.6371428571428571 0.1657142857142857 0.017142857142857144 0.02142857142857143
5 0.5519047619047619 0.11214285714285714 0.035238095238095235 0.014285714285714285
5 0.6614285714285715 0.2092857142857143 0.023809523809523808 0.03428571428571429
5 0.6619047619047619 0.185 0.01904761904761905 0.02
9 0.6871428571428572 0.14607142857142857 0.010476190476190476 0.0064285714285714285
9 0.66 0.115 0.009523809523809525 0.005714285714285714
9 0.6466666666666666 0.11392857142857143 0.011428571428571429 0.005
4 0.7938095238095239 0.11285714285714285 0.025714285714285714 0.011428571428571429
4 0.52 0.07714285714285714 0.013333333333333332 0.008571428571428572
1 0.6885714285714286 0.1442857142857143 0.005714285714285714 0.007142857142857143
1 0.6476190476190476 0.11107142857142857 0.005714285714285714 0.005
1 0.6619047619047619 0.11214285714285714 0.0038095238095238095 0.005714285714285714
2 0.5833333333333334 0.21428571428571427 0.004761904761904762 0.005714285714285714
1 0.5814285714285714 0.21 0.006666666666666666 0.008571428571428572
9 1.082857142857143 0.5303571428571429 0.03238095238095238 0.012142857142857143
1 1.08 0.5289285714285714 0.011428571428571429 0.012142857142857143
1 1.0852380952380953 0.5285714285714286 0.010476190476190476 0.01
8 0.4680952380952381 0.12892857142857142 0.07523809523809524 0.020714285714285713
5 0.6190476190476191 0.4107142857142857 0.026666666666666665 0.04428571428571428
9 0.48523809523809525 0.45535714285714285 0.010476190476190476 0.017857142857142856
