3 0.449238578680203 0.5478571428571428 0.06091370558375634 0.027142857142857142
8 1.5736040609137054 0.4467857142857143 0.15228426395939085 0.1692857142857143
4 0.9270304568527918 0.5039285714285714 0.05456852791878172 0.06785714285714285
4 0.6770304568527918 0.3132142857142857 0.04695431472081218 0.03642857142857143
4 0.3109137055837563 0.4525 0.06852791878172589 0.047857142857142855
4 0.25571065989847713 0.29714285714285715 0.06218274111675126 0.03142857142857143
4 0.5317258883248731 0.2692857142857143 0.04568527918781726 0.032857142857142856
3 0.5177664974619289 0.18357142857142858 0.09898477157360405 0.022857142857142857
3 1.3280456852791878 0.19714285714285715 0.09771573604060912 0.025714285714285714
3 1.5203045685279186 0.18142857142857144 0.10152284263959391 0.024285714285714285
4 1.5336294416243654 0.16178571428571428 0.09010152284263959 0.020714285714285713
3 0.8800761421319796 0.185 0.09263959390862943 0.022857142857142857
3 0.5901015228426395 0.1475 0.08883248730964466 0.02214285714285714
4 1.74746192893401 0.11607142857142858 0.050761421319796954 0.03214285714285714
4 0.141497461928934 0.1442857142857143 0.09010152284263959 0.02
5 0.6288071065989848 0.06928571428571428 0.06218274111675126 0.03
4 0.890228426395939 0.055714285714285716 0.029187817258883246 0.017142857142857144
4 0.9524111675126903 0.05107142857142857 0.029187817258883246 0.020714285714285713
8 0.5691624365482233 0.018214285714285714 0.09263959390862943 0.03785714285714286
4 0.7620558375634517 0.0067857142857142855 0.03680203045685279 0.015
4 0.8940355329949238 0.1382142857142857 0.031725888324873094 0.023571428571428573
3 1.1998730964467004 0.10714285714285714 0.026649746192893398 0.02142857142857143
8 1.2182741116751268 0.1382142857142857 0.05837563451776649 0.052142857142857144
8 0.15101522842639592 0.04928571428571429 0.1878172588832487 0.055714285714285716
