3 0.04 0.6507142857142857 0.08 0.09142857142857143
3 0.2138095238095238 0.5846428571428571 0.07333333333333333 0.08214285714285714
3 0.27380952380952384 0.5728571428571428 0.07142857142857142 0.08571428571428572
3 0.33285714285714285 0.5532142857142857 0.07904761904761905 0.08785714285714286
3 0.43761904761904763 0.5303571428571429 0.06190476190476191 0.06785714285714285
3 0.49047619047619045 0.5082142857142857 0.07809523809523809 0.08357142857142857
3 0.5552380952380952 0.6289285714285714 0.10666666666666666 0.056428571428571425
3 0.28714285714285714 0.7157142857142857 0.11523809523809524 0.06142857142857143
3 0.6066666666666667 0.18678571428571428 0.10476190476190476 0.05357142857142857
3 0.5104761904761905 0.10035714285714285 0.10285714285714286 0.056428571428571425
3 0.2123809523809524 0.13785714285714284 0.10285714285714286 0.05285714285714286
3 0.9447619047619048 0.18142857142857144 0.09904761904761905 0.054285714285714284
3 1.2514285714285713 0.13214285714285715 0.10857142857142857 0.055714285714285716
3 1.2757142857142858 0.07357142857142857 0.1019047619047619 0.05714285714285714
3 1.1614285714285715 0.115 0.1 0.054285714285714284
3 0.7280952380952381 0.03214285714285714 0.10761904761904761 0.055714285714285716
3 0.9485714285714286 0.2392857142857143 0.11428571428571428 0.05
3 1.0457142857142858 0.14642857142857144 0.10285714285714286 0.05285714285714286
3 0.7557142857142857 0.45714285714285713 0.06761904761904762 0.07714285714285714
4 0.5580952380952381 0.4767857142857143 0.06476190476190476 0.07785714285714286
3 0.047619047619047616 0.22678571428571428 0.09714285714285714 0.05357142857142857
1 0.029523809523809525 0.13464285714285715 0.030476190476190476 0.017857142857142856
9 0.035238095238095235 0.1382142857142857 0.049523809523809526 0.02214285714285714
1 1.0138095238095237 0.11857142857142858 0.018095238095238095 0.015714285714285715
2 1.0123809523809524 0.12321428571428572 0.03428571428571429 0.013571428571428571
3 1.2 0.013571428571428571 0.10476190476190476 0.02857142857142857
9 0.18285714285714286 0.6792857142857143 0.024761904761904763 0.03142857142857143
2 0.21333333333333332 0.6442857142857142 0.04380952380952381 0.015714285714285715
2 0.26666666666666666 0.6317857142857143 0.04 0.015
9 0.3271428571428571 0.6167857142857143 0.05047619047619047 0.020714285714285713
9 0.05333333333333333 0.7235714285714285 0.049523809523809526 0.017142857142857144
5 0.969047619047619 0.2935714285714286 0.13238095238095238 0.04428571428571428
