9 0.7533333333333333 0.7046428571428571 0.024761904761904763 0.04928571428571429
1 0.7514285714285714 0.6992857142857143 0.022857142857142857 0.02
2 0.7061904761904761 0.5289285714285714 0.02761904761904762 0.039285714285714285
1 0.7052380952380952 0.5275 0.018095238095238095 0.020714285714285713
6 0.6361904761904762 0.5421428571428571 0.03619047619047619 0.07
3 0.6876190476190476 0.2789285714285714 0.045714285714285714 0.07642857142857143
9 0.6752380952380952 0.2325 0.0419047619047619 0.017857142857142856
9 0.5928571428571429 0.16607142857142856 0.01619047619047619 0.027857142857142858
9 0.5542857142857143 0.19428571428571428 0.01904761904761905 0.03
1 0.5923809523809523 0.16071428571428573 0.013333333333333332 0.012857142857142857
4 0.6661904761904762 0.16428571428571428 0.05238095238095238 0.09142857142857143
3 0.6571428571428571 0.08785714285714286 0.05142857142857143 0.05857142857142857
