3 0.6719543147208121 0.4160714285714286 0.25253807106598986 0.12071428571428572
3 1.0456852791878173 0.3460714285714286 0.19035532994923857 0.125
3 0.5926395939086294 0.3007142857142857 0.23604060913705582 0.08571428571428572
3 0.5279187817258882 0.25857142857142856 0.19289340101522842 0.06714285714285714
3 0.48540609137055835 0.21785714285714286 0.21700507614213196 0.07142857142857142
4 0.4359137055837563 0.1767857142857143 0.21700507614213196 0.08214285714285714
3 0.41307106598984766 0.145 0.20685279187817257 0.06857142857142857
4 0.774746192893401 0.13857142857142857 0.1484771573604061 0.1
3 0.39530456852791873 0.10857142857142857 0.20431472081218272 0.06142857142857143
9 0.2798223350253807 0.2525 0.10025380710659898 0.04214285714285714
9 0.24873096446700504 0.21285714285714286 0.09390862944162436 0.041428571428571426
