4 0.7933333333333333 0.4117857142857143 0.06285714285714286 0.027857142857142858
4 0.7209523809523809 0.425 0.05904761904761905 0.025714285714285714
4 0.9071428571428571 0.36642857142857144 0.04285714285714286 0.017142857142857144
4 0.68 0.5460714285714285 0.026666666666666665 0.03785714285714286
4 1.02 0.6053571428571428 0.05714285714285714 0.05357142857142857
3 1.1195238095238096 0.5782142857142857 0.08476190476190476 0.03214285714285714
5 0.5819047619047619 0.42214285714285715 0.06285714285714286 0.08285714285714285
4 0.6876190476190476 0.38357142857142856 0.01904761904761905 0.017142857142857144
4 0.6923809523809524 0.3653571428571429 0.017142857142857144 0.019285714285714285
3 0.6919047619047619 0.2042857142857143 0.012380952380952381 0.008571428571428572
3 0.6952380952380952 0.22892857142857143 0.013333333333333332 0.009285714285714286
3 0.9142857142857143 0.3817857142857143 0.047619047619047616 0.017857142857142856
9 0.9595238095238096 0.37607142857142856 0.021904761904761906 0.013571428571428571
6 0.6552380952380953 0.2975 0.013333333333333332 0.013571428571428571
3 0.7133333333333334 0.5989285714285715 0.03428571428571429 0.05071428571428571
3 0.7152380952380952 0.5446428571428571 0.030476190476190476 0.04642857142857143
3 0.680952380952381 0.47714285714285715 0.04380952380952381 0.03428571428571429
9 0.8504761904761905 0.5053571428571428 0.009523809523809525 0.013571428571428571
9 1.0747619047619048 0.5321428571428571 0.01619047619047619 0.02142857142857143
9 1.012857142857143 0.5296428571428572 0.014285714285714285 0.020714285714285713
1 0.8504761904761905 0.5003571428571428 0.005714285714285714 0.013571428571428571
5 0.18333333333333332 0.21392857142857144 0.03142857142857143 0.012142857142857143
9 0.3433333333333333 0.43964285714285717 0.021904761904761906 0.015
5 0.6033333333333334 0.08535714285714285 0.010476190476190476 0.010714285714285714
5 0.5885714285714285 0.09535714285714286 0.009523809523809525 0.007857142857142858
3 0.5085714285714286 0.145 0.009523809523809525 0.007142857142857143
