3 0.07285714285714286 0.7382142857142857 0.054285714285714284 0.02214285714285714
3 0.14142857142857143 0.7057142857142857 0.06761904761904762 0.045714285714285714
3 0.7261904761904762 0.72 0.05619047619047619 0.04
3 0.6814285714285714 0.6771428571428572 0.058095238095238096 0.037142857142857144
3 0.6547619047619048 0.6567857142857143 0.05619047619047619 0.03785714285714286
3 0.6376190476190476 0.6346428571428572 0.05238095238095238 0.035
4 0.6204761904761905 0.6175 0.058095238095238096 0.03642857142857143
4 0.5857142857142857 0.5757142857142857 0.049523809523809526 0.03428571428571429
3 0.560952380952381 0.5535714285714286 0.05333333333333333 0.03571428571428571
9 0.7595238095238095 0.7414285714285714 0.014285714285714285 0.015714285714285715
5 0.9066666666666666 0.7357142857142858 0.04 0.027142857142857142
3 1.1133333333333333 0.7353571428571428 0.05333333333333333 0.027857142857142858
4 0.9566666666666667 0.6085714285714285 0.05238095238095238 0.04428571428571428
4 1.0042857142857142 0.6039285714285715 0.06 0.045
9 1.0042857142857142 0.5789285714285715 0.021904761904761906 0.013571428571428571
1 1.0052380952380953 0.5771428571428572 0.014285714285714285 0.01
3 0.9166666666666666 0.5267857142857143 0.05047619047619047 0.03785714285714286
3 0.7352380952380952 0.5707142857142857 0.047619047619047616 0.03857142857142857
3 0.6957142857142857 0.5332142857142858 0.04476190476190476 0.03785714285714286
9 0.6261904761904762 0.48964285714285716 0.018095238095238095 0.016428571428571428
5 0.6538095238095238 0.48892857142857143 0.06 0.04928571428571429
3 0.6109523809523809 0.45035714285714284 0.04285714285714286 0.03642857142857143
3 0.5457142857142857 0.3896428571428571 0.0380952380952381 0.029285714285714286
3 0.518095238095238 0.3607142857142857 0.0380952380952381 0.027142857142857142
6 0.7180952380952381 0.4425 0.022857142857142857 0.020714285714285713
4 0.7728571428571429 0.4175 0.04285714285714286 0.029285714285714286
3 0.6523809523809524 0.32571428571428573 0.03619047619047619 0.024285714285714285
3 0.46190476190476193 0.4442857142857143 0.05142857142857143 0.02857142857142857
4 0.44571428571428573 0.43142857142857144 0.0419047619047619 0.027142857142857142
3 0.44095238095238093 0.4157142857142857 0.05333333333333333 0.027142857142857142
3 0.41714285714285715 0.39714285714285713 0.05333333333333333 0.025714285714285714
3 0.4061904761904762 0.38535714285714284 0.05238095238095238 0.025
3 0.3923809523809524 0.37214285714285716 0.05142857142857143 0.02
3 0.38 0.3578571428571429 0.047619047619047616 0.025714285714285714
3 0.36523809523809525 0.3425 0.04857142857142857 0.023571428571428573
3 0.48857142857142855 0.3360714285714286 0.03238095238095238 0.02642857142857143
3 0.45285714285714285 0.30785714285714283 0.037142857142857144 0.027142857142857142
3 0.4238095238095238 0.2782142857142857 0.030476190476190476 0.023571428571428573
3 0.3385714285714286 0.3217857142857143 0.04857142857142857 0.025
3 0.31857142857142856 0.29642857142857143 0.04857142857142857 0.02142857142857143
3 0.3109523809523809 0.2832142857142857 0.04476190476190476 0.02214285714285714
3 0.30095238095238097 0.2757142857142857 0.04380952380952381 0.022857142857142857
4 0.32857142857142857 0.31035714285714283 0.045714285714285714 0.02642857142857143
4 0.39380952380952383 0.2532142857142857 0.03142857142857143 0.02642857142857143
4 0.370952380952381 0.23142857142857143 0.02761904761904762 0.02142857142857143
3 0.35095238095238096 0.21464285714285714 0.025714285714285714 0.023571428571428573
3 0.32666666666666666 0.19642857142857142 0.030476190476190476 0.02142857142857143
3 0.3047619047619048 0.17857142857142858 0.030476190476190476 0.02142857142857143
5 0.2509523809523809 0.22964285714285715 0.040952380952380955 0.027857142857142858
3 0.23857142857142857 0.2225 0.039047619047619046 0.020714285714285713
3 0.2814285714285714 0.16107142857142856 0.029523809523809525 0.019285714285714285
3 0.2538095238095238 0.1467857142857143 0.025714285714285714 0.016428571428571428
4 0.19047619047619047 0.1467857142857143 0.026666666666666665 0.017857142857142856
3 0.20857142857142857 0.11285714285714285 0.02857142857142857 0.017142857142857144
5 0.26285714285714284 0.07321428571428572 0.0419047619047619 0.035
3 0.37857142857142856 0.12357142857142857 0.02761904761904762 0.017142857142857144
5 0.2480952380952381 0.04 0.02761904761904762 0.02
9 0.29523809523809524 0.05857142857142857 0.013333333333333332 0.008571428571428572
3 0.07809523809523809 0.07464285714285715 0.03238095238095238 0.013571428571428571
5 0.13857142857142857 0.06571428571428571 0.05238095238095238 0.03857142857142857
4 0.11142857142857143 0.04357142857142857 0.024761904761904763 0.018571428571428572
4 0.056666666666666664 0.014285714285714285 0.035238095238095235 0.014285714285714285
3 0.037142857142857144 0.0035714285714285713 0.03619047619047619 0.008571428571428572
3 0.1838095238095238 0.0064285714285714285 0.022857142857142857 0.014285714285714285
3 0.20142857142857143 0.005714285714285714 0.029523809523809525 0.012857142857142857
5 0.13333333333333333 0.11964285714285715 0.03619047619047619 0.016428571428571428
4 0.3504761904761905 0.33035714285714285 0.04380952380952381 0.027857142857142858
9 1.016190476190476 0.6957142857142857 0.02857142857142857 0.02142857142857143
3 1.0766666666666667 0.5246428571428572 0.05238095238095238 0.039285714285714285
4 1.0314285714285714 0.48857142857142855 0.047619047619047616 0.03142857142857143
6 0.9204761904761904 0.4542857142857143 0.037142857142857144 0.03142857142857143
4 1.0076190476190476 0.38642857142857145 0.047619047619047616 0.03
3 1.0309523809523808 0.4 0.040952380952380955 0.025714285714285714
3 1.0523809523809524 0.41 0.04380952380952381 0.027142857142857142
3 1.071904761904762 0.42714285714285716 0.04666666666666667 0.02857142857142857
3 1.1004761904761904 0.44392857142857145 0.04857142857142857 0.030714285714285715
4 1.1495238095238096 0.4742857142857143 0.05142857142857143 0.03142857142857143
3 1.1738095238095239 0.48928571428571427 0.04857142857142857 0.03142857142857143
3 1.2266666666666666 0.5278571428571428 0.047619047619047616 0.032857142857142856
3 1.1652380952380952 0.5828571428571429 0.05047619047619047 0.037142857142857144
3 1.2847619047619048 0.6664285714285715 0.05333333333333333 0.03571428571428571
3 1.3209523809523809 0.6 0.022857142857142857 0.027142857142857142
9 1.3233333333333333 0.5385714285714286 0.01619047619047619 0.011428571428571429
9 1.309047619047619 0.5271428571428571 0.01619047619047619 0.012857142857142857
3 1.05 0.35285714285714287 0.04666666666666667 0.017142857142857144
3 1.0638095238095238 0.3296428571428571 0.05142857142857143 0.020714285714285713
4 1.0623809523809524 0.31285714285714283 0.04285714285714286 0.02
3 1.0409523809523809 0.23785714285714285 0.024761904761904763 0.02
3 1.1995238095238094 0.21928571428571428 0.035238095238095235 0.015714285714285715
9 0.6542857142857142 0.35035714285714287 0.013333333333333332 0.010714285714285714
1 0.6547619047619048 0.34785714285714286 0.008571428571428572 0.01
2 0.719047619047619 0.33785714285714286 0.015238095238095238 0.008571428571428572
1 0.7195238095238096 0.3342857142857143 0.008571428571428572 0.008571428571428572
5 0.6080952380952381 0.2621428571428571 0.04666666666666667 0.03571428571428571
5 0.5161904761904762 0.22142857142857142 0.04380952380952381 0.032857142857142856
4 0.8442857142857143 0.26035714285714284 0.035238095238095235 0.02642857142857143
3 0.8704761904761905 0.24142857142857144 0.03428571428571429 0.022857142857142857
4 0.9066666666666666 0.21714285714285714 0.026666666666666665 0.022857142857142857
3 0.9328571428571428 0.19857142857142857 0.03142857142857143 0.022857142857142857
3 0.9585714285714285 0.17821428571428571 0.03142857142857143 0.02214285714285714
4 0.9857142857142858 0.15678571428571428 0.030476190476190476 0.023571428571428573
3 1.0104761904761905 0.14464285714285716 0.030476190476190476 0.020714285714285713
3 1.0333333333333334 0.1275 0.02857142857142857 0.020714285714285713
4 1.049047619047619 0.10964285714285714 0.025714285714285714 0.020714285714285713
3 1.0695238095238095 0.09821428571428571 0.024761904761904763 0.019285714285714285
3 0.9123809523809524 0.08357142857142857 0.03238095238095238 0.018571428571428572
3 0.9371428571428572 0.10607142857142857 0.024761904761904763 0.015
3 0.9152380952380952 0.11821428571428572 0.03619047619047619 0.017857142857142856
3 0.89 0.13 0.037142857142857144 0.017142857142857144
3 0.8580952380952381 0.10142857142857142 0.03428571428571429 0.017142857142857144
3 0.7838095238095238 0.15285714285714286 0.0419047619047619 0.02142857142857143
3 0.8042857142857143 0.14821428571428572 0.035238095238095235 0.020714285714285713
3 0.6733333333333333 0.11821428571428572 0.03428571428571429 0.020714285714285713
4 0.6371428571428571 0.0975 0.03619047619047619 0.020714285714285713
3 0.5857142857142857 0.0575 0.03238095238095238 0.017857142857142856
3 0.5538095238095239 0.045 0.029523809523809525 0.015714285714285715
3 0.518095238095238 0.025357142857142856 0.024761904761904763 0.016428571428571428
3 0.4661904761904762 0.004285714285714286 0.02761904761904762 0.01
4 1.1914285714285715 0.11285714285714285 0.02857142857142857 0.02142857142857143
4 1.2785714285714285 0.047857142857142855 0.025714285714285714 0.02
3 1.1614285714285715 0.03321428571428572 0.023809523809523808 0.017857142857142856
3 1.1947619047619047 0.0075 0.021904761904761906 0.016428571428571428
