9 1.5380710659898476 0.30142857142857143 0.06091370558375634 0.017142857142857144
9 1.5437817258883249 0.29 0.07741116751269035 0.018571428571428572
9 1.549492385786802 0.27071428571428574 0.07868020304568528 0.017142857142857144
9 1.538705583756345 0.25821428571428573 0.06218274111675126 0.016428571428571428
9 1.53743654822335 0.2475 0.05964467005076142 0.013571428571428571
9 1.53997461928934 0.23357142857142857 0.07741116751269035 0.018571428571428572
9 1.5298223350253806 0.22678571428571428 0.07233502538071065 0.017857142857142856
9 1.529187817258883 0.21428571428571427 0.07106598984771573 0.02
9 1.5253807106598984 0.19857142857142857 0.07106598984771573 0.018571428571428572
9 1.5285532994923856 0.19214285714285714 0.06218274111675126 0.017142857142857144
9 1.5298223350253806 0.17964285714285713 0.06979695431472081 0.017857142857142856
9 1.526015228426396 0.1742857142857143 0.07233502538071065 0.024285714285714285
9 1.520939086294416 0.16357142857142856 0.06979695431472081 0.022857142857142857
9 1.523477157360406 0.15392857142857141 0.0748730964467005 0.023571428571428573
9 1.5203045685279186 0.1467857142857143 0.07868020304568528 0.02214285714285714
9 1.5241116751269035 0.1375 0.05837563451776649 0.019285714285714285
9 1.5171319796954315 0.12571428571428572 0.0748730964467005 0.02
9 1.516497461928934 0.115 0.06852791878172589 0.018571428571428572
5 1.5019035532994922 0.04392857142857143 0.09263959390862943 0.08928571428571429
3 1.295685279187817 0.07357142857142857 0.050761421319796954 0.05714285714285714
4 1.2944162436548223 0.013571428571428571 0.050761421319796954 0.027142857142857142
