5 0.28285714285714286 0.6092857142857143 0.047619047619047616 0.018571428571428572
5 0.38047619047619047 0.4928571428571429 0.029523809523809525 0.03428571428571429
5 0.6738095238095239 0.5632142857142857 0.05047619047619047 0.062142857142857146
5 0.4219047619047619 0.42714285714285716 0.049523809523809526 0.06571428571428571
5 0.7838095238095238 0.4039285714285714 0.015238095238095238 0.016428571428571428
4 1.01 0.3992857142857143 0.03142857142857143 0.017142857142857144
3 0.9719047619047619 0.3725 0.029523809523809525 0.020714285714285713
3 0.8952380952380953 0.5439285714285714 0.030476190476190476 0.013571428571428571
3 0.8857142857142857 0.5621428571428572 0.030476190476190476 0.017142857142857144
4 0.7923809523809524 0.5728571428571428 0.0380952380952381 0.02
4 0.7466666666666667 0.5757142857142857 0.026666666666666665 0.018571428571428572
4 0.8042857142857143 0.7164285714285714 0.02 0.025714285714285714
3 0.7033333333333334 0.6525 0.023809523809523808 0.023571428571428573
3 0.6866666666666666 0.6803571428571429 0.022857142857142857 0.027857142857142858
3 0.8552380952380952 0.7160714285714286 0.03428571428571429 0.019285714285714285
3 1.0671428571428572 0.5496428571428571 0.021904761904761906 0.019285714285714285
4 0.6861904761904762 0.6532142857142857 0.018095238095238095 0.025
3 0.7457142857142857 0.5278571428571428 0.015238095238095238 0.024285714285714285
3 0.7695238095238095 0.49 0.026666666666666665 0.015714285714285715
3 0.7614285714285715 0.47464285714285714 0.029523809523809525 0.016428571428571428
3 0.9266666666666666 0.175 0.013333333333333332 0.02
3 0.8923809523809524 0.2507142857142857 0.013333333333333332 0.02142857142857143
3 1.1461904761904762 0.16535714285714287 0.02 0.020714285714285713
3 1.1152380952380951 0.17214285714285715 0.01904761904761905 0.018571428571428572
2 0.9628571428571429 0.023214285714285715 0.011428571428571429 0.012142857142857143
3 1.2652380952380953 0.5028571428571429 0.03142857142857143 0.018571428571428572
3 0.4757142857142857 0.6485714285714286 0.01619047619047619 0.027142857142857142
3 0.4938095238095238 0.625 0.023809523809523808 0.024285714285714285
3 0.36428571428571427 0.5257142857142857 0.02 0.025714285714285714
3 0.39285714285714285 0.43535714285714283 0.021904761904761906 0.023571428571428573
