3 0.16883116883116883 0.4425887265135699 0.1038961038961039 0.032359081419624215
3 0.1813543599257885 0.3614300626304801 0.09925788497217068 0.02766179540709812
3 0.18320964749536178 0.3262004175365344 0.09369202226345083 0.025052192066805843
3 0.4772727272727273 0.33507306889352817 0.07328385899814471 0.022964509394572022
3 0.47217068645640076 0.27322546972860123 0.08348794063079777 0.02661795407098121
3 0.5802411873840445 0.2617432150313152 0.06957328385899815 0.022442588726513567
3 0.5496289424860854 0.21764091858037576 0.041743970315398886 0.028183716075156573
3 0.4795918367346939 0.21946764091858034 0.03339517625231911 0.028705636743215027
3 0.0774582560296846 0.26591858037578286 0.1567717996289425 0.04227557411273486
3 0.2782931354359926 0.2416492693110647 0.03339517625231911 0.026096033402922752
4 0.3140074211502783 0.23094989561586637 0.030612244897959183 0.028705636743215027
3 0.8840445269016698 0.19389352818371605 0.0575139146567718 0.015135699373695197
3 0.8608534322820037 0.3024530271398747 0.07977736549165121 0.020354906054279746
3 0.8650278293135436 0.318893528183716 0.0862708719851577 0.022964509394572022
3 0.8692022263450835 0.33481210855949894 0.0816326530612245 0.02139874739039666
3 0.9809833024118738 0.26878914405010434 0.03432282003710575 0.032359081419624215
3 1.1377551020408163 0.26487473903966596 0.039888682745825604 0.03183716075156576
3 1.7003710575139146 0.08637787056367431 0.05380333951762523 0.015135699373695197
3 1.713821892393321 0.04984342379958246 0.049165120593692026 0.012004175365344467
4 1.6539888682745827 0.04566805845511482 0.04452690166975881 0.014091858037578286
3 1.6377551020408163 0.04227557411273486 0.04730983302411874 0.012526096033402922
3 1.62430426716141 0.035751565762004174 0.04081632653061225 0.012004175365344467
3 1.5106679035250463 0.05167014613778705 0.049165120593692026 0.011482254697286011
3 1.739795918367347 0.02661795407098121 0.045454545454545456 0.011482254697286011
3 1.6660482374768089 0.03444676409185803 0.0463821892393321 0.011482254697286011
3 1.4271799628942485 0.06341336116910229 0.05102040816326531 0.013048016701461376
3 1.414656771799629 0.047755741127348636 0.04452690166975881 0.010960334029227557
3 1.3687384044526902 0.056367432150313146 0.041743970315398886 0.012526096033402922
3 1.3645640074211502 0.049321503131524 0.0463821892393321 0.013048016701461376
3 1.2017625231910947 0.050626304801670144 0.045454545454545456 0.013569937369519832
4 1.0816326530612246 0.027139874739039664 0.03153988868274583 0.012526096033402922
4 0.9925788497217068 0.06002087682672233 0.027829313543599257 0.015657620041753653
3 0.8116883116883117 0.02974947807933194 0.04267161410018553 0.012526096033402922
3 0.7671614100185529 0.043841336116910226 0.0463821892393321 0.013569937369519832
3 0.7722634508348795 0.03705636743215031 0.04730983302411874 0.011482254697286011
3 0.7982374768089054 0.004958246346555323 0.041743970315398886 0.009916492693110646
3 0.6739332096474954 0.05088726513569937 0.049165120593692026 0.012004175365344467
3 0.39471243042671617 0.02974947807933194 0.049165120593692026 0.012526096033402922
3 0.2880333951762523 0.08089770354906053 0.030612244897959183 0.018789144050104383
3 0.2504638218923933 0.08481210855949894 0.03153988868274583 0.019311064718162838
3 0.22031539888682747 0.09133611691022964 0.030612244897959183 0.018789144050104383
4 0.13218923933209648 0.098643006263048 0.036178107606679034 0.020876826722338204
