1 0.11433333333333333 0.5337500000000001 0.04066666666666666 0.029500000000000002
3 0.33399999999999996 0.5942500000000001 0.2733333333333333 0.1525
3 0.04433333333333333 0.452 0.09 0.082
9 0.6713333333333333 0.3885 0.048 0.047
1 0.6713333333333333 0.38525 0.029333333333333333 0.043500000000000004
1 0.29 0.1315 0.02 0.02
3 0.45199999999999996 0.1955 0.13066666666666665 0.062
9 0.5463333333333333 0.1675 0.03 0.026000000000000002
9 0.7889999999999999 0.27675 0.016666666666666666 0.0395
9 0.8773333333333333 0.189 0.05333333333333333 0.026000000000000002
4 0.8623333333333333 0.1555 0.06333333333333332 0.053
4 0.762 0.12775 0.104 0.0475
4 0.7486666666666666 0.1615 0.09733333333333333 0.048
4 0.713 0.1795 0.11533333333333333 0.045
4 0.5596666666666666 0.124 0.09533333333333333 0.046
4 0.5586666666666666 0.1045 0.09333333333333332 0.041
4 0.597 0.055 0.05933333333333333 0.035
4 0.488 0.09575 0.07333333333333333 0.0375
3 0.7863333333333333 0.03875 0.086 0.0325
3 0.6796666666666666 0.031 0.05533333333333333 0.032
3 0.5336666666666666 0.021 0.078 0.036000000000000004
3 0.5666666666666667 0.01175 0.06133333333333333 0.0245
3 0.44466666666666665 0.05 0.07333333333333333 0.033
