3 0.5913705583756345 0.5439285714285714 0.06345177664974619 0.035
3 0.7690355329949238 0.48892857142857143 0.050761421319796954 0.03642857142857143
3 0.7290609137055837 0.3967857142857143 0.04695431472081218 0.02642857142857143
3 0.9879441624365481 0.3792857142857143 0.03680203045685279 0.02857142857142857
3 1.0463197969543145 0.2760714285714286 0.026649746192893398 0.019285714285714285
3 0.8991116751269035 0.26964285714285713 0.03426395939086294 0.015
3 0.8769035532994923 0.25607142857142856 0.032994923857868015 0.017857142857142856
3 0.9473350253807106 0.24392857142857144 0.031725888324873094 0.013571428571428571
3 0.9949238578680202 0.22142857142857142 0.025380710659898477 0.012857142857142857
3 1.048223350253807 0.20357142857142857 0.02284263959390863 0.011428571428571429
3 1.16243654822335 0.21821428571428572 0.025380710659898477 0.016428571428571428
3 1.1281725888324872 0.17821428571428571 0.025380710659898477 0.010714285714285714
3 1.1973350253807105 0.16357142857142856 0.019035532994923856 0.007142857142857143
5 1.038705583756345 0.18857142857142858 0.05964467005076142 0.025714285714285714
5 0.7931472081218274 0.27071428571428574 0.05837563451776649 0.03142857142857143
5 0.8020304568527918 0.33 0.06091370558375634 0.037142857142857144
5 1.3045685279187815 0.4810714285714286 0.13197969543147206 0.03642857142857143
5 1.0932741116751268 0.1675 0.03680203045685279 0.015
4 1.0894670050761421 0.2732142857142857 0.026649746192893398 0.019285714285714285
3 1.2081218274111674 0.15607142857142858 0.02284263959390863 0.010714285714285714
9 1.181472081218274 0.15642857142857142 0.012690355329949238 0.008571428571428572
9 0.9854060913705583 0.21392857142857144 0.016497461928934008 0.007857142857142858
3 1.2005076142131978 0.5296428571428572 0.08375634517766496 0.02214285714285714
3 1.3362944162436547 0.5278571428571428 0.09137055837563451 0.027142857142857142
3 1.3039340101522843 0.5057142857142857 0.06725888324873096 0.02
3 1.1928934010152283 0.5067857142857143 0.08629441624365482 0.023571428571428573
3 1.159263959390863 0.48642857142857143 0.07994923857868019 0.02
3 1.1199238578680202 0.44571428571428573 0.05964467005076142 0.02142857142857143
3 1.1573604060913705 0.42178571428571426 0.07106598984771573 0.023571428571428573
3 1.1808375634517765 0.3157142857142857 0.04695431472081218 0.012857142857142857
3 1.1015228426395938 0.4035714285714286 0.04568527918781726 0.027142857142857142
3 1.2284263959390862 0.38535714285714284 0.055837563451776644 0.02214285714285714
3 1.2918781725888324 0.4014285714285714 0.06345177664974619 0.024285714285714285
3 1.37246192893401 0.38857142857142857 0.06979695431472081 0.025714285714285714
3 1.1960659898477157 0.4421428571428571 0.07233502538071065 0.02142857142857143
3 1.2480964467005076 0.4303571428571429 0.06979695431472081 0.025
3 1.3369289340101522 0.4382142857142857 0.07741116751269035 0.019285714285714285
3 1.1681472081218274 0.33035714285714285 0.029187817258883246 0.019285714285714285
8 0.22398477157360405 0.1975 0.08248730964467005 0.017857142857142856
4 0.4828680203045685 0.17892857142857144 0.031725888324873094 0.009285714285714286
3 0.5317258883248731 0.1775 0.02284263959390863 0.0064285714285714285
3 0.26776649746192893 0.19428571428571428 0.027918781725888322 0.008571428571428572
