5 0.5014285714285714 0.14285714285714285 0.025714285714285714 0.018571428571428572
3 0.6080952380952381 0.27964285714285714 0.02 0.015
3 0.6295238095238095 0.26964285714285713 0.02095238095238095 0.017857142857142856
6 0.5361904761904762 0.14821428571428572 0.011428571428571429 0.0064285714285714285
4 1.190952380952381 0.3985714285714286 0.02761904761904762 0.012857142857142857
3 1.2276190476190476 0.3414285714285714 0.015238095238095238 0.018571428571428572
3 1.266190476190476 0.35035714285714287 0.01619047619047619 0.019285714285714285
3 1.286190476190476 0.35285714285714287 0.021904761904761906 0.02
3 1.3038095238095238 0.3560714285714286 0.01904761904761905 0.017857142857142856
9 0.8604761904761905 0.16357142857142856 0.006666666666666666 0.005714285714285714
