3 0.5976666666666667 0.497 0.074 0.055
3 0.6533333333333333 0.43375 0.06133333333333333 0.043500000000000004
3 0.5223333333333333 0.43225 0.06733333333333333 0.0525
3 0.4533333333333333 0.48475 0.08533333333333333 0.0585
3 0.4653333333333333 0.634 0.09333333333333332 0.075
3 0.3803333333333333 0.71675 0.13933333333333334 0.0655
1 0.6026666666666667 0.37525000000000003 0.005333333333333333 0.0105
1 0.6153333333333333 0.382 0.005333333333333333 0.01
2 0.6593333333333333 0.39425 0.028 0.0225
3 0.7293333333333333 0.38575 0.08399999999999999 0.0275
3 0.7743333333333333 0.34750000000000003 0.066 0.025
3 0.7243333333333333 0.2795 0.041999999999999996 0.028
3 0.7556666666666666 0.258 0.03933333333333333 0.027
3 0.818 0.289 0.04133333333333333 0.026000000000000002
3 0.838 0.266 0.04 0.025
4 0.867 0.24 0.03133333333333333 0.023
4 0.824 0.21875 0.03333333333333333 0.0185
4 0.47933333333333333 0.249 0.030666666666666665 0.018000000000000002
2 0.6146666666666667 0.20550000000000002 0.013333333333333332 0.011
2 0.8153333333333334 0.34025 0.026666666666666665 0.0145
3 0.174 0.712 0.12 0.075
3 1.0136666666666667 0.16375 0.041999999999999996 0.0095
3 1.0173333333333332 0.16 0.05333333333333333 0.012
3 1.0376666666666667 0.1555 0.041999999999999996 0.012
4 1.0396666666666667 0.1455 0.03666666666666667 0.013000000000000001
3 1.027 0.14425 0.035333333333333335 0.0105
4 1.052 0.1355 0.042666666666666665 0.008
3 1.044 0.1405 0.03866666666666667 0.009000000000000001
3 1.0943333333333334 0.0755 0.016666666666666666 0.01
3 1.1019999999999999 0.07075000000000001 0.014666666666666666 0.0095
1 1.154 0.14975 0.009333333333333332 0.0095
2 1.154 0.15575 0.010666666666666666 0.0095
3 1.1303333333333332 0.06975 0.014 0.0095
3 1.154 0.07225 0.028 0.0155
3 1.152 0.059750000000000004 0.012 0.0075
3 0.029333333333333333 0.1225 0.028 0.012
3 0.044 0.12175 0.024 0.0115
3 0.06133333333333333 0.12175 0.024 0.0135
3 0.05333333333333333 0.1355 0.024 0.01
3 0.033999999999999996 0.13675 0.028 0.0115
