3 0.7690476190476191 0.7046428571428571 0.2523809523809524 0.08928571428571429
3 0.7942857142857143 0.5975 0.26857142857142857 0.08785714285714286
3 0.7952380952380952 0.48392857142857143 0.22095238095238096 0.08071428571428571
3 0.7342857142857143 0.4 0.23238095238095238 0.08428571428571428
3 0.5580952380952381 0.5832142857142857 0.12761904761904763 0.21214285714285713
3 0.37666666666666665 0.5617857142857143 0.12857142857142856 0.19642857142857142
4 0.40714285714285714 0.355 0.14952380952380953 0.18
3 0.3719047619047619 0.19392857142857142 0.1 0.13357142857142856
3 0.7638095238095238 0.3132142857142857 0.2361904761904762 0.085
3 0.7366666666666667 0.23535714285714285 0.2219047619047619 0.08071428571428571
3 0.710952380952381 0.16428571428571428 0.21619047619047618 0.07714285714285714
3 0.7123809523809523 0.08464285714285714 0.21142857142857144 0.085
3 0.5338095238095238 0.09428571428571429 0.11523809523809524 0.13714285714285715
3 1.0452380952380953 0.08178571428571428 0.18571428571428572 0.11928571428571429
