3 1.282994923857868 0.3914285714285714 0.14720812182741116 0.04285714285714286
4 0.43210659898477155 0.28464285714285714 0.12055837563451775 0.05357142857142857
3 0.30837563451776645 0.25035714285714283 0.11167512690355329 0.047857142857142855
3 0.8223350253807106 0.15892857142857142 0.10659898477157359 0.04071428571428572
4 1.439720812182741 0.2475 0.133248730964467 0.047857142857142855
3 1.276015228426396 0.21714285714285714 0.1281725888324873 0.04428571428571428
5 1.1288071065989846 0.1707142857142857 0.16370558375634517 0.06714285714285714
3 1.5888324873096444 0.21642857142857141 0.06598984771573603 0.03857142857142857
3 1.648477157360406 0.23107142857142857 0.048223350253807105 0.03785714285714286
3 1.3826142131979695 0.17214285714285715 0.06472081218274112 0.032857142857142856
3 1.3261421319796953 0.16357142857142856 0.06091370558375634 0.03428571428571429
3 1.270939086294416 0.15428571428571428 0.05964467005076142 0.03428571428571429
3 1.2271573604060912 0.145 0.06598984771573603 0.03857142857142857
3 1.1021573604060912 0.11892857142857143 0.06725888324873096 0.03357142857142857
3 1.1751269035532994 0.13357142857142856 0.06345177664974619 0.03428571428571429
3 1.6256345177664973 0.07321428571428572 0.13451776649746192 0.039285714285714285
3 1.7233502538071064 0.12678571428571428 0.10406091370558375 0.03642857142857143
3 1.0780456852791878 0.0075 0.10279187817258882 0.016428571428571428
5 1.3629441624365481 0.021785714285714287 0.21319796954314718 0.045
