3 1.4257614213197969 0.5510714285714285 0.03934010152284264 0.020714285714285713
3 1.534263959390863 0.49607142857142855 0.048223350253807105 0.03357142857142857
3 1.3115482233502538 0.4714285714285714 0.04187817258883248 0.024285714285714285
4 1.6180203045685277 0.3821428571428571 0.048223350253807105 0.02857142857142857
3 0.7601522842639593 0.46285714285714286 0.025380710659898477 0.027142857142857142
3 0.9105329949238578 0.29892857142857143 0.04441624365482233 0.015
4 0.9511421319796953 0.2760714285714286 0.04441624365482233 0.016428571428571428
3 1.1059644670050761 0.25285714285714284 0.03680203045685279 0.014285714285714285
3 1.2201776649746192 0.2646428571428571 0.04187817258883248 0.015
3 1.3534263959390862 0.215 0.03934010152284264 0.014285714285714285
3 1.1383248730964466 0.19714285714285715 0.04060913705583756 0.014285714285714285
3 1.1123096446700507 0.19 0.04187817258883248 0.012857142857142857
8 1.180203045685279 0.16142857142857142 0.09898477157360405 0.03
5 0.8045685279187816 0.21928571428571428 0.055837563451776644 0.02
4 0.6199238578680203 0.3425 0.049492385786802026 0.016428571428571428
3 0.6313451776649746 0.32785714285714285 0.04695431472081218 0.017142857142857144
3 0.5469543147208121 0.3275 0.04314720812182741 0.015
3 0.47842639593908626 0.31357142857142856 0.04060913705583756 0.014285714285714285
5 0.5342639593908629 0.30142857142857143 0.07106598984771573 0.024285714285714285
4 0.5361675126903553 0.26071428571428573 0.049492385786802026 0.015714285714285715
4 0.26586294416243655 0.23107142857142857 0.026649746192893398 0.02214285714285714
3 0.7442893401015228 0.01607142857142857 0.019035532994923856 0.016428571428571428
