5 0.5811688311688312 0.2617432150313152 0.04730983302411874 0.03705636743215031
5 0.6525974025974026 0.22546972860125258 0.0287569573283859 0.027139874739039664
5 0.7926716141001855 0.21946764091858034 0.06029684601113173 0.023486430062630476
5 0.7407235621521336 0.1983298538622129 0.01948051948051948 0.014613778705636741
5 0.7156771799628943 0.20146137787056365 0.036178107606679034 0.025052192066805843
5 0.6697588126159555 0.2038100208768267 0.029684601113172542 0.02139874739039666
5 0.9522263450834879 0.2781837160751566 0.15120593692022263 0.022964509394572022
5 0.9679962894248608 0.3431628392484342 0.15862708719851576 0.0360125260960334
5 1.1549165120593692 0.20798538622129434 0.01855287569573284 0.010960334029227557
5 1.3153988868274582 0.18710855949895613 0.022263450834879406 0.008872651356993735
5 1.2592764378478665 0.19284968684759915 0.0287569573283859 0.012004175365344467
1 1.427643784786642 0.23851774530271397 0.0055658627087198514 0.0031315240083507304
1 1.4253246753246753 0.2387787056367432 0.006493506493506494 0.004697286012526096
6 1.4267161410018554 0.2398225469728601 0.012987012987012988 0.007828810020876827
6 1.5338589981447124 0.24138830897703548 0.03803339517625232 0.008872651356993735
3 1.5667903525046383 0.24530271398747389 0.029684601113172542 0.006263048016701461
3 1.5742115027829313 0.24843423799582462 0.03153988868274583 0.008350730688935281
3 1.5844155844155845 0.24973903966597075 0.03710575139146568 0.008872651356993735
4 1.6117810760667903 0.2549582463465553 0.036178107606679034 0.008872651356993735
4 1.6187384044526902 0.2567849686847599 0.029684601113172542 0.0073068893528183704
4 1.62012987012987 0.25234864300626303 0.03246753246753247 0.008872651356993735
4 1.614100185528757 0.2473903966597077 0.020408163265306124 0.010438413361169102
4 1.5839517625231911 0.25365344467640916 0.030612244897959183 0.009394572025052192
3 1.660482374768089 0.2520876826722338 0.04081632653061225 0.009394572025052192
3 1.6474953617810761 0.25730688935281837 0.029684601113172542 0.0073068893528183704
3 1.6623376623376624 0.26017745302713985 0.04267161410018553 0.009916492693110646
3 1.5992578849721708 0.2625260960334029 0.03339517625231911 0.008350730688935281
4 1.6076066790352506 0.2653966597077244 0.04267161410018553 0.010960334029227557
4 1.6187384044526902 0.2693110647181628 0.03710575139146568 0.011482254697286011
4 1.62708719851577 0.27113778705636743 0.027829313543599257 0.009916492693110646
5 1.6428571428571428 0.26304801670146133 0.04081632653061225 0.011482254697286011
3 1.646103896103896 0.2674843423799582 0.03432282003710575 0.012004175365344467
4 1.6641929499072357 0.26983298538622125 0.0352504638218924 0.010438413361169102
5 1.7003710575139146 0.26487473903966596 0.027829313543599257 0.015135699373695197
5 1.7156771799628943 0.27426931106471814 0.08441558441558442 0.01826722338204593
3 1.7203153988868274 0.2719206680584551 0.045454545454545456 0.009394572025052192
5 1.7017625231910947 0.2807933194154488 0.06957328385899815 0.015657620041753653
5 1.7068645640074211 0.2768789144050104 0.09647495361781076 0.015135699373695197
3 1.7337662337662338 0.28862212943632565 0.04267161410018553 0.011482254697286011
5 1.2161410018552876 0.14665970772442588 0.014842300556586271 0.009394572025052192
9 0.5890538033395176 0.4021398747390396 0.02411873840445269 0.009916492693110646
5 0.5069573283858998 0.40031315240083504 0.1326530612244898 0.026096033402922752
6 0.5746753246753247 0.4248434237995824 0.03803339517625232 0.011482254697286011
