3 0.28109137055837563 0.48214285714285715 0.06218274111675126 0.055714285714285716
3 0.17322335025380708 0.36214285714285716 0.049492385786802026 0.032857142857142856
3 0.11294416243654821 0.32071428571428573 0.04060913705583756 0.025714285714285714
4 0.38071065989847713 0.3296428571428571 0.04314720812182741 0.039285714285714285
5 0.3064720812182741 0.27714285714285714 0.05710659898477157 0.055714285714285716
4 0.37182741116751267 0.2382142857142857 0.035532994923857864 0.030714285714285715
3 0.2182741116751269 0.23214285714285715 0.03807106598984771 0.018571428571428572
3 0.30837563451776645 0.17785714285714285 0.027918781725888322 0.017142857142857144
3 0.3496192893401015 0.15142857142857144 0.024111675126903553 0.017142857142857144
8 0.18527918781725886 0.14642857142857144 0.04314720812182741 0.04428571428571428
3 0.23921319796954313 0.15964285714285714 0.024111675126903553 0.015
3 0.3045685279187817 0.14714285714285713 0.02030456852791878 0.014285714285714285
3 0.3426395939086294 0.12321428571428572 0.017766497461928932 0.012142857142857143
3 0.3045685279187817 0.12142857142857143 0.02284263959390863 0.017142857142857144
4 0.3362944162436548 0.10071428571428571 0.02030456852791878 0.012857142857142857
3 0.7677664974619288 0.2935714285714286 0.04060913705583756 0.02
3 0.7944162436548222 0.3246428571428571 0.06091370558375634 0.02214285714285714
3 0.7823604060913705 0.3532142857142857 0.05710659898477157 0.029285714285714286
4 0.9073604060913705 0.2932142857142857 0.04314720812182741 0.025
4 0.6548223350253807 0.20642857142857143 0.035532994923857864 0.02
3 1.1713197969543145 0.5239285714285714 0.07868020304568528 0.04642857142857143
3 1.1618020304568526 0.38857142857142857 0.08502538071065989 0.018571428571428572
3 1.163705583756345 0.37214285714285716 0.07868020304568528 0.015714285714285715
3 1.182741116751269 0.3578571428571429 0.08629441624365482 0.02
3 1.296954314720812 0.3489285714285714 0.07614213197969542 0.019285714285714285
4 1.2144670050761421 0.3182142857142857 0.06345177664974619 0.02214285714285714
3 1.421954314720812 0.295 0.052030456852791875 0.018571428571428572
3 1.4321065989847714 0.27214285714285713 0.06725888324873096 0.02
3 1.589467005076142 0.32285714285714284 0.06725888324873096 0.02
3 1.5171319796954315 0.33035714285714285 0.06979695431472081 0.025
3 1.4949238578680202 0.31892857142857145 0.05837563451776649 0.020714285714285713
3 1.532994923857868 0.3075 0.06091370558375634 0.017857142857142856
3 1.5107868020304567 0.2982142857142857 0.06218274111675126 0.013571428571428571
3 1.4777918781725887 0.2892857142857143 0.05456852791878172 0.017142857142857144
3 0.9428934010152283 0.1382142857142857 0.032994923857868015 0.009285714285714286
3 0.6104060913705583 0.21035714285714285 0.027918781725888322 0.015
3 0.6408629441624365 0.15107142857142858 0.04568527918781726 0.012142857142857143
3 0.3356598984771573 0.08464285714285714 0.016497461928934008 0.009285714285714286
3 0.30583756345177665 0.08714285714285715 0.017766497461928932 0.011428571428571429
3 0.26586294416243655 0.07357142857142857 0.013959390862944161 0.008571428571428572
9 0.23921319796954313 0.0725 0.011421319796954314 0.007857142857142858
3 0.24999999999999997 0.061785714285714284 0.017766497461928932 0.009285714285714286
3 0.28172588832487305 0.054642857142857146 0.015228426395939085 0.007857142857142858
5 0.4232233502538071 0.11571428571428571 0.019035532994923856 0.015714285714285715
3 0.3362944162436548 0.07107142857142858 0.015228426395939085 0.007857142857142858
3 0.3439086294416243 0.06 0.012690355329949238 0.008571428571428572
3 0.30901015228426393 0.06714285714285714 0.016497461928934008 0.011428571428571429
3 0.324238578680203 0.0475 0.013959390862944161 0.009285714285714286
3 0.30901015228426393 0.03428571428571429 0.011421319796954314 0.007142857142857143
3 0.282994923857868 0.04071428571428572 0.012690355329949238 0.007142857142857143
3 0.3343908629441624 0.019642857142857142 0.011421319796954314 0.0064285714285714285
3 0.3115482233502538 0.022857142857142857 0.013959390862944161 0.005714285714285714
3 0.2709390862944162 0.004642857142857143 0.011421319796954314 0.0064285714285714285
3 0.2614213197969543 0.010357142857142856 0.012690355329949238 0.009285714285714286
8 0.2506345177664974 0.02142857142857143 0.019035532994923856 0.015714285714285715
8 0.1751269035532995 0.02642857142857143 0.02284263959390863 0.014285714285714285
3 1.2671319796954315 0.08607142857142858 0.029187817258883246 0.009285714285714286
5 1.4035532994923856 0.15392857142857141 0.07106598984771573 0.03642857142857143
3 0.050761421319796954 0.24642857142857144 0.04314720812182741 0.017142857142857144
4 0.02093908629441624 0.26785714285714285 0.03426395939086294 0.02142857142857143
3 1.2227157360406091 0.28785714285714287 0.03934010152284264 0.015714285714285715
3 0.7360406091370558 0.37535714285714283 0.07360406091370558 0.02214285714285714
4 0.7709390862944162 0.17285714285714285 0.031725888324873094 0.017142857142857144
3 0.9365482233502538 0.12428571428571429 0.027918781725888322 0.01
3 0.958756345177665 0.12321428571428572 0.026649746192893398 0.010714285714285714
3 0.9752538071065989 0.12107142857142857 0.029187817258883246 0.010714285714285714
3 1.2347715736040608 0.0825 0.025380710659898477 0.007857142857142858
3 1.2265228426395938 0.08035714285714286 0.026649746192893398 0.007857142857142858
3 1.188451776649746 0.053214285714285714 0.021573604060913704 0.007857142857142858
3 1.2005076142131978 0.05178571428571429 0.027918781725888322 0.007857142857142858
3 1.2005076142131978 0.075 0.027918781725888322 0.007142857142857143
