8 0.266497461928934 0.16285714285714287 0.19289340101522842 0.12428571428571429
4 0.40736040609137053 0.19321428571428573 0.07360406091370558 0.047857142857142855
8 0.6808375634517766 0.11285714285714285 0.16370558375634517 0.13142857142857142
3 0.5380710659898477 0.02142857142857143 0.053299492385786795 0.03857142857142857
4 0.5678934010152283 0.11857142857142858 0.06725888324873096 0.03857142857142857
3 0.5063451776649746 0.06392857142857143 0.05837563451776649 0.04357142857142857
3 0.6503807106598984 0.17142857142857143 0.06979695431472081 0.047142857142857146
4 0.7208121827411167 0.2342857142857143 0.06345177664974619 0.041428571428571426
4 0.8140862944162436 0.23392857142857143 0.0748730964467005 0.05357142857142857
3 0.8236040609137055 0.30964285714285716 0.08121827411167512 0.05357142857142857
9 0.9168781725888324 0.3003571428571429 0.031725888324873094 0.025
1 0.9225888324873096 0.30178571428571427 0.017766497461928932 0.010714285714285714
4 0.9815989847715735 0.3603571428571429 0.08756345177664974 0.05928571428571429
4 0.9841370558375634 0.43 0.09263959390862943 0.06285714285714286
4 1.1123096446700507 0.45535714285714285 0.09010152284263959 0.05785714285714286
4 1.2417512690355328 0.5496428571428571 0.05964467005076142 0.023571428571428573
3 1.145939086294416 0.5457142857142857 0.07360406091370558 0.03142857142857143
3 1.440989847715736 0.5228571428571429 0.09010152284263959 0.06857142857142857
5 1.3730964467005076 0.4375 0.17258883248730963 0.09928571428571428
5 1.157994923857868 0.3367857142857143 0.1484771573604061 0.10071428571428571
5 1.2347715736040608 0.32607142857142857 0.16751269035532992 0.12785714285714286
5 1.3350253807106598 0.3342857142857143 0.20304568527918782 0.14714285714285713
3 1.012690355329949 0.2332142857142857 0.08375634517766496 0.03642857142857143
3 0.9796954314720812 0.21 0.09137055837563451 0.03571428571428571
3 0.9530456852791878 0.18607142857142858 0.09898477157360405 0.04071428571428572
3 0.8527918781725887 0.12678571428571428 0.07106598984771573 0.029285714285714286
3 0.8927664974619288 0.145 0.08756345177664974 0.037142857142857144
3 0.7760152284263959 0.045 0.07233502538071065 0.03428571428571429
3 0.7982233502538071 0.06392857142857143 0.07360406091370558 0.03214285714285714
4 0.822969543147208 0.08107142857142857 0.08502538071065989 0.039285714285714285
