9 0.6090476190476191 0.5242857142857142 0.018095238095238095 0.022857142857142857
1 0.6090476190476191 0.5292857142857142 0.006666666666666666 0.008571428571428572
1 0.6123809523809524 0.5260714285714285 0.007619047619047619 0.009285714285714286
8 0.6676190476190477 0.2571428571428571 0.03428571428571429 0.032857142857142856
3 0.6842857142857143 0.24285714285714285 0.012380952380952381 0.011428571428571429
3 0.5466666666666666 0.24464285714285713 0.015238095238095238 0.010714285714285714
3 0.5328571428571428 0.24392857142857144 0.014285714285714285 0.010714285714285714
4 0.5185714285714286 0.2425 0.01619047619047619 0.010714285714285714
5 0.7352380952380952 0.23714285714285716 0.013333333333333332 0.012857142857142857
3 0.7633333333333333 0.24357142857142858 0.023809523809523808 0.008571428571428572
3 0.7647619047619048 0.23857142857142857 0.022857142857142857 0.008571428571428572
3 0.7485714285714286 0.23107142857142857 0.009523809523809525 0.007857142857142858
3 0.731904761904762 0.2092857142857143 0.008571428571428572 0.007142857142857143
5 0.7228571428571429 0.14214285714285715 0.007619047619047619 0.008571428571428572
8 0.7285714285714285 0.12857142857142856 0.007619047619047619 0.008571428571428572
5 0.7176190476190476 0.10428571428571429 0.023809523809523808 0.007142857142857143
3 0.9623809523809523 0.21821428571428572 0.023809523809523808 0.007857142857142858
3 0.9166666666666666 0.21678571428571428 0.01619047619047619 0.007857142857142858
3 0.8947619047619048 0.23107142857142857 0.012380952380952381 0.009285714285714286
3 0.9071428571428571 0.23107142857142857 0.014285714285714285 0.009285714285714286
3 0.9666666666666667 0.2342857142857143 0.015238095238095238 0.01
4 0.9795238095238096 0.23214285714285715 0.01619047619047619 0.012857142857142857
3 0.9933333333333333 0.2342857142857143 0.015238095238095238 0.008571428571428572
3 1.0066666666666666 0.2325 0.015238095238095238 0.009285714285714286
4 1.0304761904761905 0.23107142857142857 0.01904761904761905 0.010714285714285714
3 0.849047619047619 0.14857142857142858 0.012380952380952381 0.004285714285714286
3 1.0685714285714285 0.21357142857142858 0.013333333333333332 0.007142857142857143
4 1.0509523809523809 0.20142857142857143 0.012380952380952381 0.007142857142857143
4 1.0414285714285714 0.19642857142857142 0.012380952380952381 0.007142857142857143
4 1.029047619047619 0.18928571428571428 0.012380952380952381 0.005714285714285714
