5 0.6421319796954315 0.5285714285714286 0.07360406091370558 0.05714285714285714
5 0.5380710659898477 0.505 0.07106598984771573 0.07571428571428572
2 1.2918781725888324 0.4614285714285714 0.025380710659898477 0.03428571428571429
3 0.12246192893401014 0.25785714285714284 0.08756345177664974 0.018571428571428572
8 0.04441624365482233 0.4785714285714286 0.09137055837563451 0.07428571428571429
8 0.47906091370558374 0.4160714285714286 0.41243654822335024 0.12071428571428572
8 0.9168781725888324 0.3757142857142857 0.25507614213197966 0.07857142857142857
4 1.2024111675126903 0.2892857142857143 0.1281725888324873 0.037142857142857144
9 1.1034263959390862 0.37035714285714283 0.04187817258883248 0.03357142857142857
9 1.133248730964467 0.3692857142857143 0.032994923857868015 0.02857142857142857
9 1.1522842639593909 0.36464285714285716 0.04568527918781726 0.03214285714285714
9 1.1890862944162435 0.35642857142857143 0.04314720812182741 0.032857142857142856
9 1.2163705583756343 0.35678571428571426 0.049492385786802026 0.027857142857142858
9 1.2309644670050761 0.355 0.04314720812182741 0.032857142857142856
9 1.258248730964467 0.3517857142857143 0.04695431472081218 0.035
9 1.274746192893401 0.35035714285714287 0.049492385786802026 0.030714285714285715
9 1.28997461928934 0.34785714285714286 0.049492385786802026 0.03571428571428571
9 1.3039340101522843 0.34714285714285714 0.04187817258883248 0.032857142857142856
9 1.324238578680203 0.3457142857142857 0.04695431472081218 0.032857142857142856
4 1.57994923857868 0.30892857142857144 0.12944162436548223 0.04071428571428572
1 1.2214467005076142 0.24607142857142858 0.011421319796954314 0.012142857142857143
4 0.9010152284263959 0.08285714285714285 0.02284263959390863 0.012857142857142857
3 0.9340101522842639 0.08607142857142858 0.02284263959390863 0.009285714285714286
3 1.0513959390862944 0.05964285714285714 0.016497461928934008 0.010714285714285714
4 1.049492385786802 0.04642857142857143 0.012690355329949238 0.011428571428571429
4 0.9371827411167512 0.04607142857142857 0.016497461928934008 0.010714285714285714
3 0.9200507614213197 0.04107142857142857 0.012690355329949238 0.007857142857142858
3 0.9441624365482233 0.041428571428571426 0.015228426395939085 0.007142857142857143
3 0.9854060913705583 0.04214285714285714 0.013959390862944161 0.008571428571428572
4 1.04251269035533 0.011428571428571429 0.011421319796954314 0.007142857142857143
4 1.0450507614213198 0.0075 0.011421319796954314 0.009285714285714286
4 1.0456852791878173 0.004642857142857143 0.01015228426395939 0.007857142857142858
