4 1.1503807106598984 0.4692857142857143 0.08248730964467005 0.08
4 0.8121827411167513 0.3357142857142857 0.053299492385786795 0.05285714285714286
4 0.6706852791878172 0.21428571428571427 0.049492385786802026 0.04
3 0.7176395939086294 0.4932142857142857 0.06218274111675126 0.060714285714285714
3 0.9898477157360406 0.011428571428571429 0.035532994923857864 0.024285714285714285
3 0.8045685279187816 0.023928571428571428 0.032994923857868015 0.020714285714285713
5 0.7227157360406091 0.027857142857142858 0.04441624365482233 0.041428571428571426
3 1.722715736040609 0.4407142857142857 0.08756345177664974 0.06
4 1.5907360406091369 0.30785714285714283 0.05964467005076142 0.04
5 1.508248730964467 0.2882142857142857 0.10786802030456852 0.08928571428571429
5 1.5393401015228425 0.24928571428571428 0.08629441624365482 0.06857142857142857
5 1.633248730964467 0.1732142857142857 0.10913705583756345 0.04071428571428572
3 1.546954314720812 0.17535714285714285 0.07360406091370558 0.017857142857142856
4 1.4530456852791878 0.1692857142857143 0.048223350253807105 0.03571428571428571
4 1.4143401015228425 0.18607142857142858 0.052030456852791875 0.03785714285714286
4 1.5437817258883249 0.16285714285714287 0.06979695431472081 0.02
4 1.515228426395939 0.13357142857142856 0.07868020304568528 0.022857142857142857
4 1.4898477157360406 0.12214285714285714 0.06091370558375634 0.018571428571428572
4 1.5507614213197969 0.10892857142857143 0.06345177664974619 0.017857142857142856
5 1.6294416243654821 0.155 0.11928934010152284 0.03571428571428571
1 0.383248730964467 0.385 0.035532994923857864 0.011428571428571429
1 0.39530456852791873 0.33 0.026649746192893398 0.017142857142857144
1 0.40164974619289334 0.19535714285714287 0.013959390862944161 0.013571428571428571
3 1.401015228426396 0.12178571428571429 0.035532994923857864 0.029285714285714286
5 1.380710659898477 0.08214285714285714 0.048223350253807105 0.041428571428571426
3 1.581218274111675 0.13071428571428573 0.04314720812182741 0.017142857142857144
3 1.3401015228426394 0.21214285714285713 0.04568527918781726 0.03428571428571429
3 1.3350253807106598 0.24892857142857142 0.04060913705583756 0.027857142857142858
3 1.421954314720812 0.2982142857142857 0.04187817258883248 0.04071428571428572
1 0.48667512690355325 0.16357142857142856 0.008883248730964466 0.007142857142857143
1 0.47715736040609136 0.16714285714285715 0.0076142131979695426 0.008571428571428572
1 0.44543147208121825 0.31 0.017766497461928932 0.008571428571428572
1 0.424492385786802 0.30428571428571427 0.013959390862944161 0.008571428571428572
1 0.46573604060913704 0.3967857142857143 0.015228426395939085 0.010714285714285714
1 0.4777918781725888 0.4035714285714286 0.016497461928934008 0.01
1 0.34581218274111675 0.4760714285714286 0.013959390862944161 0.012142857142857143
3 1.5628172588832485 0.12035714285714286 0.0748730964467005 0.017857142857142856
1 0.29568527918781723 0.37642857142857145 0.015228426395939085 0.011428571428571429
