5 0.05285714285714286 0.2907142857142857 0.06380952380952382 0.03
3 0.33666666666666667 0.2885714285714286 0.05619047619047619 0.017142857142857144
3 0.43 0.2507142857142857 0.04857142857142857 0.017142857142857144
3 0.7033333333333334 0.26535714285714285 0.018095238095238095 0.020714285714285713
3 0.6904761904761905 0.21928571428571428 0.02095238095238095 0.022857142857142857
3 0.7161904761904762 0.21857142857142858 0.022857142857142857 0.02142857142857143
3 0.7057142857142857 0.195 0.02095238095238095 0.02
3 0.7004761904761905 0.17464285714285716 0.02 0.019285714285714285
9 0.5404761904761904 0.15785714285714286 0.012380952380952381 0.007142857142857143
9 0.54 0.14392857142857143 0.013333333333333332 0.0064285714285714285
9 0.5404761904761904 0.13642857142857143 0.012380952380952381 0.007142857142857143
4 0.5485714285714286 0.1175 0.022857142857142857 0.013571428571428571
3 0.5519047619047619 0.08928571428571429 0.025714285714285714 0.01
9 0.6566666666666666 0.025714285714285714 0.002857142857142857 0.007142857142857143
1 0.6566666666666666 0.025 0.004761904761904762 0.005714285714285714
3 0.8476190476190476 0.0525 0.02095238095238095 0.009285714285714286
3 0.9214285714285714 0.12607142857142858 0.03142857142857143 0.015
3 0.861904761904762 0.4739285714285714 0.049523809523809526 0.04928571428571429
3 0.9585714285714285 0.5721428571428572 0.058095238095238096 0.05857142857142857
9 0.7895238095238095 0.48428571428571426 0.015238095238095238 0.027142857142857142
1 0.7880952380952381 0.4789285714285714 0.010476190476190476 0.013571428571428571
3 1.1252380952380951 0.09821428571428571 0.021904761904761906 0.013571428571428571
3 1.1757142857142857 0.12535714285714286 0.021904761904761906 0.012142857142857143
3 1.2557142857142858 0.12321428571428572 0.03142857142857143 0.010714285714285714
3 1.2257142857142858 0.11035714285714286 0.030476190476190476 0.010714285714285714
4 1.181904761904762 0.0975 0.030476190476190476 0.010714285714285714
