5 0.05095238095238095 0.31642857142857145 0.05047619047619047 0.03142857142857143
5 0.07 0.32142857142857145 0.04285714285714286 0.025714285714285714
5 0.08142857142857143 0.32535714285714284 0.037142857142857144 0.025
5 0.07952380952380952 0.38607142857142857 0.037142857142857144 0.02642857142857143
4 0.31047619047619046 0.31142857142857144 0.02857142857142857 0.011428571428571429
3 0.3476190476190476 0.3367857142857143 0.01904761904761905 0.013571428571428571
3 0.2523809523809524 0.3846428571428571 0.0380952380952381 0.012142857142857143
3 0.22904761904761906 0.4032142857142857 0.03142857142857143 0.012142857142857143
3 0.19857142857142857 0.43107142857142855 0.04476190476190476 0.013571428571428571
4 0.21095238095238095 0.415 0.040952380952380955 0.018571428571428572
3 0.7747619047619048 0.6771428571428572 0.03333333333333333 0.05
3 0.9480952380952381 0.6878571428571428 0.058095238095238096 0.045714285714285714
3 0.8690476190476191 0.5392857142857143 0.04857142857142857 0.02857142857142857
3 0.8504761904761905 0.5042857142857143 0.047619047619047616 0.025714285714285714
3 0.7242857142857143 0.46785714285714286 0.02 0.027142857142857142
3 0.8485714285714285 0.35 0.03428571428571429 0.011428571428571429
3 0.7852380952380953 0.2642857142857143 0.025714285714285714 0.01
3 0.819047619047619 0.30964285714285716 0.030476190476190476 0.010714285714285714
3 0.6961904761904761 0.2717857142857143 0.011428571428571429 0.010714285714285714
3 0.6333333333333333 0.28535714285714286 0.011428571428571429 0.013571428571428571
3 0.6523809523809524 0.2875 0.011428571428571429 0.012142857142857143
5 0.659047619047619 0.425 0.026666666666666665 0.041428571428571426
5 0.6938095238095238 0.3182142857142857 0.021904761904761906 0.02214285714285714
5 0.7147619047619047 0.30607142857142855 0.01619047619047619 0.019285714285714285
5 0.6904761904761905 0.23892857142857143 0.015238095238095238 0.02214285714285714
5 0.6676190476190477 0.22678571428571428 0.013333333333333332 0.015
5 0.6761904761904762 0.20107142857142857 0.011428571428571429 0.013571428571428571
5 0.6604761904761904 0.19142857142857142 0.012380952380952381 0.012857142857142857
5 0.6704761904761904 0.17857142857142858 0.011428571428571429 0.014285714285714285
5 0.63 0.16607142857142856 0.010476190476190476 0.017857142857142856
5 0.6628571428571428 0.15178571428571427 0.009523809523809525 0.013571428571428571
5 0.6533333333333333 0.16214285714285714 0.011428571428571429 0.015714285714285715
5 0.638095238095238 0.18642857142857142 0.013333333333333332 0.02857142857142857
8 0.6704761904761904 0.2507142857142857 0.017142857142857144 0.027142857142857142
8 0.6428571428571429 0.2532142857142857 0.015238095238095238 0.029285714285714286
4 0.7028571428571428 0.2867857142857143 0.013333333333333332 0.015
3 0.8380952380952381 0.34285714285714286 0.03238095238095238 0.011428571428571429
3 0.8352380952380952 0.33535714285714285 0.030476190476190476 0.010714285714285714
3 0.8328571428571429 0.3292857142857143 0.03333333333333333 0.01
3 0.8285714285714286 0.32107142857142856 0.030476190476190476 0.009285714285714286
3 0.699047619047619 0.18821428571428572 0.009523809523809525 0.0064285714285714285
3 0.6395238095238095 0.21714285714285714 0.010476190476190476 0.008571428571428572
3 0.6638095238095238 0.21 0.009523809523809525 0.008571428571428572
3 0.6795238095238095 0.21535714285714286 0.008571428571428572 0.0064285714285714285
3 0.6795238095238095 0.22321428571428573 0.008571428571428572 0.007857142857142858
3 0.6595238095238095 0.20214285714285715 0.008571428571428572 0.007142857142857143
3 0.6561904761904762 0.18107142857142858 0.005714285714285714 0.0064285714285714285
3 0.6238095238095238 0.18071428571428572 0.007619047619047619 0.007142857142857143
3 0.7128571428571429 0.1717857142857143 0.008571428571428572 0.0064285714285714285
4 0.7133333333333334 0.2117857142857143 0.007619047619047619 0.009285714285714286
5 0.6742857142857143 0.18821428571428572 0.009523809523809525 0.010714285714285714
3 0.7004761904761905 0.18321428571428572 0.010476190476190476 0.0064285714285714285
3 0.6633333333333333 0.21892857142857142 0.008571428571428572 0.007857142857142858
3 0.6723809523809524 0.15321428571428572 0.005714285714285714 0.005
3 0.6271428571428571 0.15714285714285714 0.006666666666666666 0.004285714285714286
3 0.6352380952380953 0.16142857142857142 0.005714285714285714 0.005714285714285714
8 0.6361904761904762 0.12107142857142857 0.009523809523809525 0.009285714285714286
4 0.6290476190476191 0.125 0.006666666666666666 0.007142857142857143
5 0.5514285714285714 0.13107142857142856 0.013333333333333332 0.005
5 0.5295238095238095 0.13857142857142857 0.03619047619047619 0.01
5 0.5247619047619048 0.13714285714285715 0.03619047619047619 0.008571428571428572
5 0.4880952380952381 0.14142857142857143 0.025714285714285714 0.008571428571428572
3 0.030952380952380953 0.5703571428571429 0.05238095238095238 0.04071428571428572
4 0.09285714285714286 0.6089285714285714 0.05047619047619047 0.04214285714285714
4 0.06476190476190476 0.6025 0.045714285714285714 0.045
5 0.1219047619047619 0.5007142857142857 0.1219047619047619 0.07857142857142857
1 0.6276190476190476 0.44357142857142856 0.005714285714285714 0.008571428571428572
1 0.6209523809523809 0.45 0.0038095238095238095 0.007142857142857143
1 0.6266666666666667 0.4610714285714286 0.005714285714285714 0.007857142857142858
2 0.6271428571428571 0.44821428571428573 0.004761904761904762 0.009285714285714286
2 0.6261904761904762 0.4642857142857143 0.004761904761904762 0.01
2 0.6209523809523809 0.4542857142857143 0.0038095238095238095 0.01
2 0.7871428571428571 0.5175 0.004761904761904762 0.013571428571428571
1 0.7871428571428571 0.5164285714285715 0.006666666666666666 0.007142857142857143
