3 0.11666666666666667 0.5864285714285714 0.23523809523809525 0.27714285714285714
3 0.5247619047619048 0.5289285714285714 0.19428571428571428 0.25214285714285717
3 0.7271428571428571 0.5235714285714286 0.15523809523809523 0.18428571428571427
3 0.2633333333333333 0.365 0.20285714285714285 0.1742857142857143
3 0.3757142857142857 0.21964285714285714 0.14952380952380953 0.12071428571428572
3 0.6176190476190476 0.29035714285714287 0.13047619047619047 0.1492857142857143
3 0.7695238095238095 0.2775 0.10666666666666666 0.12214285714285714
3 1.0595238095238095 0.33535714285714285 0.1361904761904762 0.13785714285714284
3 1.009047619047619 0.195 0.12285714285714286 0.1
3 0.8052380952380952 0.06285714285714286 0.06952380952380953 0.05857142857142857
3 0.9619047619047619 0.044642857142857144 0.07047619047619047 0.04928571428571429
3 0.9728571428571429 0.09857142857142857 0.08857142857142856 0.06571428571428571
3 0.4719047619047619 0.13142857142857142 0.10571428571428572 0.07285714285714286
3 0.3385714285714286 0.06 0.1380952380952381 0.05
