1 0.8457142857142858 0.5278571428571428 0.026666666666666665 0.032857142857142856
1 0.7628571428571429 0.4707142857142857 0.022857142857142857 0.024285714285714285
1 0.8104761904761905 0.4135714285714286 0.02095238095238095 0.024285714285714285
1 0.47095238095238096 0.2717857142857143 0.010476190476190476 0.010714285714285714
1 0.5123809523809524 0.2982142857142857 0.011428571428571429 0.013571428571428571
1 0.5161904761904762 0.3107142857142857 0.015238095238095238 0.012857142857142857
9 0.8457142857142858 0.5314285714285715 0.04380952380952381 0.03428571428571429
9 0.7647619047619048 0.4775 0.03238095238095238 0.027857142857142858
9 0.8119047619047619 0.41964285714285715 0.03142857142857143 0.023571428571428573
9 0.5152380952380953 0.3182142857142857 0.015238095238095238 0.013571428571428571
9 0.5123809523809524 0.30107142857142855 0.017142857142857144 0.013571428571428571
9 0.4723809523809524 0.27714285714285714 0.011428571428571429 0.012857142857142857
3 0.6066666666666667 0.2375 0.04 0.016428571428571428
3 0.5485714285714286 0.22142857142857142 0.030476190476190476 0.012857142857142857
3 0.5157142857142857 0.20642857142857143 0.023809523809523808 0.012857142857142857
3 0.48142857142857143 0.1925 0.018095238095238095 0.010714285714285714
3 0.43 0.18892857142857142 0.03142857142857143 0.019285714285714285
9 0.4552380952380952 0.26285714285714284 0.011428571428571429 0.01
9 0.44952380952380955 0.2735714285714286 0.011428571428571429 0.011428571428571429
1 0.4542857142857143 0.25857142857142856 0.007619047619047619 0.008571428571428572
1 0.44952380952380955 0.26821428571428574 0.007619047619047619 0.009285714285714286
3 0.81 0.2567857142857143 0.040952380952380955 0.016428571428571428
3 0.7776190476190477 0.25035714285714283 0.03142857142857143 0.015
3 0.7623809523809524 0.28 0.04857142857142857 0.02142857142857143
3 0.9328571428571428 0.2914285714285714 0.06 0.025714285714285714
3 1.1171428571428572 0.3242857142857143 0.10095238095238095 0.04285714285714286
3 1.2423809523809524 0.34 0.11142857142857143 0.03142857142857143
9 0.8885714285714286 0.6489285714285714 0.03428571428571429 0.039285714285714285
1 0.8876190476190476 0.635 0.026666666666666665 0.032857142857142856
