5 0.6290476190476191 0.09714285714285714 0.008571428571428572 0.012857142857142857
5 0.6323809523809524 0.11571428571428571 0.011428571428571429 0.014285714285714285
9 0.3719047619047619 0.28714285714285714 0.004761904761904762 0.012857142857142857
9 0.6776190476190476 0.2817857142857143 0.004761904761904762 0.007857142857142858
1 0.6780952380952381 0.2789285714285714 0.0038095238095238095 0.0064285714285714285
1 0.37142857142857144 0.28714285714285714 0.007619047619047619 0.007142857142857143
3 0.9914285714285714 0.26035714285714284 0.01904761904761905 0.012142857142857143
3 0.93 0.2225 0.023809523809523808 0.009285714285714286
3 0.9166666666666666 0.21964285714285714 0.02 0.007857142857142858
3 0.9085714285714286 0.21321428571428572 0.026666666666666665 0.010714285714285714
3 0.9214285714285714 0.26285714285714284 0.03333333333333333 0.011428571428571429
5 0.3404761904761905 0.19785714285714287 0.037142857142857144 0.012857142857142857
4 0.4695238095238095 0.105 0.007619047619047619 0.005714285714285714
5 0.7538095238095238 0.1175 0.02 0.009285714285714286
5 0.05238095238095238 0.3007142857142857 0.06095238095238095 0.03142857142857143
5 0.508095238095238 0.09857142857142857 0.02 0.008571428571428572
