5 0.9423809523809524 0.6625 0.06380952380952382 0.15928571428571428
5 0.8561904761904762 0.6185714285714285 0.13714285714285715 0.21142857142857144
5 0.8338095238095238 0.5028571428571429 0.09238095238095238 0.1442857142857143
5 1.09 0.43285714285714283 0.06761904761904762 0.12571428571428572
5 1.049047619047619 0.37642857142857145 0.07523809523809524 0.14
5 0.8419047619047619 0.3742857142857143 0.1219047619047619 0.13428571428571429
5 0.9204761904761904 0.21107142857142858 0.06190476190476191 0.11928571428571429
5 1.0466666666666666 0.026785714285714284 0.06476190476190476 0.055
3 0.27476190476190476 0.010357142857142856 0.07523809523809524 0.02214285714285714
3 0.18095238095238095 0.010357142857142856 0.07047619047619047 0.02214285714285714
3 0.6133333333333333 0.1625 0.030476190476190476 0.062142857142857146
8 0.6757142857142857 0.021785714285714287 0.021904761904761906 0.045
2 0.7114285714285714 0.23142857142857143 0.009523809523809525 0.02
1 0.7119047619047619 0.22964285714285715 0.006666666666666666 0.013571428571428571
9 0.4280952380952381 0.38357142857142856 0.02761904761904762 0.011428571428571429
9 0.42714285714285716 0.3925 0.03142857142857143 0.010714285714285714
9 0.4261904761904762 0.40214285714285714 0.029523809523809525 0.012857142857142857
9 0.42714285714285716 0.415 0.02761904761904762 0.011428571428571429
9 0.4257142857142857 0.42678571428571427 0.030476190476190476 0.009285714285714286
9 0.4280952380952381 0.44821428571428573 0.03333333333333333 0.012142857142857143
9 0.42523809523809525 0.43607142857142855 0.029523809523809525 0.010714285714285714
9 0.4280952380952381 0.46035714285714285 0.029523809523809525 0.015
9 0.42904761904761907 0.4853571428571429 0.035238095238095235 0.010714285714285714
9 0.4257142857142857 0.4967857142857143 0.03619047619047619 0.010714285714285714
9 0.3942857142857143 0.40714285714285714 0.011428571428571429 0.022857142857142857
9 0.36666666666666664 0.5089285714285714 0.03238095238095238 0.010714285714285714
9 0.36666666666666664 0.5196428571428572 0.03428571428571429 0.012142857142857143
9 0.39285714285714285 0.5 0.03333333333333333 0.011428571428571429
9 0.39714285714285713 0.5089285714285714 0.026666666666666665 0.007857142857142858
9 0.39476190476190476 0.5189285714285714 0.029523809523809525 0.010714285714285714
9 0.42666666666666664 0.5182142857142857 0.02857142857142857 0.012142857142857143
9 0.42904761904761907 0.5067857142857143 0.03333333333333333 0.009285714285714286
