3 0.7753807106598984 0.16 0.025380710659898477 0.02142857142857143
3 0.9340101522842639 0.08642857142857142 0.02284263959390863 0.018571428571428572
3 0.9098984771573604 0.05357142857142857 0.02030456852791878 0.015714285714285715
8 1.0336294416243654 0.4610714285714286 0.06218274111675126 0.08214285714285714
4 0.8870558375634517 0.3757142857142857 0.032994923857868015 0.04428571428571428
4 1.1281725888324872 0.2671428571428571 0.035532994923857864 0.03571428571428571
4 1.189720812182741 0.15071428571428572 0.05710659898477157 0.018571428571428572
4 1.298223350253807 0.14535714285714285 0.05837563451776649 0.016428571428571428
3 1.373730964467005 0.1425 0.05456852791878172 0.013571428571428571
3 1.3813451776649746 0.15428571428571428 0.052030456852791875 0.014285714285714285
4 1.5970812182741116 0.13071428571428573 0.05964467005076142 0.017142857142857144
3 1.7170050761421318 0.20857142857142857 0.07106598984771573 0.014285714285714285
3 1.697969543147208 0.1332142857142857 0.048223350253807105 0.012142857142857143
3 1.6522842639593907 0.12821428571428573 0.04568527918781726 0.012142857142857143
3 1.7138324873096444 0.12392857142857143 0.05710659898477157 0.010714285714285714
4 0.7626903553299492 0.02642857142857143 0.02030456852791878 0.014285714285714285
3 1.4213197969543145 0.30642857142857144 0.04060913705583756 0.027142857142857142
