3 0.3743333333333333 0.677 0.13133333333333333 0.096
3 0.5006666666666667 0.68875 0.12533333333333332 0.1145
3 0.5546666666666666 0.5750000000000001 0.12266666666666666 0.08
3 0.7546666666666666 0.61625 0.11466666666666667 0.0945
3 0.6426666666666666 0.6985 0.14666666666666667 0.10200000000000001
3 0.843 0.5387500000000001 0.08866666666666666 0.0695
3 0.9043333333333333 0.48175 0.082 0.0635
3 0.7943333333333333 0.4185 0.06866666666666667 0.051000000000000004
3 0.999 0.398 0.056666666666666664 0.043000000000000003
3 0.9523333333333333 0.31525000000000003 0.049999999999999996 0.0335
6 0.844 0.37575000000000003 0.028 0.0205
2 0.9159999999999999 0.3335 0.012 0.017
5 1.039 0.3555 0.06733333333333333 0.051000000000000004
4 1.101 0.301 0.043333333333333335 0.033
3 1.1226666666666667 0.28625 0.03733333333333333 0.0275
5 1.0326666666666666 0.26725 0.05733333333333333 0.0315
3 1.1476666666666666 0.26525 0.03666666666666667 0.0225
2 1.0666666666666667 0.245 0.02 0.011
2 1.0733333333333333 0.23925000000000002 0.021333333333333333 0.0115
2 1.038 0.24475 0.016 0.0125
3 1.0896666666666666 0.2315 0.033999999999999996 0.017
4 1.166 0.24175 0.036 0.0245
3 1.1856666666666666 0.23325 0.02733333333333333 0.0185
3 1.1966666666666665 0.222 0.028 0.016
3 1.204 0.21075 0.026666666666666665 0.0165
3 1.218 0.20175 0.024 0.0145
3 1.2286666666666666 0.192 0.025333333333333333 0.014
2 1.1173333333333333 0.21125 0.018666666666666665 0.0075
1 1.1193333333333333 0.2085 0.012 0.011
2 1.1243333333333334 0.20725000000000002 0.026 0.0075
2 1.1296666666666666 0.20500000000000002 0.02333333333333333 0.008
4 1.154 0.18925 0.025333333333333333 0.0185
3 1.1663333333333332 0.1815 0.020666666666666667 0.013000000000000001
4 1.1646666666666665 0.17550000000000002 0.044 0.013000000000000001
3 1.1836666666666666 0.171 0.019333333333333334 0.011
3 1.162 0.1695 0.021333333333333333 0.01
2 1.2476666666666667 0.17775 0.012666666666666666 0.0085
1 1.2476666666666667 0.176 0.007333333333333333 0.01
3 1.2683333333333333 0.17250000000000001 0.043333333333333335 0.011
3 1.2583333333333333 0.1665 0.020666666666666667 0.012
3 1.1833333333333333 0.156 0.018666666666666665 0.01
9 1.226 0.1585 0.006666666666666666 0.008
1 1.2269999999999999 0.1565 0.004666666666666666 0.008
3 1.212 0.15225 0.018666666666666665 0.0105
3 1.2206666666666666 0.1475 0.016 0.008
3 1.2273333333333334 0.14250000000000002 0.014666666666666666 0.009000000000000001
3 1.2383333333333333 0.1365 0.018 0.009000000000000001
5 1.2683333333333333 0.1575 0.016666666666666666 0.016
3 1.2776666666666667 0.14925 0.016666666666666666 0.0095
3 1.2843333333333333 0.14375000000000002 0.016666666666666666 0.0085
3 1.287 0.1395 0.014 0.008
3 1.2956666666666665 0.1345 0.014 0.008
3 1.149 0.15325 0.028666666666666667 0.0095
4 1.153 0.15 0.028666666666666667 0.011
3 1.158 0.149 0.03333333333333333 0.009000000000000001
3 1.1653333333333333 0.14525 0.03333333333333333 0.0095
4 1.2146666666666666 0.125 0.025333333333333333 0.011
3 1.2886666666666666 0.123 0.029333333333333333 0.007
5 1.2486666666666666 0.11675 0.030666666666666665 0.0135
3 1.2293333333333334 0.11825000000000001 0.02 0.006500000000000001
5 1.1973333333333334 0.116 0.03733333333333333 0.012
5 1.1596666666666666 0.11275 0.03933333333333333 0.0115
3 1.1313333333333333 0.11375 0.018666666666666665 0.006500000000000001
4 1.1076666666666666 0.132 0.018 0.011
4 1.0959999999999999 0.123 0.021333333333333333 0.006
3 1.1423333333333332 0.105 0.018 0.006
4 0.037 0.234 0.054 0.022
4 0.06166666666666666 0.21625 0.03 0.0195
4 0.10233333333333333 0.21925 0.026 0.0175
4 0.156 0.212 0.025333333333333333 0.016
5 0.08833333333333333 0.2135 0.024666666666666667 0.016
5 0.11166666666666666 0.21075 0.024666666666666667 0.0155
5 0.13133333333333333 0.21175 0.04666666666666666 0.0265
5 0.21033333333333332 0.20075 0.03933333333333333 0.0245
5 0.2563333333333333 0.19375 0.04066666666666666 0.021500000000000002
5 0.24533333333333332 0.20725000000000002 0.06133333333333333 0.0195
3 0.164 0.20275 0.025333333333333333 0.0135
3 0.193 0.1985 0.026 0.014
3 0.236 0.19125 0.025333333333333333 0.0135
4 0.28099999999999997 0.19325 0.03266666666666666 0.0185
5 0.307 0.192 0.03 0.014
5 0.107 0.197 0.056666666666666664 0.015
6 0.045 0.185 0.022 0.012
2 0.06666666666666667 0.18525 0.009333333333333332 0.0095
3 0.14766666666666667 0.1855 0.03133333333333333 0.012
4 0.18466666666666667 0.185 0.03733333333333333 0.014
3 0.364 0.1795 0.021333333333333333 0.011
4 0.4066666666666667 0.184 0.042666666666666665 0.014
4 0.44866666666666666 0.17575000000000002 0.032 0.0125
4 0.517 0.17550000000000002 0.033999999999999996 0.012
4 0.5803333333333334 0.15725 0.014 0.0165
4 0.6116666666666667 0.15875 0.020666666666666667 0.0125
5 0.598 0.1535 0.030666666666666665 0.011
3 0.6383333333333333 0.148 0.028666666666666667 0.009000000000000001
3 0.6623333333333333 0.153 0.028666666666666667 0.01
4 0.729 0.137 0.024666666666666667 0.009000000000000001
3 0.715 0.133 0.020666666666666667 0.008
1 0.5366666666666666 0.32525 0.014666666666666666 0.0135
5 1.1096666666666666 0.1015 0.026 0.01
