1 0.39 0.5582142857142857 0.014285714285714285 0.025
2 0.38857142857142857 0.5660714285714286 0.030476190476190476 0.020714285714285713
4 1.0223809523809524 0.6060714285714286 0.10761904761904761 0.047857142857142855
3 1.2133333333333334 0.5321428571428571 0.04380952380952381 0.025714285714285714
3 0.8228571428571428 0.5814285714285714 0.0419047619047619 0.04285714285714286
3 0.6566666666666666 0.5417857142857143 0.05238095238095238 0.027857142857142858
3 0.7119047619047619 0.44 0.02 0.007142857142857143
3 0.7519047619047619 0.4421428571428571 0.02761904761904762 0.008571428571428572
3 0.8038095238095239 0.4392857142857143 0.02095238095238095 0.007142857142857143
3 0.7919047619047619 0.43285714285714283 0.012380952380952381 0.005714285714285714
3 0.8414285714285714 0.4382142857142857 0.014285714285714285 0.0064285714285714285
3 0.8509523809523809 0.4357142857142857 0.014285714285714285 0.007142857142857143
3 0.8680952380952381 0.4332142857142857 0.012380952380952381 0.0064285714285714285
3 0.8561904761904762 0.43285714285714283 0.011428571428571429 0.007142857142857143
3 0.8580952380952381 0.4275 0.01904761904761905 0.005
4 0.861904761904762 0.42607142857142855 0.013333333333333332 0.005
3 0.8623809523809524 0.4257142857142857 0.014285714285714285 0.005714285714285714
3 0.8866666666666667 0.4278571428571429 0.009523809523809525 0.005714285714285714
3 0.900952380952381 0.4228571428571429 0.009523809523809525 0.005714285714285714
3 0.9252380952380952 0.425 0.008571428571428572 0.004285714285714286
3 0.8609523809523809 0.5257142857142857 0.0380952380952381 0.022857142857142857
3 0.888095238095238 0.5025 0.029523809523809525 0.019285714285714285
3 0.9019047619047619 0.48892857142857143 0.026666666666666665 0.016428571428571428
3 0.9647619047619047 0.4164285714285714 0.007619047619047619 0.004285714285714286
3 0.9476190476190476 0.4160714285714286 0.005714285714285714 0.0035714285714285713
3 0.9714285714285714 0.4067857142857143 0.0038095238095238095 0.002142857142857143
3 0.9752380952380952 0.4057142857142857 0.0038095238095238095 0.0014285714285714286
3 1.2333333333333334 0.7228571428571429 0.09904761904761905 0.05285714285714286
1 1.130952380952381 0.4475 0.004761904761904762 0.0064285714285714285
2 1.131904761904762 0.45071428571428573 0.004761904761904762 0.005714285714285714
3 1.0395238095238095 0.46285714285714286 0.01619047619047619 0.01
3 1.0366666666666666 0.45714285714285713 0.01619047619047619 0.008571428571428572
3 1.0047619047619047 0.4525 0.015238095238095238 0.009285714285714286
3 1.022857142857143 0.4375 0.011428571428571429 0.0064285714285714285
3 1.0452380952380953 0.43214285714285716 0.008571428571428572 0.005714285714285714
3 1.0809523809523809 0.4342857142857143 0.009523809523809525 0.005714285714285714
3 1.0395238095238095 0.4282142857142857 0.008571428571428572 0.005
3 1.0371428571428571 0.425 0.007619047619047619 0.004285714285714286
3 1.0352380952380953 0.42428571428571427 0.007619047619047619 0.005714285714285714
3 1.03 0.4207142857142857 0.006666666666666666 0.004285714285714286
3 1.0176190476190476 0.4278571428571429 0.006666666666666666 0.004285714285714286
3 1.019047619047619 0.4235714285714286 0.007619047619047619 0.004285714285714286
3 1.0142857142857142 0.4207142857142857 0.005714285714285714 0.004285714285714286
3 1.0147619047619048 0.4175 0.006666666666666666 0.0035714285714285713
3 1.0266666666666666 0.4185714285714286 0.005714285714285714 0.002857142857142857
3 1.0266666666666666 0.41678571428571426 0.005714285714285714 0.002142857142857143
3 1.0252380952380953 0.41535714285714287 0.004761904761904762 0.002142857142857143
3 1.0242857142857142 0.4142857142857143 0.004761904761904762 0.002857142857142857
3 1.0223809523809524 0.41285714285714287 0.004761904761904762 0.002857142857142857
3 1.0119047619047619 0.4117857142857143 0.004761904761904762 0.002142857142857143
3 1.0347619047619048 0.4142857142857143 0.004761904761904762 0.002857142857142857
3 1.02 0.41 0.0038095238095238095 0.002857142857142857
3 1.01 0.41035714285714286 0.004761904761904762 0.002142857142857143
3 1.0123809523809524 0.4089285714285714 0.0038095238095238095 0.002142857142857143
3 1.0042857142857142 0.40785714285714286 0.002857142857142857 0.0014285714285714286
3 1.0033333333333334 0.4067857142857143 0.002857142857142857 0.002142857142857143
3 1.0171428571428571 0.40785714285714286 0.0038095238095238095 0.0014285714285714286
5 1.0238095238095237 0.4282142857142857 0.011428571428571429 0.010714285714285714
3 1.0576190476190477 0.4160714285714286 0.010476190476190476 0.0035714285714285713
3 1.0514285714285714 0.41535714285714287 0.011428571428571429 0.0035714285714285713
