3 0.1595238095238095 0.6507142857142857 0.16666666666666666 0.19714285714285715
3 0.9761904761904762 0.6875 0.26666666666666666 0.10214285714285715
9 0.731904761904762 0.7096428571428571 0.08476190476190476 0.075
3 0.10476190476190476 0.52 0.13904761904761906 0.13428571428571429
3 0.26761904761904765 0.4257142857142857 0.11047619047619048 0.12
3 0.18571428571428572 0.3917857142857143 0.10666666666666666 0.10928571428571429
3 0.7733333333333333 0.4589285714285714 0.08571428571428572 0.12214285714285714
3 0.5657142857142857 0.4325 0.0838095238095238 0.12071428571428572
3 0.24095238095238095 0.29285714285714287 0.08571428571428572 0.07714285714285714
3 0.5647619047619048 0.32357142857142857 0.07809523809523809 0.10428571428571429
4 0.6461904761904762 0.26964285714285713 0.06 0.07785714285714286
3 0.570952380952381 0.23142857142857143 0.06 0.07
4 0.830952380952381 0.20285714285714285 0.13428571428571429 0.05714285714285714
9 0.8685714285714285 0.24964285714285714 0.030476190476190476 0.035
3 0.27 0.22178571428571428 0.08857142857142856 0.07785714285714286
3 0.3076190476190476 0.15 0.07047619047619047 0.06857142857142857
3 0.3333333333333333 0.10035714285714285 0.06095238095238095 0.05071428571428571
3 0.3595238095238095 0.06142857142857143 0.05619047619047619 0.04428571428571428
3 0.38285714285714284 0.0275 0.049523809523809526 0.039285714285714285
3 0.4 0.0075 0.047619047619047616 0.015
3 0.5757142857142857 0.06107142857142857 0.040952380952380955 0.04357142857142857
4 0.5733333333333334 0.1075 0.0419047619047619 0.05071428571428571
3 0.5704761904761905 0.16357142857142856 0.04380952380952381 0.05857142857142857
3 0.6357142857142857 0.16107142857142856 0.04476190476190476 0.05071428571428571
3 0.6357142857142857 0.09964285714285714 0.04666666666666667 0.04357142857142857
3 0.82 0.17964285714285713 0.10666666666666666 0.04357142857142857
3 0.8033333333333333 0.15178571428571427 0.10761904761904761 0.039285714285714285
3 0.7976190476190477 0.12678571428571428 0.11142857142857143 0.039285714285714285
4 0.7866666666666666 0.10428571428571429 0.11428571428571428 0.041428571428571426
3 0.7733333333333333 0.08535714285714285 0.10095238095238095 0.035
4 0.7633333333333333 0.06464285714285714 0.08666666666666667 0.03642857142857143
3 0.770952380952381 0.05 0.09619047619047619 0.02857142857142857
