3 0.5 0.705 0.04933333333333333 0.04
3 0.5266666666666666 0.6567500000000001 0.04533333333333333 0.043500000000000004
3 0.481 0.665 0.04466666666666667 0.039
3 0.488 0.6205 0.064 0.042
3 0.541 0.6055 0.03666666666666667 0.047
3 0.5783333333333334 0.61825 0.05266666666666667 0.0465
3 0.6126666666666667 0.6335000000000001 0.050666666666666665 0.046
4 0.6476666666666666 0.64125 0.051333333333333335 0.0455
3 0.6839999999999999 0.661 0.06266666666666666 0.04
3 0.6263333333333333 0.6865 0.06333333333333332 0.029
3 0.7416666666666667 0.71125 0.07533333333333334 0.0415
3 0.6533333333333333 0.7242500000000001 0.05466666666666666 0.0505
3 0.732 0.733 0.07866666666666666 0.033
3 0.5763333333333334 0.73375 0.06866666666666667 0.0315
3 0.451 0.56675 0.028666666666666667 0.0315
3 0.45766666666666667 0.525 0.04466666666666667 0.03
3 0.566 0.45875 0.04933333333333333 0.025500000000000002
4 0.5666666666666667 0.42475 0.050666666666666665 0.025500000000000002
3 0.389 0.382 0.04466666666666667 0.022
3 0.37566666666666665 0.3595 0.043333333333333335 0.022
3 0.372 0.33875 0.044 0.0185
3 0.18733333333333332 0.31575000000000003 0.03866666666666667 0.0175
4 0.131 0.28325 0.03266666666666666 0.0185
3 0.11866666666666666 0.26875 0.036 0.0135
5 0.022 0.26375 0.04133333333333333 0.0225
3 0.05466666666666666 0.20675000000000002 0.029333333333333333 0.0125
3 0.049999999999999996 0.1925 0.030666666666666665 0.012
5 0.006666666666666666 0.187 0.014666666666666666 0.018000000000000002
3 0.10266666666666667 0.232 0.026666666666666665 0.013000000000000001
3 0.11833333333333333 0.22425 0.033999999999999996 0.0135
3 0.14166666666666666 0.21725 0.033999999999999996 0.0125
3 0.21266666666666667 0.262 0.034666666666666665 0.014
3 0.2363333333333333 0.2545 0.033999999999999996 0.014
8 0.297 0.25 0.07533333333333334 0.033
3 0.33366666666666667 0.29525 0.03933333333333333 0.0155
3 0.356 0.28675 0.03733333333333333 0.0155
3 0.4103333333333333 0.276 0.03666666666666667 0.014
3 0.4533333333333333 0.31 0.03866666666666667 0.015
4 0.4683333333333333 0.3285 0.046 0.02
3 0.641 0.27975 0.018 0.0165
3 0.622 0.36725 0.04 0.0175
3 0.7626666666666666 0.3915 0.04533333333333333 0.02
3 0.8343333333333333 0.51425 0.05933333333333333 0.0305
3 0.8626666666666667 0.546 0.052 0.027
5 1.0076666666666667 0.581 0.08333333333333333 0.041
3 1.045 0.54825 0.062 0.0315
3 0.945 0.5 0.057999999999999996 0.027
3 1.0266666666666666 0.46325 0.05466666666666666 0.0225
3 1.252 0.66525 0.072 0.0385
3 1.2136666666666667 0.52875 0.07266666666666667 0.029500000000000002
1 1.0343333333333333 0.667 0.015333333333333332 0.014
2 1.0336666666666667 0.669 0.02733333333333333 0.012
9 0.7959999999999999 0.62275 0.016 0.0175
1 0.7963333333333333 0.6215 0.011333333333333332 0.01
1 1.2223333333333333 0.71725 0.015333333333333332 0.0145
1 1.2313333333333334 0.7095 0.014666666666666666 0.013000000000000001
2 1.2196666666666667 0.72 0.028666666666666667 0.012
2 1.2303333333333333 0.71375 0.028666666666666667 0.0125
1 0.7223333333333333 0.57675 0.008666666666666666 0.0115
1 0.7953333333333333 0.5635 0.009333333333333332 0.01
2 0.7939999999999999 0.56675 0.02 0.0115
2 0.722 0.57925 0.014666666666666666 0.0145
2 1.222 0.4535 0.021333333333333333 0.01
1 1.2246666666666666 0.451 0.010666666666666666 0.011
1 1.069 0.42625 0.01 0.0075
9 1.066 0.428 0.018666666666666665 0.01
3 0.9656666666666667 0.0535 0.020666666666666667 0.007
3 0.9393333333333334 0.05075 0.02 0.006500000000000001
3 0.885 0.04425 0.019333333333333334 0.0075
3 0.9573333333333333 0.04725 0.021333333333333333 0.006500000000000001
4 0.9129999999999999 0.04625 0.018 0.006500000000000001
1 0.7123333333333333 0.32 0.006 0.01
9 0.7113333333333333 0.322 0.010666666666666666 0.009000000000000001
9 0.48433333333333334 0.28075 0.012666666666666666 0.0075
1 0.48366666666666663 0.27925 0.007333333333333333 0.0085
9 0.6006666666666667 0.23525000000000001 0.009333333333333332 0.006500000000000001
9 0.63 0.22 0.006666666666666666 0.007
9 0.6196666666666667 0.224 0.007333333333333333 0.006
2 0.6173333333333333 0.22975 0.006666666666666666 0.006500000000000001
2 0.5566666666666666 0.24725 0.009333333333333332 0.006500000000000001
2 0.5403333333333333 0.246 0.012666666666666666 0.006
2 0.4646666666666667 0.2455 0.008 0.008
9 0.6783333333333333 0.193 0.008666666666666666 0.006
9 0.6883333333333334 0.1885 0.007333333333333333 0.006
9 0.7473333333333333 0.16275 0.006666666666666666 0.0055
