3 0.36095238095238097 0.11571428571428571 0.04 0.014285714285714285
3 0.3585714285714286 0.13285714285714287 0.04285714285714286 0.014285714285714285
5 0.3576190476190476 0.15071428571428572 0.04476190476190476 0.017142857142857144
3 0.3595238095238095 0.21 0.04666666666666667 0.014285714285714285
4 0.2357142857142857 0.1275 0.040952380952380955 0.019285714285714285
3 0.5204761904761904 0.48178571428571426 0.023809523809523808 0.035
3 0.5476190476190477 0.48464285714285715 0.02095238095238095 0.027857142857142858
3 0.6095238095238096 0.47928571428571426 0.02095238095238095 0.03571428571428571
3 0.6395238095238095 0.4760714285714286 0.021904761904761906 0.029285714285714286
3 0.6914285714285714 0.46964285714285714 0.02095238095238095 0.029285714285714286
3 0.7176190476190476 0.4757142857142857 0.018095238095238095 0.02857142857142857
3 0.7061904761904761 0.3482142857142857 0.023809523809523808 0.029285714285714286
3 0.6828571428571428 0.3507142857142857 0.02095238095238095 0.032857142857142856
3 0.6209523809523809 0.3525 0.022857142857142857 0.035
3 1.1666666666666667 0.4525 0.017142857142857144 0.027857142857142858
