3 0.6656091370558375 0.49392857142857144 0.08248730964467005 0.02214285714285714
3 0.6840101522842639 0.47214285714285714 0.07360406091370558 0.02142857142857143
3 0.6947969543147208 0.4496428571428571 0.07741116751269035 0.023571428571428573
3 0.6973350253807106 0.42607142857142855 0.08248730964467005 0.02642857142857143
3 0.7208121827411167 0.41035714285714286 0.07106598984771573 0.02214285714285714
3 0.824238578680203 0.3267857142857143 0.029187817258883246 0.025
3 0.8305837563451776 0.2932142857142857 0.026649746192893398 0.02214285714285714
3 0.8794416243654821 0.2739285714285714 0.025380710659898477 0.025
3 0.8483502538071065 0.2546428571428571 0.026649746192893398 0.017857142857142856
3 0.9854060913705583 0.3464285714285714 0.029187817258883246 0.024285714285714285
3 0.9695431472081217 0.4017857142857143 0.035532994923857864 0.030714285714285715
3 0.9980964467005076 0.43357142857142855 0.03426395939086294 0.03142857142857143
3 0.9999999999999999 0.3182142857142857 0.025380710659898477 0.02642857142857143
3 1.006979695431472 0.25857142857142856 0.024111675126903553 0.02
3 0.9758883248730964 0.24714285714285714 0.02284263959390863 0.018571428571428572
3 1.001269035532995 0.23285714285714285 0.02284263959390863 0.015714285714285715
3 1.0025380710659897 0.21357142857142858 0.02284263959390863 0.015714285714285715
3 0.9638324873096445 0.20857142857142857 0.029187817258883246 0.015714285714285715
3 1.0145939086294415 0.16785714285714284 0.03934010152284264 0.012857142857142857
3 0.9733502538071065 0.14357142857142857 0.017766497461928932 0.017142857142857144
3 0.9771573604060912 0.10785714285714286 0.017766497461928932 0.015714285714285715
3 0.9428934010152283 0.12714285714285714 0.02284263959390863 0.014285714285714285
3 0.9168781725888324 0.12642857142857142 0.019035532994923856 0.015714285714285715
3 1.0114213197969542 0.07571428571428572 0.017766497461928932 0.01
3 1.0050761421319796 0.03571428571428571 0.015228426395939085 0.01
3 1.0761421319796953 0.13642857142857143 0.02030456852791878 0.014285714285714285
3 1.0241116751269035 0.3757142857142857 0.03045685279187817 0.02857142857142857
3 1.1230964467005076 0.43 0.06598984771573603 0.03142857142857143
3 1.1700507614213198 0.45035714285714284 0.053299492385786795 0.030714285714285715
3 1.2170050761421318 0.4589285714285714 0.050761421319796954 0.03214285714285714
3 1.2728426395939085 0.4657142857142857 0.06345177664974619 0.03428571428571429
4 1.0767766497461928 0.3992857142857143 0.06725888324873096 0.02
4 1.2506345177664973 0.31535714285714284 0.03680203045685279 0.025
4 1.4460659898477157 0.48714285714285716 0.05964467005076142 0.02857142857142857
4 1.1770304568527918 0.15071428571428572 0.016497461928934008 0.017142857142857144
3 0.8895939086294415 0.16142857142857142 0.02030456852791878 0.015714285714285715
3 0.9060913705583755 0.14785714285714285 0.02030456852791878 0.014285714285714285
3 0.9276649746192893 0.08107142857142857 0.017766497461928932 0.010714285714285714
3 0.881979695431472 0.10964285714285714 0.035532994923857864 0.009285714285714286
3 0.9460659898477156 0.003928571428571429 0.029187817258883246 0.0064285714285714285
3 1.0837563451776648 0.09 0.017766497461928932 0.012857142857142857
3 1.0875634517766497 0.07714285714285714 0.015228426395939085 0.01
3 1.0799492385786802 0.06857142857142857 0.032994923857868015 0.007142857142857143
3 1.0799492385786802 0.0625 0.032994923857868015 0.005
3 1.0799492385786802 0.061785714285714284 0.03045685279187817 0.007857142857142858
3 1.0767766497461928 0.16035714285714286 0.03426395939086294 0.012142857142857143
3 1.0888324873096447 0.1525 0.017766497461928932 0.013571428571428571
4 1.138959390862944 0.1425 0.049492385786802026 0.013571428571428571
4 1.1535532994923856 0.13071428571428573 0.03807106598984771 0.011428571428571429
3 1.1383248730964466 0.19142857142857142 0.050761421319796954 0.015714285714285715
3 1.0685279187817258 0.20464285714285715 0.04060913705583756 0.017857142857142856
3 1.0710659898477157 0.21678571428571428 0.04314720812182741 0.015
3 1.1453045685279186 0.275 0.052030456852791875 0.017142857142857144
3 1.0780456852791878 0.2932142857142857 0.06218274111675126 0.015
3 1.2106598984771573 0.2417857142857143 0.055837563451776644 0.012142857142857143
3 1.1928934010152283 0.23357142857142857 0.053299492385786795 0.014285714285714285
3 1.1808375634517765 0.21642857142857141 0.05456852791878172 0.014285714285714285
3 1.1846446700507614 0.2092857142857143 0.05456852791878172 0.012857142857142857
3 1.2043147208121827 0.1875 0.04568527918781726 0.012142857142857143
3 1.1947969543147208 0.1742857142857143 0.04695431472081218 0.012857142857142857
3 1.2093908629441623 0.2592857142857143 0.05837563451776649 0.015714285714285715
3 1.2227157360406091 0.2714285714285714 0.05964467005076142 0.014285714285714285
3 1.2227157360406091 0.2825 0.06218274111675126 0.016428571428571428
3 0.5336294416243654 0.3464285714285714 0.04187817258883248 0.03
3 0.43845177664974616 0.33785714285714286 0.06725888324873096 0.015714285714285715
3 0.3711928934010152 0.3989285714285714 0.07233502538071065 0.020714285714285713
3 0.3895939086294416 0.38535714285714284 0.07868020304568528 0.020714285714285713
3 0.3229695431472081 0.4392857142857143 0.09010152284263959 0.02
3 0.5431472081218274 0.39071428571428574 0.048223350253807105 0.032857142857142856
4 0.5063451776649746 0.4282142857142857 0.04314720812182741 0.03642857142857143
3 0.5666243654822335 0.3535714285714286 0.03934010152284264 0.03
3 0.7290609137055837 0.39 0.07233502538071065 0.018571428571428572
3 0.7385786802030456 0.3732142857142857 0.07106598984771573 0.017857142857142856
3 0.7512690355329948 0.35928571428571426 0.07106598984771573 0.014285714285714285
9 0.7982233502538071 0.21607142857142858 0.01015228426395939 0.009285714285714286
8 1.03743654822335 0.10964285714285714 0.024111675126903553 0.02642857142857143
3 0.14213197969543145 0.13964285714285715 0.04060913705583756 0.010714285714285714
3 0.1618020304568528 0.13392857142857142 0.03934010152284264 0.012142857142857143
3 0.19352791878172587 0.12071428571428572 0.03934010152284264 0.01
3 0.22271573604060912 0.10678571428571429 0.03680203045685279 0.009285714285714286
3 0.9251269035532994 0.11142857142857143 0.017766497461928932 0.017142857142857144
9 1.1186548223350252 0.09214285714285714 0.006345177664974619 0.005714285714285714
9 1.2715736040609136 0.21214285714285713 0.01015228426395939 0.008571428571428572
9 1.2861675126903551 0.24678571428571427 0.008883248730964466 0.012142857142857143
9 1.2798223350253806 0.24892857142857142 0.008883248730964466 0.009285714285714286
2 1.3140862944162435 0.2667857142857143 0.008883248730964466 0.009285714285714286
9 1.2055837563451777 0.061785714285714284 0.01015228426395939 0.007857142857142858
1 1.024746192893401 0.037142857142857144 0.006345177664974619 0.005714285714285714
9 1.024746192893401 0.038214285714285715 0.0038071065989847713 0.0064285714285714285
3 1.0774111675126903 0.02 0.03045685279187817 0.007142857142857143
3 1.0945431472081217 0.009642857142857142 0.026649746192893398 0.0064285714285714285
3 1.0951776649746192 0.007142857142857143 0.025380710659898477 0.005714285714285714
3 1.0939086294416243 0.004285714285714286 0.025380710659898477 0.005714285714285714
3 1.0774111675126903 0.010714285714285714 0.025380710659898477 0.005714285714285714
3 1.0761421319796953 0.014285714285714285 0.025380710659898477 0.005714285714285714
3 1.0761421319796953 0.017142857142857144 0.025380710659898477 0.005714285714285714
3 1.1586294416243654 0.12 0.03807106598984771 0.01
3 1.1611675126903553 0.11321428571428571 0.03807106598984771 0.009285714285714286
3 1.16243654822335 0.10357142857142858 0.03807106598984771 0.01
3 1.163705583756345 0.09892857142857144 0.03807106598984771 0.009285714285714286
5 1.156725888324873 0.09214285714285714 0.049492385786802026 0.011428571428571429
3 1.1643401015228425 0.08464285714285714 0.03680203045685279 0.007857142857142858
3 1.1611675126903553 0.07785714285714286 0.03045685279187817 0.007142857142857143
3 1.1522842639593909 0.06964285714285715 0.035532994923857864 0.009285714285714286
4 1.1434010152284264 0.05714285714285714 0.03045685279187817 0.01
3 1.155456852791878 0.045714285714285714 0.031725888324873094 0.008571428571428572
4 1.1465736040609136 0.04214285714285714 0.029187817258883246 0.008571428571428572
4 1.1478426395939085 0.03571428571428571 0.03426395939086294 0.007142857142857143
3 1.1465736040609136 0.03214285714285714 0.029187817258883246 0.007142857142857143
3 1.138959390862944 0.030357142857142857 0.029187817258883246 0.007857142857142858
3 1.1383248730964466 0.024285714285714285 0.03045685279187817 0.007142857142857143
3 1.142766497461929 0.02142857142857143 0.029187817258883246 0.007142857142857143
3 1.1288071065989846 0.013928571428571429 0.031725888324873094 0.0064285714285714285
3 1.1408629441624365 0.012857142857142857 0.03045685279187817 0.007142857142857143
3 1.1395939086294415 0.0075 0.027918781725888322 0.0064285714285714285
4 1.1148477157360406 0.03464285714285714 0.013959390862944161 0.010714285714285714
9 1.189720812182741 0.08178571428571428 0.006345177664974619 0.0064285714285714285
9 1.174492385786802 0.06285714285714286 0.011421319796954314 0.004285714285714286
9 1.1852791878172588 0.07321428571428572 0.0076142131979695426 0.007857142857142858
9 1.2036802030456852 0.0525 0.006345177664974619 0.0064285714285714285
1 1.2233502538071066 0.09321428571428571 0.01015228426395939 0.007857142857142858
5 1.0894670050761421 0.35535714285714287 0.029187817258883246 0.027857142857142858
2 1.2512690355329947 0.37035714285714283 0.012690355329949238 0.012142857142857143
3 1.3255076142131978 0.4742857142857143 0.06979695431472081 0.03142857142857143
3 1.581218274111675 0.4982142857142857 0.07106598984771573 0.030714285714285715
3 1.671954314720812 0.5028571428571429 0.05710659898477157 0.03571428571428571
4 1.4593908629441623 0.5182142857142857 0.09898477157360405 0.03214285714285714
3 1.3756345177664973 0.48714285714285716 0.06598984771573603 0.032857142857142856
3 1.4999999999999998 0.49107142857142855 0.07106598984771573 0.03357142857142857
3 1.2277918781725887 0.5264285714285715 0.09263959390862943 0.025714285714285714
3 1.065989847715736 0.5142857142857142 0.09137055837563451 0.02857142857142857
3 1.0583756345177664 0.5360714285714285 0.08883248730964466 0.029285714285714286
3 1.0697969543147208 0.5542857142857143 0.09390862944162436 0.014285714285714285
5 1.7347715736040608 0.5060714285714286 0.06852791878172589 0.04071428571428572
3 1.5184010152284262 0.555 0.04187817258883248 0.012857142857142857
3 1.6104060913705582 0.5535714285714286 0.050761421319796954 0.015714285714285715
5 1.5697969543147208 0.5535714285714286 0.04568527918781726 0.015714285714285715
3 0.4181472081218274 0.5214285714285715 0.09263959390862943 0.027142857142857142
3 0.3927664974619289 0.5485714285714286 0.10279187817258882 0.022857142857142857
5 0.2772842639593908 0.5003571428571428 0.11802030456852791 0.035
