9 0.9471428571428572 0.008571428571428572 0.02 0.018571428571428572
1 0.9457142857142857 0.008571428571428572 0.015238095238095238 0.017142857142857144
1 0.7452380952380953 0.03535714285714286 0.012380952380952381 0.016428571428571428
2 0.7447619047619047 0.0425 0.017142857142857144 0.017857142857142856
4 0.560952380952381 0.11142857142857143 0.07047619047619047 0.05142857142857143
3 0.6985714285714286 0.14821428571428572 0.06952380952380953 0.05071428571428571
1 0.7395238095238095 0.1682142857142857 0.012380952380952381 0.017857142857142856
9 0.7390476190476191 0.1667857142857143 0.02857142857142857 0.019285714285714285
5 0.8523809523809524 0.15428571428571428 0.09142857142857143 0.09
5 0.7185714285714285 0.24892857142857142 0.1019047619047619 0.06642857142857143
5 0.5623809523809524 0.19392857142857142 0.07904761904761905 0.06357142857142857
1 0.7452380952380953 0.205 0.014285714285714285 0.011428571428571429
1 0.6561904761904762 0.2725 0.017142857142857144 0.010714285714285714
1 0.6966666666666667 0.42464285714285716 0.01619047619047619 0.013571428571428571
3 0.5304761904761904 0.34 0.05714285714285714 0.07285714285714286
1 0.31476190476190474 0.3482142857142857 0.029523809523809525 0.016428571428571428
5 0.18714285714285714 0.385 0.09619047619047619 0.07142857142857142
5 0.08619047619047619 0.46 0.15523809523809523 0.09571428571428571
1 0.20476190476190476 0.4710714285714286 0.03619047619047619 0.015
9 0.20476190476190476 0.4710714285714286 0.0380952380952381 0.029285714285714286
2 0.21476190476190476 0.5192857142857142 0.04476190476190476 0.011428571428571429
1 0.21 0.5185714285714286 0.02 0.012857142857142857
3 0.9 0.6828571428571428 0.12571428571428572 0.08857142857142856
3 0.7428571428571429 0.64 0.10666666666666666 0.08285714285714285
5 0.6923809523809524 0.5460714285714285 0.11047619047619048 0.08214285714285714
4 0.5828571428571429 0.48392857142857143 0.05523809523809524 0.065
6 0.5480952380952381 0.5353571428571429 0.05238095238095238 0.055
5 0.47523809523809524 0.5921428571428572 0.13714285714285715 0.18142857142857144
5 0.24047619047619048 0.5678571428571428 0.16095238095238096 0.05857142857142857
5 0.14761904761904762 0.6403571428571428 0.10476190476190476 0.08642857142857142
2 0.04238095238095238 0.5714285714285714 0.035238095238095235 0.027142857142857142
1 0.037142857142857144 0.5685714285714286 0.024761904761904763 0.012857142857142857
3 0.015714285714285715 0.5664285714285714 0.03333333333333333 0.04285714285714286
1 0.33714285714285713 0.6692857142857143 0.01904761904761905 0.01
