1 1.11 0.205 0.012380952380952381 0.01
1 1.158095238095238 0.31607142857142856 0.013333333333333332 0.007857142857142858
9 1.1776190476190476 0.44642857142857145 0.029523809523809525 0.012857142857142857
9 1.2085714285714286 0.4525 0.024761904761904763 0.010714285714285714
1 1.2328571428571429 0.5417857142857143 0.012380952380952381 0.013571428571428571
9 0.8728571428571429 0.018571428571428572 0.025714285714285714 0.014285714285714285
9 0.8704761904761905 0.03857142857142857 0.022857142857142857 0.01
9 0.8723809523809524 0.04607142857142857 0.024761904761904763 0.009285714285714286
9 0.8676190476190476 0.055357142857142855 0.024761904761904763 0.009285714285714286
9 0.87 0.06714285714285714 0.01619047619047619 0.012857142857142857
9 0.8647619047619047 0.07 0.022857142857142857 0.014285714285714285
9 0.8604761904761905 0.08821428571428572 0.02761904761904762 0.013571428571428571
9 0.8580952380952381 0.09857142857142857 0.02857142857142857 0.011428571428571429
9 0.8509523809523809 0.12928571428571428 0.025714285714285714 0.011428571428571429
9 0.8466666666666667 0.16178571428571428 0.022857142857142857 0.012142857142857143
9 0.8428571428571429 0.16857142857142857 0.024761904761904763 0.008571428571428572
9 0.8428571428571429 0.17392857142857143 0.024761904761904763 0.010714285714285714
9 0.8414285714285714 0.18142857142857144 0.02761904761904762 0.011428571428571429
9 0.7876190476190477 0.08428571428571428 0.022857142857142857 0.01
9 0.7638095238095238 0.15 0.024761904761904763 0.01
9 0.7590476190476191 0.16714285714285715 0.02857142857142857 0.01
9 0.7595238095238095 0.17892857142857144 0.02761904761904762 0.012142857142857143
9 0.7576190476190476 0.20035714285714284 0.023809523809523808 0.010714285714285714
9 0.7528571428571429 0.20642857142857143 0.02 0.008571428571428572
9 0.729047619047619 0.2910714285714286 0.029523809523809525 0.012142857142857143
9 0.710952380952381 0.3067857142857143 0.025714285714285714 0.012142857142857143
9 0.7942857142857143 0.3767857142857143 0.026666666666666665 0.017857142857142856
9 0.79 0.4085714285714286 0.02761904761904762 0.011428571428571429
9 0.6771428571428572 0.3432142857142857 0.01904761904761905 0.017857142857142856
9 0.6347619047619047 0.34535714285714286 0.012380952380952381 0.019285714285714285
9 0.6176190476190476 0.3507142857142857 0.014285714285714285 0.02
9 0.6538095238095238 0.4092857142857143 0.02 0.02
2 0.6114285714285714 0.35892857142857143 0.013333333333333332 0.015
9 0.5161904761904762 0.34214285714285714 0.013333333333333332 0.02
9 0.5052380952380953 0.34464285714285714 0.010476190476190476 0.020714285714285713
9 0.5152380952380953 0.37214285714285716 0.015238095238095238 0.02
9 0.49857142857142855 0.3725 0.012380952380952381 0.019285714285714285
9 0.7847619047619048 0.43892857142857145 0.030476190476190476 0.012142857142857143
9 0.7842857142857143 0.4496428571428571 0.03333333333333333 0.010714285714285714
9 0.7804761904761904 0.4682142857142857 0.025714285714285714 0.010714285714285714
9 0.7804761904761904 0.4782142857142857 0.029523809523809525 0.009285714285714286
9 0.7857142857142857 0.5242857142857142 0.02857142857142857 0.011428571428571429
9 0.7880952380952381 0.5453571428571429 0.02761904761904762 0.015
9 0.7923809523809524 0.5664285714285714 0.026666666666666665 0.014285714285714285
9 0.7966666666666666 0.58 0.025714285714285714 0.017142857142857144
9 0.7657142857142857 0.5960714285714286 0.030476190476190476 0.012142857142857143
9 0.8533333333333333 0.6075 0.03619047619047619 0.013571428571428571
9 0.8338095238095238 0.6485714285714286 0.025714285714285714 0.011428571428571429
9 0.8380952380952381 0.6617857142857143 0.03238095238095238 0.015
9 0.8528571428571429 0.6710714285714285 0.023809523809523808 0.009285714285714286
9 0.8533333333333333 0.6807142857142857 0.02857142857142857 0.011428571428571429
9 0.7861904761904762 0.7357142857142858 0.02761904761904762 0.025714285714285714
9 0.5152380952380953 0.7192857142857143 0.022857142857142857 0.024285714285714285
9 0.49333333333333335 0.7064285714285714 0.02857142857142857 0.02
9 0.48 0.6978571428571428 0.030476190476190476 0.012857142857142857
9 0.52 0.6167857142857143 0.02095238095238095 0.020714285714285713
2 0.709047619047619 0.48928571428571427 0.010476190476190476 0.02
9 0.4095238095238095 0.36214285714285716 0.024761904761904763 0.011428571428571429
9 0.43238095238095237 0.4042857142857143 0.017142857142857144 0.02142857142857143
9 0.42142857142857143 0.40035714285714286 0.021904761904761906 0.02214285714285714
9 0.41 0.39464285714285713 0.02 0.02214285714285714
9 0.3985714285714286 0.38392857142857145 0.021904761904761906 0.023571428571428573
9 0.1823809523809524 0.31 0.012380952380952381 0.022857142857142857
9 0.04238095238095238 0.26821428571428574 0.03142857142857143 0.029285714285714286
9 0.14809523809523809 0.36392857142857143 0.025714285714285714 0.012142857142857143
9 0.24666666666666667 0.4114285714285714 0.030476190476190476 0.012857142857142857
9 0.21047619047619048 0.43357142857142855 0.02857142857142857 0.011428571428571429
3 0.07809523809523809 0.3067857142857143 0.07238095238095238 0.030714285714285715
3 0.15714285714285714 0.3314285714285714 0.06666666666666667 0.03428571428571429
3 0.17476190476190476 0.4639285714285714 0.06 0.03357142857142857
9 0.14666666666666667 0.4857142857142857 0.04380952380952381 0.014285714285714285
9 0.16904761904761906 0.5 0.037142857142857144 0.012857142857142857
9 0.18714285714285714 0.5096428571428572 0.035238095238095235 0.019285714285714285
9 0.22857142857142856 0.5339285714285714 0.030476190476190476 0.016428571428571428
9 0.24714285714285714 0.5482142857142858 0.035238095238095235 0.019285714285714285
9 0.2642857142857143 0.5617857142857143 0.037142857142857144 0.015
9 0.2866666666666667 0.5671428571428572 0.02095238095238095 0.022857142857142857
9 0.46190476190476193 0.6032142857142857 0.02095238095238095 0.016428571428571428
9 0.379047619047619 0.5510714285714285 0.011428571428571429 0.025
9 0.36428571428571427 0.6207142857142857 0.03142857142857143 0.015714285714285715
9 0.37761904761904763 0.6253571428571428 0.023809523809523808 0.015
9 0.379047619047619 0.6360714285714286 0.03238095238095238 0.017857142857142856
9 0.4085714285714286 0.6507142857142857 0.02095238095238095 0.02
9 0.42142857142857143 0.6535714285714286 0.023809523809523808 0.02142857142857143
9 0.43333333333333335 0.6621428571428571 0.022857142857142857 0.02142857142857143
9 0.23714285714285716 0.4992857142857143 0.01904761904761905 0.022857142857142857
5 0.7933333333333333 0.052142857142857144 0.02857142857142857 0.047142857142857146
1 0.768095238095238 0.5953571428571428 0.012380952380952381 0.012142857142857143
1 0.7885714285714286 0.7357142857142858 0.01904761904761905 0.014285714285714285
5 0.9004761904761904 0.735 0.04285714285714286 0.02857142857142857
1 0.5219047619047619 0.6167857142857143 0.013333333333333332 0.010714285714285714
1 0.24428571428571427 0.40964285714285714 0.01619047619047619 0.009285714285714286
1 0.20904761904761904 0.4325 0.014285714285714285 0.009285714285714286
1 0.1457142857142857 0.36178571428571427 0.013333333333333332 0.009285714285714286
3 0.30952380952380953 0.4992857142857143 0.07809523809523809 0.047142857142857146
3 0.34285714285714286 0.5653571428571429 0.0761904761904762 0.05071428571428571
3 0.4228571428571429 0.5760714285714286 0.06857142857142857 0.055
3 0.48523809523809525 0.42142857142857143 0.06 0.05285714285714286
3 0.48238095238095235 0.4685714285714286 0.06571428571428571 0.05
3 0.5219047619047619 0.505 0.07047619047619047 0.04857142857142857
3 0.5685714285714286 0.4585714285714286 0.06095238095238095 0.05285714285714286
3 0.6023809523809524 0.4789285714285714 0.06571428571428571 0.056428571428571425
3 0.6328571428571429 0.5382142857142858 0.07142857142857142 0.04642857142857143
5 0.5152380952380953 0.5525 0.08952380952380952 0.04928571428571429
4 0.6704761904761904 0.6357142857142857 0.08190476190476191 0.06428571428571428
3 0.6304761904761905 0.6785714285714286 0.08 0.06571428571428571
3 0.5628571428571428 0.7039285714285715 0.07428571428571429 0.05928571428571429
