3 0.728 0.7255 0.252 0.046
3 0.7086666666666667 0.64575 0.24933333333333332 0.0955
3 0.71 0.55725 0.24 0.0825
3 0.6769999999999999 0.42175 0.17666666666666667 0.0725
3 0.6893333333333334 0.34375 0.15066666666666667 0.0545
4 0.6626666666666666 0.2985 0.148 0.058
4 0.6556666666666666 0.26625 0.11533333333333333 0.0455
4 0.6526666666666666 0.23800000000000002 0.09999999999999999 0.042
3 0.9313333333333333 0.46225 0.19866666666666666 0.0675
9 0.524 0.17975 0.012 0.0185
9 0.48233333333333334 0.23125 0.015333333333333332 0.0185
6 0.46699999999999997 0.277 0.022 0.037
4 0.66 0.21325 0.108 0.0415
4 0.6646666666666666 0.19475 0.13066666666666665 0.043500000000000004
4 0.6503333333333333 0.17075 0.106 0.0375
4 0.716 0.137 0.044 0.048
4 0.6376666666666666 0.15325 0.094 0.035500000000000004
4 0.6293333333333333 0.13875 0.096 0.0335
3 0.6266666666666666 0.1245 0.09333333333333332 0.022
5 0.6286666666666666 0.0945 0.088 0.03
3 0.699 0.09425 0.038 0.0325
4 0.743 0.044 0.035333333333333335 0.028
4 0.6213333333333333 0.0805 0.07333333333333333 0.024
3 0.6196666666666667 0.0765 0.086 0.025
3 0.6216666666666667 0.06425 0.078 0.0195
4 0.628 0.0495 0.08533333333333333 0.031
3 0.6213333333333333 0.03975 0.06666666666666667 0.0205
3 0.6183333333333333 0.03175 0.06066666666666667 0.0185
3 0.617 0.024 0.06466666666666666 0.02
3 0.608 0.018000000000000002 0.06 0.018000000000000002
4 0.61 0.00825 0.04533333333333333 0.0165
3 0.6466666666666666 0.00975 0.04533333333333333 0.0175
3 0.759 0.014750000000000001 0.033999999999999996 0.0225
3 0.8019999999999999 0.01025 0.06133333333333333 0.0185
4 0.8276666666666667 0.028 0.074 0.026000000000000002
4 0.828 0.0405 0.06533333333333333 0.024
3 0.846 0.059000000000000004 0.08133333333333333 0.023
3 0.8653333333333333 0.0675 0.08399999999999999 0.025
3 0.8876666666666666 0.08775000000000001 0.09133333333333334 0.0235
3 0.8796666666666666 0.10225000000000001 0.09533333333333333 0.0275
9 0.9563333333333333 0.11025 0.03933333333333333 0.0195
3 0.9186666666666666 0.127 0.10266666666666667 0.029
3 0.9556666666666667 0.14125000000000001 0.09799999999999999 0.0265
2 1.022 0.15375 0.016 0.021500000000000002
4 0.966 0.15475 0.10533333333333333 0.0335
5 0.981 0.2 0.17666666666666667 0.069
5 1.0126666666666666 0.229 0.188 0.068
4 1.0423333333333333 0.2655 0.12466666666666666 0.045
3 1.0686666666666667 0.2945 0.15066666666666667 0.051000000000000004
3 1.1033333333333333 0.33525 0.16533333333333333 0.0495
3 1.14 0.38075000000000003 0.17466666666666666 0.0585
3 1.1973333333333334 0.4305 0.188 0.066
3 1.2336666666666667 0.48675 0.19533333333333333 0.07150000000000001
3 1.258 0.55525 0.14666666666666667 0.07150000000000001
