2 0.7995238095238095 0.4575 0.05047619047619047 0.065
2 0.7228571428571429 0.44 0.05142857142857143 0.06571428571428571
2 0.638095238095238 0.3985714285714286 0.047619047619047616 0.05714285714285714
1 0.6376190476190476 0.3817857142857143 0.039047619047619046 0.07071428571428572
1 0.7238095238095238 0.4164285714285714 0.0419047619047619 0.06714285714285714
1 0.7961904761904762 0.435 0.0380952380952381 0.07285714285714286
3 1.1438095238095238 0.37892857142857145 0.20952380952380953 0.10214285714285715
4 1.2671428571428571 0.3507142857142857 0.13047619047619047 0.1
3 1.2252380952380952 0.2907142857142857 0.16285714285714287 0.06714285714285714
3 1.0214285714285714 0.2557142857142857 0.10571428571428572 0.05
3 1.0738095238095238 0.24928571428571428 0.0980952380952381 0.05285714285714286
3 0.9714285714285714 0.2675 0.10095238095238095 0.065
3 0.8014285714285714 0.2425 0.07904761904761905 0.045
3 0.8590476190476191 0.22035714285714286 0.08190476190476191 0.04214285714285714
3 0.6985714285714286 0.17142857142857143 0.035238095238095235 0.022857142857142857
3 0.6023809523809524 0.18392857142857144 0.04476190476190476 0.03357142857142857
3 1.1847619047619047 0.22642857142857142 0.11047619047619048 0.03857142857142857
4 0.6928571428571428 0.20964285714285713 0.04857142857142857 0.04357142857142857
4 0.5557142857142857 0.18892857142857142 0.04285714285714286 0.035
5 0.5385714285714286 0.2032142857142857 0.058095238095238096 0.045
3 0.7066666666666667 0.14535714285714285 0.024761904761904763 0.012142857142857143
3 0.7461904761904762 0.1475 0.02761904761904762 0.012142857142857143
3 0.8076190476190476 0.195 0.05904761904761905 0.027142857142857142
3 0.7947619047619048 0.17392857142857143 0.05047619047619047 0.023571428571428573
3 0.8361904761904762 0.17142857142857143 0.047619047619047616 0.018571428571428572
3 0.7919047619047619 0.15714285714285714 0.03142857142857143 0.017142857142857144
6 0.5138095238095238 0.17714285714285713 0.035238095238095235 0.015714285714285715
1 0.4766666666666667 0.17607142857142857 0.010476190476190476 0.015
1 0.45571428571428574 0.16392857142857142 0.012380952380952381 0.017857142857142856
9 0.4552380952380952 0.16392857142857142 0.011428571428571429 0.012142857142857143
1 0.5295238095238095 0.15964285714285714 0.011428571428571429 0.015
1 0.6076190476190476 0.1692857142857143 0.007619047619047619 0.012857142857142857
2 0.530952380952381 0.16107142857142856 0.008571428571428572 0.010714285714285714
3 0.5123809523809524 0.13642857142857143 0.013333333333333332 0.008571428571428572
3 0.5095238095238095 0.13071428571428573 0.011428571428571429 0.008571428571428572
3 0.56 0.13535714285714287 0.013333333333333332 0.007857142857142858
3 0.539047619047619 0.12142857142857143 0.009523809523809525 0.007142857142857143
3 0.5942857142857143 0.12642857142857142 0.007619047619047619 0.005714285714285714
3 0.5938095238095238 0.11892857142857143 0.008571428571428572 0.0064285714285714285
3 0.5861904761904762 0.11714285714285715 0.006666666666666666 0.004285714285714286
3 0.5728571428571428 0.11964285714285715 0.010476190476190476 0.007857142857142858
3 0.5819047619047619 0.13964285714285715 0.015238095238095238 0.009285714285714286
3 0.6419047619047619 0.13392857142857142 0.013333333333333332 0.010714285714285714
3 0.6295238095238095 0.13464285714285715 0.015238095238095238 0.009285714285714286
3 0.6128571428571429 0.13178571428571428 0.012380952380952381 0.0064285714285714285
3 0.6295238095238095 0.13285714285714287 0.013333333333333332 0.008571428571428572
3 0.659047619047619 0.14214285714285715 0.01904761904761905 0.01
3 0.6538095238095238 0.1392857142857143 0.01619047619047619 0.007142857142857143
8 0.6104761904761905 0.14607142857142857 0.04380952380952381 0.029285714285714286
8 0.6733333333333333 0.135 0.03619047619047619 0.018571428571428572
1 0.6471428571428571 0.11821428571428572 0.002857142857142857 0.0035714285714285713
9 0.6466666666666666 0.11964285714285715 0.0038095238095238095 0.0035714285714285713
1 0.8047619047619048 0.14392857142857143 0.009523809523809525 0.009285714285714286
1 0.7480952380952381 0.13428571428571429 0.004761904761904762 0.007142857142857143
2 0.7476190476190476 0.13642857142857143 0.007619047619047619 0.005714285714285714
9 0.8047619047619048 0.14607142857142857 0.009523809523809525 0.007857142857142858
5 0.8609523809523809 0.1575 0.06285714285714286 0.03357142857142857
3 0.9385714285714286 0.16428571428571428 0.04666666666666667 0.017142857142857144
3 0.9961904761904762 0.1992857142857143 0.06285714285714286 0.02857142857142857
3 0.9695238095238096 0.18607142857142858 0.05714285714285714 0.025
2 1.249047619047619 0.18785714285714286 0.035238095238095235 0.018571428571428572
8 1.0380952380952382 0.17285714285714285 0.15619047619047619 0.054285714285714284
1 0.929047619047619 0.15035714285714286 0.008571428571428572 0.010714285714285714
9 0.9271428571428572 0.15285714285714286 0.014285714285714285 0.008571428571428572
