3 1.18 0.5805 0.18533333333333332 0.08700000000000001
3 0.09133333333333334 0.48725 0.184 0.0485
3 0.15166666666666667 0.45725 0.14866666666666667 0.0425
3 0.315 0.47850000000000004 0.15933333333333333 0.045
3 0.488 0.47100000000000003 0.14266666666666666 0.045
3 0.6713333333333333 0.46125 0.13599999999999998 0.043500000000000004
3 0.9159999999999999 0.44525000000000003 0.13466666666666666 0.0405
3 1.2089999999999999 0.3695 0.08866666666666666 0.028
5 1.0113333333333332 0.3685 0.11599999999999999 0.043000000000000003
5 0.9636666666666667 0.35050000000000003 0.08866666666666666 0.028
3 0.23866666666666667 0.259 0.017333333333333333 0.006
