9 0.7504761904761905 0.3171428571428571 0.015238095238095238 0.03142857142857143
1 0.75 0.31357142857142856 0.014285714285714285 0.017142857142857144
6 0.7114285714285714 0.32 0.026666666666666665 0.05
6 0.6895238095238095 0.32285714285714284 0.026666666666666665 0.045714285714285714
9 0.7128571428571429 0.6757142857142857 0.03142857142857143 0.025714285714285714
1 0.709047619047619 0.6817857142857143 0.012380952380952381 0.015
9 0.6142857142857143 0.6825 0.022857142857142857 0.03785714285714286
4 0.6676190476190477 0.6475 0.0838095238095238 0.030714285714285715
2 0.7490476190476191 0.7342857142857143 0.035238095238095235 0.017142857142857144
1 0.7528571428571429 0.7403571428571428 0.018095238095238095 0.016428571428571428
3 0.8280952380952381 0.7264285714285714 0.04666666666666667 0.045714285714285714
