3 0.5223809523809524 0.655 0.20476190476190476 0.18857142857142858
3 0.7447619047619047 0.6528571428571428 0.1580952380952381 0.19285714285714287
3 1.0514285714285714 0.5232142857142857 0.18476190476190477 0.165
3 0.9814285714285714 0.38285714285714284 0.10571428571428572 0.08142857142857143
3 0.7804761904761904 0.3389285714285714 0.07714285714285714 0.06928571428571428
3 0.20714285714285716 0.5775 0.25047619047619046 0.19642857142857142
3 0.38047619047619047 0.43357142857142855 0.15333333333333332 0.10285714285714286
3 0.2538095238095238 0.3407142857142857 0.17047619047619048 0.054285714285714284
3 0.33 0.26857142857142857 0.08476190476190476 0.06428571428571428
3 0.9538095238095238 0.3132142857142857 0.08285714285714285 0.06357142857142857
3 0.94 0.26 0.07428571428571429 0.04857142857142857
3 0.9276190476190476 0.22107142857142856 0.05523809523809524 0.03642857142857143
3 0.9071428571428571 0.1875 0.05238095238095238 0.039285714285714285
3 0.7561904761904762 0.2092857142857143 0.05523809523809524 0.04428571428571428
3 0.7976190476190477 0.18214285714285713 0.04285714285714286 0.032857142857142856
3 0.7357142857142858 0.18428571428571427 0.039047619047619046 0.03142857142857143
3 0.7361904761904762 0.16464285714285715 0.05333333333333333 0.030714285714285715
3 0.7795238095238095 0.15464285714285714 0.06 0.030714285714285715
3 0.8485714285714285 0.12928571428571428 0.049523809523809526 0.03571428571428571
4 0.518095238095238 0.2642857142857143 0.07809523809523809 0.06857142857142857
3 0.5657142857142857 0.2382142857142857 0.06857142857142857 0.05785714285714286
3 0.43142857142857144 0.22035714285714286 0.07238095238095238 0.04357142857142857
3 0.18619047619047618 0.21035714285714285 0.07523809523809524 0.039285714285714285
3 0.2357142857142857 0.2125 0.07714285714285714 0.039285714285714285
3 0.29285714285714287 0.2175 0.09428571428571429 0.04214285714285714
3 0.36 0.22035714285714286 0.07428571428571429 0.04071428571428572
3 0.31666666666666665 0.16714285714285715 0.054285714285714284 0.04
3 0.37333333333333335 0.1692857142857143 0.05904761904761905 0.037142857142857144
3 0.42523809523809525 0.1725 0.06190476190476191 0.04642857142857143
3 0.4695238095238095 0.17857142857142858 0.05333333333333333 0.041428571428571426
3 0.5366666666666666 0.18928571428571428 0.1019047619047619 0.03857142857142857
3 0.65 0.14642857142857144 0.035238095238095235 0.03142857142857143
3 0.7861904761904762 0.11357142857142857 0.04285714285714286 0.02
3 0.7166666666666667 0.11607142857142858 0.04285714285714286 0.02214285714285714
3 0.7314285714285714 0.10035714285714285 0.03619047619047619 0.020714285714285713
3 0.7166666666666667 0.09714285714285714 0.037142857142857144 0.017142857142857144
3 1.1628571428571428 0.7010714285714286 0.2057142857142857 0.09642857142857143
