3 0.8342857142857143 0.5732142857142857 0.06666666666666667 0.095
3 0.8319047619047619 0.45964285714285713 0.05238095238095238 0.05785714285714286
3 0.5785714285714286 0.7175 0.08095238095238096 0.06357142857142857
3 0.670952380952381 0.6639285714285714 0.07142857142857142 0.10357142857142858
3 0.6242857142857143 0.6303571428571428 0.06 0.08071428571428571
3 0.5442857142857143 0.68 0.08095238095238096 0.10428571428571429
4 0.7433333333333333 0.6164285714285714 0.06952380952380953 0.10428571428571429
4 0.7585714285714286 0.5260714285714285 0.05619047619047619 0.07785714285714286
4 0.7180952380952381 0.4810714285714286 0.047619047619047616 0.056428571428571425
4 0.7776190476190477 0.39535714285714285 0.039047619047619046 0.04071428571428572
4 0.7828571428571428 0.34464285714285714 0.02857142857142857 0.027857142857142858
4 0.78 0.3657142857142857 0.03428571428571429 0.03142857142857143
4 0.7423809523809524 0.39071428571428574 0.03333333333333333 0.037142857142857144
4 0.7509523809523809 0.36142857142857143 0.029523809523809525 0.03
4 0.7576190476190476 0.34 0.025714285714285714 0.025714285714285714
3 0.7085714285714285 0.545 0.05333333333333333 0.07285714285714286
3 0.669047619047619 0.5385714285714286 0.05047619047619047 0.06571428571428571
3 0.6814285714285714 0.47928571428571426 0.040952380952380955 0.05
3 0.7723809523809524 0.4382142857142857 0.0419047619047619 0.04928571428571429
3 0.8295238095238096 0.4057142857142857 0.047619047619047616 0.04857142857142857
3 0.699047619047619 0.4307142857142857 0.024761904761904763 0.037142857142857144
3 0.6661904761904762 0.445 0.039047619047619046 0.041428571428571426
3 0.7161904761904762 0.3960714285714286 0.04380952380952381 0.029285714285714286
5 0.7214285714285714 0.4235714285714286 0.06 0.07
3 0.8228571428571428 0.37285714285714283 0.0380952380952381 0.03
3 0.8238095238095238 0.34214285714285714 0.03238095238095238 0.02857142857142857
3 0.7228571428571429 0.37 0.02857142857142857 0.022857142857142857
3 0.7333333333333333 0.35035714285714287 0.024761904761904763 0.02214285714285714
3 0.8152380952380952 0.3242857142857143 0.030476190476190476 0.022857142857142857
3 0.820952380952381 0.3025 0.024761904761904763 0.023571428571428573
3 0.7895238095238095 0.3217857142857143 0.024761904761904763 0.023571428571428573
3 0.7633333333333333 0.32392857142857145 0.023809523809523808 0.019285714285714285
3 0.7409523809523809 0.3314285714285714 0.02095238095238095 0.02
3 0.729047619047619 0.32071428571428573 0.021904761904761906 0.018571428571428572
3 0.7461904761904762 0.31642857142857145 0.018095238095238095 0.015714285714285715
3 0.7666666666666667 0.3082142857142857 0.022857142857142857 0.017857142857142856
3 0.79 0.3003571428571429 0.023809523809523808 0.02214285714285714
4 0.7928571428571428 0.28535714285714286 0.021904761904761906 0.015
3 0.8204761904761905 0.2882142857142857 0.021904761904761906 0.016428571428571428
3 0.8161904761904762 0.2785714285714286 0.01904761904761905 0.015714285714285715
3 0.8123809523809524 0.2646428571428571 0.024761904761904763 0.016428571428571428
3 0.7690476190476191 0.2932142857142857 0.02 0.013571428571428571
3 0.75 0.30178571428571427 0.01619047619047619 0.013571428571428571
3 0.7690476190476191 0.2832142857142857 0.021904761904761906 0.016428571428571428
5 0.7719047619047619 0.26821428571428574 0.02761904761904762 0.023571428571428573
3 0.7495238095238095 0.24928571428571428 0.02095238095238095 0.012857142857142857
1 0.7971428571428572 0.2032142857142857 0.0038095238095238095 0.0035714285714285713
3 0.8138095238095238 0.21535714285714286 0.012380952380952381 0.012142857142857143
3 0.780952380952381 0.20535714285714285 0.007619047619047619 0.0064285714285714285
3 0.7966666666666666 0.18357142857142858 0.006666666666666666 0.004285714285714286
3 0.7976190476190477 0.18035714285714285 0.008571428571428572 0.005
5 0.8342857142857143 0.16357142857142856 0.011428571428571429 0.01
3 0.8519047619047619 0.15464285714285714 0.006666666666666666 0.0064285714285714285
3 0.8466666666666667 0.1525 0.005714285714285714 0.005
3 0.8442857142857143 0.15214285714285714 0.004761904761904762 0.004285714285714286
3 0.8004761904761905 0.1757142857142857 0.002857142857142857 0.002857142857142857
3 0.8061904761904762 0.1725 0.004761904761904762 0.0035714285714285713
3 0.810952380952381 0.1692857142857143 0.004761904761904762 0.004285714285714286
3 0.8038095238095239 0.16964285714285715 0.0038095238095238095 0.0035714285714285713
1 1.2380952380952381 0.12428571428571429 0.01904761904761905 0.02142857142857143
2 1.2414285714285713 0.12892857142857142 0.02761904761904762 0.015
3 1.1704761904761904 0.02035714285714286 0.04 0.02642857142857143
3 1.1504761904761904 0.028214285714285713 0.02857142857142857 0.019285714285714285
4 1.1533333333333333 0.007857142857142858 0.026666666666666665 0.017142857142857144
3 1.1466666666666667 0.009642857142857142 0.026666666666666665 0.017857142857142856
3 1.14 0.031785714285714285 0.03428571428571429 0.020714285714285713
3 1.1323809523809525 0.03142857142857143 0.030476190476190476 0.022857142857142857
3 1.1195238095238096 0.03785714285714286 0.025714285714285714 0.017142857142857144
3 1.1114285714285714 0.03964285714285714 0.024761904761904763 0.019285714285714285
3 1.1057142857142856 0.04357142857142857 0.026666666666666665 0.017142857142857144
3 1.0947619047619048 0.045714285714285714 0.023809523809523808 0.018571428571428572
3 1.09 0.0475 0.021904761904761906 0.016428571428571428
3 1.0842857142857143 0.04964285714285714 0.021904761904761906 0.016428571428571428
3 1.0771428571428572 0.05107142857142857 0.022857142857142857 0.016428571428571428
