1 0.16857142857142857 0.4203571428571429 0.0380952380952381 0.03785714285714286
3 0.6542857142857142 0.5267857142857143 0.17714285714285713 0.15928571428571428
3 0.7914285714285715 0.3578571428571429 0.14476190476190476 0.13285714285714287
3 0.888095238095238 0.25642857142857145 0.1 0.09142857142857143
3 0.9709523809523809 0.1775 0.09047619047619047 0.062142857142857146
3 0.5776190476190476 0.30178571428571427 0.1361904761904762 0.08928571428571429
3 0.67 0.2317857142857143 0.12095238095238095 0.07642857142857143
3 1.0647619047619048 0.5507142857142857 0.15428571428571428 0.15714285714285714
3 1.1171428571428572 0.4282142857142857 0.10857142857142857 0.115
3 1.1547619047619047 0.33 0.09428571428571429 0.09714285714285714
3 1.2495238095238095 0.6692857142857143 0.1657142857142857 0.15857142857142856
3 1.2 0.7007142857142857 0.18666666666666668 0.09714285714285714
3 1.260952380952381 0.5582142857142857 0.14285714285714285 0.15214285714285714
3 1.1852380952380952 0.2567857142857143 0.07904761904761905 0.09214285714285714
3 1.2085714285714286 0.17821428571428571 0.08952380952380952 0.09071428571428572
3 1.2157142857142857 0.03357142857142857 0.05047619047619047 0.037142857142857144
3 0.4438095238095238 0.2689285714285714 0.09523809523809523 0.09357142857142857
3 0.5157142857142857 0.21821428571428572 0.08666666666666667 0.085
3 0.5942857142857143 0.19035714285714286 0.08190476190476191 0.07642857142857143
3 0.6333333333333333 0.16142857142857142 0.08952380952380952 0.05714285714285714
3 0.690952380952381 0.1392857142857143 0.09428571428571429 0.06857142857142857
3 0.73 0.11285714285714285 0.08285714285714285 0.05285714285714286
3 0.7771428571428571 0.09607142857142857 0.08952380952380952 0.052142857142857144
3 0.6828571428571428 0.045 0.0838095238095238 0.054285714285714284
1 0.6685714285714286 0.2975 0.03238095238095238 0.030714285714285715
9 0.6695238095238095 0.31035714285714283 0.0380952380952381 0.04071428571428572
3 0.8261904761904761 0.13464285714285715 0.07904761904761905 0.05357142857142857
3 0.8738095238095238 0.09928571428571428 0.07333333333333333 0.04285714285714286
3 0.9138095238095238 0.07178571428571429 0.054285714285714284 0.04071428571428572
3 0.9461904761904761 0.04642857142857143 0.05238095238095238 0.03857142857142857
4 0.9804761904761905 0.026071428571428572 0.037142857142857144 0.03642857142857143
3 1.006190476190476 0.011785714285714287 0.04285714285714286 0.025
3 0.9052380952380953 0.024285714285714285 0.058095238095238096 0.03
3 0.920952380952381 0.012857142857142857 0.05523809523809524 0.027142857142857142
