3 0.6885714285714286 0.4185714285714286 0.024761904761904763 0.025714285714285714
3 0.7047619047619048 0.36464285714285716 0.017142857142857144 0.013571428571428571
3 0.6604761904761904 0.2717857142857143 0.012380952380952381 0.009285714285714286
3 0.6452380952380953 0.27 0.010476190476190476 0.005714285714285714
3 0.6538095238095238 0.24678571428571427 0.010476190476190476 0.007857142857142858
3 0.6347619047619047 0.24071428571428571 0.010476190476190476 0.005714285714285714
3 0.64 0.23464285714285715 0.011428571428571429 0.0064285714285714285
3 0.6338095238095238 0.22964285714285715 0.008571428571428572 0.0064285714285714285
3 0.6190476190476191 0.22678571428571428 0.009523809523809525 0.0064285714285714285
3 0.3271428571428571 0.5139285714285714 0.037142857142857144 0.03642857142857143
