1 0.9385714285714286 0.6810714285714285 0.02 0.012142857142857143
1 0.9328571428571428 0.6921428571428572 0.018095238095238095 0.01
9 0.9323809523809524 0.6867857142857143 0.030476190476190476 0.027857142857142858
1 1.0180952380952382 0.5478571428571428 0.015238095238095238 0.011428571428571429
9 1.0123809523809524 0.5482142857142858 0.030476190476190476 0.013571428571428571
1 0.6395238095238095 0.3967857142857143 0.014285714285714285 0.015
9 0.6385714285714286 0.40035714285714286 0.014285714285714285 0.02214285714285714
2 0.3319047619047619 0.26285714285714284 0.023809523809523808 0.012857142857142857
1 0.6723809523809524 0.4775 0.015238095238095238 0.013571428571428571
9 0.6719047619047619 0.4775 0.012380952380952381 0.029285714285714286
9 0.5333333333333333 0.4546428571428571 0.02857142857142857 0.023571428571428573
5 1.2880952380952382 0.7064285714285714 0.08857142857142856 0.08571428571428572
