3 0.36238095238095236 0.5617857142857143 0.058095238095238096 0.055
3 0.7871428571428571 0.18785714285714286 0.012380952380952381 0.01
8 0.6171428571428571 0.20392857142857143 0.05714285714285714 0.03214285714285714
4 0.6661904761904762 0.1825 0.021904761904761906 0.012142857142857143
3 0.7338095238095238 0.12357142857142857 0.008571428571428572 0.005714285714285714
3 0.709047619047619 0.09571428571428571 0.006666666666666666 0.004285714285714286
3 0.8704761904761905 0.19035714285714286 0.022857142857142857 0.007857142857142858
1 0.8061904761904762 0.17785714285714285 0.002857142857142857 0.004285714285714286
2 0.8057142857142857 0.18071428571428572 0.0038095238095238095 0.004285714285714286
5 0.7542857142857143 0.12821428571428573 0.013333333333333332 0.017857142857142856
1 0.7647619047619048 0.12214285714285714 0.0038095238095238095 0.004285714285714286
2 0.7647619047619048 0.12285714285714286 0.0038095238095238095 0.002857142857142857
3 0.7752380952380953 0.08678571428571429 0.013333333333333332 0.005
4 0.7742857142857142 0.08392857142857142 0.015238095238095238 0.005
3 0.8014285714285714 0.07964285714285714 0.014285714285714285 0.005
4 0.8233333333333334 0.08428571428571428 0.014285714285714285 0.005714285714285714
4 0.7938095238095239 0.06892857142857142 0.006666666666666666 0.0035714285714285713
3 0.7842857142857143 0.07 0.008571428571428572 0.004285714285714286
5 0.7614285714285715 0.06964285714285715 0.012380952380952381 0.005
4 0.5947619047619047 0.10571428571428572 0.008571428571428572 0.007142857142857143
4 0.6785714285714286 0.060714285714285714 0.004761904761904762 0.004285714285714286
5 0.6852380952380952 0.06321428571428571 0.008571428571428572 0.007857142857142858
3 0.8495238095238096 0.22214285714285714 0.02095238095238095 0.011428571428571429
3 0.2714285714285714 0.13464285714285715 0.01904761904761905 0.0064285714285714285
4 0.2723809523809524 0.13142857142857142 0.01904761904761905 0.007142857142857143
3 0.21904761904761905 0.15535714285714286 0.02095238095238095 0.007857142857142858
