3 0.028333333333333332 0.74 0.057999999999999996 0.018000000000000002
3 0.036333333333333336 0.7195 0.074 0.035
3 0.13633333333333333 0.6775 0.082 0.03
3 0.209 0.6485 0.078 0.033
3 0.2776666666666667 0.62225 0.06999999999999999 0.0265
4 0.39299999999999996 0.57375 0.062 0.0365
3 0.45766666666666667 0.5535 0.06066666666666667 0.023
4 0.415 0.6577500000000001 0.066 0.0325
3 0.4696666666666667 0.63825 0.06733333333333333 0.0235
4 0.49366666666666664 0.71225 0.06466666666666666 0.0525
3 0.7859999999999999 0.738 0.050666666666666665 0.023
4 0.7466666666666666 0.62775 0.052 0.0375
6 0.9023333333333333 0.6435 0.033999999999999996 0.019
4 1.0326666666666666 0.5375 0.034666666666666665 0.029
3 1.14 0.50425 0.029333333333333333 0.0245
5 1.0213333333333332 0.47000000000000003 0.04666666666666666 0.039
3 1.0653333333333332 0.467 0.042666666666666665 0.023
3 1.077 0.453 0.049999999999999996 0.019
9 1.13 0.45475 0.018666666666666665 0.0105
3 0.5553333333333333 0.5955 0.052 0.041
3 0.61 0.5680000000000001 0.032 0.038
3 0.6476666666666666 0.55425 0.035333333333333335 0.0365
4 0.6926666666666667 0.534 0.042666666666666665 0.024
3 0.5609999999999999 0.51025 0.04733333333333333 0.025500000000000002
3 0.6116666666666667 0.48875 0.046 0.025500000000000002
5 0.6606666666666666 0.47125 0.05733333333333333 0.0265
4 0.6923333333333334 0.50025 0.04066666666666666 0.0235
1 0.6823333333333333 0.458 0.007333333333333333 0.008
5 0.7863333333333333 0.4875 0.05933333333333333 0.037
9 0.7899999999999999 0.46825 0.012 0.0075
1 0.7899999999999999 0.467 0.008 0.01
3 0.8673333333333333 0.451 0.030666666666666665 0.019
3 0.9196666666666666 0.44575000000000004 0.026 0.0195
3 0.8936666666666666 0.438 0.03133333333333333 0.017
3 0.8286666666666667 0.42575 0.032 0.0185
3 0.7876666666666666 0.422 0.02733333333333333 0.014
3 0.8736666666666666 0.38875 0.02733333333333333 0.0135
3 0.894 0.3795 0.022666666666666665 0.012
3 0.9149999999999999 0.37275 0.024666666666666667 0.0125
3 0.9956666666666666 0.37075 0.02333333333333333 0.0115
3 0.9793333333333333 0.34675 0.02 0.0125
3 0.9986666666666666 0.33975 0.02 0.0105
3 1.019 0.33175 0.019333333333333334 0.0095
3 0.9726666666666667 0.44325000000000003 0.04 0.0185
3 1.1436666666666666 0.32975 0.014 0.0105
