5 1.239047619047619 0.08428571428571428 0.15047619047619049 0.08714285714285715
3 1.0995238095238096 0.12321428571428572 0.10380952380952381 0.062142857142857146
3 1.0609523809523809 0.16285714285714287 0.13142857142857142 0.07714285714285714
3 1.0071428571428571 0.22285714285714286 0.13047619047619047 0.08142857142857143
3 0.8676190476190476 0.24321428571428572 0.08761904761904762 0.05928571428571429
3 0.8747619047619047 0.25535714285714284 0.0980952380952381 0.065
3 0.9042857142857142 0.25892857142857145 0.10952380952380952 0.06785714285714285
3 0.7390476190476191 0.31142857142857144 0.08571428571428572 0.05
3 0.7204761904761905 0.3385714285714286 0.09047619047619047 0.06571428571428571
3 0.6728571428571428 0.3357142857142857 0.06952380952380953 0.045714285714285714
3 0.7438095238095238 0.345 0.09523809523809523 0.06571428571428571
3 0.8123809523809524 0.3296428571428571 0.11238095238095239 0.075
3 0.9080952380952381 0.3896428571428571 0.18761904761904763 0.09785714285714285
4 0.8204761904761905 0.5035714285714286 0.23333333333333334 0.11714285714285715
9 0.6080952380952381 0.3796428571428571 0.029523809523809525 0.023571428571428573
1 0.6023809523809524 0.37535714285714283 0.012380952380952381 0.016428571428571428
3 0.3780952380952381 0.5775 0.09142857142857143 0.04928571428571429
4 0.41714285714285715 0.43964285714285717 0.02857142857142857 0.02214285714285714
3 0.2057142857142857 0.6478571428571429 0.047619047619047616 0.04
3 0.2561904761904762 0.5778571428571428 0.04 0.03571428571428571
3 0.29 0.5260714285714285 0.03142857142857143 0.02642857142857143
3 0.25333333333333335 0.5396428571428571 0.030476190476190476 0.025
3 0.23333333333333334 0.5496428571428571 0.024761904761904763 0.02214285714285714
3 0.1757142857142857 0.6153571428571428 0.04666666666666667 0.039285714285714285
3 0.08857142857142856 0.7057142857142857 0.06476190476190476 0.06142857142857143
4 0.03238095238095238 0.6896428571428571 0.045714285714285714 0.03785714285714286
3 0.06095238095238095 0.6692857142857143 0.0380952380952381 0.022857142857142857
3 0.07095238095238095 0.6546428571428572 0.040952380952380955 0.023571428571428573
3 0.12142857142857143 0.6160714285714286 0.04666666666666667 0.029285714285714286
3 0.1376190476190476 0.6010714285714286 0.04285714285714286 0.017857142857142856
3 0.14809523809523809 0.5914285714285714 0.035238095238095235 0.022857142857142857
3 0.17095238095238094 0.5725 0.040952380952380955 0.025
3 0.2019047619047619 0.5496428571428571 0.0380952380952381 0.020714285714285713
3 0.21047619047619048 0.5396428571428571 0.026666666666666665 0.020714285714285713
3 0.1680952380952381 0.5567857142857143 0.021904761904761906 0.015
3 0.16476190476190475 0.5621428571428572 0.017142857142857144 0.012857142857142857
3 0.1961904761904762 0.5396428571428571 0.017142857142857144 0.015
3 0.23714285714285716 0.5175 0.02857142857142857 0.016428571428571428
4 0.24952380952380954 0.5046428571428572 0.02857142857142857 0.017857142857142856
3 0.3280952380952381 0.4810714285714286 0.023809523809523808 0.020714285714285713
3 0.3580952380952381 0.4492857142857143 0.01904761904761905 0.015714285714285715
8 0.3171428571428571 0.4607142857142857 0.0419047619047619 0.032857142857142856
8 0.27904761904761904 0.4785714285714286 0.03428571428571429 0.024285714285714285
3 0.31047619047619046 0.44392857142857145 0.015238095238095238 0.009285714285714286
3 0.33095238095238094 0.43642857142857144 0.01619047619047619 0.01
3 0.3457142857142857 0.4232142857142857 0.013333333333333332 0.009285714285714286
8 0.43523809523809526 0.385 0.03428571428571429 0.037142857142857144
3 0.3952380952380952 0.3942857142857143 0.009523809523809525 0.005714285714285714
1 0.37761904761904763 0.405 0.004761904761904762 0.002857142857142857
2 0.379047619047619 0.4060714285714286 0.0038095238095238095 0.005
