1 0.8426395939086294 0.5114285714285715 0.015228426395939085 0.011428571428571429
1 0.7684010152284263 0.38321428571428573 0.021573604060913704 0.013571428571428571
1 0.7690355329949238 0.37607142857142856 0.015228426395939085 0.010714285714285714
1 0.7671319796954315 0.37 0.019035532994923856 0.01
3 1.6605329949238576 0.03964285714285714 0.08756345177664974 0.05357142857142857
3 1.4600253807106598 0.08214285714285714 0.08756345177664974 0.05714285714285714
3 1.3946700507614211 0.15178571428571427 0.09644670050761421 0.06642857142857143
4 1.647208121827411 0.31107142857142855 0.12944162436548223 0.08928571428571429
1 0.9130710659898477 0.3125 0.03426395939086294 0.010714285714285714
1 1.0107868020304567 0.4317857142857143 0.05710659898477157 0.017857142857142856
1 1.0215736040609136 0.4392857142857143 0.03045685279187817 0.015714285714285715
