9 0.8973333333333333 0.7075 0.017333333333333333 0.037
9 0.9329999999999999 0.71 0.019333333333333334 0.034
9 0.8166666666666667 0.72475 0.021333333333333333 0.0265
6 0.7919999999999999 0.67 0.06266666666666666 0.02
2 0.7989999999999999 0.6585 0.04066666666666666 0.011
2 0.8056666666666666 0.635 0.03933333333333333 0.01
2 0.8033333333333333 0.627 0.03733333333333333 0.009000000000000001
2 0.8009999999999999 0.61875 0.038 0.0135
2 0.8046666666666666 0.6115 0.03333333333333333 0.01
2 0.8016666666666666 0.6035 0.035333333333333335 0.012
2 0.8013333333333333 0.5935 0.03733333333333333 0.01
2 0.8016666666666666 0.58625 0.03666666666666667 0.0095
2 0.7979999999999999 0.57875 0.03733333333333333 0.0115
2 0.8026666666666666 0.5495 0.03733333333333333 0.01
2 0.8019999999999999 0.542 0.03733333333333333 0.011
2 0.7793333333333333 0.506 0.016 0.027
9 0.8113333333333334 0.56625 0.03333333333333333 0.0095
9 0.8193333333333334 0.55825 0.036 0.0115
9 0.839 0.521 0.014 0.028
9 0.8126666666666666 0.5315 0.034666666666666665 0.012
9 0.8143333333333334 0.5225 0.03 0.015
9 0.8013333333333333 0.5185 0.03333333333333333 0.017
9 0.814 0.48525 0.034666666666666665 0.0175
9 0.8206666666666667 0.47675 0.029333333333333333 0.0135
6 0.9303333333333333 0.494 0.019333333333333334 0.035
9 0.7919999999999999 0.466 0.029333333333333333 0.011
9 0.8083333333333333 0.45325 0.033999999999999996 0.0205
6 0.842 0.4425 0.021333333333333333 0.038
2 0.886 0.36725 0.012 0.0195
1 0.888 0.361 0.009333333333333332 0.018000000000000002
9 0.8466666666666667 0.35100000000000003 0.02 0.017
4 0.7906666666666666 0.34950000000000003 0.06666666666666667 0.037
3 0.9616666666666667 0.35050000000000003 0.08333333333333333 0.026000000000000002
3 1.057 0.35575 0.086 0.0265
3 1.1586666666666667 0.35875 0.06933333333333333 0.0245
3 1.144 0.29125 0.06533333333333333 0.0235
4 1.2333333333333334 0.291 0.06 0.026000000000000002
3 1.0246666666666666 0.2745 0.04133333333333333 0.039
3 0.9349999999999999 0.263 0.051333333333333335 0.03
3 0.8686666666666666 0.2805 0.07333333333333333 0.024
5 1.055 0.186 0.08466666666666667 0.029
3 1.0343333333333333 0.17475000000000002 0.06066666666666667 0.0185
3 1.0233333333333332 0.094 0.052 0.02
3 1.0226666666666666 0.08425 0.058666666666666666 0.0165
3 1.0176666666666667 0.07475 0.049999999999999996 0.0155
5 0.9069999999999999 0.089 0.06733333333333333 0.031
3 0.8986666666666666 0.07 0.058666666666666666 0.022
3 0.9073333333333333 0.06075 0.05466666666666666 0.0185
3 0.9843333333333333 0.03275 0.035333333333333335 0.0185
4 1.0726666666666667 0.03425 0.052 0.0205
3 1.0896666666666666 0.031 0.04466666666666667 0.016
3 1.1023333333333334 0.0245 0.04733333333333333 0.017
4 1.3173333333333332 0.085 0.030666666666666665 0.023
9 1.2886666666666666 0.082 0.014666666666666666 0.013000000000000001
3 1.3096666666666665 0.041 0.04466666666666667 0.016
1 1.2903333333333333 0.07825 0.011333333333333332 0.0135
1 1.2526666666666666 0.06975 0.012 0.0105
1 1.2476666666666667 0.065 0.01 0.009000000000000001
9 1.2436666666666667 0.03125 0.008666666666666666 0.0085
1 1.2449999999999999 0.02775 0.007333333333333333 0.0095
3 0.691 0.27725 0.07133333333333333 0.0245
3 0.5736666666666667 0.34225 0.07533333333333334 0.0275
3 0.602 0.27525 0.06933333333333333 0.0265
4 0.494 0.338 0.06799999999999999 0.028
3 0.5066666666666666 0.272 0.072 0.025
3 0.4056666666666667 0.33825 0.07933333333333333 0.0265
3 0.24 0.33525 0.076 0.025500000000000002
3 0.258 0.2715 0.06933333333333333 0.023
3 0.18033333333333332 0.27025 0.07133333333333333 0.0225
3 0.029333333333333333 0.32975 0.06 0.0265
3 0.08633333333333333 0.269 0.06999999999999999 0.023
3 0.022333333333333334 0.26875 0.046 0.0225
3 0.433 0.223 0.03666666666666667 0.03
3 0.371 0.17675 0.057999999999999996 0.0205
3 0.3813333333333333 0.15825 0.05733333333333333 0.021500000000000002
3 0.5136666666666666 0.1665 0.06066666666666667 0.019
3 0.4766666666666666 0.148 0.032 0.026000000000000002
3 0.48 0.09575 0.030666666666666665 0.0245
9 0.42833333333333334 0.088 0.015333333333333332 0.012
3 0.45899999999999996 0.07525 0.04733333333333333 0.0185
3 0.47766666666666663 0.05825 0.048666666666666664 0.0155
5 0.5273333333333333 0.06625 0.03866666666666667 0.0345
6 0.5529999999999999 0.0815 0.018 0.019
3 0.488 0.04925 0.044 0.0155
3 0.4973333333333333 0.04175 0.042666666666666665 0.0165
3 0.5086666666666666 0.035250000000000004 0.04133333333333333 0.0145
3 0.5213333333333333 0.02825 0.042666666666666665 0.0155
9 0.5993333333333333 0.14825 0.010666666666666666 0.0165
2 0.6073333333333333 0.14975 0.006666666666666666 0.0135
9 0.505 0.14275000000000002 0.01 0.0125
9 0.521 0.14325000000000002 0.012666666666666666 0.0165
2 0.5296666666666666 0.1445 0.007333333333333333 0.013000000000000001
9 0.5373333333333333 0.14300000000000002 0.006666666666666666 0.014
9 0.5429999999999999 0.145 0.007333333333333333 0.013000000000000001
9 0.5176666666666666 0.1245 0.014 0.015
9 0.527 0.124 0.008666666666666666 0.015
2 0.5356666666666666 0.125 0.01 0.014
2 0.5423333333333333 0.12675 0.006 0.0145
2 0.5473333333333333 0.12775 0.006666666666666666 0.0125
2 0.5573333333333333 0.1265 0.008 0.015
2 0.567 0.128 0.007333333333333333 0.015
2 0.5743333333333334 0.12725 0.007333333333333333 0.0145
2 0.579 0.12725 0.007333333333333333 0.0135
2 0.5846666666666667 0.128 0.008 0.014
2 0.5913333333333333 0.12725 0.008 0.0135
9 0.5956666666666667 0.12725 0.012666666666666666 0.0145
6 0.564 0.09275 0.012 0.0135
2 0.219 0.38625 0.03 0.0105
2 0.2063333333333333 0.4 0.03266666666666666 0.013000000000000001
2 0.18666666666666665 0.4265 0.03333333333333333 0.011
2 0.18133333333333332 0.4375 0.029333333333333333 0.01
2 0.14966666666666667 0.48375 0.03666666666666667 0.0125
9 0.13866666666666666 0.505 0.03333333333333333 0.017
9 0.18433333333333332 0.4495 0.041999999999999996 0.011
9 0.9833333333333333 0.6875 0.042666666666666665 0.02
