3 0.10533333333333333 0.6032500000000001 0.208 0.07150000000000001
3 0.5223333333333333 0.65475 0.08733333333333333 0.14350000000000002
3 0.8099999999999999 0.66325 0.11733333333333333 0.1265
3 0.748 0.546 0.08933333333333333 0.093
4 0.5243333333333333 0.53125 0.06866666666666667 0.0925
3 0.7133333333333333 0.462 0.06799999999999999 0.066
3 0.6943333333333334 0.41425 0.051333333333333335 0.0375
4 0.5223333333333333 0.46575 0.049999999999999996 0.0475
3 0.5356666666666666 0.41100000000000003 0.049999999999999996 0.056
3 0.5373333333333333 0.375 0.042666666666666665 0.035
3 0.535 0.34500000000000003 0.035333333333333335 0.025
3 0.6636666666666666 0.35075 0.03933333333333333 0.0305
3 0.639 0.30675 0.02733333333333333 0.0235
3 0.49866666666666665 0.302 0.06666666666666667 0.024
3 0.5263333333333333 0.28225 0.05266666666666667 0.0185
4 0.3313333333333333 0.35975 0.08266666666666667 0.0345
3 0.33866666666666667 0.34950000000000003 0.07866666666666666 0.028
3 0.6676666666666666 0.2555 0.046 0.013000000000000001
3 0.8576666666666667 0.25575000000000003 0.048666666666666664 0.0125
4 0.7676666666666666 0.24275 0.04066666666666666 0.0145
9 0.6769999999999999 0.27375 0.018 0.0115
1 0.6729999999999999 0.271 0.006 0.011
1 0.6779999999999999 0.27125 0.006666666666666666 0.0105
3 0.7793333333333333 0.226 0.032 0.01
3 0.7603333333333333 0.22275 0.02733333333333333 0.0095
3 0.7373333333333333 0.216 0.024 0.009000000000000001
5 0.8183333333333334 0.23 0.049999999999999996 0.018000000000000002
5 0.8093333333333333 0.2175 0.03866666666666667 0.018000000000000002
3 0.8653333333333333 0.20125 0.021333333333333333 0.0075
