5 1.1600185528756957 0.5412317327766178 0.10296846011131726 0.04070981210855949
4 1.3153988868274582 0.4947807933194154 0.08905380333951762 0.045929018789144044
3 1.4387755102040816 0.49686847599164924 0.10204081632653061 0.051148225469728595
6 1.2156771799628943 0.4465031315240083 0.03803339517625232 0.023486430062630476
3 1.1581632653061225 0.33220250521920663 0.075139146567718 0.032881002087682666
3 0.9197588126159555 0.40161795407098116 0.07328385899814471 0.04540709812108559
3 1.0793135435992578 0.36456158663883087 0.08256029684601113 0.03914405010438413
3 1.012987012987013 0.3319415448851774 0.06493506493506494 0.032359081419624215
3 1.070500927643785 0.2881002087682672 0.0705009276437848 0.029227557411273482
3 1.3228200371057515 0.21998956158663882 0.07235621521335807 0.019311064718162838
4 1.6071428571428572 0.08950939457202504 0.045454545454545456 0.017223382045929016
3 1.6465677179962894 0.07489561586638831 0.04267161410018553 0.017223382045929016
4 1.719387755102041 0.5211377870563674 0.11038961038961038 0.050626304801670144
4 0.8320964749536178 0.23538622129436323 0.06307977736549165 0.033402922755741124
3 0.6354359925788498 0.21946764091858034 0.0575139146567718 0.03079331941544885
3 0.5974025974025974 0.1998956158663883 0.04081632653061225 0.024008350730688934
9 0.648886827458256 0.19180584551148225 0.015769944341372914 0.009916492693110646
1 0.6470315398886828 0.18867432150313151 0.006493506493506494 0.008872651356993735
4 0.5538033395176253 0.17040709812108557 0.05194805194805195 0.03079331941544885
3 0.5788497217068646 0.10412317327766178 0.03896103896103896 0.01826722338204593
3 0.5853432282003711 0.047755741127348636 0.0352504638218924 0.017223382045929016
3 0.46938775510204084 0.26983298538622125 0.0575139146567718 0.032359081419624215
4 0.43413729128014844 0.2747912317327766 0.05380333951762523 0.03392484342379958
3 0.23144712430426717 0.3277661795407098 0.05658627087198516 0.04070981210855949
3 0.012987012987012988 0.38830897703549055 0.027829313543599257 0.044885177453027135
4 0.046846011131725415 0.028966597077244256 0.049165120593692026 0.017223382045929016
5 0.10899814471243043 0.018789144050104383 0.07699443413729128 0.022964509394572022
