9 0.5876190476190476 0.6810714285714285 0.015238095238095238 0.025
9 0.6252380952380953 0.6632142857142858 0.01619047619047619 0.025
5 1.2295238095238095 0.6857142857142857 0.09142857142857143 0.041428571428571426
3 0.48523809523809525 0.23035714285714284 0.04476190476190476 0.017857142857142856
3 0.6166666666666667 0.3192857142857143 0.02761904761904762 0.02857142857142857
3 0.5938095238095238 0.2642857142857143 0.021904761904761906 0.027142857142857142
3 0.5980952380952381 0.12392857142857143 0.015238095238095238 0.013571428571428571
3 0.5652380952380952 0.05714285714285714 0.010476190476190476 0.011428571428571429
3 0.6514285714285715 0.29928571428571427 0.024761904761904763 0.025714285714285714
3 0.820952380952381 0.2832142857142857 0.030476190476190476 0.020714285714285713
3 0.43714285714285717 0.10964285714285714 0.030476190476190476 0.013571428571428571
4 0.47714285714285715 0.16892857142857143 0.03238095238095238 0.013571428571428571
4 0.5904761904761905 0.2375 0.01904761904761905 0.023571428571428573
4 0.6052380952380952 0.2910714285714286 0.025714285714285714 0.027857142857142858
4 0.6166666666666667 0.21714285714285714 0.014285714285714285 0.012857142857142857
3 0.6019047619047619 0.18357142857142858 0.01904761904761905 0.018571428571428572
3 0.6090476190476191 0.2017857142857143 0.018095238095238095 0.019285714285714285
5 0.6285714285714286 0.25107142857142856 0.04 0.060714285714285714
5 0.7066666666666667 0.3267857142857143 0.03619047619047619 0.03785714285714286
5 0.6242857142857143 0.37 0.04285714285714286 0.07285714285714286
5 0.6714285714285714 0.3539285714285714 0.05714285714285714 0.085
5 0.5328571428571428 0.02214285714285714 0.014285714285714285 0.017142857142857144
5 0.5361904761904762 0.08714285714285715 0.017142857142857144 0.022857142857142857
8 0.5761904761904761 0.20214285714285715 0.03238095238095238 0.05285714285714286
8 0.5638095238095238 0.1667857142857143 0.02857142857142857 0.03785714285714286
8 0.5904761904761905 0.15642857142857142 0.030476190476190476 0.041428571428571426
8 0.5561904761904762 0.13785714285714284 0.024761904761904763 0.032857142857142856
8 0.5771428571428572 0.12892857142857142 0.026666666666666665 0.03642857142857143
8 0.5466666666666666 0.11678571428571428 0.022857142857142857 0.035
8 0.5595238095238095 0.09642857142857143 0.025714285714285714 0.032857142857142856
9 0.920952380952381 0.3732142857142857 0.015238095238095238 0.012142857142857143
1 0.9228571428571428 0.37107142857142855 0.009523809523809525 0.010714285714285714
3 0.6538095238095238 0.16857142857142857 0.029523809523809525 0.015714285714285715
5 0.5614285714285714 0.013928571428571429 0.014285714285714285 0.016428571428571428
