4 0.2261904761904762 0.64 0.12476190476190477 0.04
2 0.19857142857142857 0.7335714285714285 0.04476190476190476 0.012857142857142857
5 0.43285714285714283 0.7057142857142857 0.06761904761904762 0.08571428571428572
4 0.5028571428571429 0.6867857142857143 0.049523809523809526 0.095
4 0.6942857142857143 0.7039285714285715 0.04380952380952381 0.08642857142857142
3 0.6742857142857143 0.5846428571428571 0.05333333333333333 0.085
3 0.6847619047619048 0.38821428571428573 0.049523809523809526 0.08357142857142857
3 0.379047619047619 0.515 0.05333333333333333 0.08571428571428572
3 0.48238095238095235 0.44535714285714284 0.054285714285714284 0.08357142857142857
3 0.4642857142857143 0.335 0.05047619047619047 0.08142857142857143
3 0.4780952380952381 0.2475 0.08 0.07642857142857143
3 0.6895238095238095 0.30178571428571427 0.0419047619047619 0.056428571428571425
3 0.6871428571428572 0.22178571428571428 0.04476190476190476 0.07214285714285715
3 0.6871428571428572 0.12571428571428572 0.04476190476190476 0.07
3 0.6838095238095238 0.044642857142857144 0.047619047619047616 0.075
3 0.57 0.08178571428571428 0.04285714285714286 0.07928571428571428
4 0.4680952380952381 0.16642857142857143 0.039047619047619046 0.06428571428571428
3 0.29619047619047617 0.029285714285714286 0.10666666666666666 0.03857142857142857
3 0.2904761904761905 0.0725 0.10285714285714286 0.039285714285714285
9 0.25142857142857145 0.25857142857142856 0.0419047619047619 0.024285714285714285
9 0.21428571428571427 0.5521428571428572 0.04 0.011428571428571429
9 0.22476190476190477 0.4567857142857143 0.0419047619047619 0.013571428571428571
1 0.2480952380952381 0.3889285714285714 0.023809523809523808 0.009285714285714286
9 0.2480952380952381 0.38607142857142857 0.025714285714285714 0.029285714285714286
3 0.3995238095238095 0.37035714285714283 0.04476190476190476 0.07785714285714286
3 0.37761904761904763 0.26857142857142857 0.054285714285714284 0.08142857142857143
