8 0.7753333333333333 0.67475 0.11066666666666666 0.1495
3 0.3933333333333333 0.60925 0.06666666666666667 0.0995
3 0.21966666666666665 0.5640000000000001 0.06866666666666667 0.08700000000000001
3 0.15966666666666665 0.72175 0.082 0.0555
1 0.306 0.5175 0.013333333333333332 0.017
1 0.31066666666666665 0.556 0.018666666666666665 0.017
9 0.30833333333333335 0.52275 0.022 0.029500000000000002
9 0.313 0.561 0.026 0.034
4 0.2523333333333333 0.48025 0.054 0.0535
3 0.27899999999999997 0.405 0.057999999999999996 0.06
4 0.9826666666666667 0.553 0.06799999999999999 0.073
4 0.9626666666666667 0.14225000000000002 0.056 0.0205
3 1.0293333333333332 0.14275000000000002 0.058666666666666666 0.0185
3 1.0963333333333334 0.14150000000000001 0.06333333333333332 0.021
3 1.1736666666666666 0.14075000000000001 0.062 0.0195
3 1.2523333333333333 0.13925 0.06866666666666667 0.021500000000000002
4 1.1326666666666667 0.211 0.06 0.026000000000000002
3 1.0593333333333332 0.222 0.06666666666666667 0.026000000000000002
3 0.6849999999999999 0.29775 0.035333333333333335 0.043500000000000004
3 0.623 0.224 0.035333333333333335 0.038
3 0.7013333333333334 0.17925 0.03333333333333333 0.0375
3 0.5046666666666666 0.28125 0.03333333333333333 0.0535
3 0.5186666666666666 0.18625 0.03333333333333333 0.0455
3 0.3973333333333333 0.08625000000000001 0.029333333333333333 0.0265
3 0.4056666666666667 0.06225 0.02333333333333333 0.0225
3 0.41333333333333333 0.04525 0.024 0.021500000000000002
3 0.41766666666666663 0.02925 0.022 0.0155
3 0.42366666666666664 0.0155 0.020666666666666667 0.016
4 0.5143333333333333 0.0965 0.026 0.034
3 0.7753333333333333 0.106 0.030666666666666665 0.02
3 0.7613333333333333 0.08600000000000001 0.028 0.02
3 0.7476666666666666 0.0685 0.026 0.023
3 0.7396666666666667 0.04825 0.02333333333333333 0.0185
4 0.7296666666666667 0.027 0.02333333333333333 0.017
3 0.7213333333333333 0.01225 0.021333333333333333 0.0145
3 0.9513333333333333 0.11025 0.05466666666666666 0.0185
