3 0.604 0.7020000000000001 0.22666666666666666 0.095
3 0.6286666666666666 0.64075 0.20666666666666667 0.08650000000000001
3 0.6853333333333333 0.5215 0.14666666666666667 0.067
9 0.37366666666666665 0.37225 0.03666666666666667 0.0205
9 0.37866666666666665 0.3635 0.030666666666666665 0.023
2 0.42433333333333334 0.35150000000000003 0.03266666666666666 0.022
2 0.45066666666666666 0.34325 0.026666666666666665 0.0225
9 0.4766666666666666 0.335 0.024 0.02
3 0.579 0.3195 0.08333333333333333 0.032
3 0.8099999999999999 0.341 0.10533333333333333 0.035
3 0.6849999999999999 0.28375 0.066 0.025500000000000002
4 0.8526666666666667 0.2995 0.06533333333333333 0.057
3 0.7623333333333333 0.2095 0.03 0.017
3 0.8613333333333333 0.23675000000000002 0.048 0.0175
3 0.8673333333333333 0.23025 0.058666666666666666 0.0175
3 0.7533333333333333 0.18875 0.03333333333333333 0.0135
3 0.7753333333333333 0.18825 0.03333333333333333 0.0135
3 0.7929999999999999 0.18625 0.038 0.0135
3 0.8043333333333333 0.182 0.041999999999999996 0.012
3 0.8703333333333333 0.21575 0.056666666666666664 0.0165
3 0.8833333333333333 0.21175 0.064 0.0145
4 0.884 0.19875 0.05733333333333333 0.0165
4 0.8913333333333333 0.18275 0.048 0.0145
3 0.894 0.18 0.04133333333333333 0.011
3 0.9016666666666666 0.17175 0.04066666666666666 0.0125
4 0.898 0.167 0.03733333333333333 0.009000000000000001
9 0.843 0.16025 0.007333333333333333 0.006500000000000001
6 0.822 0.162 0.021333333333333333 0.008
4 0.8823333333333333 0.123 0.01 0.008
3 1.1903333333333332 0.243 0.04066666666666666 0.026000000000000002
4 0.8786666666666666 0.136 0.012 0.008
3 0.8653333333333333 0.13625 0.010666666666666666 0.0075
3 0.873 0.13375 0.018 0.0075
4 1.1723333333333332 0.20125 0.026 0.0195
3 1.147 0.21025 0.03133333333333333 0.021500000000000002
3 1.1119999999999999 0.16675 0.02 0.0105
3 1.0943333333333334 0.16025 0.018 0.0105
5 1.0683333333333334 0.1455 0.026 0.026000000000000002
3 1.0686666666666667 0.13675 0.024 0.0135
5 1.0373333333333332 0.13125 0.016 0.0145
3 1.044 0.12825 0.012 0.0105
3 1.035 0.1255 0.014 0.009000000000000001
