3 0.06142857142857143 0.5592857142857143 0.06952380952380953 0.047142857142857146
3 0.0919047619047619 0.5621428571428572 0.06571428571428571 0.04857142857142857
5 0.1442857142857143 0.5432142857142858 0.10380952380952381 0.065
3 0.5195238095238095 0.5896428571428571 0.039047619047619046 0.052142857142857144
3 0.5028571428571429 0.5225 0.05904761904761905 0.030714285714285715
3 0.52 0.49357142857142855 0.06095238095238095 0.02857142857142857
3 1.148095238095238 0.5628571428571428 0.08476190476190476 0.03
3 0.8938095238095238 0.5217857142857143 0.06952380952380953 0.030714285714285715
3 0.7566666666666667 0.20035714285714284 0.014285714285714285 0.015
3 0.8014285714285714 0.21821428571428572 0.021904761904761906 0.012142857142857143
3 0.7619047619047619 0.18214285714285713 0.011428571428571429 0.014285714285714285
3 0.7923809523809524 0.06821428571428571 0.007619047619047619 0.007857142857142858
3 0.9514285714285714 0.11142857142857143 0.015238095238095238 0.01
3 0.9795238095238096 0.10392857142857143 0.021904761904761906 0.009285714285714286
3 0.9257142857142857 0.21928571428571428 0.03238095238095238 0.011428571428571429
3 0.7638095238095238 0.29178571428571426 0.017142857142857144 0.019285714285714285
3 1.06 0.10071428571428571 0.015238095238095238 0.007142857142857143
5 1.0276190476190477 0.1 0.06285714285714286 0.015714285714285715
5 1.0185714285714285 0.10821428571428571 0.03142857142857143 0.012142857142857143
5 1.1061904761904762 0.09571428571428571 0.039047619047619046 0.012857142857142857
5 1.1238095238095238 0.08571428571428572 0.01904761904761905 0.014285714285714285
5 1.1028571428571428 0.08357142857142857 0.015238095238095238 0.014285714285714285
3 0.45571428571428574 0.29928571428571427 0.035238095238095235 0.015714285714285715
5 0.7666666666666667 0.16071428571428573 0.013333333333333332 0.017142857142857144
2 0.7442857142857143 0.21678571428571428 0.006666666666666666 0.010714285714285714
2 0.7776190476190477 0.25785714285714284 0.006666666666666666 0.011428571428571429
9 1.0023809523809524 0.6178571428571429 0.03142857142857143 0.015714285714285715
