2 0.7926716141001855 0.3515135699373695 0.03803339517625232 0.013048016701461376
3 0.800556586270872 0.13596033402922755 0.06307977736549165 0.012004175365344467
3 0.901669758812616 0.16727557411273486 0.02411873840445269 0.020354906054279746
6 0.9935064935064936 0.2586116910229645 0.022263450834879406 0.023486430062630476
4 1.0612244897959184 0.28314196242171186 0.04267161410018553 0.03496868475991649
6 1.0890538033395176 0.3504697286012526 0.02411873840445269 0.03392484342379958
3 1.2087198515769944 0.3262004175365344 0.07792207792207792 0.025052192066805843
9 1.1938775510204083 0.2781837160751566 0.012987012987012988 0.013569937369519832
9 0.7833951762523191 0.20172233820459287 0.036178107606679034 0.007828810020876827
9 0.7843228200371057 0.19363256784968683 0.03803339517625232 0.008350730688935281
9 0.7898886827458256 0.21503131524008348 0.0176252319109462 0.012526096033402922
9 0.8028756957328386 0.223643006263048 0.01948051948051948 0.013048016701461376
1 0.8858998144712431 0.2760960334029227 0.0074211502782931356 0.012526096033402922
9 0.8863636363636364 0.2805323590814196 0.015769944341372914 0.015135699373695197
1 0.8780148423005566 0.5289665970772442 0.015769944341372914 0.020354906054279746
6 0.8766233766233766 0.5305323590814196 0.020408163265306124 0.0360125260960334
1 1.0783858998144713 0.47599164926931103 0.0176252319109462 0.016701461377870562
9 1.0760667903525047 0.47834029227557406 0.016697588126159554 0.02453027139874739
9 1.1321892393320965 0.299321503131524 0.030612244897959183 0.013048016701461376
9 1.1493506493506493 0.29331941544885176 0.03153988868274583 0.015657620041753653
9 1.1261595547309833 0.2823590814196242 0.027829313543599257 0.011482254697286011
9 1.1020408163265307 0.27557411273486426 0.02411873840445269 0.011482254697286011
9 1.1785714285714286 0.24217118997912315 0.026901669758812616 0.010438413361169102
9 1.1743970315398886 0.24086638830897703 0.029684601113172542 0.009916492693110646
1 0.8678107606679035 0.0939457202505219 0.006493506493506494 0.010438413361169102
2 0.8682745825602969 0.09629436325678496 0.0055658627087198514 0.008872651356993735
4 0.9341372912801484 0.008611691022964508 0.014842300556586271 0.010960334029227557
3 0.8172541743970315 0.08298538622129435 0.05194805194805195 0.010438413361169102
6 0.9253246753246753 0.03549060542797494 0.008348794063079777 0.009394572025052192
