5 0.5133333333333333 0.70375 0.18266666666666667 0.0915
3 0.6233333333333333 0.625 0.09866666666666667 0.078
5 0.7183333333333333 0.51325 0.16466666666666666 0.1275
4 0.8263333333333333 0.49275 0.049999999999999996 0.0525
1 0.8273333333333333 0.392 0.010666666666666666 0.017
2 0.826 0.397 0.008 0.015
3 0.947 0.336 0.026 0.016
4 0.9446666666666667 0.299 0.018666666666666665 0.017
3 1.0999999999999999 0.297 0.04533333333333333 0.014
3 1.1506666666666667 0.30075 0.036 0.0115
4 1.2049999999999998 0.30125 0.038 0.0135
8 1.2409999999999999 0.271 0.057999999999999996 0.019
9 0.9603333333333333 0.2525 0.008666666666666666 0.005
3 1.1373333333333333 0.2445 0.025333333333333333 0.006
3 1.0486666666666666 0.263 0.013333333333333332 0.008
1 1.077 0.229 0.003333333333333333 0.005
3 1.032 0.2285 0.009333333333333332 0.005
5 1.0213333333333332 0.2225 0.013333333333333332 0.011
3 1.0536666666666665 0.2255 0.007333333333333333 0.004
3 1.0393333333333332 0.2225 0.008 0.004
5 1.0406666666666666 0.217 0.010666666666666666 0.008
5 1.072 0.22375 0.013333333333333332 0.0125
5 1.0826666666666667 0.21475 0.010666666666666666 0.0115
5 1.0666666666666667 0.2145 0.013333333333333332 0.011
5 1.071 0.212 0.011333333333333332 0.01
5 1.0656666666666665 0.1965 0.006 0.005
8 1.087 0.213 0.01 0.009000000000000001
8 1.0586666666666666 0.22125 0.013333333333333332 0.0105
8 1.0476666666666665 0.2105 0.011333333333333332 0.008
8 1.0536666666666665 0.20700000000000002 0.01 0.008
5 1.058 0.203 0.008 0.008
3 1.0593333333333332 0.1965 0.005333333333333333 0.003
3 1.0713333333333332 0.1955 0.004 0.003
