2 0.7676666666666666 0.4 0.020666666666666667 0.047
1 0.7703333333333333 0.40225 0.024666666666666667 0.029500000000000002
9 0.6826666666666666 0.3845 0.03333333333333333 0.039
1 0.6813333333333333 0.38525 0.028 0.0205
9 0.717 0.35150000000000003 0.02333333333333333 0.027
1 0.7186666666666667 0.35125 0.017333333333333333 0.0145
1 0.6819999999999999 0.28925 0.012 0.006500000000000001
3 0.9026666666666666 0.327 0.10533333333333333 0.126
5 0.507 0.4415 0.16866666666666666 0.243
1 0.7839999999999999 0.1045 0.014666666666666666 0.017
5 0.577 0.146 0.11933333333333333 0.157
6 0.541 0.027 0.06733333333333333 0.055
