3 0.4704761904761905 0.6742857142857143 0.10095238095238095 0.13
3 1.237142857142857 0.6789285714285714 0.11619047619047619 0.13214285714285715
3 0.9304761904761905 0.4764285714285714 0.08952380952380952 0.09142857142857143
3 0.5161904761904762 0.4585714285714286 0.07428571428571429 0.09
3 0.6180952380952381 0.39035714285714285 0.07047619047619047 0.07785714285714286
3 0.8742857142857143 0.3342857142857143 0.07047619047619047 0.06142857142857143
3 0.5752380952380952 0.3246428571428571 0.06666666666666667 0.05071428571428571
3 0.8657142857142857 0.24892857142857142 0.05714285714285714 0.04214285714285714
4 0.8638095238095238 0.2032142857142857 0.04 0.04071428571428572
5 0.6076190476190476 0.2175 0.06666666666666667 0.06642857142857143
3 0.628095238095238 0.1682142857142857 0.04285714285714286 0.030714285714285715
3 0.6447619047619048 0.1382142857142857 0.0380952380952381 0.029285714285714286
3 0.65 0.105 0.035238095238095235 0.02857142857142857
3 0.6619047619047619 0.08285714285714285 0.03238095238095238 0.025714285714285714
3 0.6728571428571428 0.065 0.037142857142857144 0.02142857142857143
3 0.6728571428571428 0.04285714285714286 0.03333333333333333 0.018571428571428572
3 0.8480952380952381 0.16642857142857143 0.07142857142857142 0.03428571428571429
3 0.8314285714285714 0.115 0.05714285714285714 0.025714285714285714
3 0.8323809523809523 0.09678571428571428 0.05523809523809524 0.02642857142857143
3 0.8328571428571429 0.08214285714285714 0.054285714285714284 0.02
3 0.8233333333333334 0.06785714285714285 0.06 0.02
3 0.8195238095238095 0.06 0.06 0.018571428571428572
3 0.8176190476190476 0.048928571428571425 0.054285714285714284 0.017857142857142856
3 0.8176190476190476 0.03857142857142857 0.054285714285714284 0.015714285714285715
3 0.8123809523809524 0.03321428571428572 0.047619047619047616 0.015
3 0.8166666666666667 0.024285714285714285 0.05047619047619047 0.014285714285714285
3 0.8080952380952381 0.016428571428571428 0.04857142857142857 0.015714285714285715
3 0.8023809523809524 0.0075 0.05238095238095238 0.015
3 0.6752380952380952 0.029285714285714286 0.026666666666666665 0.018571428571428572
3 0.6838095238095238 0.013214285714285715 0.026666666666666665 0.02214285714285714
4 0.6780952380952381 0.005714285714285714 0.049523809523809526 0.012857142857142857
5 0.8623809523809524 0.12642857142857142 0.058095238095238096 0.05142857142857143
