3 0.1846446700507614 0.13035714285714287 0.049492385786802026 0.010714285714285714
3 0.3128172588832487 0.14357142857142857 0.052030456852791875 0.011428571428571429
8 0.5678934010152283 0.13428571428571429 0.133248730964467 0.032857142857142856
8 0.6884517766497461 0.13642857142857143 0.04695431472081218 0.024285714285714285
8 1.0114213197969542 0.06535714285714286 0.053299492385786795 0.02214285714285714
8 1.0774111675126903 0.05714285714285714 0.06345177664974619 0.02142857142857143
4 0.7798223350253807 0.08464285714285714 0.026649746192893398 0.009285714285714286
3 1.0615482233502538 0.08892857142857143 0.024111675126903553 0.007857142857142858
3 1.1605329949238579 0.05678571428571429 0.019035532994923856 0.0064285714285714285
3 1.189720812182741 0.04857142857142857 0.016497461928934008 0.005714285714285714
3 1.2036802030456852 0.04392857142857143 0.016497461928934008 0.0064285714285714285
4 1.2233502538071066 0.04357142857142857 0.012690355329949238 0.005714285714285714
9 1.156725888324873 0.07642857142857143 0.008883248730964466 0.004285714285714286
1 1.156725888324873 0.075 0.0038071065989847713 0.004285714285714286
3 1.1795685279187815 0.05678571428571429 0.019035532994923856 0.007857142857142858
8 1.3597715736040608 0.003928571428571429 0.024111675126903553 0.009285714285714286
3 1.4194162436548223 0.002857142857142857 0.011421319796954314 0.004285714285714286
4 1.3102791878172588 0.04607142857142857 0.016497461928934008 0.007857142857142858
3 1.2703045685279186 0.05392857142857143 0.015228426395939085 0.007857142857142858
4 1.2170050761421318 0.05964285714285714 0.017766497461928932 0.007857142857142858
3 1.1833756345177664 0.07321428571428572 0.019035532994923856 0.0064285714285714285
3 1.2081218274111674 0.07571428571428572 0.02030456852791878 0.008571428571428572
8 1.141497461928934 0.08142857142857143 0.029187817258883246 0.014285714285714285
8 1.4200507614213196 0.0175 0.02030456852791878 0.015
8 1.4225888324873095 0.06035714285714286 0.02030456852791878 0.020714285714285713
8 1.7208121827411167 0.05178571428571429 0.04314720812182741 0.02214285714285714
8 1.4118020304568526 0.075 0.03680203045685279 0.025714285714285714
3 1.7690355329949237 0.08 0.012690355329949238 0.01
8 1.405456852791878 0.16071428571428573 0.09010152284263959 0.022857142857142857
8 1.1313451776649746 0.15821428571428572 0.15355329949238578 0.03785714285714286
4 1.114213197969543 0.09535714285714286 0.02284263959390863 0.009285714285714286
3 1.0736040609137054 0.11178571428571428 0.02284263959390863 0.007857142857142858
3 1.0184010152284264 0.1382142857142857 0.026649746192893398 0.009285714285714286
3 1.0520304568527918 0.15071428571428572 0.048223350253807105 0.011428571428571429
3 0.8083756345177664 0.13642857142857143 0.03045685279187817 0.008571428571428572
3 0.848984771573604 0.15571428571428572 0.055837563451776644 0.011428571428571429
4 0.8508883248730964 0.1442857142857143 0.049492385786802026 0.011428571428571429
3 1.2309644670050761 0.2307142857142857 0.02030456852791878 0.015714285714285715
3 1.0723350253807107 0.2117857142857143 0.027918781725888322 0.019285714285714285
3 1.017766497461929 0.21035714285714285 0.025380710659898477 0.020714285714285713
4 0.9536802030456852 0.23142857142857143 0.029187817258883246 0.02142857142857143
5 0.8610406091370558 0.21821428571428572 0.04441624365482233 0.029285714285714286
4 0.6154822335025381 0.215 0.035532994923857864 0.015714285714285715
4 0.8331218274111675 0.24785714285714286 0.031725888324873094 0.018571428571428572
3 0.7011421319796953 0.2667857142857143 0.03426395939086294 0.017857142857142856
3 0.9251269035532994 0.29035714285714287 0.032994923857868015 0.023571428571428573
3 1.0279187817258884 0.32071428571428573 0.03045685279187817 0.025714285714285714
3 1.1681472081218274 0.3892857142857143 0.03426395939086294 0.03142857142857143
4 1.3090101522842639 0.43714285714285717 0.03934010152284264 0.04285714285714286
4 1.0901015228426396 0.41285714285714287 0.03807106598984771 0.04
3 0.9638324873096445 0.39357142857142857 0.03680203045685279 0.03428571428571429
4 0.8496192893401014 0.3092857142857143 0.03426395939086294 0.024285714285714285
3 0.6890862944162436 0.5042857142857143 0.04568527918781726 0.047142857142857146
3 1.5793147208121827 0.5346428571428572 0.052030456852791875 0.047857142857142855
5 1.6859137055837563 0.5357142857142857 0.07741116751269035 0.05142857142857143
