3 0.8591370558375634 0.25357142857142856 0.02284263959390863 0.02142857142857143
3 0.8553299492385786 0.20535714285714285 0.02030456852791878 0.016428571428571428
3 0.7455583756345177 0.20785714285714285 0.021573604060913704 0.014285714285714285
3 0.833756345177665 0.1692857142857143 0.02030456852791878 0.015714285714285715
3 0.6649746192893401 0.25821428571428573 0.05837563451776649 0.015
3 0.8420050761421319 0.08214285714285714 0.016497461928934008 0.011428571428571429
3 0.8610406091370558 0.03964285714285714 0.013959390862944161 0.009285714285714286
3 0.8064720812182741 0.0067857142857142855 0.011421319796954314 0.0064285714285714285
3 0.7036802030456852 0.2775 0.05710659898477157 0.013571428571428571
3 0.9181472081218274 0.07035714285714285 0.029187817258883246 0.009285714285714286
3 0.8616751269035532 0.18357142857142858 0.017766497461928932 0.015714285714285715
3 0.8623096446700507 0.165 0.019035532994923856 0.014285714285714285
3 0.8946700507614213 0.21785714285714286 0.02030456852791878 0.017142857142857144
3 0.6173857868020304 0.285 0.05456852791878172 0.014285714285714285
3 0.7030456852791878 0.26357142857142857 0.04060913705583756 0.014285714285714285
3 0.8623096446700507 0.35714285714285715 0.031725888324873094 0.02857142857142857
3 0.4955583756345177 0.26 0.052030456852791875 0.01
3 0.3147208121827411 0.25642857142857145 0.055837563451776644 0.011428571428571429
3 0.508248730964467 0.26964285714285713 0.06472081218274112 0.012142857142857143
4 0.6059644670050761 0.27 0.05710659898477157 0.014285714285714285
3 0.581218274111675 0.26321428571428573 0.053299492385786795 0.012142857142857143
4 0.8362944162436547 0.12964285714285714 0.015228426395939085 0.015
4 0.8261421319796953 0.22035714285714286 0.02030456852791878 0.02214285714285714
4 0.8578680203045684 0.2282142857142857 0.017766497461928932 0.019285714285714285
4 0.8889593908629441 0.23607142857142857 0.021573604060913704 0.020714285714285713
4 0.8223350253807106 0.39107142857142857 0.027918781725888322 0.030714285714285715
4 0.8597715736040609 0.12107142857142857 0.013959390862944161 0.012142857142857143
8 1.072969543147208 0.38785714285714284 0.05964467005076142 0.08285714285714285
8 1.12246192893401 0.3871428571428571 0.06472081218274112 0.08142857142857143
8 1.0869289340101522 0.4660714285714286 0.04695431472081218 0.07071428571428572
8 1.142766497461929 0.45571428571428574 0.04695431472081218 0.06428571428571428
8 1.170685279187817 0.3767857142857143 0.049492385786802026 0.05071428571428571
8 1.1916243654822334 0.42714285714285716 0.055837563451776644 0.05714285714285714
