8 0.6040609137055837 0.10821428571428571 0.10406091370558375 0.06642857142857143
8 0.7081218274111675 0.023214285714285715 0.053299492385786795 0.047857142857142855
8 0.2652284263959391 0.10142857142857142 0.09644670050761421 0.03857142857142857
3 0.1611675126903553 0.37464285714285717 0.09137055837563451 0.03785714285714286
3 0.42068527918781723 0.25142857142857145 0.07233502538071065 0.02857142857142857
3 0.40736040609137053 0.3414285714285714 0.08629441624365482 0.04428571428571428
3 0.5983502538071066 0.15642857142857142 0.049492385786802026 0.024285714285714285
3 0.7131979695431472 0.12857142857142856 0.04060913705583756 0.02
3 0.23223350253807104 0.3867857142857143 0.08375634517766496 0.045
3 0.7328680203045684 0.27 0.031725888324873094 0.025714285714285714
3 0.8730964467005076 0.2739285714285714 0.03045685279187817 0.029285714285714286
3 0.9143401015228426 0.11607142857142858 0.026649746192893398 0.020714285714285713
3 0.9441624365482233 0.047142857142857146 0.02030456852791878 0.017142857142857144
3 0.7906091370558375 0.0625 0.027918781725888322 0.019285714285714285
3 0.8102791878172588 0.026071428571428572 0.026649746192893398 0.019285714285714285
3 0.700507614213198 0.085 0.035532994923857864 0.017142857142857144
3 1.16243654822335 0.0625 0.025380710659898477 0.013571428571428571
4 0.7354060913705583 0.046785714285714285 0.026649746192893398 0.019285714285714285
3 0.33375634517766495 0.13607142857142857 0.06091370558375634 0.015
3 0.04187817258883248 0.054285714285714284 0.04314720812182741 0.015714285714285715
3 0.04505076142131979 0.2710714285714286 0.06725888324873096 0.03214285714285714
3 0.03426395939086294 0.26142857142857145 0.07106598984771573 0.03571428571428571
5 0.12690355329949238 0.23214285714285715 0.12944162436548223 0.04428571428571428
5 0.08121827411167512 0.22214285714285714 0.11928934010152284 0.04285714285714286
5 0.059010152284263956 0.21392857142857144 0.11040609137055837 0.039285714285714285
5 0.03045685279187817 0.19607142857142856 0.06345177664974619 0.03357142857142857
5 0.33502538071065985 0.19285714285714287 0.07614213197969542 0.037142857142857144
5 0.3210659898477157 0.18464285714285714 0.07106598984771573 0.03357142857142857
5 0.30076142131979694 0.1792857142857143 0.06852791878172589 0.037142857142857144
5 0.2766497461928934 0.1732142857142857 0.07868020304568528 0.03642857142857143
5 0.2430203045685279 0.16892857142857143 0.08502538071065989 0.04214285714285714
5 0.22588832487309643 0.16464285714285715 0.09390862944162436 0.04071428571428572
5 0.1814720812182741 0.15357142857142858 0.08629441624365482 0.037142857142857144
4 0.11040609137055837 0.12785714285714286 0.055837563451776644 0.022857142857142857
3 0.07423857868020305 0.11571428571428571 0.05456852791878172 0.02142857142857143
3 0.11675126903553298 0.047142857142857146 0.03807106598984771 0.011428571428571429
3 0.10659898477157359 0.04214285714285714 0.04568527918781726 0.01
3 0.16878172588832485 0.061785714285714284 0.04060913705583756 0.015
3 0.19098984771573602 0.05714285714285714 0.031725888324873094 0.014285714285714285
3 0.22398477157360405 0.05285714285714286 0.03680203045685279 0.012857142857142857
3 0.2633248730964467 0.07142857142857142 0.04695431472081218 0.012857142857142857
3 0.21700507614213196 0.048928571428571425 0.04568527918781726 0.012142857142857143
3 0.20368020304568527 0.04607142857142857 0.04187817258883248 0.013571428571428571
3 0.20304568527918782 0.0325 0.035532994923857864 0.012142857142857143
3 0.23921319796954313 0.0275 0.03934010152284264 0.012142857142857143
3 0.2779187817258883 0.011428571428571429 0.035532994923857864 0.012857142857142857
3 0.22842639593908629 0.023571428571428573 0.032994923857868015 0.01
3 0.26713197969543145 0.009642857142857142 0.03680203045685279 0.013571428571428571
3 0.19098984771573602 0.029642857142857144 0.03680203045685279 0.013571428571428571
3 0.18020304568527917 0.028214285714285713 0.032994923857868015 0.013571428571428571
3 0.16751269035532992 0.027142857142857142 0.03807106598984771 0.012857142857142857
3 1.2220812182741116 0.025357142857142856 0.035532994923857864 0.012142857142857143
3 1.2379441624365481 0.02142857142857143 0.04187817258883248 0.014285714285714285
3 1.2125634517766497 0.02892857142857143 0.04441624365482233 0.012142857142857143
3 1.489213197969543 0.022857142857142857 0.04695431472081218 0.01
3 1.4422588832487309 0.023571428571428573 0.04695431472081218 0.012857142857142857
3 1.4378172588832485 0.01892857142857143 0.032994923857868015 0.009285714285714286
3 1.4714467005076142 0.015357142857142857 0.03426395939086294 0.009285714285714286
3 1.4651015228426394 0.012857142857142857 0.031725888324873094 0.008571428571428572
3 1.4536802030456852 0.007142857142857143 0.03680203045685279 0.01
3 1.4143401015228425 0.008214285714285714 0.03426395939086294 0.009285714285714286
3 1.3039340101522843 0.02142857142857143 0.04187817258883248 0.011428571428571429
3 1.276015228426396 0.008928571428571428 0.03426395939086294 0.013571428571428571
3 1.284263959390863 0.005 0.03045685279187817 0.011428571428571429
3 1.3255076142131978 0.005357142857142857 0.031725888324873094 0.012142857142857143
4 0.640228426395939 0.0625 0.026649746192893398 0.020714285714285713
3 0.6434010152284263 0.048214285714285716 0.02030456852791878 0.013571428571428571
3 0.649746192893401 0.03321428571428572 0.02284263959390863 0.015
3 0.6313451776649746 0.02 0.019035532994923856 0.01
3 0.46700507614213194 0.02214285714285714 0.02030456852791878 0.01
3 0.4708121827411167 0.016428571428571428 0.025380710659898477 0.015714285714285715
3 1.034263959390863 0.01 0.035532994923857864 0.014285714285714285
