3 0.5023333333333333 0.7255 0.08333333333333333 0.04
3 0.5433333333333333 0.6825 0.07866666666666666 0.041
3 0.6013333333333333 0.63575 0.08399999999999999 0.0345
4 0.6276666666666666 0.5982500000000001 0.06733333333333333 0.0275
3 0.6633333333333333 0.56075 0.08266666666666667 0.0345
3 0.7056666666666667 0.51325 0.082 0.0315
3 0.8029999999999999 0.49325 0.06999999999999999 0.0585
3 0.765 0.45175 0.08466666666666667 0.0425
3 0.8256666666666667 0.38925 0.08066666666666666 0.035500000000000004
3 0.8703333333333333 0.341 0.07933333333333333 0.046
3 0.9173333333333333 0.29375 0.08133333333333333 0.0375
4 1.0096666666666667 0.1945 0.07266666666666667 0.06
3 1.0753333333333333 0.13925 0.09466666666666666 0.035500000000000004
3 1.1806666666666665 0.021750000000000002 0.07066666666666667 0.043500000000000004
3 1.3046666666666666 0.13825 0.050666666666666665 0.0685
3 1.2469999999999999 0.202 0.06333333333333332 0.067
3 1.1683333333333332 0.28725 0.082 0.0335
4 1.1226666666666667 0.325 0.07466666666666666 0.027
9 1.3083333333333333 0.68725 0.026 0.0205
1 1.3163333333333334 0.68775 0.022 0.0165
3 1.3026666666666666 0.6455 0.06 0.059000000000000004
3 0.902 0.57375 0.07066666666666667 0.0575
3 0.971 0.50725 0.066 0.0575
3 0.7716666666666666 0.6955 0.08733333333333333 0.051000000000000004
4 1.2536666666666667 0.38075000000000003 0.07133333333333333 0.0485
