5 0.141497461928934 0.43785714285714283 0.15101522842639592 0.08571428571428572
4 0.38197969543147203 0.5128571428571429 0.07360406091370558 0.05857142857142857
3 0.4644670050761421 0.36357142857142855 0.055837563451776644 0.04428571428571428
3 0.26776649746192893 0.3432142857142857 0.06598984771573603 0.039285714285714285
3 0.30710659898477155 0.30392857142857144 0.06345177664974619 0.03214285714285714
3 0.3426395939086294 0.2714285714285714 0.055837563451776644 0.027142857142857142
4 0.515228426395939 0.20392857142857143 0.050761421319796954 0.035
3 0.440989847715736 0.08428571428571428 0.05710659898477157 0.015714285714285715
5 0.3743654822335025 0.08392857142857142 0.06345177664974619 0.023571428571428573
2 0.6046954314720812 0.18107142857142858 0.011421319796954314 0.009285714285714286
3 0.6211928934010151 0.03464285714285714 0.026649746192893398 0.013571428571428571
8 0.6116751269035533 0.012142857142857143 0.048223350253807105 0.025714285714285714
3 0.8978426395939085 0.026071428571428572 0.03426395939086294 0.019285714285714285
3 1.1294416243654821 0.10321428571428572 0.04060913705583756 0.030714285714285715
3 1.1148477157360406 0.005357142857142857 0.03426395939086294 0.012142857142857143
3 1.258248730964467 0.1757142857142857 0.06472081218274112 0.041428571428571426
