1 0.03616751269035533 0.39464285714285713 0.013959390862944161 0.015
1 0.059010152284263956 0.445 0.021573604060913704 0.011428571428571429
2 0.06535532994923858 0.4446428571428571 0.024111675126903553 0.013571428571428571
1 0.11294416243654821 0.40285714285714286 0.012690355329949238 0.015714285714285715
1 0.10025380710659898 0.4067857142857143 0.012690355329949238 0.013571428571428571
1 0.07233502538071065 0.3692857142857143 0.012690355329949238 0.01
1 0.13261421319796954 0.3217857142857143 0.011421319796954314 0.013571428571428571
1 0.10342639593908629 0.3007142857142857 0.011421319796954314 0.012857142857142857
1 0.11230964467005075 0.29892857142857143 0.011421319796954314 0.010714285714285714
1 0.15736040609137056 0.3175 0.015228426395939085 0.009285714285714286
1 0.17576142131979694 0.31642857142857145 0.013959390862944161 0.011428571428571429
1 0.19225888324873094 0.31535714285714284 0.016497461928934008 0.010714285714285714
1 0.17005076142131978 0.3289285714285714 0.01015228426395939 0.005
2 0.17195431472081216 0.33107142857142857 0.011421319796954314 0.0064285714285714285
1 0.041243654822335024 0.18678571428571428 0.016497461928934008 0.009285714285714286
2 0.44479695431472077 0.4010714285714286 0.013959390862944161 0.015
1 0.09644670050761421 0.12 0.01015228426395939 0.008571428571428572
3 0.4422588832487309 0.03428571428571429 0.026649746192893398 0.014285714285714285
3 0.47715736040609136 0.030357142857142857 0.02284263959390863 0.013571428571428571
4 0.4911167512690355 0.045 0.027918781725888322 0.017142857142857144
4 0.5374365482233502 0.0225 0.026649746192893398 0.013571428571428571
4 0.5596446700507614 0.036071428571428574 0.025380710659898477 0.015
4 0.6706852791878172 0.05142857142857143 0.029187817258883246 0.02
3 0.748730964467005 0.12464285714285714 0.032994923857868015 0.02214285714285714
3 0.8248730964467005 0.225 0.04060913705583756 0.02857142857142857
4 0.891497461928934 0.3985714285714286 0.04441624365482233 0.041428571428571426
5 1.0958121827411167 0.5082142857142857 0.08248730964467005 0.08357142857142857
5 1.0266497461928934 0.40464285714285714 0.09390862944162436 0.07928571428571428
