5 0.26857142857142857 0.2571428571428571 0.0419047619047619 0.06428571428571428
5 0.21571428571428572 0.18785714285714286 0.04476190476190476 0.07428571428571429
5 0.4957142857142857 0.4082142857142857 0.07523809523809524 0.03357142857142857
5 0.6290476190476191 0.4317857142857143 0.11523809523809524 0.03357142857142857
5 0.32095238095238093 0.11535714285714285 0.04380952380952381 0.04214285714285714
5 0.2557142857142857 0.11214285714285714 0.039047619047619046 0.06142857142857143
5 0.26666666666666666 0.20142857142857143 0.03428571428571429 0.037142857142857144
4 1.0995238095238096 0.40964285714285714 0.06761904761904762 0.02214285714285714
4 0.2357142857142857 0.29678571428571426 0.02761904761904762 0.030714285714285715
3 0.05 0.23035714285714284 0.04476190476190476 0.023571428571428573
4 0.08190476190476191 0.1975 0.049523809523809526 0.020714285714285713
4 0.06904761904761905 0.21428571428571427 0.04857142857142857 0.02
3 0.01380952380952381 0.1875 0.029523809523809525 0.013571428571428571
3 0.017142857142857144 0.17642857142857143 0.03619047619047619 0.012857142857142857
3 0.03 0.24785714285714286 0.04476190476190476 0.02142857142857143
3 0.1 0.18428571428571427 0.049523809523809526 0.017142857142857144
3 0.19476190476190477 0.2689285714285714 0.023809523809523808 0.030714285714285715
3 0.1980952380952381 0.3057142857142857 0.026666666666666665 0.03428571428571429
5 0.19 0.23142857142857143 0.029523809523809525 0.037142857142857144
5 0.22714285714285715 0.24928571428571428 0.02761904761904762 0.04285714285714286
5 0.2633333333333333 0.42178571428571426 0.04666666666666667 0.017857142857142856
3 0.8771428571428571 0.43142857142857144 0.06476190476190476 0.02142857142857143
3 0.9709523809523809 0.38107142857142856 0.058095238095238096 0.017857142857142856
3 0.6528571428571428 0.40285714285714286 0.05619047619047619 0.02
6 0.7533333333333333 0.39535714285714285 0.047619047619047616 0.016428571428571428
1 0.74 0.3964285714285714 0.013333333333333332 0.01
1 0.8457142857142858 0.3560714285714286 0.009523809523809525 0.009285714285714286
2 0.8480952380952381 0.35428571428571426 0.025714285714285714 0.008571428571428572
3 0.5804761904761905 0.19321428571428573 0.039047619047619046 0.023571428571428573
3 0.6214285714285714 0.15964285714285714 0.02 0.027857142857142858
3 0.6423809523809524 0.15642857142857142 0.018095238095238095 0.024285714285714285
3 0.69 0.15642857142857142 0.018095238095238095 0.027142857142857142
3 0.7138095238095238 0.15535714285714286 0.018095238095238095 0.029285714285714286
1 0.5395238095238095 0.18607142857142858 0.004761904761904762 0.009285714285714286
9 0.539047619047619 0.1875 0.013333333333333332 0.010714285714285714
9 0.4257142857142857 0.3678571428571429 0.015238095238095238 0.018571428571428572
9 0.3295238095238095 0.3475 0.017142857142857144 0.012142857142857143
9 0.5219047619047619 0.3682142857142857 0.007619047619047619 0.013571428571428571
1 0.5214285714285715 0.365 0.008571428571428572 0.008571428571428572
1 0.42333333333333334 0.36642857142857144 0.008571428571428572 0.01
1 0.3252380952380952 0.34535714285714286 0.010476190476190476 0.009285714285714286
3 0.26476190476190475 0.16464285714285715 0.024761904761904763 0.030714285714285715
3 0.22238095238095237 0.1375 0.021904761904761906 0.02642857142857143
3 0.12714285714285714 0.15142857142857144 0.040952380952380955 0.014285714285714285
3 0.19142857142857142 0.11535714285714285 0.01904761904761905 0.02642857142857143
4 0.13904761904761906 0.13285714285714287 0.0419047619047619 0.02142857142857143
4 0.47 0.09178571428571429 0.039047619047619046 0.020714285714285713
4 0.5442857142857143 0.011428571428571429 0.037142857142857144 0.014285714285714285
4 0.5457142857142857 0.02142857142857143 0.03619047619047619 0.014285714285714285
3 0.5461904761904762 0.030357142857142857 0.029523809523809525 0.013571428571428571
3 0.559047619047619 0.048928571428571425 0.03428571428571429 0.016428571428571428
3 0.56 0.05857142857142857 0.03428571428571429 0.014285714285714285
3 0.5647619047619048 0.06607142857142857 0.04 0.016428571428571428
3 0.5657142857142857 0.07821428571428571 0.04380952380952381 0.017857142857142856
3 0.47 0.08035714285714286 0.037142857142857144 0.016428571428571428
3 0.4714285714285714 0.07035714285714285 0.0380952380952381 0.016428571428571428
3 0.4542857142857143 0.025357142857142856 0.0380952380952381 0.015
3 0.46 0.04357142857142857 0.04 0.017142857142857144
5 0.5623809523809524 0.035 0.05047619047619047 0.02
5 0.21142857142857144 0.0775 0.04 0.08928571428571429
5 0.24095238095238095 0.024285714285714285 0.0419047619047619 0.05
9 0.19904761904761906 0.020714285714285713 0.005714285714285714 0.012857142857142857
1 0.19857142857142857 0.018214285714285714 0.006666666666666666 0.007857142857142858
1 0.07857142857142857 0.14785714285714285 0.012380952380952381 0.011428571428571429
1 0.1280952380952381 0.21821428571428572 0.008571428571428572 0.010714285714285714
1 0.16857142857142857 0.18071428571428572 0.009523809523809525 0.008571428571428572
9 0.08095238095238096 0.15071428571428572 0.013333333333333332 0.012857142857142857
9 0.13238095238095238 0.21964285714285714 0.009523809523809525 0.013571428571428571
6 0.1719047619047619 0.18178571428571427 0.010476190476190476 0.016428571428571428
3 0.021904761904761906 0.16285714285714287 0.045714285714285714 0.018571428571428572
3 0.04619047619047619 0.10964285714285714 0.04285714285714286 0.016428571428571428
3 0.020476190476190478 0.14857142857142858 0.04285714285714286 0.017142857142857144
4 0.026666666666666665 0.13392857142857142 0.045714285714285714 0.017857142857142856
4 0.017142857142857144 0.12285714285714286 0.03619047619047619 0.017142857142857144
4 0.25333333333333335 0.07785714285714286 0.01904761904761905 0.018571428571428572
3 1.2847619047619048 0.39714285714285713 0.06476190476190476 0.02142857142857143
3 1.2704761904761905 0.37142857142857144 0.06476190476190476 0.02
3 1.1128571428571428 0.3817857142857143 0.06 0.019285714285714285
5 1.1585714285714286 0.2807142857142857 0.05619047619047619 0.017142857142857144
9 1.2476190476190476 0.3221428571428571 0.024761904761904763 0.011428571428571429
3 1.0057142857142858 0.24535714285714286 0.02857142857142857 0.02642857142857143
9 1.2514285714285713 0.26964285714285713 0.024761904761904763 0.007857142857142858
