3 0.47680890538033394 0.08298538622129435 0.06493506493506494 0.04175365344467641
3 0.34833024118738404 0.07228601252609602 0.07884972170686456 0.05167014613778705
3 0.6238404452690167 0.34655532359081415 0.10667903525046382 0.04070981210855949
3 0.4327458256029685 0.2987995824634655 0.11781076066790352 0.04436325678496868
3 0.33812615955473097 0.27244258872651356 0.08998144712430427 0.038622129436325675
3 0.23840445269016697 0.2740083507306889 0.08348794063079777 0.056367432150313146
3 0.21103896103896105 0.19284968684759915 0.08812615955473098 0.056889352818371604
4 0.9911873840445269 0.4436325678496868 0.11781076066790352 0.045929018789144044
3 1.1985157699443414 0.49243215031315235 0.12430426716141002 0.04853862212943632
3 1.4707792207792207 0.5485386221294363 0.11595547309833024 0.026096033402922752
