2 0.04619047619047619 0.08 0.03142857142857143 0.017142857142857144
2 0.034761904761904765 0.14392857142857143 0.02 0.02214285714285714
3 0.07142857142857142 0.09964285714285714 0.045714285714285714 0.047857142857142855
3 0.12523809523809523 0.09678571428571428 0.04476190476190476 0.055
3 0.058095238095238096 0.24857142857142858 0.08952380952380952 0.045714285714285714
3 0.1619047619047619 0.25214285714285717 0.07428571428571429 0.03142857142857143
3 0.2652380952380952 0.26535714285714285 0.09238095238095238 0.03357142857142857
2 0.35523809523809524 0.26607142857142857 0.026666666666666665 0.016428571428571428
1 0.3538095238095238 0.2621428571428571 0.023809523809523808 0.015714285714285715
5 0.40904761904761905 0.22321428571428573 0.12666666666666668 0.047857142857142855
5 0.5214285714285715 0.20535714285714285 0.040952380952380955 0.06928571428571428
1 0.6352380952380953 0.22714285714285715 0.015238095238095238 0.022857142857142857
1 0.6042857142857143 0.26071428571428573 0.01619047619047619 0.017142857142857144
9 0.6061904761904762 0.2621428571428571 0.039047619047619046 0.012857142857142857
5 0.7504761904761905 0.27035714285714285 0.17523809523809525 0.10071428571428571
4 1.009047619047619 0.13964285714285715 0.08476190476190476 0.03642857142857143
3 1.148095238095238 0.21714285714285714 0.08857142857142856 0.03571428571428571
5 1.2319047619047618 0.3007142857142857 0.14761904761904762 0.06
9 1.1133333333333333 0.26107142857142857 0.03428571428571429 0.015
1 1.1142857142857143 0.2639285714285714 0.013333333333333332 0.016428571428571428
1 1.0857142857142856 0.2960714285714286 0.017142857142857144 0.012142857142857143
5 1.026190476190476 0.3196428571428571 0.07142857142857142 0.07928571428571428
1 0.9552380952380952 0.31107142857142855 0.01904761904761905 0.010714285714285714
6 0.960952380952381 0.2575 0.06476190476190476 0.03357142857142857
1 0.8628571428571429 0.44785714285714284 0.017142857142857144 0.011428571428571429
3 0.669047619047619 0.42214285714285715 0.06190476190476191 0.07
4 0.7242857142857143 0.45035714285714284 0.06 0.05928571428571429
5 0.7619047619047619 0.5375 0.05523809523809524 0.09214285714285714
5 0.43142857142857144 0.35535714285714287 0.12 0.09071428571428572
5 0.3295238095238095 0.3682142857142857 0.10476190476190476 0.04642857142857143
5 0.10952380952380952 0.3485714285714286 0.16 0.05857142857142857
2 0.06095238095238095 0.4432142857142857 0.0419047619047619 0.013571428571428571
1 0.08190476190476191 0.4642857142857143 0.015238095238095238 0.011428571428571429
2 0.26142857142857145 0.4475 0.01619047619047619 0.02642857142857143
1 0.4195238095238095 0.46535714285714286 0.01619047619047619 0.009285714285714286
1 0.5295238095238095 0.4567857142857143 0.015238095238095238 0.013571428571428571
9 0.530952380952381 0.4585714285714286 0.014285714285714285 0.02857142857142857
1 0.40523809523809523 0.6296428571428572 0.01619047619047619 0.009285714285714286
3 0.6466666666666666 0.6271428571428571 0.05333333333333333 0.09714285714285714
3 0.7252380952380952 0.6328571428571429 0.054285714285714284 0.09
3 0.8080952380952381 0.7196428571428571 0.06190476190476191 0.05785714285714286
