3 0.4795238095238095 0.44142857142857145 0.1019047619047619 0.09857142857142857
3 0.4033333333333333 0.4142857142857143 0.1019047619047619 0.08714285714285715
4 0.2919047619047619 0.4135714285714286 0.12666666666666668 0.11428571428571428
5 0.09714285714285714 0.395 0.18476190476190477 0.10428571428571429
3 1.068095238095238 0.013214285714285715 0.03142857142857143 0.027857142857142858
5 0.689047619047619 0.05892857142857143 0.06380952380952382 0.03642857142857143
3 0.5623809523809524 0.06714285714285714 0.05047619047619047 0.02857142857142857
3 0.6290476190476191 0.032857142857142856 0.039047619047619046 0.024285714285714285
3 0.6733333333333333 0.013928571428571429 0.03428571428571429 0.019285714285714285
4 0.1280952380952381 0.19464285714285715 0.08666666666666667 0.03357142857142857
3 0.07714285714285714 0.21785714285714286 0.09523809523809523 0.02857142857142857
3 0.035238095238095235 0.24321428571428572 0.07238095238095238 0.035
3 0.17857142857142858 0.12357142857142857 0.07714285714285714 0.024285714285714285
2 0.03 0.1717857142857143 0.037142857142857144 0.016428571428571428
2 0.01619047619047619 0.17821428571428571 0.03238095238095238 0.013571428571428571
2 0.015714285714285715 0.18035714285714285 0.03333333333333333 0.010714285714285714
9 0.07095238095238095 0.15535714285714286 0.025714285714285714 0.016428571428571428
9 0.11428571428571428 0.13642857142857143 0.022857142857142857 0.014285714285714285
1 0.7247619047619047 0.013928571428571429 0.009523809523809525 0.013571428571428571
9 0.7247619047619047 0.0175 0.011428571428571429 0.012142857142857143
3 0.6980952380952381 0.004285714285714286 0.024761904761904763 0.01
1 0.589047619047619 0.7064285714285714 0.025714285714285714 0.03
6 0.6066666666666667 0.6996428571428571 0.049523809523809526 0.08071428571428571
