3 0.5242857142857142 0.2825 0.06761904761904762 0.04642857142857143
3 0.7147619047619047 0.31607142857142856 0.06571428571428571 0.055
3 0.6766666666666666 0.4471428571428571 0.09619047619047619 0.09
3 0.8480952380952381 0.4692857142857143 0.07523809523809524 0.07285714285714286
3 1.140952380952381 0.5435714285714286 0.14857142857142858 0.08571428571428572
3 0.9742857142857143 0.1407142857142857 0.0419047619047619 0.03428571428571429
3 1.100952380952381 0.11428571428571428 0.0380952380952381 0.027142857142857142
3 0.06095238095238095 0.6075 0.12380952380952381 0.11071428571428571
4 0.3519047619047619 0.15321428571428572 0.06761904761904762 0.030714285714285715
3 0.47285714285714286 0.15035714285714286 0.054285714285714284 0.019285714285714285
3 0.5276190476190477 0.12321428571428572 0.04380952380952381 0.020714285714285713
3 0.5057142857142857 0.13142857142857142 0.03238095238095238 0.018571428571428572
3 0.5228571428571429 0.10964285714285714 0.03619047619047619 0.019285714285714285
3 0.700952380952381 0.04964285714285714 0.047619047619047616 0.017857142857142856
3 0.72 0.03535714285714286 0.045714285714285714 0.016428571428571428
3 0.7314285714285714 0.029642857142857144 0.03619047619047619 0.015
3 0.741904761904762 0.021785714285714287 0.030476190476190476 0.013571428571428571
3 0.7785714285714286 0.005 0.023809523809523808 0.011428571428571429
3 0.7776190476190477 0.09178571428571429 0.06190476190476191 0.020714285714285713
5 0.8371428571428572 0.06821428571428571 0.03238095238095238 0.025
9 0.8357142857142857 0.10142857142857142 0.012380952380952381 0.017142857142857144
1 0.8385714285714285 0.09642857142857143 0.004761904761904762 0.005714285714285714
3 0.7309523809523809 0.1357142857142857 0.04476190476190476 0.03
3 0.7966666666666666 0.30892857142857144 0.06380952380952382 0.06357142857142857
8 0.14095238095238094 0.6757142857142857 0.2361904761904762 0.14714285714285713
3 0.6771428571428572 0.7242857142857143 0.09523809523809523 0.05
3 0.8271428571428572 0.7010714285714286 0.11142857142857143 0.09642857142857143
3 0.8461904761904762 0.33107142857142857 0.06761904761904762 0.065
3 0.8680952380952381 0.0475 0.03142857142857143 0.02214285714285714
3 0.8890476190476191 0.03357142857142857 0.025714285714285714 0.02142857142857143
3 0.9047619047619048 0.02214285714285714 0.02095238095238095 0.018571428571428572
3 0.9385714285714286 0.0035714285714285713 0.018095238095238095 0.008571428571428572
8 0.9842857142857143 0.0625 0.05238095238095238 0.04642857142857143
3 1.0676190476190477 0.037142857142857144 0.024761904761904763 0.02
3 1.1161904761904762 0.031785714285714285 0.026666666666666665 0.016428571428571428
3 1.1323809523809525 0.07964285714285714 0.03238095238095238 0.025
3 1.3114285714285714 0.23642857142857143 0.03619047619047619 0.047142857142857146
3 1.3004761904761906 0.009285714285714286 0.03142857142857143 0.02
9 1.3 0.09535714285714286 0.009523809523809525 0.019285714285714285
