4 0.6490476190476191 0.5675 0.11333333333333333 0.08785714285714286
5 0.7661904761904762 0.47714285714285715 0.13428571428571429 0.06
5 0.699047619047619 0.41892857142857143 0.10666666666666666 0.10642857142857143
4 0.6661904761904762 0.20642857142857143 0.040952380952380955 0.03571428571428571
2 0.6933333333333334 0.21392857142857144 0.015238095238095238 0.016428571428571428
5 0.7104761904761905 0.1707142857142857 0.08190476190476191 0.041428571428571426
5 0.710952380952381 0.15678571428571428 0.10952380952380952 0.045
4 0.6395238095238095 0.15071428571428572 0.029523809523809525 0.03142857142857143
4 0.3819047619047619 0.24607142857142858 0.047619047619047616 0.047857142857142855
4 0.41333333333333333 0.14642857142857144 0.03238095238095238 0.037142857142857144
4 0.42428571428571427 0.11 0.02761904761904762 0.03
2 0.62 0.18428571428571427 0.007619047619047619 0.015714285714285715
4 0.6323809523809524 0.12285714285714286 0.026666666666666665 0.022857142857142857
9 0.6852380952380952 0.1175 0.021904761904761906 0.010714285714285714
3 0.6223809523809524 0.10178571428571428 0.023809523809523808 0.017857142857142856
3 0.61 0.08357142857142857 0.023809523809523808 0.017142857142857144
2 0.46190476190476193 0.10964285714285714 0.005714285714285714 0.013571428571428571
1 0.46 0.10571428571428572 0.007619047619047619 0.014285714285714285
3 0.43 0.09357142857142857 0.02761904761904762 0.024285714285714285
3 0.4319047619047619 0.08178571428571428 0.023809523809523808 0.019285714285714285
4 0.43952380952380954 0.06321428571428571 0.023809523809523808 0.023571428571428573
3 0.44666666666666666 0.040357142857142855 0.01904761904761905 0.015
3 0.4580952380952381 0.029285714285714286 0.017142857142857144 0.014285714285714285
9 0.4766666666666667 0.024642857142857143 0.006666666666666666 0.009285714285714286
1 0.47619047619047616 0.021785714285714287 0.005714285714285714 0.0064285714285714285
3 0.5366666666666666 0.027142857142857142 0.018095238095238095 0.012857142857142857
3 0.6319047619047619 0.06035714285714286 0.04285714285714286 0.015
3 0.6166666666666667 0.055357142857142855 0.035238095238095235 0.012142857142857143
6 0.5828571428571429 0.011428571428571429 0.011428571428571429 0.011428571428571429
4 0.611904761904762 0.01607142857142857 0.040952380952380955 0.015
2 1.068095238095238 0.4732142857142857 0.040952380952380955 0.03214285714285714
