5 0.679047619047619 0.04071428571428572 0.05523809523809524 0.07
5 0.7523809523809524 0.041428571428571426 0.030476190476190476 0.05714285714285714
4 0.9166666666666666 0.15464285714285714 0.06952380952380953 0.035
3 0.8814285714285715 0.21071428571428572 0.03333333333333333 0.045714285714285714
5 0.6233333333333333 0.24892857142857142 0.06380952380952382 0.11642857142857142
3 0.8252380952380952 0.21035714285714285 0.02 0.025
3 0.8766666666666667 0.2710714285714286 0.037142857142857144 0.04928571428571429
5 0.5252380952380953 0.6775 0.09047619047619047 0.14357142857142857
4 0.8795238095238095 0.40285714285714286 0.03333333333333333 0.047142857142857146
9 0.9566666666666667 0.2757142857142857 0.012380952380952381 0.017142857142857144
