3 0.9041878172588832 0.4514285714285714 0.04187817258883248 0.04285714285714286
3 0.899746192893401 0.3775 0.06852791878172589 0.03357142857142857
3 0.7474619289340101 0.31214285714285717 0.06091370558375634 0.025714285714285714
3 0.6586294416243654 0.30142857142857143 0.07106598984771573 0.017142857142857144
3 0.9105329949238578 0.2953571428571429 0.029187817258883246 0.03214285714285714
3 0.774746192893401 0.21642857142857141 0.029187817258883246 0.024285714285714285
3 0.7690355329949238 0.1707142857142857 0.02284263959390863 0.02
3 0.7791878172588832 0.12821428571428573 0.02284263959390863 0.019285714285714285
3 0.8730964467005076 0.22428571428571428 0.02284263959390863 0.025714285714285714
3 0.9035532994923857 0.22071428571428572 0.02284263959390863 0.022857142857142857
3 0.7093908629441624 0.25607142857142856 0.025380710659898477 0.02214285714285714
3 0.5215736040609137 0.30964285714285716 0.07868020304568528 0.016428571428571428
3 0.9105329949238578 0.18785714285714286 0.024111675126903553 0.024285714285714285
3 0.9092639593908629 0.13392857142857142 0.021573604060913704 0.019285714285714285
3 0.8705583756345177 0.11821428571428572 0.02030456852791878 0.017857142857142856
3 0.907994923857868 0.2517857142857143 0.024111675126903553 0.02642857142857143
4 0.8673857868020304 0.26035714285714284 0.029187817258883246 0.030714285714285715
4 0.873730964467005 0.19285714285714287 0.021573604060913704 0.025714285714285714
3 0.873730964467005 0.17 0.021573604060913704 0.02
3 0.7975888324873096 0.08071428571428571 0.021573604060913704 0.015714285714285715
3 0.8769035532994923 0.02142857142857143 0.017766497461928932 0.014285714285714285
3 0.8115482233502538 0.008928571428571428 0.016497461928934008 0.010714285714285714
4 0.8166243654822335 0.18535714285714286 0.024111675126903553 0.023571428571428573
4 0.825507614213198 0.09821428571428571 0.021573604060913704 0.019285714285714285
4 0.9498730964467005 0.265 0.029187817258883246 0.03428571428571429
4 0.8369289340101522 0.39107142857142857 0.06979695431472081 0.039285714285714285
3 0.9105329949238578 0.16 0.021573604060913704 0.02
3 0.9473350253807106 0.1792857142857143 0.019035532994923856 0.024285714285714285
4 0.9505076142131978 0.23285714285714285 0.025380710659898477 0.025714285714285714
3 0.9029187817258882 0.11321428571428571 0.016497461928934008 0.017857142857142856
3 0.9048223350253807 0.08464285714285714 0.02030456852791878 0.017857142857142856
3 0.8318527918781725 0.018214285714285714 0.021573604060913704 0.015
4 0.6211928934010151 0.34285714285714286 0.06725888324873096 0.017142857142857144
4 0.4860406091370558 0.3460714285714286 0.07868020304568528 0.016428571428571428
3 0.6269035532994923 0.3289285714285714 0.06091370558375634 0.017857142857142856
3 0.9162436548223349 0.5467857142857143 0.032994923857868015 0.029285714285714286
8 0.9638324873096445 0.03357142857142857 0.031725888324873094 0.041428571428571426
3 1.37246192893401 0.32285714285714284 0.07233502538071065 0.02
8 1.2005076142131978 0.5207142857142857 0.07868020304568528 0.08142857142857143
8 1.265228426395939 0.5210714285714285 0.08121827411167512 0.08071428571428571
8 1.3293147208121827 0.5228571428571429 0.07233502538071065 0.07714285714285714
4 0.09137055837563451 0.31642857142857145 0.08121827411167512 0.02
