3 0.06866666666666667 0.48725 0.072 0.0475
2 0.036 0.45825 0.042666666666666665 0.0265
4 0.07266666666666667 0.371 0.058666666666666666 0.051000000000000004
3 0.019 0.36525 0.03933333333333333 0.0415
3 0.6759999999999999 0.56525 0.052 0.0795
1 0.41566666666666663 0.36675 0.016666666666666666 0.0155
2 0.41766666666666663 0.36825 0.015333333333333332 0.0205
3 0.6793333333333333 0.427 0.05466666666666666 0.051000000000000004
3 0.825 0.41175 0.048666666666666664 0.0545
3 0.6753333333333333 0.3655 0.03733333333333333 0.045
4 0.9583333333333333 0.579 0.06733333333333333 0.091
3 1.0583333333333333 0.5275 0.11266666666666666 0.04
1 1.1503333333333332 0.53525 0.020666666666666667 0.0195
9 1.0236666666666667 0.453 0.035333333333333335 0.016
2 0.9976666666666666 0.40475 0.03 0.0125
9 0.9893333333333333 0.39625 0.03866666666666667 0.0135
3 0.9223333333333333 0.3565 0.056666666666666664 0.038
3 0.6709999999999999 0.30475 0.028666666666666667 0.029500000000000002
9 0.8883333333333333 0.268 0.022 0.011
3 0.6736666666666666 0.26425 0.026 0.0325
3 0.848 0.248 0.04133333333333333 0.029
3 0.8246666666666667 0.2125 0.028 0.022
3 0.5236666666666666 0.30325 0.074 0.0245
3 0.5393333333333333 0.28075 0.06799999999999999 0.021500000000000002
3 0.5403333333333333 0.266 0.07266666666666667 0.022
3 0.5526666666666666 0.22775 0.05733333333333333 0.0195
4 0.5583333333333333 0.21025 0.051333333333333335 0.0195
4 0.5836666666666667 0.1255 0.056666666666666664 0.018000000000000002
3 0.5793333333333334 0.13625 0.052 0.0165
3 0.5843333333333333 0.112 0.04733333333333333 0.016
3 0.589 0.10275000000000001 0.04066666666666666 0.0115
3 0.5936666666666667 0.09375 0.043333333333333335 0.0115
3 0.5953333333333333 0.08625000000000001 0.042666666666666665 0.0115
3 0.5453333333333333 0.076 0.016 0.013000000000000001
3 0.3403333333333333 0.167 0.038 0.02
3 0.5486666666666666 0.06125 0.021333333333333333 0.0105
3 0.57 0.0585 0.013333333333333332 0.011
5 0.6726666666666666 0.2005 0.024 0.032
3 0.827 0.16775 0.03 0.0225
5 0.6709999999999999 0.16975 0.022 0.025500000000000002
3 0.6719999999999999 0.1505 0.022666666666666665 0.022
3 0.6666666666666666 0.12925 0.02 0.0195
3 0.6686666666666666 0.116 0.021333333333333333 0.016
1 0.8466666666666667 0.2165 0.012 0.014
9 0.8466666666666667 0.22075 0.009333333333333332 0.0105
6 0.862 0.21725 0.02 0.0305
9 0.8753333333333333 0.23775000000000002 0.021333333333333333 0.0145
6 0.9216666666666666 0.167 0.035333333333333335 0.022
2 0.9493333333333333 0.17125 0.016 0.0105
9 0.8463333333333333 0.11775000000000001 0.016666666666666666 0.0085
3 0.8053333333333333 0.13675 0.036 0.0155
3 0.7963333333333333 0.12625 0.03666666666666667 0.0135
3 0.7773333333333333 0.12175 0.03733333333333333 0.0135
3 0.7989999999999999 0.11275 0.04066666666666666 0.0145
3 0.7906666666666666 0.10575 0.04666666666666666 0.0125
3 0.7899999999999999 0.09925 0.03866666666666667 0.0135
3 0.7816666666666666 0.0925 0.03933333333333333 0.014
3 0.7773333333333333 0.08700000000000001 0.04 0.011
3 0.7753333333333333 0.07625 0.03733333333333333 0.0125
3 0.7646666666666666 0.06525 0.028 0.0115
3 0.7653333333333333 0.0585 0.032 0.009000000000000001
6 0.7033333333333333 0.28875 0.021333333333333333 0.0305
6 0.622 0.178 0.021333333333333333 0.028
4 0.6003333333333333 0.0685 0.038 0.016
1 0.6966666666666667 0.133 0.006666666666666666 0.012
2 0.696 0.1365 0.008 0.01
5 0.6653333333333333 0.0985 0.022666666666666665 0.025
3 0.6659999999999999 0.074 0.016 0.015
