3 0.24365482233502536 0.44642857142857145 0.07868020304568528 0.037142857142857144
3 0.5399746192893401 0.27 0.05456852791878172 0.025714285714285714
3 0.6173857868020304 0.2907142857142857 0.052030456852791875 0.03
3 0.6491116751269035 0.22607142857142856 0.04695431472081218 0.020714285714285713
3 0.6478426395939085 0.20285714285714285 0.04695431472081218 0.018571428571428572
3 0.7880710659898477 0.20285714285714285 0.03807106598984771 0.02
3 0.7220812182741116 0.1632142857142857 0.035532994923857864 0.016428571428571428
3 0.8013959390862944 0.11428571428571428 0.031725888324873094 0.012857142857142857
3 0.8496192893401014 0.10214285714285715 0.026649746192893398 0.012857142857142857
3 0.8940355329949238 0.07035714285714285 0.021573604060913704 0.010714285714285714
3 0.9232233502538071 0.03428571428571429 0.019035532994923856 0.01
3 0.940989847715736 0.023214285714285715 0.021573604060913704 0.010714285714285714
3 0.9282994923857867 0.09964285714285714 0.026649746192893398 0.017857142857142856
3 0.8667512690355329 0.12 0.027918781725888322 0.017142857142857144
4 0.7690355329949238 0.13535714285714287 0.032994923857868015 0.015
4 0.8439086294416243 0.08392857142857142 0.027918781725888322 0.015
4 0.9346446700507614 0.04214285714285714 0.021573604060913704 0.011428571428571429
3 1.0184010152284264 0.017142857142857144 0.019035532994923856 0.012857142857142857
4 0.4631979695431472 0.4282142857142857 0.07868020304568528 0.052142857142857144
8 0.3889593908629441 0.3539285714285714 0.09263959390862943 0.055
