5 1.0142857142857142 0.11357142857142857 0.11238095238095239 0.12
3 1.252857142857143 0.46464285714285714 0.06761904761904762 0.02642857142857143
5 0.07238095238095238 0.4253571428571429 0.14666666666666667 0.03785714285714286
3 0.11904761904761904 0.3460714285714286 0.0838095238095238 0.02642857142857143
9 0.6242857142857143 0.47214285714285714 0.03333333333333333 0.011428571428571429
9 0.8195238095238095 0.55 0.029523809523809525 0.018571428571428572
9 1.2771428571428571 0.3842857142857143 0.0419047619047619 0.012857142857142857
9 1.1023809523809525 0.4992857142857143 0.029523809523809525 0.012857142857142857
2 0.590952380952381 0.010357142857142856 0.01619047619047619 0.02214285714285714
1 0.5919047619047619 0.005714285714285714 0.010476190476190476 0.012857142857142857
1 0.6285714285714286 0.4725 0.013333333333333332 0.007857142857142858
1 0.8238095238095238 0.5510714285714285 0.017142857142857144 0.010714285714285714
1 1.1023809523809525 0.49964285714285717 0.01619047619047619 0.010714285714285714
1 1.2833333333333334 0.38535714285714284 0.023809523809523808 0.007857142857142858
