3 0.21047619047619048 0.19892857142857143 0.1295238095238095 0.06928571428571428
3 0.27095238095238094 0.053214285714285714 0.12857142857142856 0.06928571428571428
3 0.37476190476190474 0.16357142857142856 0.11904761904761904 0.06714285714285714
3 0.32666666666666666 0.24214285714285713 0.14666666666666667 0.08714285714285715
3 0.1376190476190476 0.3175 0.15333333333333332 0.105
3 0.23238095238095238 0.6446428571428572 0.22476190476190477 0.09928571428571428
9 0.8433333333333334 0.1757142857142857 0.040952380952380955 0.025714285714285714
3 1.0295238095238095 0.08214285714285714 0.08 0.05714285714285714
8 1.2357142857142858 0.2475 0.19333333333333333 0.09928571428571428
5 0.8128571428571428 0.02214285714285714 0.1019047619047619 0.045714285714285714
9 0.878095238095238 0.047142857142857146 0.047619047619047616 0.018571428571428572
3 0.6647619047619048 0.15428571428571428 0.09523809523809523 0.06285714285714286
3 0.5442857142857143 0.12178571428571429 0.09619047619047619 0.05357142857142857
3 0.5547619047619048 0.07178571428571429 0.1019047619047619 0.045
2 0.6938095238095238 0.0575 0.035238095238095235 0.023571428571428573
1 0.6923809523809524 0.04857142857142857 0.02095238095238095 0.02
3 0.6361904761904762 0.017142857142857144 0.09142857142857143 0.03571428571428571
3 0.5104761904761905 0.03964285714285714 0.09523809523809523 0.052142857142857144
3 0.5076190476190476 0.0125 0.08952380952380952 0.02642857142857143
