3 0.16666666666666666 0.6414285714285715 0.22285714285714286 0.19285714285714287
3 0.5223809523809524 0.615 0.13238095238095238 0.17142857142857143
3 0.2757142857142857 0.455 0.12285714285714286 0.11142857142857143
4 0.3304761904761905 0.34964285714285714 0.0761904761904762 0.075
3 0.52 0.3075 0.06095238095238095 0.052142857142857144
4 0.38285714285714284 0.26857142857142857 0.06095238095238095 0.054285714285714284
3 0.5261904761904762 0.205 0.040952380952380955 0.032857142857142856
3 0.6871428571428572 0.18214285714285713 0.05238095238095238 0.02142857142857143
3 0.6766666666666666 0.19535714285714287 0.05238095238095238 0.02214285714285714
3 0.7138095238095238 0.20357142857142857 0.08476190476190476 0.024285714285714285
3 0.7509523809523809 0.22642857142857142 0.09238095238095238 0.03142857142857143
3 0.8047619047619048 0.2725 0.12 0.035
3 0.8561904761904762 0.30214285714285716 0.14095238095238094 0.04428571428571428
3 0.9876190476190476 0.39321428571428574 0.19428571428571428 0.06357142857142857
3 1.0442857142857143 0.4325 0.23714285714285716 0.07071428571428572
3 0.670952380952381 0.5425 0.13428571428571429 0.13071428571428573
3 0.5633333333333334 0.175 0.03142857142857143 0.02
