3 0.20095238095238097 0.0032142857142857142 0.015238095238095238 0.007857142857142858
5 0.1957142857142857 0.010357142857142856 0.014285714285714285 0.012142857142857143
5 0.17952380952380953 0.05107142857142857 0.01619047619047619 0.015
4 0.1738095238095238 0.06142857142857143 0.018095238095238095 0.017142857142857144
3 0.15285714285714286 0.115 0.023809523809523808 0.015714285714285715
3 0.13952380952380952 0.145 0.025714285714285714 0.018571428571428572
3 0.13238095238095238 0.16785714285714284 0.022857142857142857 0.017142857142857144
9 0.05714285714285714 0.011785714285714287 0.015238095238095238 0.0064285714285714285
9 0.055714285714285716 0.014285714285714285 0.018095238095238095 0.005714285714285714
9 0.051904761904761905 0.016785714285714286 0.01619047619047619 0.0064285714285714285
9 0.04619047619047619 0.020714285714285713 0.018095238095238095 0.005714285714285714
9 0.04380952380952381 0.025357142857142856 0.015238095238095238 0.007857142857142858
9 0.009047619047619047 0.05607142857142857 0.01619047619047619 0.007857142857142858
3 0.2885714285714286 0.0175 0.02857142857142857 0.007857142857142858
3 0.2842857142857143 0.02142857142857143 0.03142857142857143 0.008571428571428572
3 0.2761904761904762 0.05178571428571429 0.026666666666666665 0.010714285714285714
3 0.2776190476190476 0.07142857142857142 0.025714285714285714 0.01
9 0.2861904761904762 0.08678571428571429 0.014285714285714285 0.007857142857142858
9 0.2780952380952381 0.1325 0.02095238095238095 0.007857142857142858
3 0.2638095238095238 0.145 0.0419047619047619 0.015714285714285715
9 0.27904761904761904 0.1757142857142857 0.02095238095238095 0.01
9 0.28095238095238095 0.18035714285714285 0.022857142857142857 0.007857142857142858
3 0.30333333333333334 0.19642857142857142 0.06 0.018571428571428572
3 0.2604761904761905 0.20214285714285715 0.04285714285714286 0.014285714285714285
3 0.2752380952380952 0.2125 0.0419047619047619 0.016428571428571428
3 0.2557142857142857 0.2757142857142857 0.04666666666666667 0.012857142857142857
9 0.2833333333333333 0.2975 0.025714285714285714 0.012142857142857143
9 0.2780952380952381 0.3028571428571429 0.026666666666666665 0.012857142857142857
3 0.10571428571428572 0.22607142857142856 0.03238095238095238 0.029285714285714286
3 0.09333333333333334 0.24857142857142858 0.03619047619047619 0.032857142857142856
3 0.07857142857142857 0.2810714285714286 0.037142857142857144 0.03214285714285714
3 0.0680952380952381 0.31464285714285717 0.04285714285714286 0.035
3 0.049523809523809526 0.3560714285714286 0.04380952380952381 0.03642857142857143
9 0.2723809523809524 0.3575 0.03238095238095238 0.017857142857142856
9 0.24476190476190476 0.3725 0.02857142857142857 0.012142857142857143
3 0.22904761904761906 0.3892857142857143 0.08666666666666667 0.032857142857142856
9 0.25142857142857145 0.40035714285714286 0.03238095238095238 0.016428571428571428
3 0.23666666666666666 0.4375 0.08857142857142856 0.03785714285714286
3 0.23714285714285716 0.4928571428571429 0.10476190476190476 0.03571428571428571
5 0.23142857142857143 0.5253571428571429 0.1219047619047619 0.045
5 0.01619047619047619 0.4357142857142857 0.03428571428571429 0.08285714285714285
3 0.5566666666666666 0.4735714285714286 0.06952380952380953 0.04857142857142857
3 0.6066666666666667 0.46035714285714285 0.07047619047619047 0.04214285714285714
3 0.7619047619047619 0.7203571428571428 0.11047619047619048 0.052142857142857144
3 0.8952380952380953 0.6935714285714286 0.11619047619047619 0.054285714285714284
9 0.6404761904761904 0.44285714285714284 0.023809523809523808 0.024285714285714285
9 0.6614285714285715 0.43964285714285717 0.023809523809523808 0.02214285714285714
9 0.6838095238095238 0.43607142857142855 0.013333333333333332 0.017857142857142856
9 0.7076190476190476 0.43464285714285716 0.022857142857142857 0.023571428571428573
9 0.7295238095238096 0.43392857142857144 0.017142857142857144 0.02214285714285714
9 0.7885714285714286 0.43714285714285717 0.03238095238095238 0.018571428571428572
1 0.7933333333333333 0.45357142857142857 0.011428571428571429 0.012857142857142857
9 0.7914285714285715 0.4575 0.02095238095238095 0.025
9 0.7885714285714286 0.42142857142857143 0.02857142857142857 0.02
9 0.8423809523809523 0.435 0.021904761904761906 0.024285714285714285
9 0.8480952380952381 0.4125 0.008571428571428572 0.02214285714285714
9 0.8790476190476191 0.4067857142857143 0.02095238095238095 0.023571428571428573
9 0.8947619047619048 0.40535714285714286 0.021904761904761906 0.02214285714285714
9 0.9157142857142857 0.4275 0.03142857142857143 0.023571428571428573
9 0.9323809523809524 0.42214285714285715 0.026666666666666665 0.02142857142857143
9 0.9366666666666666 0.4042857142857143 0.023809523809523808 0.02142857142857143
9 0.9523809523809523 0.4007142857142857 0.026666666666666665 0.02142857142857143
9 0.9633333333333334 0.395 0.021904761904761906 0.02
9 0.9814285714285714 0.39321428571428574 0.029523809523809525 0.02214285714285714
9 1.000952380952381 0.3921428571428571 0.024761904761904763 0.02142857142857143
9 1.0147619047619048 0.39321428571428574 0.029523809523809525 0.020714285714285713
9 1.0171428571428571 0.3846428571428571 0.022857142857142857 0.017857142857142856
9 1.0357142857142858 0.3846428571428571 0.023809523809523808 0.02214285714285714
9 1.0576190476190477 0.3821428571428571 0.02 0.02142857142857143
9 1.049047619047619 0.41535714285714287 0.03333333333333333 0.019285714285714285
9 1.069047619047619 0.4110714285714286 0.03333333333333333 0.020714285714285713
9 1.0814285714285714 0.405 0.029523809523809525 0.02
9 1.0795238095238096 0.38107142857142856 0.02761904761904762 0.019285714285714285
9 1.0866666666666667 0.38 0.022857142857142857 0.014285714285714285
9 1.1195238095238096 0.37392857142857144 0.02761904761904762 0.017857142857142856
9 1.1242857142857143 0.3960714285714286 0.02761904761904762 0.02214285714285714
9 1.16 0.4114285714285714 0.03238095238095238 0.022857142857142857
9 1.1814285714285715 0.41214285714285714 0.03333333333333333 0.02
9 1.1633333333333333 0.3896428571428571 0.035238095238095235 0.020714285714285713
9 1.1314285714285715 0.37214285714285716 0.022857142857142857 0.018571428571428572
9 1.1471428571428572 0.3678571428571429 0.021904761904761906 0.02142857142857143
9 1.1995238095238094 0.40785714285714286 0.029523809523809525 0.02
9 1.233809523809524 0.41464285714285715 0.035238095238095235 0.020714285714285713
9 1.1976190476190476 0.3942857142857143 0.03142857142857143 0.02142857142857143
9 1.1957142857142857 0.385 0.035238095238095235 0.02
9 1.2066666666666668 0.38 0.03238095238095238 0.02
9 1.1938095238095239 0.36142857142857143 0.03142857142857143 0.017142857142857144
9 1.2057142857142857 0.3610714285714286 0.02095238095238095 0.017857142857142856
9 1.2295238095238095 0.38 0.030476190476190476 0.02142857142857143
9 1.2485714285714287 0.38142857142857145 0.02857142857142857 0.02
9 1.2604761904761905 0.3775 0.02761904761904762 0.017857142857142856
9 1.276190476190476 0.3767857142857143 0.02857142857142857 0.019285714285714285
9 1.227142857142857 0.36178571428571427 0.023809523809523808 0.019285714285714285
2 1.2733333333333334 0.35035714285714287 0.02095238095238095 0.015
1 0.8861904761904762 0.31464285714285717 0.004761904761904762 0.0064285714285714285
1 1.009047619047619 0.32535714285714284 0.010476190476190476 0.007857142857142858
4 0.7871428571428571 0.5721428571428572 0.05238095238095238 0.06285714285714286
3 0.8357142857142857 0.5671428571428572 0.05238095238095238 0.06285714285714286
3 1.139047619047619 0.6421428571428571 0.11428571428571428 0.05142857142857143
3 1.25 0.6189285714285714 0.10571428571428572 0.04642857142857143
9 1.2547619047619047 0.5660714285714286 0.035238095238095235 0.029285714285714286
9 1.272857142857143 0.5596428571428571 0.03333333333333333 0.03357142857142857
9 1.2947619047619048 0.5546428571428571 0.02761904761904762 0.03642857142857143
9 1.3214285714285714 0.5475 0.021904761904761906 0.029285714285714286
1 1.27 0.10321428571428572 0.010476190476190476 0.007857142857142858
9 1.27 0.10642857142857143 0.01619047619047619 0.008571428571428572
3 1.2742857142857142 0.09714285714285714 0.0419047619047619 0.015714285714285715
1 1.2504761904761905 0.14214285714285715 0.005714285714285714 0.011428571428571429
9 1.25 0.14464285714285716 0.02 0.009285714285714286
9 1.25 0.18785714285714286 0.02 0.014285714285714285
9 1.2757142857142858 0.17892857142857144 0.014285714285714285 0.010714285714285714
9 1.2671428571428571 0.1767857142857143 0.02 0.009285714285714286
9 1.2614285714285713 0.17357142857142857 0.018095238095238095 0.008571428571428572
9 1.2914285714285714 0.15928571428571428 0.015238095238095238 0.01
9 1.2838095238095237 0.16142857142857142 0.017142857142857144 0.012857142857142857
9 1.2680952380952382 0.1625 0.01619047619047619 0.010714285714285714
9 1.256190476190476 0.1632142857142857 0.017142857142857144 0.009285714285714286
9 1.2485714285714287 0.16464285714285715 0.017142857142857144 0.012142857142857143
9 1.2380952380952381 0.165 0.013333333333333332 0.012857142857142857
9 1.230952380952381 0.165 0.014285714285714285 0.012857142857142857
9 1.2214285714285715 0.165 0.012380952380952381 0.012857142857142857
9 1.2033333333333334 0.16857142857142857 0.02 0.01
9 1.1957142857142857 0.16642857142857143 0.018095238095238095 0.008571428571428572
9 1.1890476190476191 0.16285714285714287 0.018095238095238095 0.01
9 1.1395238095238096 0.1417857142857143 0.02 0.009285714285714286
9 1.1347619047619049 0.1392857142857143 0.02 0.01
9 1.1257142857142857 0.13392857142857142 0.01904761904761905 0.010714285714285714
9 1.1204761904761904 0.13 0.018095238095238095 0.01
9 1.119047619047619 0.12428571428571429 0.017142857142857144 0.008571428571428572
9 1.1152380952380951 0.12178571428571429 0.017142857142857144 0.007857142857142858
9 1.1114285714285714 0.11892857142857143 0.022857142857142857 0.009285714285714286
9 1.213809523809524 0.13 0.018095238095238095 0.01
3 1.1842857142857144 0.1225 0.04666666666666667 0.013571428571428571
3 1.1404761904761904 0.10892857142857143 0.04285714285714286 0.013571428571428571
3 1.1323809523809525 0.1 0.0419047619047619 0.012857142857142857
3 1.1057142857142856 0.09214285714285714 0.0380952380952381 0.012857142857142857
1 1.1733333333333333 0.06964285714285715 0.007619047619047619 0.009285714285714286
9 1.1738095238095239 0.07285714285714286 0.012380952380952381 0.008571428571428572
3 1.2057142857142857 0.10214285714285715 0.0380952380952381 0.02
9 1.2342857142857142 0.11678571428571428 0.009523809523809525 0.013571428571428571
3 1.2166666666666666 0.11321428571428571 0.012380952380952381 0.007857142857142858
3 1.2095238095238094 0.11071428571428571 0.015238095238095238 0.005714285714285714
3 1.2047619047619047 0.10964285714285714 0.013333333333333332 0.0064285714285714285
4 1.110952380952381 0.06785714285714285 0.04476190476190476 0.018571428571428572
3 1.1347619047619049 0.052142857142857144 0.029523809523809525 0.012857142857142857
1 1.0076190476190476 0.23035714285714284 0.007619047619047619 0.010714285714285714
