6 1.1776190476190476 0.18892857142857142 0.008571428571428572 0.009285714285714286
2 1.1261904761904762 0.19107142857142856 0.002857142857142857 0.0064285714285714285
2 1.1133333333333333 0.19 0.0038095238095238095 0.007142857142857143
9 1.1347619047619049 0.18607142857142858 0.004761904761904762 0.007857142857142858
3 0.7404761904761905 0.19107142857142856 0.03142857142857143 0.013571428571428571
3 0.7380952380952381 0.18071428571428572 0.02857142857142857 0.011428571428571429
3 0.75 0.16964285714285715 0.02761904761904762 0.009285714285714286
3 0.758095238095238 0.16 0.02857142857142857 0.01
3 0.77 0.1467857142857143 0.02761904761904762 0.010714285714285714
3 0.78 0.125 0.02857142857142857 0.011428571428571429
3 0.7866666666666666 0.115 0.02857142857142857 0.011428571428571429
3 0.7942857142857143 0.105 0.02095238095238095 0.01
3 0.7919047619047619 0.095 0.02761904761904762 0.011428571428571429
3 0.799047619047619 0.08392857142857142 0.026666666666666665 0.010714285714285714
3 0.7966666666666666 0.05821428571428571 0.012380952380952381 0.017857142857142856
3 0.7785714285714286 0.05678571428571429 0.012380952380952381 0.016428571428571428
3 0.7557142857142857 0.04178571428571429 0.02761904761904762 0.012142857142857143
3 0.6628571428571428 0.019642857142857142 0.026666666666666665 0.010714285714285714
3 0.6376190476190476 0.039285714285714285 0.029523809523809525 0.011428571428571429
3 0.6033333333333334 0.04 0.029523809523809525 0.011428571428571429
3 0.569047619047619 0.039285714285714285 0.025714285714285714 0.011428571428571429
3 0.5371428571428571 0.038214285714285715 0.026666666666666665 0.010714285714285714
3 0.5514285714285714 0.018214285714285714 0.024761904761904763 0.010714285714285714
3 0.430952380952381 0.0375 0.025714285714285714 0.009285714285714286
3 0.45666666666666667 0.03678571428571428 0.023809523809523808 0.010714285714285714
3 0.4804761904761905 0.03785714285714286 0.021904761904761906 0.01
3 0.5076190476190476 0.0375 0.024761904761904763 0.010714285714285714
3 0.3942857142857143 0.03642857142857143 0.02857142857142857 0.008571428571428572
3 0.3980952380952381 0.015357142857142857 0.026666666666666665 0.009285714285714286
3 0.3661904761904762 0.015 0.025714285714285714 0.01
3 0.3271428571428571 0.03571428571428571 0.023809523809523808 0.01
3 0.36142857142857143 0.03642857142857143 0.02761904761904762 0.01
5 0.29714285714285715 0.031071428571428573 0.03619047619047619 0.017857142857142856
3 0.8871428571428571 0.024642857142857143 0.02761904761904762 0.009285714285714286
3 0.9195238095238095 0.025714285714285714 0.025714285714285714 0.01
2 0.7928571428571428 0.02214285714285714 0.002857142857142857 0.005714285714285714
2 0.7976190476190477 0.0225 0.004761904761904762 0.005
2 0.8042857142857143 0.02214285714285714 0.002857142857142857 0.005714285714285714
