5 0.42142857142857143 0.5303571428571429 0.11523809523809524 0.1392857142857143
5 0.48333333333333334 0.3292857142857143 0.058095238095238096 0.055714285714285716
5 0.49047619047619045 0.25357142857142856 0.026666666666666665 0.02
5 0.6038095238095238 0.2007142857142857 0.0419047619047619 0.012857142857142857
5 0.6038095238095238 0.18964285714285714 0.04 0.012142857142857143
1 0.6066666666666667 0.43285714285714283 0.009523809523809525 0.012857142857142857
1 0.7147619047619047 0.3532142857142857 0.008571428571428572 0.012142857142857143
1 0.6438095238095238 0.25892857142857145 0.005714285714285714 0.007857142857142858
1 0.6214285714285714 0.2867857142857143 0.006666666666666666 0.007857142857142858
9 1.24 0.6560714285714285 0.022857142857142857 0.02642857142857143
1 1.2433333333333334 0.6525 0.014285714285714285 0.013571428571428571
4 0.20857142857142857 0.38 0.04380952380952381 0.03
4 0.28523809523809524 0.3182142857142857 0.04857142857142857 0.016428571428571428
4 0.4561904761904762 0.27785714285714286 0.03619047619047619 0.012857142857142857
3 0.36714285714285716 0.32142857142857145 0.018095238095238095 0.022857142857142857
3 0.4342857142857143 0.2975 0.03428571428571429 0.012142857142857143
3 0.4157142857142857 0.31357142857142856 0.039047619047619046 0.014285714285714285
3 0.12047619047619047 0.3889285714285714 0.054285714285714284 0.017857142857142856
3 0.48238095238095235 0.2957142857142857 0.03142857142857143 0.015714285714285715
5 0.4676190476190476 0.2982142857142857 0.026666666666666665 0.017857142857142856
5 0.490952380952381 0.28285714285714286 0.02761904761904762 0.015714285714285715
5 0.4938095238095238 0.2775 0.025714285714285714 0.012142857142857143
8 0.659047619047619 0.2689285714285714 0.04 0.04642857142857143
6 0.7209523809523809 0.3535714285714286 0.02857142857142857 0.018571428571428572
1 0.9142857142857143 0.25214285714285717 0.005714285714285714 0.007142857142857143
1 1.0295238095238095 0.3439285714285714 0.007619047619047619 0.009285714285714286
9 1.0280952380952382 0.3464285714285714 0.006666666666666666 0.01
9 0.6080952380952381 0.43535714285714283 0.014285714285714285 0.015
3 0.6952380952380952 0.22178571428571428 0.015238095238095238 0.012142857142857143
2 0.6219047619047618 0.2910714285714286 0.005714285714285714 0.009285714285714286
2 0.6447619047619048 0.26107142857142857 0.007619047619047619 0.007857142857142858
8 0.5328571428571428 0.25821428571428573 0.054285714285714284 0.017857142857142856
4 0.5176190476190476 0.23214285714285715 0.018095238095238095 0.011428571428571429
4 0.5095238095238095 0.24428571428571427 0.02095238095238095 0.011428571428571429
4 0.4780952380952381 0.26321428571428573 0.026666666666666665 0.016428571428571428
6 0.4928571428571429 0.24321428571428572 0.012380952380952381 0.010714285714285714
3 0.38571428571428573 0.2667857142857143 0.03619047619047619 0.012142857142857143
3 0.530952380952381 0.1657142857142857 0.02 0.008571428571428572
3 0.589047619047619 0.13535714285714287 0.018095238095238095 0.0064285714285714285
3 0.67 0.11321428571428571 0.01619047619047619 0.0064285714285714285
3 0.6742857142857143 0.11178571428571428 0.015238095238095238 0.0064285714285714285
3 0.6247619047619047 0.1442857142857143 0.01904761904761905 0.007142857142857143
3 0.6209523809523809 0.15035714285714286 0.02095238095238095 0.0064285714285714285
3 0.6328571428571429 0.13964285714285715 0.014285714285714285 0.005
3 0.6390476190476191 0.12321428571428572 0.017142857142857144 0.0064285714285714285
3 0.6438095238095238 0.12142857142857143 0.013333333333333332 0.005714285714285714
3 0.6552380952380953 0.11964285714285715 0.017142857142857144 0.0064285714285714285
3 0.6614285714285715 0.11464285714285714 0.01619047619047619 0.0064285714285714285
3 0.6414285714285715 0.10714285714285714 0.008571428571428572 0.005714285714285714
3 0.6276190476190476 0.1075 0.007619047619047619 0.0064285714285714285
4 0.2604761904761905 0.5389285714285714 0.07333333333333333 0.03642857142857143
4 0.14 0.5582142857142857 0.09142857142857143 0.03357142857142857
4 0.23333333333333334 0.6364285714285715 0.04380952380952381 0.05714285714285714
5 1.1990476190476191 0.30464285714285716 0.06666666666666667 0.04357142857142857
5 1.2133333333333334 0.35928571428571426 0.030476190476190476 0.03
5 1.188095238095238 0.41892857142857143 0.029523809523809525 0.030714285714285715
5 1.2385714285714287 0.2875 0.03333333333333333 0.02642857142857143
4 1.1385714285714286 0.2675 0.02 0.016428571428571428
4 0.9880952380952381 0.21285714285714286 0.023809523809523808 0.01
5 1.0766666666666667 0.4521428571428571 0.054285714285714284 0.05142857142857143
5 0.8128571428571428 0.04321428571428571 0.006666666666666666 0.007857142857142858
5 0.8042857142857143 0.06928571428571428 0.008571428571428572 0.011428571428571429
5 0.7952380952380952 0.06607142857142857 0.009523809523809525 0.007857142857142858
5 0.829047619047619 0.03857142857142857 0.008571428571428572 0.008571428571428572
4 0.8471428571428572 0.04857142857142857 0.004761904761904762 0.004285714285714286
3 0.19380952380952382 0.3067857142857143 0.04666666666666667 0.013571428571428571
3 0.3757142857142857 0.41964285714285715 0.037142857142857144 0.02642857142857143
3 0.4042857142857143 0.3921428571428571 0.035238095238095235 0.027142857142857142
4 0.4042857142857143 0.4157142857142857 0.03142857142857143 0.024285714285714285
