3 1.1166666666666667 0.5557142857142857 0.2123809523809524 0.2042857142857143
3 1.2552380952380953 0.3296428571428571 0.15428571428571428 0.062142857142857146
3 0.4747619047619048 0.33285714285714285 0.12095238095238095 0.055714285714285716
3 0.6371428571428571 0.3289285714285714 0.14095238095238094 0.07214285714285715
3 0.07095238095238095 0.4060714285714286 0.1380952380952381 0.08357142857142857
2 0.14333333333333334 0.4667857142857143 0.07333333333333333 0.08071428571428571
3 0.04238095238095238 0.35892857142857143 0.08666666666666667 0.055
3 0.8347619047619048 0.275 0.12285714285714286 0.04
3 0.7095238095238096 0.25821428571428573 0.09142857142857143 0.030714285714285715
3 0.6014285714285714 0.24785714285714286 0.09238095238095238 0.02857142857142857
3 0.5266666666666666 0.2375 0.05904761904761905 0.02642857142857143
3 1.1895238095238094 0.26107142857142857 0.1295238095238095 0.04357142857142857
1 0.14333333333333334 0.4607142857142857 0.06952380952380953 0.07
9 1.026190476190476 0.39714285714285713 0.08857142857142856 0.04428571428571428
1 1.0304761904761905 0.3846428571428571 0.03619047619047619 0.05785714285714286
1 1.0133333333333334 0.38035714285714284 0.0380952380952381 0.065
