3 1.074238578680203 0.49214285714285716 0.049492385786802026 0.05142857142857143
5 0.8090101522842639 0.4307142857142857 0.049492385786802026 0.07571428571428572
5 1.0431472081218274 0.35928571428571426 0.050761421319796954 0.06714285714285714
3 0.8604060913705583 0.2907142857142857 0.06598984771573603 0.02142857142857143
3 0.8648477157360406 0.27785714285714286 0.05710659898477157 0.015714285714285715
3 0.8502538071065989 0.25285714285714284 0.06091370558375634 0.022857142857142857
3 0.8451776649746192 0.2425 0.05837563451776649 0.016428571428571428
3 0.8305837563451776 0.2332142857142857 0.05964467005076142 0.019285714285714285
5 0.8210659898477157 0.21607142857142858 0.09137055837563451 0.03642857142857143
3 0.7931472081218274 0.20214285714285715 0.05837563451776649 0.024285714285714285
3 0.7823604060913705 0.19642857142857142 0.04695431472081218 0.017142857142857144
4 0.6046954314720812 0.3625 0.0748730964467005 0.030714285714285715
3 0.6256345177664974 0.3475 0.06598984771573603 0.02642857142857143
3 0.6453045685279187 0.33535714285714285 0.06218274111675126 0.025
3 0.6776649746192893 0.26071428571428573 0.06345177664974619 0.02142857142857143
3 0.648477157360406 0.22071428571428572 0.053299492385786795 0.025714285714285714
3 0.7265228426395939 0.18 0.04187817258883248 0.02142857142857143
3 1.0869289340101522 0.04857142857142857 0.021573604060913704 0.012857142857142857
