3 0.1219047619047619 0.415 0.07428571428571429 0.022857142857142857
3 0.40190476190476193 0.4039285714285714 0.07238095238095238 0.023571428571428573
3 1.0214285714285714 0.36214285714285716 0.07333333333333333 0.022857142857142857
3 1.1185714285714285 0.36714285714285716 0.07333333333333333 0.024285714285714285
3 1.2280952380952381 0.36642857142857144 0.07904761904761905 0.02142857142857143
3 0.6247619047619047 0.15178571428571427 0.03238095238095238 0.047857142857142855
9 0.5742857142857143 0.15285714285714286 0.015238095238095238 0.027142857142857142
9 0.5861904761904762 0.29464285714285715 0.012380952380952381 0.02642857142857143
9 0.540952380952381 0.3442857142857143 0.03238095238095238 0.011428571428571429
9 0.7252380952380952 0.4446428571428571 0.012380952380952381 0.02214285714285714
9 0.799047619047619 0.4017857142857143 0.030476190476190476 0.012142857142857143
9 0.8123809523809524 0.4185714285714286 0.03238095238095238 0.011428571428571429
9 1.3009523809523809 0.4135714285714286 0.0380952380952381 0.011428571428571429
9 1.13 0.34035714285714286 0.037142857142857144 0.012142857142857143
9 0.9719047619047619 0.4 0.03142857142857143 0.01
9 0.9876190476190476 0.3435714285714286 0.03428571428571429 0.011428571428571429
9 0.6904761904761905 0.6003571428571428 0.013333333333333332 0.02642857142857143
9 0.6476190476190476 0.6364285714285715 0.017142857142857144 0.022857142857142857
9 0.5333333333333333 0.4828571428571429 0.015238095238095238 0.022857142857142857
9 0.5557142857142857 0.4275 0.023809523809523808 0.012142857142857143
3 0.5971428571428572 0.5907142857142857 0.03428571428571429 0.05285714285714286
3 0.5833333333333334 0.6582142857142858 0.03142857142857143 0.05071428571428571
3 0.6819047619047619 0.5403571428571429 0.03428571428571429 0.055
3 0.731904761904762 0.5878571428571429 0.029523809523809525 0.05142857142857143
5 0.7309523809523809 0.7042857142857143 0.04285714285714286 0.09
4 0.670952380952381 0.39107142857142857 0.029523809523809525 0.045
2 0.8566666666666667 0.3578571428571429 0.023809523809523808 0.008571428571428572
2 0.9176190476190477 0.3407142857142857 0.029523809523809525 0.01
2 0.709047619047619 0.5835714285714285 0.008571428571428572 0.02
6 0.5785714285714286 0.5089285714285714 0.021904761904761906 0.025
1 0.690952380952381 0.6010714285714286 0.010476190476190476 0.012142857142857143
1 0.7095238095238096 0.585 0.007619047619047619 0.008571428571428572
1 0.5738095238095238 0.5085714285714286 0.010476190476190476 0.008571428571428572
1 0.5404761904761904 0.3432142857142857 0.012380952380952381 0.009285714285714286
1 0.8104761904761905 0.4185714285714286 0.013333333333333332 0.008571428571428572
1 0.800952380952381 0.4017857142857143 0.017142857142857144 0.009285714285714286
1 0.8614285714285714 0.3578571428571429 0.014285714285714285 0.007142857142857143
1 0.9233333333333333 0.34035714285714286 0.014285714285714285 0.009285714285714286
1 0.9914285714285714 0.3432142857142857 0.013333333333333332 0.007857142857142858
1 1.3066666666666666 0.41285714285714287 0.015238095238095238 0.007142857142857143
1 0.5557142857142857 0.4282142857142857 0.008571428571428572 0.0064285714285714285
