3 0.2642857142857143 0.053214285714285714 0.01619047619047619 0.017857142857142856
3 0.33904761904761904 0.10535714285714286 0.017142857142857144 0.016428571428571428
5 0.37285714285714283 0.13535714285714287 0.021904761904761906 0.016428571428571428
5 0.4480952380952381 0.10142857142857142 0.037142857142857144 0.02142857142857143
5 0.6942857142857143 0.09892857142857144 0.07428571428571429 0.029285714285714286
5 0.6761904761904762 0.019642857142857142 0.06285714285714286 0.02214285714285714
5 1.0147619047619048 0.06285714285714286 0.023809523809523808 0.03428571428571429
4 1.0695238095238095 0.07321428571428572 0.011428571428571429 0.017857142857142856
4 1.1642857142857144 0.06607142857142857 0.025714285714285714 0.009285714285714286
9 1.1161904761904762 0.09607142857142857 0.015238095238095238 0.0064285714285714285
3 0.8366666666666667 0.3492857142857143 0.029523809523809525 0.011428571428571429
4 0.7204761904761905 0.3467857142857143 0.029523809523809525 0.010714285714285714
5 0.6580952380952381 0.3442857142857143 0.04 0.014285714285714285
5 0.6047619047619047 0.33964285714285714 0.0380952380952381 0.015
3 0.5552380952380952 0.3342857142857143 0.02857142857142857 0.01
3 0.49476190476190474 0.33714285714285713 0.029523809523809525 0.015714285714285715
3 0.4642857142857143 0.3825 0.02761904761904762 0.012142857142857143
3 0.5676190476190476 0.4139285714285714 0.030476190476190476 0.013571428571428571
3 0.5752380952380952 0.425 0.02857142857142857 0.012857142857142857
3 0.5795238095238096 0.4375 0.029523809523809525 0.013571428571428571
3 0.5861904761904762 0.44857142857142857 0.029523809523809525 0.014285714285714285
3 0.6357142857142857 0.37285714285714283 0.029523809523809525 0.01
3 0.64 0.4010714285714286 0.022857142857142857 0.012142857142857143
4 0.6528571428571428 0.4107142857142857 0.03142857142857143 0.012857142857142857
3 0.6628571428571428 0.42428571428571427 0.022857142857142857 0.01
3 0.6285714285714286 0.47214285714285714 0.017142857142857144 0.022857142857142857
3 0.6757142857142857 0.44892857142857145 0.025714285714285714 0.012142857142857143
5 0.6847619047619048 0.38785714285714284 0.0380952380952381 0.012857142857142857
3 0.41333333333333333 0.49535714285714283 0.01904761904761905 0.02214285714285714
3 0.38095238095238093 0.4207142857142857 0.015238095238095238 0.02142857142857143
3 0.4147619047619048 0.4164285714285714 0.029523809523809525 0.011428571428571429
3 0.34285714285714286 0.4203571428571429 0.015238095238095238 0.02214285714285714
3 0.3271428571428571 0.42392857142857143 0.01619047619047619 0.020714285714285713
3 0.3119047619047619 0.42642857142857143 0.018095238095238095 0.022857142857142857
3 0.3514285714285714 0.3825 0.017142857142857144 0.020714285714285713
3 0.3352380952380952 0.3339285714285714 0.03238095238095238 0.010714285714285714
3 0.2861904761904762 0.3325 0.03142857142857143 0.010714285714285714
3 0.25047619047619046 0.3275 0.030476190476190476 0.012142857142857143
3 0.03571428571428571 0.4139285714285714 0.018095238095238095 0.020714285714285713
3 0.1680952380952381 0.3939285714285714 0.03142857142857143 0.010714285714285714
3 0.029047619047619048 0.5871428571428572 0.021904761904761906 0.027142857142857142
