3 1.2963333333333333 0.47300000000000003 0.07266666666666667 0.038
1 1.2173333333333334 0.40625 0.018666666666666665 0.0275
3 1.228 0.3995 0.096 0.027
3 1.117 0.403 0.09133333333333334 0.026000000000000002
3 1.2856666666666665 0.35475 0.07933333333333333 0.021500000000000002
5 1.142 0.35125 0.09466666666666666 0.0335
5 1.0893333333333333 0.337 0.076 0.025
5 1.0913333333333333 0.29725 0.06 0.0205
3 0.9376666666666666 0.40725 0.10066666666666667 0.0275
3 0.8146666666666667 0.41275 0.09733333333333333 0.0285
3 0.7026666666666667 0.41575 0.09999999999999999 0.0275
2 0.783 0.29 0.011333333333333332 0.008
9 0.7133333333333333 0.3025 0.017333333333333333 0.007
3 0.5143333333333333 0.41825 0.10066666666666667 0.0305
3 0.39799999999999996 0.3865 0.09333333333333332 0.025
1 0.38966666666666666 0.385 0.016666666666666666 0.011
3 0.25866666666666666 0.3895 0.09066666666666666 0.026000000000000002
3 0.27566666666666667 0.3775 0.09266666666666666 0.021
4 0.2673333333333333 0.32725 0.028 0.021500000000000002
3 0.17466666666666666 0.31 0.03866666666666667 0.014
4 0.38566666666666666 0.2625 0.016666666666666666 0.013000000000000001
3 0.212 0.265 0.024 0.008
3 0.035333333333333335 0.28675 0.04933333333333333 0.0125
3 0.046 0.29775 0.042666666666666665 0.0135
1 0.005 0.3895 0.011333333333333332 0.022
2 0.008333333333333333 0.39575 0.018 0.0185
