3 0.38904761904761903 0.7364285714285714 0.04857142857142857 0.025714285714285714
3 0.33714285714285713 0.7267857142857143 0.09333333333333334 0.045
3 0.4423809523809524 0.6953571428571429 0.07904761904761905 0.065
3 0.4061904761904762 0.6760714285714285 0.08857142857142856 0.07214285714285715
3 0.37238095238095237 0.6546428571428572 0.0838095238095238 0.07357142857142857
3 0.3423809523809524 0.6260714285714286 0.07904761904761905 0.065
3 0.30523809523809525 0.6046428571428571 0.09047619047619047 0.06357142857142857
3 0.2823809523809524 0.585 0.08285714285714285 0.055714285714285716
3 0.25 0.5660714285714286 0.09047619047619047 0.062142857142857146
3 0.22 0.5475 0.08190476190476191 0.056428571428571425
3 0.19428571428571428 0.5264285714285715 0.08190476190476191 0.05714285714285714
3 0.1619047619047619 0.5096428571428572 0.08571428571428572 0.060714285714285714
3 0.13476190476190475 0.4928571428571429 0.09619047619047619 0.06
3 0.29619047619047617 0.7167857142857142 0.07428571428571429 0.062142857142857146
3 0.2733333333333333 0.6889285714285714 0.09142857142857143 0.06928571428571428
3 0.2361904761904762 0.6703571428571429 0.09714285714285714 0.07214285714285715
3 0.20476190476190476 0.6414285714285715 0.08571428571428572 0.06428571428571428
3 0.17047619047619048 0.625 0.0838095238095238 0.06142857142857143
3 0.14238095238095239 0.6025 0.08476190476190476 0.06357142857142857
3 0.10857142857142857 0.5814285714285714 0.08761904761904762 0.05714285714285714
3 0.0761904761904762 0.5664285714285714 0.08952380952380952 0.05857142857142857
3 0.03666666666666667 0.5403571428571429 0.07523809523809524 0.06357142857142857
3 0.38476190476190475 0.3939285714285714 0.09523809523809523 0.05785714285714286
3 0.5452380952380952 0.5475 0.12666666666666668 0.08642857142857142
3 0.49714285714285716 0.5975 0.09714285714285714 0.06928571428571428
5 1.2404761904761905 0.6271428571428571 0.1838095238095238 0.11714285714285715
3 1.1338095238095238 0.5282142857142857 0.040952380952380955 0.05785714285714286
3 1.178095238095238 0.5332142857142858 0.045714285714285714 0.055
9 1.220952380952381 0.5382142857142858 0.015238095238095238 0.02214285714285714
9 1.1128571428571428 0.48678571428571427 0.02761904761904762 0.013571428571428571
9 0.9180952380952381 0.4539285714285714 0.0380952380952381 0.023571428571428573
1 0.9147619047619048 0.45285714285714285 0.01619047619047619 0.012857142857142857
1 0.28285714285714286 0.23392857142857143 0.05523809523809524 0.030714285714285715
9 0.3738095238095238 0.2025 0.014285714285714285 0.017857142857142856
5 0.15619047619047619 0.15964285714285714 0.06095238095238095 0.039285714285714285
4 0.18904761904761905 0.13785714285714284 0.04476190476190476 0.03142857142857143
5 0.2695238095238095 0.14392857142857143 0.10476190476190476 0.06357142857142857
3 0.09619047619047619 0.12892857142857142 0.05333333333333333 0.029285714285714286
1 0.17666666666666667 0.06357142857142857 0.006666666666666666 0.012857142857142857
9 0.17761904761904762 0.06821428571428571 0.012380952380952381 0.012142857142857143
3 0.16952380952380952 0.038214285714285715 0.05523809523809524 0.019285714285714285
3 0.5285714285714286 0.2332142857142857 0.047619047619047616 0.039285714285714285
3 0.5666666666666667 0.24142857142857144 0.04 0.03857142857142857
3 0.5966666666666667 0.26071428571428573 0.05047619047619047 0.03857142857142857
3 0.6971428571428572 0.30178571428571427 0.049523809523809526 0.04071428571428572
6 0.7490476190476191 0.31214285714285717 0.01619047619047619 0.032857142857142856
6 0.7690476190476191 0.32321428571428573 0.018095238095238095 0.02642857142857143
3 0.7976190476190477 0.3467857142857143 0.03333333333333333 0.045
9 0.6385714285714286 0.2842857142857143 0.02 0.02
1 1.1042857142857143 0.41678571428571426 0.010476190476190476 0.010714285714285714
1 1.2395238095238095 0.4657142857142857 0.014285714285714285 0.011428571428571429
1 1.2342857142857142 0.45535714285714285 0.015238095238095238 0.015
1 1.208095238095238 0.46214285714285713 0.01619047619047619 0.01
1 1.2542857142857142 0.46464285714285714 0.013333333333333332 0.010714285714285714
1 1.3204761904761906 0.5010714285714286 0.018095238095238095 0.010714285714285714
