3 0.6157142857142857 0.6539285714285714 0.20857142857142857 0.19071428571428573
3 1.247142857142857 0.5821428571428572 0.17047619047619048 0.21857142857142858
3 0.1761904761904762 0.36642857142857144 0.30857142857142855 0.09714285714285714
4 0.6657142857142857 0.4060714285714286 0.1219047619047619 0.175
3 0.8152380952380952 0.3314285714285714 0.11238095238095239 0.12571428571428572
3 0.6766666666666666 0.26 0.09238095238095238 0.11428571428571428
3 0.49238095238095236 0.19714285714285715 0.09904761904761905 0.1
3 0.5052380952380953 0.12892857142857142 0.08476190476190476 0.06785714285714285
3 0.6919047619047619 0.13071428571428573 0.07333333333333333 0.07
3 0.7728571428571429 0.11321428571428571 0.07714285714285714 0.05928571428571429
3 1.2342857142857142 0.2725 0.1961904761904762 0.07642857142857143
3 1.1766666666666667 0.2317857142857143 0.23523809523809525 0.06642857142857143
3 1.1614285714285715 0.18142857142857144 0.19142857142857142 0.06285714285714286
3 1.0385714285714285 0.07178571428571429 0.16285714285714287 0.04642857142857143
3 1.0176190476190476 0.048214285714285716 0.14952380952380953 0.04928571428571429
3 0.5295238095238095 0.05821428571428571 0.07047619047619047 0.055
3 0.5466666666666666 0.01892857142857143 0.05333333333333333 0.03785714285714286
3 0.8223809523809524 0.5825 0.16857142857142857 0.2292857142857143
3 0.08952380952380952 0.5864285714285714 0.18095238095238095 0.13428571428571429
3 0.11904761904761904 0.6885714285714286 0.24 0.12
3 1.2614285714285713 0.3264285714285714 0.1419047619047619 0.08714285714285715
3 1.2776190476190477 0.40535714285714286 0.10952380952380952 0.09928571428571428
