3 0.058095238095238096 0.6257142857142857 0.1180952380952381 0.15571428571428572
3 0.33285714285714285 0.6025 0.10761904761904761 0.135
3 0.11857142857142858 0.485 0.12095238095238095 0.12571428571428572
3 0.37714285714285717 0.4632142857142857 0.09333333333333334 0.10642857142857143
9 0.017619047619047618 0.4432142857142857 0.037142857142857144 0.047857142857142855
2 0.2319047619047619 0.6146428571428572 0.02761904761904762 0.029285714285714286
3 0.789047619047619 0.5192857142857142 0.08285714285714285 0.12
3 0.7738095238095238 0.4075 0.06761904761904762 0.08928571428571429
3 1.2028571428571428 0.6217857142857143 0.22476190476190477 0.07357142857142857
3 1.180952380952381 0.5542857142857143 0.2038095238095238 0.06714285714285714
3 1.078095238095238 0.3725 0.14666666666666667 0.062142857142857146
3 1.1047619047619048 0.3221428571428571 0.14857142857142858 0.06142857142857143
4 1.1366666666666667 0.2932142857142857 0.16857142857142857 0.06642857142857143
3 1.0352380952380953 0.14357142857142857 0.09523809523809523 0.05714285714285714
3 0.8757142857142857 0.07071428571428572 0.09238095238095238 0.03428571428571429
3 0.9976190476190476 0.04285714285714286 0.09619047619047619 0.03142857142857143
3 1.1042857142857143 0.048214285714285716 0.09047619047619047 0.02642857142857143
4 1.1842857142857144 0.10821428571428571 0.11523809523809524 0.045
3 0.8576190476190476 0.12071428571428572 0.1 0.03571428571428571
3 1.3 0.11714285714285715 0.06476190476190476 0.03571428571428571
3 1.272857142857143 0.19107142857142856 0.11904761904761904 0.047857142857142855
3 1.2980952380952382 0.16964285714285715 0.06857142857142857 0.03357142857142857
4 0.7271428571428571 0.11107142857142857 0.08095238095238096 0.055
4 0.7542857142857143 0.03357142857142857 0.07047619047619047 0.03428571428571429
3 0.6214285714285714 0.19678571428571429 0.06761904761904762 0.05928571428571429
3 0.6547619047619048 0.03321428571428572 0.08857142857142856 0.030714285714285715
3 0.7542857142857143 0.3057142857142857 0.06666666666666667 0.07428571428571429
3 0.5414285714285715 0.3482142857142857 0.07523809523809524 0.095
3 0.43761904761904763 0.2714285714285714 0.07523809523809524 0.07857142857142857
9 0.4780952380952381 0.09 0.03238095238095238 0.02
3 0.2857142857142857 0.026071428571428572 0.08190476190476191 0.030714285714285715
1 0.4742857142857143 0.085 0.01904761904761905 0.025714285714285714
3 0.27476190476190476 0.13035714285714287 0.1 0.047857142857142855
3 0.13857142857142857 0.2342857142857143 0.1419047619047619 0.05714285714285714
4 0.0919047619047619 0.20107142857142857 0.14952380952380953 0.06642857142857143
3 0.045714285714285714 0.1025 0.08761904761904762 0.04214285714285714
3 0.04476190476190476 0.07357142857142857 0.09142857142857143 0.032857142857142856
3 0.024285714285714285 0.016785714285714286 0.05047619047619047 0.029285714285714286
9 0.1061904761904762 0.0925 0.012380952380952381 0.02214285714285714
9 0.11523809523809524 0.09321428571428571 0.011428571428571429 0.02214285714285714
9 0.04 0.32857142857142857 0.04 0.03571428571428571
9 0.056666666666666664 0.3053571428571429 0.06 0.02642857142857143
