3 0.48233333333333334 0.57125 0.14733333333333332 0.1375
3 0.7969999999999999 0.39625 0.08066666666666666 0.1215
3 0.7046666666666667 0.30625 0.088 0.1045
3 1.0216666666666667 0.42225 0.146 0.1245
3 0.9156666666666666 0.324 0.13 0.10400000000000001
3 0.8676666666666666 0.27075 0.122 0.1075
3 0.8593333333333333 0.177 0.09866666666666667 0.101
3 0.9266666666666666 0.08700000000000001 0.09733333333333333 0.081
3 0.7603333333333333 0.2465 0.09533333333333333 0.08700000000000001
3 0.6746666666666666 0.68375 0.14533333333333334 0.1315
3 0.312 0.7205 0.20133333333333334 0.058
4 1.1733333333333333 0.07525 0.10933333333333332 0.1015
5 1.0916666666666666 0.21425 0.13266666666666665 0.1315
5 1.166 0.2625 0.124 0.114
1 0.20299999999999999 0.31975000000000003 0.022 0.0125
2 0.22566666666666665 0.32575 0.06733333333333333 0.0185
9 0.13233333333333333 0.3265 0.06733333333333333 0.03
9 0.062 0.3385 0.06666666666666667 0.03
9 0.03833333333333333 0.3865 0.06733333333333333 0.03
1 0.10166666666666667 0.406 0.03666666666666667 0.025
1 0.9383333333333334 0.592 0.028666666666666667 0.024
2 0.9823333333333333 0.584 0.06066666666666667 0.025
2 1.0203333333333333 0.52475 0.06733333333333333 0.0285
2 0.779 0.503 0.05933333333333333 0.032
1 0.5966666666666667 0.41975 0.024 0.0245
9 0.5786666666666667 0.32125 0.042666666666666665 0.0345
6 1.1933333333333334 0.56225 0.09066666666666666 0.0455
9 1.199 0.514 0.06066666666666667 0.026000000000000002
9 1.174 0.47500000000000003 0.05733333333333333 0.041
5 1.2523333333333333 0.47625 0.16066666666666665 0.1255
1 1.115 0.335 0.020666666666666667 0.016
9 0.9693333333333333 0.0235 0.021333333333333333 0.039
