3 0.69 0.5057142857142857 0.04857142857142857 0.05
3 0.5785714285714286 0.5217857142857143 0.040952380952380955 0.055
3 0.5657142857142857 0.4539285714285714 0.04 0.04642857142857143
3 0.590952380952381 0.41785714285714287 0.035238095238095235 0.03857142857142857
3 0.4804761904761905 0.32285714285714284 0.02761904761904762 0.03142857142857143
3 0.6152380952380953 0.24928571428571428 0.022857142857142857 0.02142857142857143
3 0.46190476190476193 0.2125 0.02095238095238095 0.019285714285714285
3 0.5642857142857143 0.17892857142857144 0.01619047619047619 0.012142857142857143
3 0.49 0.18 0.01619047619047619 0.014285714285714285
3 0.4704761904761905 0.16892857142857143 0.017142857142857144 0.012142857142857143
3 0.5061904761904762 0.14464285714285716 0.018095238095238095 0.012142857142857143
3 0.5647619047619048 0.10607142857142857 0.011428571428571429 0.007857142857142858
3 0.5614285714285714 0.09964285714285714 0.014285714285714285 0.007857142857142858
3 0.5704761904761905 0.09392857142857143 0.013333333333333332 0.007857142857142858
3 0.5876190476190476 0.08535714285714285 0.009523809523809525 0.0064285714285714285
3 0.59 0.08 0.012380952380952381 0.008571428571428572
3 0.6257142857142857 0.06321428571428571 0.011428571428571429 0.007857142857142858
3 0.6076190476190476 0.061785714285714284 0.011428571428571429 0.007857142857142858
3 0.5404761904761904 0.40035714285714286 0.039047619047619046 0.03785714285714286
