2 0.259047619047619 0.2978571428571429 0.011428571428571429 0.002857142857142857
2 0.2538095238095238 0.3132142857142857 0.008571428571428572 0.002142857142857143
2 0.2523809523809524 0.3175 0.011428571428571429 0.002142857142857143
2 0.2509523809523809 0.32107142857142856 0.010476190476190476 0.002142857142857143
3 0.007142857142857143 0.43214285714285716 0.01619047619047619 0.024285714285714285
3 0.02142857142857143 0.43285714285714283 0.025714285714285714 0.024285714285714285
3 0.041428571428571426 0.43214285714285716 0.023809523809523808 0.022857142857142857
3 0.13047619047619047 0.43142857142857144 0.022857142857142857 0.022857142857142857
3 0.11428571428571428 0.4307142857142857 0.02095238095238095 0.024285714285714285
3 0.15047619047619049 0.4317857142857143 0.02095238095238095 0.02214285714285714
3 0.18523809523809523 0.43107142857142855 0.021904761904761906 0.025
3 0.20142857142857143 0.43214285714285716 0.021904761904761906 0.022857142857142857
3 0.02857142857142857 0.47035714285714286 0.0419047619047619 0.012142857142857143
3 0.07714285714285714 0.4714285714285714 0.0380952380952381 0.011428571428571429
4 0.11904761904761904 0.4714285714285714 0.030476190476190476 0.01
9 0.13523809523809524 0.4957142857142857 0.015238095238095238 0.004285714285714286
4 0.32666666666666666 0.48464285714285715 0.03238095238095238 0.015
2 0.2361904761904762 0.37607142857142856 0.011428571428571429 0.002142857142857143
2 0.23761904761904762 0.3792857142857143 0.010476190476190476 0.002857142857142857
2 0.24476190476190476 0.34535714285714286 0.009523809523809525 0.002142857142857143
2 0.2419047619047619 0.3510714285714286 0.009523809523809525 0.002142857142857143
2 0.24095238095238095 0.35678571428571426 0.009523809523809525 0.0007142857142857143
2 0.23904761904761904 0.35964285714285715 0.009523809523809525 0.002142857142857143
2 0.23809523809523808 0.3625 0.009523809523809525 0.002142857142857143
2 0.25 0.3246428571428571 0.008571428571428572 0.002142857142857143
9 0.25761904761904764 0.3053571428571429 0.012380952380952381 0.0035714285714285713
9 0.26095238095238094 0.2935714285714286 0.011428571428571429 0.002857142857142857
1 0.46095238095238095 0.07357142857142857 0.0038095238095238095 0.002857142857142857
9 0.46095238095238095 0.075 0.0038095238095238095 0.005714285714285714
1 0.47285714285714286 0.08285714285714285 0.002857142857142857 0.004285714285714286
1 0.47333333333333333 0.08428571428571428 0.0038095238095238095 0.007142857142857143
1 0.45285714285714285 0.17607142857142857 0.002857142857142857 0.005
9 0.4533333333333333 0.17714285714285713 0.0038095238095238095 0.007142857142857143
1 0.42904761904761907 0.3960714285714286 0.004761904761904762 0.0035714285714285713
9 0.42904761904761907 0.3960714285714286 0.008571428571428572 0.012142857142857143
3 0.43 0.5846428571428571 0.02 0.03357142857142857
9 0.5919047619047619 0.6360714285714286 0.010476190476190476 0.009285714285714286
3 0.5876190476190476 0.6171428571428571 0.03619047619047619 0.012857142857142857
3 0.589047619047619 0.2517857142857143 0.029523809523809525 0.010714285714285714
3 0.5928571428571429 0.22857142857142856 0.029523809523809525 0.01
3 0.5933333333333334 0.21785714285714286 0.02857142857142857 0.01
3 0.5880952380952381 0.19714285714285715 0.029523809523809525 0.01
3 0.5914285714285714 0.18607142857142858 0.02857142857142857 0.009285714285714286
3 0.589047619047619 0.1742857142857143 0.02761904761904762 0.01
4 0.5876190476190476 0.16464285714285715 0.030476190476190476 0.010714285714285714
3 0.5857142857142857 0.15428571428571428 0.026666666666666665 0.01
3 0.5823809523809523 0.145 0.02761904761904762 0.01
3 0.6528571428571428 0.13035714285714287 0.025714285714285714 0.009285714285714286
3 0.6519047619047619 0.14607142857142857 0.025714285714285714 0.010714285714285714
3 0.680952380952381 0.13785714285714284 0.026666666666666665 0.01
3 0.6780952380952381 0.15535714285714286 0.026666666666666665 0.010714285714285714
3 0.6823809523809524 0.19071428571428573 0.029523809523809525 0.01
3 0.6814285714285714 0.20285714285714285 0.02761904761904762 0.008571428571428572
3 0.6823809523809524 0.21321428571428572 0.029523809523809525 0.010714285714285714
3 0.6819047619047619 0.22464285714285714 0.030476190476190476 0.010714285714285714
3 0.6480952380952381 0.22714285714285715 0.029523809523809525 0.011428571428571429
3 0.6852380952380952 0.2475 0.03142857142857143 0.010714285714285714
3 0.8452380952380952 0.25642857142857145 0.029523809523809525 0.011428571428571429
3 0.7814285714285715 0.25535714285714284 0.029523809523809525 0.010714285714285714
3 0.7804761904761904 0.24571428571428572 0.029523809523809525 0.01
3 0.7790476190476191 0.2367857142857143 0.026666666666666665 0.009285714285714286
3 0.7780952380952381 0.2257142857142857 0.030476190476190476 0.01
3 0.7757142857142857 0.21642857142857141 0.029523809523809525 0.01
3 0.8304761904761905 0.18892857142857142 0.026666666666666665 0.010714285714285714
3 0.8361904761904762 0.19785714285714287 0.02857142857142857 0.01
3 0.8357142857142857 0.20785714285714285 0.029523809523809525 0.01
3 0.839047619047619 0.21857142857142858 0.02857142857142857 0.01
3 0.8428571428571429 0.2325 0.02857142857142857 0.009285714285714286
3 0.8423809523809523 0.24392857142857144 0.029523809523809525 0.009285714285714286
3 0.7461904761904762 0.20714285714285716 0.029523809523809525 0.01
4 0.7742857142857142 0.19714285714285715 0.030476190476190476 0.011428571428571429
3 0.7738095238095238 0.18 0.021904761904761906 0.01
3 0.768095238095238 0.15428571428571428 0.025714285714285714 0.01
3 0.74 0.1457142857142857 0.024761904761904763 0.01
3 0.741904761904762 0.18928571428571428 0.02857142857142857 0.008571428571428572
3 0.770952380952381 0.1707142857142857 0.02761904761904762 0.008571428571428572
3 0.7433333333333333 0.18035714285714285 0.02761904761904762 0.009285714285714286
3 0.7414285714285714 0.1717857142857143 0.029523809523809525 0.009285714285714286
3 0.741904761904762 0.1632142857142857 0.02857142857142857 0.009285714285714286
3 0.7390476190476191 0.155 0.024761904761904763 0.008571428571428572
3 0.7671428571428571 0.1457142857142857 0.023809523809523808 0.008571428571428572
3 0.8223809523809524 0.13642857142857143 0.02761904761904762 0.011428571428571429
3 0.8261904761904761 0.1717857142857143 0.02761904761904762 0.009285714285714286
3 0.8271428571428572 0.16214285714285714 0.029523809523809525 0.01
3 0.8257142857142857 0.15321428571428572 0.026666666666666665 0.007857142857142858
3 0.7028571428571428 0.4739285714285714 0.017142857142857144 0.025
3 0.7452380952380953 0.46714285714285714 0.01619047619047619 0.025714285714285714
3 0.82 0.4682142857142857 0.01904761904761905 0.027857142857142858
3 0.7185714285714285 0.5435714285714286 0.035238095238095235 0.012857142857142857
3 0.6814285714285714 0.5617857142857143 0.035238095238095235 0.013571428571428571
3 0.72 0.5589285714285714 0.0380952380952381 0.013571428571428571
3 0.6838095238095238 0.5785714285714286 0.04 0.011428571428571429
3 0.7257142857142858 0.5778571428571428 0.0380952380952381 0.014285714285714285
3 0.6828571428571428 0.5960714285714286 0.0380952380952381 0.015
3 0.8104761904761905 0.5742857142857143 0.0380952380952381 0.014285714285714285
3 0.8042857142857143 0.5432142857142858 0.037142857142857144 0.013571428571428571
3 0.8428571428571429 0.54 0.0380952380952381 0.014285714285714285
3 0.9647619047619047 0.54 0.03619047619047619 0.012857142857142857
3 0.9947619047619047 0.5371428571428571 0.018095238095238095 0.02857142857142857
3 0.9852380952380952 0.5021428571428571 0.021904761904761906 0.027142857142857142
3 1.0404761904761906 0.4982142857142857 0.035238095238095235 0.012142857142857143
3 1.121904761904762 0.49785714285714283 0.0380952380952381 0.012857142857142857
3 1.2223809523809523 0.5385714285714286 0.039047619047619046 0.012857142857142857
3 1.247142857142857 0.49142857142857144 0.040952380952380955 0.012857142857142857
3 1.1233333333333333 0.4589285714285714 0.037142857142857144 0.012142857142857143
3 1.1614285714285715 0.45535714285714285 0.035238095238095235 0.010714285714285714
3 1.2023809523809523 0.4542857142857143 0.037142857142857144 0.011428571428571429
3 1.2914285714285714 0.4525 0.04 0.012142857142857143
3 1.3223809523809524 0.44142857142857145 0.02 0.02142857142857143
3 0.9647619047619047 0.025714285714285714 0.015238095238095238 0.014285714285714285
9 0.8966666666666666 0.46 0.004761904761904762 0.008571428571428572
6 0.6914285714285714 0.6167857142857143 0.022857142857142857 0.007857142857142858
9 0.7590476190476191 0.5914285714285714 0.005714285714285714 0.011428571428571429
9 0.7471428571428571 0.5925 0.004761904761904762 0.009285714285714286
3 1.1595238095238096 0.7017857142857142 0.02761904761904762 0.029285714285714286
3 0.6885714285714286 0.265 0.03238095238095238 0.01
3 0.5333333333333333 0.0275 0.009523809523809525 0.012142857142857143
3 0.53 0.04107142857142857 0.012380952380952381 0.013571428571428571
