3 0.6059644670050761 0.3107142857142857 0.06472081218274112 0.037142857142857144
3 0.6808375634517766 0.30892857142857144 0.05964467005076142 0.039285714285714285
3 0.8267766497461928 0.2710714285714286 0.04695431472081218 0.04071428571428572
3 1.0856598984771573 0.4657142857142857 0.049492385786802026 0.05142857142857143
3 0.9536802030456852 0.37714285714285717 0.03680203045685279 0.041428571428571426
3 1.0539340101522843 0.27714285714285714 0.03426395939086294 0.03
3 0.9060913705583755 0.22785714285714287 0.03807106598984771 0.032857142857142856
3 0.881979695431472 0.11821428571428572 0.03045685279187817 0.02642857142857143
3 0.8115482233502538 0.08678571428571429 0.029187817258883246 0.017857142857142856
3 0.8121827411167513 0.03214285714285714 0.027918781725888322 0.017142857142857144
3 0.7417512690355329 0.37892857142857145 0.06472081218274112 0.052142857142857144
3 0.4175126903553299 0.5428571428571428 0.09644670050761421 0.037142857142857144
5 0.174492385786802 0.4425 0.11040609137055837 0.06357142857142857
5 0.16243654822335024 0.4232142857142857 0.10659898477157359 0.065
5 0.13451776649746192 0.40785714285714286 0.10152284263959391 0.06142857142857143
5 0.10152284263959391 0.3985714285714286 0.11675126903553298 0.06142857142857143
5 0.06345177664974619 0.39071428571428574 0.12944162436548223 0.07285714285714286
5 0.04505076142131979 0.375 0.09263959390862943 0.06142857142857143
5 0.7696700507614213 0.17892857142857144 0.06472081218274112 0.047857142857142855
8 0.13197969543147206 0.24892857142857142 0.12690355329949238 0.060714285714285714
3 1.1370558375634516 0.08857142857142856 0.035532994923857864 0.017142857142857144
3 1.1123096446700507 0.06464285714285714 0.024111675126903553 0.017857142857142856
3 1.141497461928934 0.05714285714285714 0.024111675126903553 0.014285714285714285
3 1.2379441624365481 0.065 0.03680203045685279 0.015714285714285715
3 1.324238578680203 0.17892857142857144 0.03426395939086294 0.020714285714285713
3 1.3762690355329947 0.12321428571428572 0.05456852791878172 0.016428571428571428
3 1.3851522842639592 0.11642857142857142 0.04441624365482233 0.015714285714285715
3 1.4022842639593907 0.11 0.048223350253807105 0.018571428571428572
3 1.447969543147208 0.08392857142857142 0.03807106598984771 0.016428571428571428
3 1.4612944162436547 0.08035714285714286 0.03934010152284264 0.016428571428571428
3 1.4428934010152283 0.09142857142857143 0.04568527918781726 0.015714285714285715
3 1.4873096446700507 0.11142857142857143 0.053299492385786795 0.015714285714285715
3 1.5025380710659897 0.08535714285714285 0.04314720812182741 0.015
3 1.6180203045685277 0.09 0.04060913705583756 0.014285714285714285
3 1.66497461928934 0.11321428571428571 0.055837563451776644 0.016428571428571428
3 1.7258883248730963 0.11321428571428571 0.055837563451776644 0.013571428571428571
3 1.655456852791878 0.10678571428571429 0.04441624365482233 0.010714285714285714
3 1.6954314720812182 0.10142857142857142 0.04568527918781726 0.011428571428571429
3 1.6846446700507614 0.09571428571428571 0.04187817258883248 0.008571428571428572
3 1.671954314720812 0.09 0.052030456852791875 0.011428571428571429
3 1.6440355329949237 0.07678571428571429 0.05710659898477157 0.015
8 0.2506345177664974 0.23107142857142857 0.08248730964467005 0.03642857142857143
4 0.6427664974619289 0.17535714285714285 0.029187817258883246 0.027857142857142858
3 0.6465736040609137 0.1525 0.031725888324873094 0.017857142857142856
3 0.6510152284263959 0.13 0.02284263959390863 0.017142857142857144
3 0.656725888324873 0.07357142857142857 0.024111675126903553 0.014285714285714285
3 0.42385786802030456 0.11142857142857143 0.03045685279187817 0.015714285714285715
3 0.4346446700507614 0.09642857142857143 0.031725888324873094 0.012857142857142857
3 0.05774111675126903 0.16892857142857143 0.04187817258883248 0.017857142857142856
3 0.03109137055837563 0.17642857142857143 0.04441624365482233 0.018571428571428572
3 0.10342639593908629 0.16035714285714286 0.04695431472081218 0.02214285714285714
3 0.09708121827411166 0.1575 0.05964467005076142 0.016428571428571428
3 0.08121827411167512 0.15107142857142858 0.06091370558375634 0.019285714285714285
3 0.08756345177664974 0.12821428571428573 0.04314720812182741 0.016428571428571428
3 0.13388324873096447 0.12 0.05456852791878172 0.014285714285714285
3 0.12055837563451775 0.11607142857142858 0.04314720812182741 0.013571428571428571
3 0.06979695431472081 0.12571428571428572 0.04314720812182741 0.014285714285714285
3 0.06091370558375634 0.12142857142857143 0.048223350253807105 0.015714285714285715
3 0.04378172588832487 0.12 0.049492385786802026 0.018571428571428572
3 0.1763959390862944 0.09214285714285714 0.048223350253807105 0.02
3 0.1884517766497462 0.09392857142857143 0.04695431472081218 0.019285714285714285
5 1.0456852791878173 0.05178571428571429 0.04568527918781726 0.023571428571428573
3 0.6738578680203046 0.04285714285714286 0.017766497461928932 0.01
3 0.6744923857868019 0.03142857142857143 0.019035532994923856 0.011428571428571429
3 0.6808375634517766 0.018571428571428572 0.016497461928934008 0.011428571428571429
3 0.49302030456852786 0.05285714285714286 0.021573604060913704 0.01
3 0.5101522842639593 0.05678571428571429 0.03045685279187817 0.007857142857142858
3 0.5374365482233502 0.03964285714285714 0.013959390862944161 0.012142857142857143
