3 0.12904761904761905 0.43535714285714283 0.10571428571428572 0.035
4 0.2438095238095238 0.43857142857142856 0.08190476190476191 0.03
3 0.3380952380952381 0.4496428571428571 0.09904761904761905 0.030714285714285715
3 0.029047619047619048 0.5153571428571428 0.06 0.056428571428571425
3 0.051904761904761905 0.5246428571428572 0.09047619047619047 0.04357142857142857
3 0.11761904761904762 0.5307142857142857 0.1 0.054285714285714284
3 0.22285714285714286 0.5535714285714286 0.10095238095238095 0.06285714285714286
3 0.35285714285714287 0.38535714285714284 0.08857142857142856 0.027857142857142858
9 0.2785714285714286 0.3364285714285714 0.018095238095238095 0.018571428571428572
9 0.16142857142857142 0.3892857142857143 0.023809523809523808 0.015714285714285715
9 0.11142857142857143 0.4114285714285714 0.02857142857142857 0.02
2 0.21095238095238095 0.36678571428571427 0.018095238095238095 0.020714285714285713
8 0.5547619047619048 0.4639285714285714 0.10380952380952381 0.13357142857142856
3 0.8223809523809524 0.31642857142857145 0.02761904761904762 0.025714285714285714
3 0.5485714285714286 0.3846428571428571 0.04 0.03357142857142857
4 0.5685714285714286 0.35 0.045714285714285714 0.04285714285714286
3 0.7276190476190476 0.2985714285714286 0.026666666666666665 0.018571428571428572
9 0.3738095238095238 0.29428571428571426 0.018095238095238095 0.008571428571428572
9 0.3557142857142857 0.2953571428571429 0.010476190476190476 0.010714285714285714
9 0.3628571428571429 0.30142857142857143 0.011428571428571429 0.012857142857142857
9 0.40285714285714286 0.28285714285714286 0.017142857142857144 0.014285714285714285
4 0.5104761904761905 0.2817857142857143 0.045714285714285714 0.016428571428571428
4 0.5523809523809524 0.29035714285714287 0.030476190476190476 0.025
3 0.6580952380952381 0.2475 0.022857142857142857 0.020714285714285713
1 0.6757142857142857 0.2282142857142857 0.006666666666666666 0.0064285714285714285
9 0.7095238095238096 0.19107142857142856 0.0038095238095238095 0.0035714285714285713
9 0.6761904761904762 0.23214285714285715 0.005714285714285714 0.005714285714285714
2 0.7033333333333334 0.19392857142857142 0.002857142857142857 0.0035714285714285713
1 0.7028571428571428 0.19142857142857142 0.0038095238095238095 0.004285714285714286
1 0.71 0.18964285714285714 0.004761904761904762 0.005
3 0.7523809523809524 0.18857142857142858 0.009523809523809525 0.007142857142857143
3 0.7776190476190477 0.2332142857142857 0.01619047619047619 0.015
3 0.7114285714285714 0.25535714285714284 0.02095238095238095 0.017857142857142856
3 0.7204761904761905 0.2317857142857143 0.01619047619047619 0.012142857142857143
3 0.7385714285714285 0.23464285714285715 0.014285714285714285 0.013571428571428571
3 0.710952380952381 0.21571428571428572 0.014285714285714285 0.01
3 0.7347619047619047 0.21357142857142858 0.014285714285714285 0.011428571428571429
3 0.7195238095238096 0.20535714285714285 0.01619047619047619 0.009285714285714286
3 0.7519047619047619 0.20892857142857144 0.012380952380952381 0.012142857142857143
3 0.7719047619047619 0.20035714285714284 0.010476190476190476 0.010714285714285714
3 0.7714285714285715 0.19428571428571428 0.013333333333333332 0.01
3 0.7880952380952381 0.19678571428571429 0.008571428571428572 0.0064285714285714285
3 0.8066666666666666 0.21071428571428572 0.011428571428571429 0.01
3 0.8123809523809524 0.19178571428571428 0.009523809523809525 0.0064285714285714285
3 0.8 0.19392857142857142 0.009523809523809525 0.005
3 0.8076190476190476 0.18535714285714286 0.009523809523809525 0.0064285714285714285
3 0.81 0.1775 0.010476190476190476 0.0064285714285714285
3 0.7961904761904762 0.18571428571428572 0.009523809523809525 0.007142857142857143
3 0.7685714285714286 0.17392857142857143 0.007619047619047619 0.005
3 0.7723809523809524 0.17821428571428571 0.009523809523809525 0.005
3 0.7752380952380953 0.18214285714285713 0.009523809523809525 0.005714285714285714
3 0.7552380952380953 0.1732142857142857 0.009523809523809525 0.007857142857142858
5 0.7847619047619048 0.18714285714285714 0.013333333333333332 0.011428571428571429
3 0.7952380952380952 0.18607142857142858 0.009523809523809525 0.0064285714285714285
3 0.7757142857142857 0.1525 0.006666666666666666 0.0035714285714285713
1 0.7152380952380952 0.16642857142857143 0.0038095238095238095 0.002857142857142857
9 0.7147619047619047 0.16892857142857143 0.008571428571428572 0.0035714285714285713
3 0.4785714285714286 0.6960714285714286 0.12476190476190477 0.10642857142857143
1 0.5938095238095238 0.36892857142857144 0.012380952380952381 0.012142857142857143
2 0.5942857142857143 0.37535714285714283 0.01904761904761905 0.012142857142857143
2 0.3942857142857143 0.40285714285714286 0.015238095238095238 0.011428571428571429
9 0.39714285714285713 0.4089285714285714 0.026666666666666665 0.013571428571428571
1 0.34476190476190477 0.49607142857142855 0.01904761904761905 0.015
2 0.35 0.5021428571428571 0.023809523809523808 0.017142857142857144
3 0.6638095238095238 0.3032142857142857 0.02095238095238095 0.020714285714285713
9 0.2319047619047619 0.3289285714285714 0.01619047619047619 0.007857142857142858
3 0.8038095238095239 0.1992857142857143 0.011428571428571429 0.004285714285714286
3 0.8185714285714286 0.1982142857142857 0.010476190476190476 0.0064285714285714285
3 0.7904761904761904 0.20285714285714285 0.011428571428571429 0.007142857142857143
3 0.9233333333333333 0.22 0.014285714285714285 0.01
3 1.0961904761904762 0.39285714285714285 0.0380952380952381 0.027142857142857142
3 1.3014285714285714 0.47464285714285714 0.06190476190476191 0.04642857142857143
