3 0.04428571428571428 0.0675 0.02 0.007857142857142858
3 0.10476190476190476 0.06642857142857143 0.01904761904761905 0.005714285714285714
3 0.05142857142857143 0.06142857142857143 0.015238095238095238 0.007142857142857143
1 0.2795238095238095 0.21357142857142858 0.010476190476190476 0.012857142857142857
1 0.4338095238095238 0.21785714285714286 0.008571428571428572 0.014285714285714285
1 0.2057142857142857 0.22321428571428573 0.013333333333333332 0.013571428571428571
1 0.2180952380952381 0.22178571428571428 0.011428571428571429 0.010714285714285714
1 1.026190476190476 0.4785714285714286 0.01619047619047619 0.024285714285714285
1 1.1066666666666667 0.47714285714285715 0.01904761904761905 0.027142857142857142
2 1.2814285714285714 0.5075 0.02 0.027857142857142858
