3 0.08857142857142856 0.5432142857142858 0.0761904761904762 0.039285714285714285
3 0.508095238095238 0.4853571428571429 0.05047619047619047 0.045
5 0.5338095238095238 0.4492857142857143 0.07142857142857142 0.06571428571428571
9 0.669047619047619 0.49535714285714283 0.02 0.019285714285714285
3 0.7080952380952381 0.48678571428571427 0.06190476190476191 0.045
3 0.7476190476190476 0.465 0.05333333333333333 0.04
3 0.7885714285714286 0.4517857142857143 0.05333333333333333 0.03357142857142857
9 0.790952380952381 0.5296428571428572 0.02761904761904762 0.020714285714285713
1 0.7871428571428571 0.5307142857142857 0.012380952380952381 0.01
1 0.7919047619047619 0.5285714285714286 0.012380952380952381 0.011428571428571429
1 0.7966666666666666 0.5260714285714285 0.014285714285714285 0.010714285714285714
4 0.8333333333333334 0.4332142857142857 0.07238095238095238 0.03785714285714286
3 0.8695238095238095 0.41464285714285715 0.06095238095238095 0.035
3 1.0957142857142856 0.3325 0.054285714285714284 0.025
3 1.1138095238095238 0.32071428571428573 0.04857142857142857 0.024285714285714285
3 1.18 0.29464285714285715 0.047619047619047616 0.020714285714285713
4 1.1985714285714286 0.2882142857142857 0.04666666666666667 0.02214285714285714
3 1.2147619047619047 0.28285714285714286 0.06380952380952382 0.02142857142857143
3 1.3185714285714285 0.2357142857142857 0.02761904761904762 0.015714285714285715
3 0.3904761904761905 0.0425 0.01904761904761905 0.0064285714285714285
3 0.4104761904761905 0.038214285714285715 0.017142857142857144 0.007857142857142858
3 0.20238095238095238 0.07642857142857143 0.023809523809523808 0.008571428571428572
3 0.06333333333333334 0.10178571428571428 0.02761904761904762 0.009285714285714286
3 0.07571428571428572 0.0975 0.025714285714285714 0.010714285714285714
