3 0.9111675126903552 0.35 0.048223350253807105 0.011428571428571429
3 1.206218274111675 0.2914285714285714 0.049492385786802026 0.011428571428571429
9 0.766497461928934 0.2842857142857143 0.02030456852791878 0.005714285714285714
3 1.6154822335025378 0.35464285714285715 0.025380710659898477 0.02214285714285714
3 1.508248730964467 0.2953571428571429 0.049492385786802026 0.012142857142857143
3 1.3680203045685277 0.29428571428571426 0.050761421319796954 0.012857142857142857
3 1.447969543147208 0.2785714285714286 0.048223350253807105 0.012857142857142857
3 1.553934010152284 0.25535714285714284 0.04187817258883248 0.023571428571428573
9 1.541243654822335 0.2792857142857143 0.021573604060913704 0.007142857142857143
3 0.03045685279187817 0.02142857142857143 0.050761421319796954 0.011428571428571429
3 0.13261421319796954 0.022857142857142857 0.04695431472081218 0.011428571428571429
3 0.1916243654822335 0.024642857142857143 0.050761421319796954 0.012142857142857143
