3 0.12436548223350252 0.4982142857142857 0.05837563451776649 0.023571428571428573
3 0.12182741116751268 0.48857142857142855 0.06345177664974619 0.02
3 0.10723350253807105 0.48214285714285715 0.05964467005076142 0.022857142857142857
3 0.09073604060913705 0.4635714285714286 0.06218274111675126 0.02142857142857143
4 0.22208121827411165 0.43857142857142856 0.06345177664974619 0.027142857142857142
3 0.20621827411167512 0.43214285714285716 0.05456852791878172 0.02142857142857143
3 0.19416243654822332 0.42607142857142855 0.055837563451776644 0.023571428571428573
3 0.1846446700507614 0.41892857142857143 0.05710659898477157 0.02214285714285714
3 0.15862944162436546 0.4010714285714286 0.053299492385786795 0.019285714285714285
3 0.09390862944162436 0.3817857142857143 0.035532994923857864 0.017857142857142856
3 0.05964467005076142 0.36892857142857144 0.032994923857868015 0.016428571428571428
4 0.8635786802030456 0.5407142857142857 0.03934010152284264 0.03571428571428571
3 0.83248730964467 0.48892857142857143 0.03045685279187817 0.020714285714285713
3 0.8940355329949238 0.39785714285714285 0.026649746192893398 0.018571428571428572
3 0.9536802030456852 0.3775 0.024111675126903553 0.020714285714285713
4 1.0431472081218274 0.3075 0.017766497461928932 0.019285714285714285
3 1.0704314720812182 0.24464285714285713 0.016497461928934008 0.013571428571428571
5 0.9111675126903552 0.2596428571428571 0.02030456852791878 0.019285714285714285
3 0.9321065989847716 0.24 0.016497461928934008 0.01
3 0.7525380710659898 0.3392857142857143 0.02030456852791878 0.014285714285714285
3 0.7842639593908629 0.30607142857142855 0.017766497461928932 0.013571428571428571
5 0.7601522842639593 0.23964285714285713 0.02284263959390863 0.02214285714285714
8 0.7290609137055837 0.16142857142857142 0.026649746192893398 0.02857142857142857
3 0.9124365482233502 0.18214285714285713 0.015228426395939085 0.007142857142857143
4 0.8864213197969543 0.1707142857142857 0.013959390862944161 0.01
5 0.9010152284263959 0.16392857142857142 0.017766497461928932 0.012142857142857143
5 0.7677664974619288 0.075 0.017766497461928932 0.01
3 1.017766497461929 0.1775 0.015228426395939085 0.007857142857142858
3 1.03743654822335 0.18 0.013959390862944161 0.008571428571428572
3 0.9980964467005076 0.1525 0.013959390862944161 0.007857142857142858
3 0.9581218274111675 0.10214285714285715 0.012690355329949238 0.007142857142857143
5 1.151015228426396 0.06464285714285714 0.03045685279187817 0.009285714285714286
5 1.265228426395939 0.06928571428571428 0.03807106598984771 0.01
5 1.3407360406091369 0.07785714285714286 0.03680203045685279 0.008571428571428572
5 1.3648477157360406 0.08071428571428571 0.031725888324873094 0.008571428571428572
5 1.3851522842639592 0.08392857142857142 0.03426395939086294 0.010714285714285714
3 0.9708121827411167 0.03678571428571428 0.012690355329949238 0.0035714285714285713
3 1.0437817258883249 0.027142857142857142 0.011421319796954314 0.004285714285714286
3 1.12246192893401 0.018571428571428572 0.011421319796954314 0.004285714285714286
