3 0.7303299492385786 0.4567857142857143 0.024111675126903553 0.025
3 0.9340101522842639 0.40285714285714286 0.02284263959390863 0.02857142857142857
3 0.9289340101522842 0.30857142857142855 0.02030456852791878 0.025714285714285714
3 0.8775380710659898 0.32571428571428573 0.019035532994923856 0.025714285714285714
3 0.9549492385786801 0.5392857142857143 0.024111675126903553 0.03142857142857143
8 0.8388324873096447 0.5403571428571429 0.03045685279187817 0.04071428571428572
9 0.9270304568527918 0.002857142857142857 0.006345177664974619 0.007142857142857143
9 0.899746192893401 0.19107142857142856 0.0076142131979695426 0.010714285714285714
1 0.8991116751269035 0.19035714285714286 0.006345177664974619 0.0035714285714285713
3 1.7512690355329947 0.2475 0.03045685279187817 0.02214285714285714
3 1.6021573604060912 0.285 0.021573604060913704 0.017142857142857144
3 1.6211928934010151 0.2875 0.019035532994923856 0.019285714285714285
3 1.6408629441624365 0.22178571428571428 0.02030456852791878 0.020714285714285713
3 1.6986040609137054 0.18357142857142858 0.024111675126903553 0.022857142857142857
3 1.7563451776649746 0.0625 0.02284263959390863 0.017857142857142856
