3 1.4460659898477157 0.2842857142857143 0.05710659898477157 0.054285714285714284
3 1.3711928934010151 0.2757142857142857 0.06979695431472081 0.05285714285714286
3 1.3083756345177664 0.26571428571428574 0.06091370558375634 0.05142857142857143
3 1.1618020304568526 0.2978571428571429 0.07233502538071065 0.05857142857142857
3 1.1021573604060912 0.2835714285714286 0.07233502538071065 0.054285714285714284
3 0.9892131979695431 0.26571428571428574 0.07233502538071065 0.05285714285714286
3 1.0196700507614211 0.3821428571428571 0.06979695431472081 0.05285714285714286
3 0.9041878172588832 0.3585714285714286 0.08248730964467005 0.054285714285714284
3 0.7347715736040609 0.32821428571428574 0.09644670050761421 0.05928571428571429
3 1.032994923857868 0.22714285714285715 0.06598984771573603 0.045714285714285714
3 1.0901015228426396 0.23035714285714284 0.05837563451776649 0.047857142857142855
3 1.1453045685279186 0.23964285714285713 0.05710659898477157 0.04214285714285714
3 1.206218274111675 0.24535714285714286 0.06472081218274112 0.047857142857142855
3 0.9860406091370557 0.21035714285714285 0.07106598984771573 0.047857142857142855
3 0.9321065989847716 0.205 0.06218274111675126 0.04
3 1.199238578680203 0.16392857142857142 0.053299492385786795 0.045
3 1.3039340101522843 0.17535714285714285 0.05456852791878172 0.045
3 1.0996192893401013 0.14857142857142858 0.05456852791878172 0.04428571428571428
3 1.056472081218274 0.1417857142857143 0.06218274111675126 0.04071428571428572
3 0.958756345177665 0.1275 0.05964467005076142 0.04642857142857143
3 0.9105329949238578 0.11607142857142858 0.06725888324873096 0.04357142857142857
3 0.9511421319796953 0.0875 0.06979695431472081 0.03785714285714286
3 1.001269035532995 0.09321428571428571 0.06598984771573603 0.03357142857142857
3 1.0444162436548223 0.10321428571428572 0.053299492385786795 0.035
3 1.0869289340101522 0.10821428571428571 0.06218274111675126 0.039285714285714285
3 1.1808375634517765 0.12214285714285714 0.049492385786802026 0.032857142857142856
3 1.2290609137055837 0.12821428571428573 0.05964467005076142 0.03785714285714286
3 1.281725888324873 0.13178571428571428 0.055837563451776644 0.039285714285714285
3 1.324238578680203 0.1417857142857143 0.05456852791878172 0.035
3 1.431472081218274 0.15857142857142856 0.05837563451776649 0.037142857142857144
3 1.41243654822335 0.08535714285714285 0.050761421319796954 0.04214285714285714
3 1.1821065989847714 0.05714285714285714 0.049492385786802026 0.03428571428571429
3 0.6161167512690355 0.08428571428571428 0.06725888324873096 0.03142857142857143
3 0.8013959390862944 0.05607142857142857 0.08502538071065989 0.030714285714285715
3 0.7595177664974618 0.02214285714285714 0.07741116751269035 0.022857142857142857
3 0.5799492385786802 0.024642857142857143 0.08883248730964466 0.02642857142857143
3 0.32868020304568524 0.04392857142857143 0.08121827411167512 0.029285714285714286
3 0.2614213197969543 0.03535714285714286 0.06852791878172589 0.030714285714285715
3 0.39403553299492383 0.05 0.06979695431472081 0.03
3 0.4302030456852792 0.05821428571428571 0.07614213197969542 0.03214285714285714
3 0.5044416243654822 0.06714285714285714 0.06218274111675126 0.027142857142857142
3 0.5697969543147208 0.08142857142857143 0.05837563451776649 0.03
3 0.6890862944162436 0.09785714285714285 0.06091370558375634 0.032857142857142856
3 0.824238578680203 0.04357142857142857 0.0748730964467005 0.02142857142857143
3 0.8794416243654821 0.01107142857142857 0.08375634517766496 0.023571428571428573
3 1.049492385786802 0.013571428571428571 0.06091370558375634 0.02857142857142857
3 0.8876903553299492 0.24785714285714286 0.06979695431472081 0.05714285714285714
4 0.822969543147208 0.23642857142857143 0.07233502538071065 0.05714285714285714
3 0.8889593908629441 0.19464285714285715 0.05456852791878172 0.04071428571428572
3 0.8261421319796953 0.18607142857142858 0.053299492385786795 0.039285714285714285
4 0.964467005076142 0.36857142857142855 0.07614213197969542 0.06142857142857143
4 1.4619289340101522 0.08535714285714285 0.053299492385786795 0.045
4 1.2296954314720812 0.06107142857142857 0.048223350253807105 0.03785714285714286
4 1.1440355329949237 0.0475 0.05964467005076142 0.04214285714285714
4 1.1015228426395938 0.0425 0.05837563451776649 0.04214285714285714
4 1.0539340101522843 0.040357142857142855 0.05456852791878172 0.045
4 1.015228426395939 0.03428571428571429 0.055837563451776644 0.03857142857142857
4 0.8426395939086294 0.029285714285714286 0.08883248730964466 0.032857142857142856
4 0.7277918781725887 0.10107142857142858 0.06979695431472081 0.039285714285714285
4 1.3692893401015227 0.009285714285714286 0.04314720812182741 0.02
4 1.4105329949238579 0.011428571428571429 0.04695431472081218 0.024285714285714285
4 1.456218274111675 0.013214285714285715 0.04695431472081218 0.027857142857142858
4 1.5012690355329947 0.015714285714285715 0.053299492385786795 0.032857142857142856
4 1.5475888324873095 0.017142857142857144 0.05456852791878172 0.03571428571428571
4 0.5970812182741116 0.011785714285714287 0.09771573604060912 0.025
3 0.3845177664974619 0.008571428571428572 0.08375634517766496 0.018571428571428572
5 0.4346446700507614 0.24642857142857144 0.15101522842639592 0.07857142857142857
5 0.3166243654822335 0.2282142857142857 0.16624365482233502 0.07642857142857143
5 0.34073604060913704 0.09 0.133248730964467 0.08
5 0.4815989847715736 0.10321428571428572 0.11548223350253806 0.075
5 0.6173857868020304 0.12821428571428573 0.10025380710659898 0.07214285714285715
5 0.42512690355329946 0.10035714285714285 0.12436548223350252 0.07642857142857143
5 0.2614213197969543 0.22392857142857142 0.1649746192893401 0.09071428571428572
5 0.19225888324873094 0.22535714285714287 0.1281725888324873 0.08785714285714286
5 0.13895939086294415 0.21571428571428572 0.1281725888324873 0.07714285714285714
5 0.09644670050761421 0.20642857142857143 0.12690355329949238 0.07571428571428572
5 0.06535532994923858 0.19357142857142856 0.133248730964467 0.08571428571428572
8 0.49682741116751267 0.5042857142857143 0.3439086294416243 0.11428571428571428
3 1.748730964467005 0.3067857142857143 0.053299492385786795 0.05357142857142857
3 1.7461928934010151 0.25607142857142856 0.05837563451776649 0.045
