3 1.12987012987013 0.5164405010438413 0.10760667903525047 0.06002087682672233
3 1.062152133580705 0.3695198329853862 0.08348794063079777 0.030271398747390394
4 0.9726345083487941 0.35777661795407095 0.075139146567718 0.03914405010438413
3 1.0408163265306123 0.33611691022964507 0.0463821892393321 0.037578288100208766
3 1.1182745825602969 0.3147181628392484 0.06771799628942486 0.031315240083507306
3 1.2898886827458256 0.25808977035490605 0.05658627087198516 0.025574112734864297
4 1.3450834879406308 0.24008350730688932 0.0463821892393321 0.019832985386221292
3 1.3974953617810761 0.22312108559498953 0.04730983302411874 0.020354906054279746
8 1.6303339517625233 0.22651356993736949 0.09925788497217068 0.050104384133611686
8 1.7105751391465678 0.19415448851774528 0.07606679035250465 0.04175365344467641
4 1.693413729128015 0.1390918580375783 0.026901669758812616 0.020354906054279746
9 1.230983302411874 0.25652400835073064 0.022263450834879406 0.012004175365344467
3 1.7036178107606679 0.11508350730688933 0.043599257884972174 0.009916492693110646
3 1.7230983302411873 0.10699373695198329 0.05102040816326531 0.008350730688935281
3 1.7569573283859 0.09185803757828809 0.0352504638218924 0.012526096033402922
9 1.0579777365491652 0.31263048016701456 0.02319109461966605 0.011482254697286011
9 1.0816326530612246 0.3053235908141962 0.027829313543599257 0.010438413361169102
2 0.8882189239332097 0.3590814196242171 0.01948051948051948 0.013569937369519832
9 0.9063079777365491 0.3504697286012526 0.025974025974025976 0.016179540709812108
9 0.9197588126159555 0.34890396659707723 0.030612244897959183 0.016179540709812108
9 0.6423933209647495 0.4159707724425887 0.041743970315398886 0.016701461377870562
9 0.6331168831168831 0.41153444676409184 0.039888682745825604 0.019311064718162838
9 1.4053803339517625 0.2048538622129436 0.0352504638218924 0.014091858037578286
