8 0.19095238095238096 0.4742857142857143 0.029523809523809525 0.01
4 0.15523809523809523 0.46464285714285714 0.017142857142857144 0.005
3 0.15 0.4617857142857143 0.014285714285714285 0.005
5 0.13285714285714287 0.4714285714285714 0.01619047619047619 0.008571428571428572
5 0.14666666666666667 0.4714285714285714 0.015238095238095238 0.005714285714285714
3 0.7885714285714286 0.4164285714285714 0.0019047619047619048 0.002857142857142857
3 0.7819047619047619 0.42142857142857143 0.0038095238095238095 0.002857142857142857
3 0.7771428571428571 0.4303571428571429 0.0038095238095238095 0.002142857142857143
3 0.7857142857142857 0.43214285714285716 0.0038095238095238095 0.002857142857142857
3 0.7566666666666667 0.42714285714285716 0.004761904761904762 0.002857142857142857
3 0.7595238095238095 0.42928571428571427 0.004761904761904762 0.002857142857142857
3 0.7566666666666667 0.43714285714285717 0.008571428571428572 0.002857142857142857
3 0.7933333333333333 0.43214285714285716 0.009523809523809525 0.002857142857142857
3 0.78 0.44857142857142857 0.005714285714285714 0.004285714285714286
3 0.7876190476190477 0.435 0.0038095238095238095 0.002857142857142857
3 0.800952380952381 0.43392857142857144 0.007619047619047619 0.0035714285714285713
3 0.8047619047619048 0.43214285714285716 0.007619047619047619 0.002857142857142857
3 0.800952380952381 0.42928571428571427 0.0038095238095238095 0.002857142857142857
3 0.8004761904761905 0.42714285714285716 0.002857142857142857 0.002857142857142857
3 0.8 0.425 0.0038095238095238095 0.002857142857142857
8 0.829047619047619 0.40535714285714286 0.014285714285714285 0.005
3 0.7919047619047619 0.44107142857142856 0.004761904761904762 0.0035714285714285713
3 0.8038095238095239 0.44785714285714284 0.005714285714285714 0.004285714285714286
3 0.7961904761904762 0.4521428571428571 0.005714285714285714 0.004285714285714286
3 0.7685714285714286 0.45535714285714285 0.005714285714285714 0.0035714285714285713
3 0.7685714285714286 0.4585714285714286 0.005714285714285714 0.004285714285714286
3 0.7509523809523809 0.4567857142857143 0.012380952380952381 0.0035714285714285713
3 0.7523809523809524 0.4589285714285714 0.011428571428571429 0.0035714285714285713
3 0.7485714285714286 0.4610714285714286 0.011428571428571429 0.0035714285714285713
3 0.7509523809523809 0.4625 0.010476190476190476 0.0035714285714285713
3 0.7523809523809524 0.4664285714285714 0.013333333333333332 0.004285714285714286
3 0.7538095238095238 0.47035714285714286 0.014285714285714285 0.005
3 0.7447619047619047 0.4739285714285714 0.015238095238095238 0.005
3 0.8433333333333334 0.43785714285714283 0.004761904761904762 0.004285714285714286
3 0.8419047619047619 0.435 0.005714285714285714 0.002857142857142857
5 0.7761904761904762 0.4664285714285714 0.007619047619047619 0.01
3 0.7904761904761904 0.4635714285714286 0.005714285714285714 0.005714285714285714
3 0.7942857142857143 0.4607142857142857 0.005714285714285714 0.004285714285714286
3 0.799047619047619 0.46214285714285713 0.005714285714285714 0.004285714285714286
3 0.8080952380952381 0.4617857142857143 0.004761904761904762 0.005
3 0.8095238095238095 0.4635714285714286 0.005714285714285714 0.004285714285714286
3 0.81 0.4664285714285714 0.006666666666666666 0.004285714285714286
3 0.81 0.4757142857142857 0.006666666666666666 0.005714285714285714
4 0.7719047619047619 0.48035714285714287 0.006666666666666666 0.007857142857142858
3 0.7928571428571428 0.48892857142857143 0.010476190476190476 0.0064285714285714285
3 0.7980952380952381 0.4967857142857143 0.011428571428571429 0.0064285714285714285
4 0.8057142857142857 0.5010714285714286 0.009523809523809525 0.0064285714285714285
3 0.8147619047619048 0.49464285714285716 0.008571428571428572 0.005
8 0.8023809523809524 0.5225 0.014285714285714285 0.020714285714285713
3 0.7795238095238095 0.52 0.010476190476190476 0.01
3 0.8 0.5403571428571429 0.009523809523809525 0.010714285714285714
3 0.8519047619047619 0.5253571428571429 0.023809523809523808 0.007857142857142858
3 0.8785714285714286 0.5232142857142857 0.023809523809523808 0.0064285714285714285
3 0.8785714285714286 0.5203571428571429 0.021904761904761906 0.0064285714285714285
3 0.8738095238095238 0.5103571428571428 0.021904761904761906 0.0064285714285714285
3 0.8776190476190476 0.5139285714285714 0.021904761904761906 0.007857142857142858
3 0.849047619047619 0.5182142857142857 0.021904761904761906 0.0064285714285714285
3 0.8504761904761905 0.515 0.02095238095238095 0.007142857142857143
3 0.849047619047619 0.5121428571428571 0.021904761904761906 0.007142857142857143
3 0.8447619047619047 0.5039285714285714 0.01904761904761905 0.0064285714285714285
3 0.8423809523809523 0.5017857142857143 0.02 0.0064285714285714285
3 0.8414285714285714 0.49178571428571427 0.02 0.0064285714285714285
3 0.839047619047619 0.4967857142857143 0.01904761904761905 0.0064285714285714285
3 0.8395238095238096 0.4903571428571429 0.02 0.0064285714285714285
3 0.8385714285714285 0.48964285714285716 0.02 0.0064285714285714285
3 0.8395238095238096 0.48678571428571427 0.02 0.0064285714285714285
3 0.8366666666666667 0.4853571428571429 0.02 0.0064285714285714285
3 0.84 0.48464285714285715 0.01904761904761905 0.0064285714285714285
3 0.8357142857142857 0.4832142857142857 0.02 0.0064285714285714285
3 0.8376190476190476 0.4810714285714286 0.02 0.0064285714285714285
3 0.830952380952381 0.4767857142857143 0.01619047619047619 0.005
3 0.8319047619047619 0.4732142857142857 0.01619047619047619 0.005
3 0.8319047619047619 0.4710714285714286 0.01619047619047619 0.005
3 0.8704761904761905 0.5075 0.022857142857142857 0.0064285714285714285
3 0.8695238095238095 0.5039285714285714 0.022857142857142857 0.0064285714285714285
3 0.8680952380952381 0.5017857142857143 0.021904761904761906 0.0064285714285714285
3 0.8661904761904762 0.4975 0.021904761904761906 0.0064285714285714285
3 0.8638095238095238 0.49607142857142855 0.022857142857142857 0.0064285714285714285
3 0.8652380952380953 0.4967857142857143 0.021904761904761906 0.0064285714285714285
3 0.8633333333333333 0.4925 0.02 0.0064285714285714285
3 0.86 0.48428571428571426 0.01904761904761905 0.005714285714285714
3 0.8585714285714285 0.48178571428571426 0.018095238095238095 0.005
3 0.8590476190476191 0.4832142857142857 0.01904761904761905 0.005
3 0.8576190476190476 0.4785714285714286 0.018095238095238095 0.004285714285714286
3 0.8576190476190476 0.4775 0.02 0.0064285714285714285
3 0.8557142857142858 0.47535714285714287 0.02 0.0064285714285714285
3 0.8519047619047619 0.4717857142857143 0.021904761904761906 0.0064285714285714285
3 0.8538095238095238 0.4732142857142857 0.021904761904761906 0.0064285714285714285
3 0.9485714285714286 0.5328571428571428 0.024761904761904763 0.008571428571428572
3 0.9485714285714286 0.5292857142857142 0.024761904761904763 0.008571428571428572
3 0.9428571428571428 0.5257142857142857 0.024761904761904763 0.008571428571428572
3 0.939047619047619 0.5207142857142857 0.024761904761904763 0.008571428571428572
3 0.9371428571428572 0.5171428571428571 0.024761904761904763 0.008571428571428572
3 0.9342857142857143 0.515 0.024761904761904763 0.008571428571428572
3 0.9323809523809524 0.5128571428571429 0.024761904761904763 0.008571428571428572
3 0.9285714285714286 0.5092857142857142 0.024761904761904763 0.008571428571428572
3 0.9266666666666666 0.5071428571428571 0.024761904761904763 0.008571428571428572
3 0.920952380952381 0.5042857142857143 0.024761904761904763 0.008571428571428572
3 0.9176190476190477 0.4992857142857143 0.021904761904761906 0.007142857142857143
3 0.9114285714285715 0.49642857142857144 0.02095238095238095 0.007142857142857143
3 0.9166666666666666 0.4942857142857143 0.021904761904761906 0.007142857142857143
3 0.9133333333333333 0.49214285714285716 0.02095238095238095 0.007142857142857143
3 0.9119047619047619 0.49 0.021904761904761906 0.007142857142857143
3 0.9071428571428571 0.4875 0.02 0.007857142857142858
3 0.9047619047619048 0.4853571428571429 0.01904761904761905 0.007857142857142858
3 0.9014285714285715 0.4832142857142857 0.02 0.007857142857142858
3 0.9014285714285715 0.47964285714285715 0.02 0.007857142857142858
3 0.8976190476190476 0.4789285714285714 0.02 0.007857142857142858
3 0.8966666666666666 0.4767857142857143 0.02 0.007857142857142858
3 0.8895238095238095 0.4710714285714286 0.01904761904761905 0.007857142857142858
3 0.8919047619047619 0.4732142857142857 0.02 0.007857142857142858
3 0.830952380952381 0.5503571428571429 0.010476190476190476 0.010714285714285714
3 0.8176190476190476 0.5960714285714286 0.01619047619047619 0.012142857142857143
3 0.8838095238095238 0.585 0.03619047619047619 0.01
3 0.8823809523809524 0.5960714285714286 0.035238095238095235 0.010714285714285714
3 0.9247619047619048 0.6617857142857143 0.047619047619047616 0.013571428571428571
3 0.929047619047619 0.6735714285714286 0.04857142857142857 0.014285714285714285
3 0.93 0.6860714285714286 0.04857142857142857 0.013571428571428571
3 0.9395238095238095 0.6985714285714286 0.04857142857142857 0.017142857142857144
3 0.9623809523809523 0.6467857142857143 0.04666666666666667 0.015
3 0.9519047619047619 0.6378571428571429 0.039047619047619046 0.014285714285714285
3 0.9471428571428572 0.6307142857142857 0.039047619047619046 0.014285714285714285
3 0.9452380952380952 0.6217857142857143 0.039047619047619046 0.013571428571428571
3 0.9423809523809524 0.6175 0.039047619047619046 0.013571428571428571
3 0.9414285714285714 0.6110714285714286 0.039047619047619046 0.013571428571428571
3 0.9333333333333333 0.6010714285714286 0.04 0.013571428571428571
3 0.929047619047619 0.5946428571428571 0.039047619047619046 0.013571428571428571
3 0.9238095238095239 0.5878571428571429 0.03428571428571429 0.012857142857142857
3 0.9171428571428571 0.5810714285714286 0.03238095238095238 0.012142857142857143
3 1.0057142857142858 0.5814285714285714 0.02857142857142857 0.011428571428571429
3 1.0180952380952382 0.6 0.0380952380952381 0.012857142857142857
3 1.0714285714285714 0.6407142857142857 0.045714285714285714 0.015714285714285715
3 1.078095238095238 0.6521428571428571 0.045714285714285714 0.015714285714285715
3 1.088095238095238 0.6621428571428571 0.05047619047619047 0.015714285714285715
3 1.1304761904761904 0.7067857142857142 0.06095238095238095 0.019285714285714285
3 1.1142857142857143 0.6910714285714286 0.05714285714285714 0.015
3 1.1033333333333333 0.6814285714285714 0.05619047619047619 0.014285714285714285
3 1.1504761904761904 0.7292857142857143 0.06095238095238095 0.02
3 1.1642857142857144 0.7435714285714285 0.06571428571428571 0.011428571428571429
1 0.7457142857142857 0.6439285714285714 0.005714285714285714 0.007857142857142858
2 0.7457142857142857 0.6475 0.007619047619047619 0.012142857142857143
3 0.7238095238095238 0.7314285714285714 0.022857142857142857 0.03142857142857143
3 0.7028571428571428 0.6296428571428572 0.017142857142857144 0.019285714285714285
8 0.710952380952381 0.5060714285714286 0.012380952380952381 0.013571428571428571
3 0.7061904761904761 0.4882142857142857 0.010476190476190476 0.0064285714285714285
