1 0.5126903553299492 0.2764285714285714 0.017766497461928932 0.007142857142857143
1 0.6224619289340101 0.2982142857142857 0.019035532994923856 0.010714285714285714
8 1.0913705583756343 0.025714285714285714 0.050761421319796954 0.05285714285714286
4 1.001269035532995 0.09678571428571428 0.04568527918781726 0.04357142857142857
4 1.064720812182741 0.09642857142857143 0.03807106598984771 0.041428571428571426
4 0.9701776649746192 0.16535714285714287 0.052030456852791875 0.055
4 1.0253807106598984 0.22964285714285715 0.050761421319796954 0.056428571428571425
3 1.0418781725888324 0.15678571428571428 0.04568527918781726 0.04642857142857143
3 0.9555837563451776 0.2292857142857143 0.048223350253807105 0.04857142857142857
1 1.171954314720812 0.3964285714285714 0.011421319796954314 0.008571428571428572
1 1.171954314720812 0.2889285714285714 0.016497461928934008 0.015
1 1.206218274111675 0.27 0.013959390862944161 0.012857142857142857
9 1.181472081218274 0.024642857142857143 0.012690355329949238 0.02214285714285714
1 1.1776649746192893 0.024285714285714285 0.017766497461928932 0.015714285714285715
1 1.3020304568527918 0.13464285714285715 0.01015228426395939 0.009285714285714286
1 1.273477157360406 0.25642857142857145 0.011421319796954314 0.011428571428571429
