1 0.5176190476190476 0.15428571428571428 0.01619047619047619 0.025714285714285714
1 0.5976190476190476 0.1442857142857143 0.006666666666666666 0.017142857142857144
1 0.6028571428571429 0.14785714285714285 0.015238095238095238 0.018571428571428572
9 0.6028571428571429 0.15285714285714286 0.024761904761904763 0.02
9 0.52 0.15821428571428572 0.045714285714285714 0.020714285714285713
1 0.7366666666666667 0.12892857142857142 0.014285714285714285 0.016428571428571428
9 0.7371428571428571 0.1367857142857143 0.024761904761904763 0.017857142857142856
3 0.6719047619047619 0.16964285714285715 0.07523809523809524 0.04071428571428572
1 1.2652380952380953 0.2307142857142857 0.01619047619047619 0.022857142857142857
9 1.2595238095238095 0.2382142857142857 0.04857142857142857 0.020714285714285713
8 1.15 0.27285714285714285 0.3647619047619048 0.10714285714285714
3 0.6704761904761904 0.2367857142857143 0.11619047619047619 0.047857142857142855
3 0.5628571428571428 0.25892857142857145 0.11238095238095239 0.039285714285714285
3 0.4514285714285714 0.20107142857142857 0.08571428571428572 0.039285714285714285
3 0.36047619047619045 0.27214285714285713 0.09428571428571429 0.04428571428571428
3 0.2785714285714286 0.42392857142857143 0.1438095238095238 0.09785714285714285
3 0.2819047619047619 0.15714285714285714 0.07809523809523809 0.03142857142857143
3 0.12761904761904763 0.1125 0.06476190476190476 0.02642857142857143
3 0.1619047619047619 0.1325 0.06476190476190476 0.029285714285714286
3 0.16857142857142857 0.1975 0.07809523809523809 0.039285714285714285
3 0.10714285714285714 0.225 0.08285714285714285 0.037142857142857144
3 0.04619047619047619 0.24464285714285713 0.09238095238095238 0.04214285714285714
3 0.07285714285714286 0.1707142857142857 0.07714285714285714 0.037142857142857144
3 0.04476190476190476 0.2 0.07238095238095238 0.03571428571428571
3 0.01904761904761905 0.14892857142857144 0.0380952380952381 0.039285714285714285
8 0.037142857142857144 0.06642857142857143 0.0761904761904762 0.05142857142857143
3 0.17047619047619048 0.6925 0.26476190476190475 0.11357142857142857
1 0.3485714285714286 0.2125 0.022857142857142857 0.02642857142857143
9 0.35 0.21642857142857141 0.04857142857142857 0.025714285714285714
1 0.10142857142857142 0.5007142857142857 0.04857142857142857 0.027142857142857142
2 0.11714285714285715 0.5096428571428572 0.03428571428571429 0.047857142857142855
