2 1.2249999999999999 0.64425 0.04466666666666667 0.0605
6 1.141 0.4875 0.10466666666666666 0.044
9 1.0586666666666666 0.42425 0.06799999999999999 0.0245
9 1.0706666666666667 0.39925 0.06799999999999999 0.025500000000000002
3 0.8203333333333334 0.4375 0.09799999999999999 0.14300000000000002
3 0.9223333333333333 0.44375000000000003 0.13799999999999998 0.1085
1 0.7756666666666666 0.34875 0.02333333333333333 0.0245
1 0.9169999999999999 0.35275 0.019333333333333334 0.0365
9 0.946 0.34850000000000003 0.056 0.026000000000000002
2 0.8936666666666666 0.3085 0.014 0.029
6 0.7733333333333333 0.356 0.04 0.052000000000000005
1 0.7073333333333333 0.34325 0.014666666666666666 0.0165
9 0.6563333333333333 0.33725 0.024666666666666667 0.0365
9 0.8213333333333334 0.28675 0.04 0.0235
1 0.8093333333333333 0.269 0.021333333333333333 0.023
9 0.8079999999999999 0.276 0.03733333333333333 0.023
1 0.8196666666666667 0.2585 0.020666666666666667 0.025
9 0.8186666666666667 0.26175 0.03733333333333333 0.0225
1 0.7916666666666666 0.24975 0.015333333333333332 0.0305
2 0.7919999999999999 0.25325000000000003 0.030666666666666665 0.0235
1 0.7373333333333333 0.256 0.017333333333333333 0.032
2 0.7373333333333333 0.2595 0.016 0.023
1 0.6516666666666666 0.23275 0.019333333333333334 0.0175
3 0.7943333333333333 0.23325 0.048666666666666664 0.0395
4 0.7733333333333333 0.18525 0.04 0.0395
3 0.6846666666666666 0.18275 0.044 0.0345
2 0.8256666666666667 0.16925 0.04466666666666667 0.0125
4 1.05 0.18 0.06666666666666667 0.03
4 0.9369999999999999 0.17975 0.07533333333333334 0.0305
4 0.7833333333333333 0.1595 0.05333333333333333 0.025
1 0.7533333333333333 0.1555 0.012 0.013000000000000001
4 0.8466666666666667 0.14425 0.042666666666666665 0.0235
4 0.8336666666666667 0.13325 0.03 0.021500000000000002
5 0.7926666666666666 0.1325 0.08666666666666667 0.025
9 0.6923333333333334 0.1555 0.020666666666666667 0.011
1 0.62 0.15675 0.013333333333333332 0.0135
9 0.6203333333333333 0.16225 0.020666666666666667 0.0155
4 0.5963333333333333 0.14425 0.04733333333333333 0.0225
3 0.587 0.13075 0.057999999999999996 0.021500000000000002
9 0.5256666666666666 0.193 0.015333333333333332 0.018000000000000002
9 0.5133333333333333 0.19025 0.013333333333333332 0.0145
3 0.5003333333333333 0.20225 0.038 0.0195
4 0.42333333333333334 0.20775000000000002 0.08533333333333333 0.025500000000000002
1 0.489 0.2435 0.019333333333333334 0.022
1 0.5696666666666667 0.2785 0.018 0.023
1 0.6383333333333333 0.26325 0.022 0.0315
2 0.6396666666666666 0.267 0.041999999999999996 0.02
9 0.5693333333333334 0.28350000000000003 0.042666666666666665 0.022
