8 0.7703333333333333 0.653 0.18733333333333332 0.18
4 0.6046666666666667 0.54825 0.04533333333333333 0.0495
3 0.523 0.49625 0.038 0.0345
3 0.6296666666666666 0.48025 0.04466666666666667 0.0315
3 0.563 0.45675 0.03933333333333333 0.029500000000000002
3 0.5096666666666666 0.46925 0.038 0.0315
3 0.5843333333333333 0.43175 0.03666666666666667 0.0245
3 0.7859999999999999 0.4395 0.048 0.025
3 0.7323333333333333 0.405 0.035333333333333335 0.018000000000000002
3 0.517 0.41200000000000003 0.03266666666666666 0.023
3 0.5953333333333333 0.3935 0.050666666666666665 0.017
3 0.5833333333333333 0.387 0.052 0.018000000000000002
3 0.5706666666666667 0.3735 0.04933333333333333 0.015
3 0.5626666666666666 0.36775 0.050666666666666665 0.0135
3 0.5183333333333333 0.3605 0.02333333333333333 0.017
3 0.5053333333333333 0.35075 0.024 0.0155
3 0.6663333333333333 0.3655 0.03 0.015
3 0.6243333333333333 0.34225 0.028666666666666667 0.0125
3 0.5743333333333334 0.34975 0.02733333333333333 0.0135
3 0.5566666666666666 0.33825 0.021333333333333333 0.0125
3 0.5713333333333334 0.315 0.021333333333333333 0.012
3 0.5386666666666666 0.32775 0.02 0.0115
3 0.4513333333333333 0.3385 0.02 0.014
3 0.416 0.33025 0.018666666666666665 0.0125
5 0.441 0.30375 0.024666666666666667 0.0135
4 0.42566666666666664 0.2955 0.022 0.012
3 0.42333333333333334 0.31075 0.026666666666666665 0.0135
3 0.308 0.578 0.104 0.036000000000000004
3 0.355 0.543 0.04733333333333333 0.039
3 0.29833333333333334 0.5435 0.04733333333333333 0.038
3 0.294 0.34525 0.044 0.0135
3 0.29333333333333333 0.33825 0.04533333333333333 0.0125
3 0.298 0.32375 0.04133333333333333 0.0105
3 0.29966666666666664 0.32125 0.033999999999999996 0.0115
3 0.301 0.31775000000000003 0.038 0.0125
3 0.2663333333333333 0.3105 0.016666666666666666 0.012
2 0.2776666666666667 0.50775 0.018 0.0135
