3 0.6142131979695431 0.2960714285714286 0.08375634517766496 0.02642857142857143
3 0.7455583756345177 0.22607142857142856 0.06725888324873096 0.04071428571428572
3 0.8991116751269035 0.05714285714285714 0.04695431472081218 0.032857142857142856
3 0.9016497461928933 0.03142857142857143 0.031725888324873094 0.024285714285714285
4 1.0628172588832487 0.048214285714285716 0.03426395939086294 0.027857142857142858
4 1.0945431472081217 0.16964285714285715 0.04187817258883248 0.035
3 1.1129441624365481 0.31214285714285717 0.04314720812182741 0.04
3 1.0939086294416243 0.37214285714285716 0.06091370558375634 0.054285714285714284
3 1.0406091370558375 0.36607142857142855 0.06598984771573603 0.05928571428571429
3 1.020939086294416 0.40285714285714286 0.10025380710659898 0.04
3 0.9098984771573604 0.5014285714285714 0.06091370558375634 0.055714285714285716
3 0.7861675126903552 0.4342857142857143 0.11294416243654821 0.05714285714285714
3 0.6459390862944162 0.37785714285714284 0.11928934010152284 0.054285714285714284
