1 0.03619047619047619 0.4717857142857143 0.009523809523809525 0.012142857142857143
2 0.03571428571428571 0.4767857142857143 0.010476190476190476 0.009285714285714286
3 0.019523809523809523 0.5178571428571429 0.040952380952380955 0.024285714285714285
5 0.22523809523809524 0.455 0.07333333333333333 0.025714285714285714
3 0.9652380952380952 0.5992857142857143 0.058095238095238096 0.04428571428571428
3 0.8371428571428572 0.5782142857142857 0.07428571428571429 0.04071428571428572
3 0.910952380952381 0.5475 0.06 0.03357142857142857
3 0.8176190476190476 0.555 0.06761904761904762 0.03142857142857143
3 0.8728571428571429 0.535 0.06 0.027142857142857142
3 0.9161904761904762 0.5142857142857142 0.05523809523809524 0.03142857142857143
3 0.9652380952380952 0.5217857142857143 0.05238095238095238 0.03214285714285714
