4 0.51 0.025714285714285714 0.039047619047619046 0.05
3 0.6957142857142857 0.05357142857142857 0.03333333333333333 0.06571428571428571
3 0.690952380952381 0.14142857142857143 0.04285714285714286 0.07714285714285714
3 0.6852380952380952 0.2342857142857143 0.039047619047619046 0.07571428571428572
3 0.6961904761904761 0.32607142857142857 0.04380952380952381 0.08357142857142857
5 0.5133333333333333 0.2807142857142857 0.047619047619047616 0.08142857142857143
3 0.6947619047619048 0.5132142857142857 0.04857142857142857 0.085
3 0.6952380952380952 0.6271428571428571 0.049523809523809526 0.09142857142857143
3 0.48714285714285716 0.6410714285714286 0.05047619047619047 0.08214285714285714
4 0.49 0.5275 0.04857142857142857 0.08214285714285714
3 0.49142857142857144 0.43 0.049523809523809526 0.08142857142857143
4 0.4095238095238095 0.3517857142857143 0.047619047619047616 0.075
4 0.41 0.44107142857142856 0.04285714285714286 0.07642857142857143
9 0.31523809523809526 0.009642857142857142 0.03428571428571429 0.019285714285714285
9 0.45571428571428574 0.03892857142857143 0.037142857142857144 0.016428571428571428
9 0.4452380952380952 0.05 0.03333333333333333 0.014285714285714285
9 0.44666666666666666 0.06785714285714285 0.0380952380952381 0.02
9 0.2947619047619048 0.08392857142857142 0.02761904761904762 0.02642857142857143
9 0.3119047619047619 0.14107142857142857 0.04285714285714286 0.015
9 0.30666666666666664 0.15678571428571428 0.04 0.015
9 0.38761904761904764 0.18071428571428572 0.013333333333333332 0.025714285714285714
1 0.38476190476190475 0.17714285714285713 0.013333333333333332 0.014285714285714285
9 0.2866666666666667 0.32321428571428573 0.024761904761904763 0.027857142857142858
1 0.44666666666666666 0.5175 0.015238095238095238 0.020714285714285713
9 0.28095238095238095 0.6007142857142858 0.0419047619047619 0.011428571428571429
9 0.31238095238095237 0.6025 0.03428571428571429 0.010714285714285714
9 0.2895238095238095 0.5878571428571429 0.0380952380952381 0.014285714285714285
9 0.27380952380952384 0.575 0.04285714285714286 0.011428571428571429
