3 0.7999999999999999 0.66925 0.09733333333333333 0.0655
3 0.8263333333333333 0.5327500000000001 0.08333333333333333 0.0475
3 0.903 0.536 0.086 0.046
2 1.1326666666666667 0.42225 0.016 0.0165
2 1.1423333333333332 0.42125 0.012666666666666666 0.0165
2 1.1593333333333333 0.40725 0.013333333333333332 0.0155
2 1.1696666666666666 0.4215 0.016666666666666666 0.017
2 1.188 0.42125 0.014666666666666666 0.0165
2 1.2046666666666666 0.42075 0.012 0.0135
2 1.2143333333333333 0.4205 0.016666666666666666 0.014
2 1.25 0.457 0.022666666666666665 0.019
3 0.9043333333333333 0.48275 0.07666666666666666 0.0405
3 0.865 0.354 0.06333333333333332 0.029
3 1.012 0.41425 0.07066666666666667 0.035500000000000004
3 0.9793333333333333 0.44275000000000003 0.06933333333333333 0.0325
3 0.959 0.4535 0.082 0.042
3 0.9293333333333333 0.467 0.08266666666666667 0.042
9 1.002 0.36925 0.024 0.0125
1 1.004 0.36575 0.012 0.0155
3 1.1203333333333334 0.3435 0.05533333333333333 0.021
3 1.1286666666666667 0.33275 0.06 0.0195
3 1.1583333333333332 0.3175 0.06333333333333332 0.023
3 1.1846666666666665 0.30325 0.058666666666666666 0.0205
3 1.154 0.26225 0.034666666666666665 0.0205
3 1.1946666666666665 0.26925 0.032 0.0195
3 1.1113333333333333 0.2555 0.036 0.021
3 1.0866666666666667 0.249 0.030666666666666665 0.018000000000000002
3 1.0616666666666665 0.245 0.03266666666666666 0.02
3 1.0343333333333333 0.23975000000000002 0.03266666666666666 0.0185
3 0.9856666666666666 0.23 0.033999999999999996 0.018000000000000002
3 0.9696666666666667 0.22525 0.03133333333333333 0.0155
3 0.9463333333333332 0.22075 0.033999999999999996 0.0145
3 0.7906666666666666 0.34725 0.05733333333333333 0.0265
3 0.7696666666666666 0.35625 0.062 0.0275
3 0.8406666666666667 0.321 0.056 0.022
3 0.8873333333333333 0.306 0.052 0.024
3 0.9416666666666667 0.32225 0.056666666666666664 0.021500000000000002
3 0.95 0.31225 0.05733333333333333 0.0195
3 0.9706666666666667 0.30475 0.05466666666666666 0.0235
3 0.984 0.299 0.048 0.02
3 1.0023333333333333 0.29275 0.057999999999999996 0.0235
3 1.0113333333333332 0.28450000000000003 0.04533333333333333 0.018000000000000002
3 1.0263333333333333 0.27875 0.05266666666666667 0.0195
3 1.0436666666666667 0.27225 0.05266666666666667 0.021500000000000002
3 0.9126666666666666 0.291 0.04933333333333333 0.022
3 0.9289999999999999 0.28625 0.049999999999999996 0.0195
3 0.9466666666666667 0.28 0.05466666666666666 0.02
3 0.9603333333333333 0.27275 0.04466666666666667 0.0175
3 0.97 0.26625 0.04933333333333333 0.0175
3 0.9883333333333333 0.2605 0.051333333333333335 0.021
3 1.007 0.25575000000000003 0.049999999999999996 0.0175
3 0.7076666666666667 0.281 0.051333333333333335 0.021
3 0.73 0.277 0.048 0.019
3 0.7473333333333333 0.26975 0.048 0.0185
3 0.7676666666666666 0.26375 0.04733333333333333 0.0175
3 0.8006666666666666 0.25125000000000003 0.042666666666666665 0.0165
3 0.8106666666666666 0.245 0.042666666666666665 0.018000000000000002
3 0.826 0.23975000000000002 0.048 0.0155
3 0.8373333333333333 0.23550000000000001 0.036 0.016
3 0.861 0.23075 0.03933333333333333 0.0155
3 0.8736666666666666 0.226 0.046 0.016
3 0.887 0.22225 0.043333333333333335 0.0145
3 0.7113333333333333 0.43025 0.06666666666666667 0.0375
4 0.739 0.41725 0.062 0.0385
3 0.5633333333333334 0.446 0.064 0.033
3 0.48866666666666664 0.47300000000000003 0.072 0.041
3 0.42133333333333334 0.503 0.06799999999999999 0.041
3 0.17566666666666667 0.48225 0.06066666666666667 0.0375
3 0.12233333333333334 0.4925 0.06999999999999999 0.041
3 0.22366666666666665 0.46900000000000003 0.054 0.038
4 0.26466666666666666 0.4495 0.058666666666666666 0.044
3 0.29833333333333334 0.4355 0.057999999999999996 0.032
3 0.3363333333333333 0.424 0.056666666666666664 0.035
3 0.36866666666666664 0.41100000000000003 0.052 0.028
3 0.40199999999999997 0.4005 0.06 0.028
2 0.5796666666666667 0.3315 0.022 0.011
1 0.578 0.32875 0.010666666666666666 0.0145
2 0.48266666666666663 0.33325 0.021333333333333333 0.0125
1 0.48166666666666663 0.33 0.01 0.013000000000000001
2 0.40099999999999997 0.376 0.008666666666666666 0.013000000000000001
2 0.29 0.308 0.018666666666666665 0.01
1 0.288 0.30325 0.012 0.0105
3 0.4076666666666667 0.216 0.038 0.019
4 0.482 0.232 0.044 0.021
3 0.5266666666666666 0.2315 0.03866666666666667 0.016
3 0.509 0.2265 0.033999999999999996 0.016
3 0.4933333333333333 0.22125 0.032 0.0185
3 0.4676666666666667 0.2195 0.038 0.018000000000000002
3 0.4533333333333333 0.2145 0.028 0.013000000000000001
3 0.44366666666666665 0.2095 0.02733333333333333 0.014
3 0.39966666666666667 0.20175 0.038 0.0155
3 0.38266666666666665 0.19825 0.03733333333333333 0.0155
3 0.36766666666666664 0.19425 0.03666666666666667 0.0145
3 0.35866666666666663 0.1905 0.034666666666666665 0.015
3 0.34933333333333333 0.18725 0.032 0.0135
4 0.33399999999999996 0.18275 0.032 0.0175
3 0.323 0.182 0.03666666666666667 0.015
3 0.30666666666666664 0.17925 0.03333333333333333 0.0135
3 0.29433333333333334 0.17525000000000002 0.033999999999999996 0.0145
3 0.28733333333333333 0.17200000000000001 0.029333333333333333 0.011
3 0.2683333333333333 0.1715 0.035333333333333335 0.012
3 0.25766666666666665 0.168 0.03266666666666666 0.012
3 0.242 0.16625 0.032 0.0125
3 0.21433333333333332 0.165 0.03266666666666666 0.011
3 0.181 0.162 0.026 0.013000000000000001
3 0.118 0.15675 0.03866666666666667 0.0125
3 0.13899999999999998 0.17250000000000001 0.022 0.012
2 0.2623333333333333 0.19125 0.011333333333333332 0.0075
1 0.2623333333333333 0.18925 0.007333333333333333 0.0095
3 0.42833333333333334 0.25825 0.043333333333333335 0.0195
3 0.4053333333333333 0.2525 0.042666666666666665 0.016
3 0.37766666666666665 0.27125 0.049999999999999996 0.021500000000000002
3 0.36 0.26625 0.048 0.021500000000000002
3 0.3446666666666667 0.2605 0.04666666666666666 0.021
3 0.33166666666666667 0.25425000000000003 0.04466666666666667 0.0205
3 0.31466666666666665 0.24775 0.04666666666666666 0.0225
3 0.297 0.245 0.041999999999999996 0.019
3 0.284 0.24125 0.04666666666666666 0.0195
3 0.2683333333333333 0.23575000000000002 0.041999999999999996 0.0195
3 0.25666666666666665 0.233 0.03733333333333333 0.015
3 0.23866666666666667 0.23075 0.04666666666666666 0.0165
3 0.21166666666666667 0.21925 0.03933333333333333 0.0195
4 0.22966666666666666 0.22225 0.04066666666666666 0.021500000000000002
3 0.20166666666666666 0.21675 0.038 0.0165
3 0.19033333333333333 0.2135 0.041999999999999996 0.018000000000000002
3 0.13933333333333334 0.2 0.04133333333333333 0.013000000000000001
3 0.174 0.2095 0.04133333333333333 0.013000000000000001
3 0.15566666666666665 0.20275 0.04066666666666666 0.0155
3 0.13166666666666665 0.1965 0.03266666666666666 0.013000000000000001
4 0.119 0.192 0.04066666666666666 0.016
3 0.10099999999999999 0.19225 0.02733333333333333 0.0165
3 0.12 0.261 0.04933333333333333 0.019
3 0.11066666666666666 0.2525 0.04933333333333333 0.019
3 0.09799999999999999 0.2465 0.04533333333333333 0.022
3 0.08233333333333333 0.24225 0.04466666666666667 0.0195
3 0.07433333333333333 0.23975000000000002 0.04466666666666667 0.0195
3 0.06633333333333333 0.23275 0.048666666666666664 0.0195
3 0.05366666666666667 0.22975 0.04066666666666666 0.0205
3 0.043 0.22675 0.04733333333333333 0.0195
3 0.038 0.2215 0.04133333333333333 0.018000000000000002
3 0.374 0.24475 0.042666666666666665 0.0165
3 0.36166666666666664 0.23900000000000002 0.046 0.018000000000000002
3 0.344 0.23425 0.042666666666666665 0.0175
3 0.3293333333333333 0.23175 0.04 0.0155
3 0.31066666666666665 0.22625 0.04 0.0155
3 0.29733333333333334 0.223 0.044 0.015
3 0.287 0.21725 0.04466666666666667 0.0175
3 0.2743333333333333 0.21575 0.04066666666666666 0.0165
3 0.2623333333333333 0.21125 0.03933333333333333 0.0155
3 0.25 0.20525000000000002 0.04 0.0175
3 0.23133333333333334 0.20425000000000001 0.036 0.0135
3 0.22233333333333333 0.20175 0.04466666666666667 0.0165
3 0.21 0.19725 0.04 0.0135
3 0.20466666666666666 0.19375 0.04 0.0135
3 0.19033333333333333 0.18975 0.03933333333333333 0.0135
3 0.153 0.18075 0.033999999999999996 0.0125
3 0.16533333333333333 0.184 0.03866666666666667 0.015
3 0.17333333333333334 0.18725 0.044 0.0185
