3 0.6726666666666666 0.084 0.012 0.008
3 0.7513333333333333 0.0775 0.010666666666666666 0.007
3 0.6566666666666666 0.10575 0.014666666666666666 0.0115
3 0.6766666666666666 0.11575 0.016 0.0105
3 0.6629999999999999 0.1335 0.015333333333333332 0.01
3 0.5756666666666667 0.21925 0.024666666666666667 0.0185
3 0.6053333333333333 0.26425 0.030666666666666665 0.0205
3 0.53 0.27525 0.032 0.029500000000000002
3 0.5893333333333333 0.29075 0.028 0.0195
9 0.588 0.31625000000000003 0.009333333333333332 0.0155
5 0.36333333333333334 0.4895 0.10266666666666667 0.101
1 0.4663333333333333 0.497 0.015333333333333332 0.012
9 0.4656666666666667 0.504 0.019333333333333334 0.027
3 0.266 0.257 0.034666666666666665 0.019
3 1.2363333333333333 0.167 0.03666666666666667 0.012
3 1.2723333333333333 0.17625 0.04466666666666667 0.0145
3 1.2269999999999999 0.16075 0.03133333333333333 0.0105
3 1.2123333333333333 0.15625 0.035333333333333335 0.0125
3 1.186 0.14125000000000001 0.034666666666666665 0.0105
3 1.1676666666666666 0.13375 0.028666666666666667 0.0095
4 1.2169999999999999 0.062 0.011333333333333332 0.006
3 1.1323333333333332 0.16375 0.03666666666666667 0.0145
3 0.6116666666666667 0.07425 0.02333333333333333 0.0075
3 0.6156666666666667 0.063 0.020666666666666667 0.006
3 0.6406666666666666 0.06175 0.021333333333333333 0.0055
3 0.5953333333333333 0.06125 0.016 0.0055
3 0.5986666666666667 0.058750000000000004 0.016 0.0055
3 0.6356666666666666 0.046 0.019333333333333334 0.007
3 0.6366666666666666 0.05675 0.010666666666666666 0.006500000000000001
3 0.6536666666666666 0.0425 0.015333333333333332 0.005
3 0.050666666666666665 0.25 0.030666666666666665 0.022
3 0.013 0.24825 0.026 0.0195
3 0.16066666666666665 0.25325000000000003 0.028 0.0185
3 0.62 0.04775 0.010666666666666666 0.0055
3 0.6786666666666666 0.05425 0.02 0.0055
3 0.6829999999999999 0.051500000000000004 0.018 0.005
4 0.6856666666666666 0.048 0.015333333333333332 0.006
3 0.6913333333333334 0.04625 0.012 0.0055
3 0.703 0.043500000000000004 0.019333333333333334 0.005
4 0.5556666666666666 0.059250000000000004 0.018 0.0075
4 0.5983333333333333 0.07075000000000001 0.015333333333333332 0.0055
5 0.713 0.051750000000000004 0.014 0.0095
5 0.6996666666666667 0.051500000000000004 0.012666666666666666 0.01
3 0.192 0.25375000000000003 0.024 0.0225
3 0.08933333333333333 0.25125000000000003 0.024 0.021500000000000002
3 0.12666666666666665 0.2525 0.028 0.021
3 1.1263333333333332 0.15625 0.035333333333333335 0.0135
3 1.07 0.12225 0.028 0.0115
3 1.1203333333333334 0.114 0.028666666666666667 0.011
3 1.16 0.13025 0.028 0.0105
3 1.1496666666666666 0.1255 0.028666666666666667 0.011
