3 1.2119666048237476 0.1390918580375783 0.02504638218923933 0.013048016701461376
9 0.07653061224489796 0.3723903966597077 0.02319109461966605 0.016179540709812108
3 0.12059369202226346 0.3713465553235908 0.07235621521335807 0.03392484342379958
3 0.11410018552875696 0.415187891440501 0.1038961038961039 0.025574112734864297
9 0.262987012987013 0.32933194154488515 0.01948051948051948 0.010438413361169102
1 0.450834879406308 0.3345511482254697 0.012987012987012988 0.011482254697286011
1 0.27736549165120594 0.38935281837160746 0.012987012987012988 0.015657620041753653
1 0.2894248608534323 0.3838726513569937 0.01855287569573284 0.015135699373695197
9 0.5593692022263451 0.33141962421711896 0.02411873840445269 0.011482254697286011
9 0.897495361781076 0.3366388308977035 0.015769944341372914 0.015657620041753653
9 0.9276437847866419 0.33898747390396655 0.01855287569573284 0.016179540709812108
9 1.1331168831168832 0.3507306889352818 0.012059369202226345 0.015657620041753653
9 1.1948051948051948 0.3402922755741127 0.016697588126159554 0.01774530271398747
9 1.3330241187384044 0.3713465553235908 0.03153988868274583 0.015135699373695197
1 1.1697588126159555 0.3914405010438413 0.01855287569573284 0.010438413361169102
9 1.5315398886827458 0.34237995824634654 0.03339517625231911 0.014613778705636741
9 1.6006493506493507 0.34368475991649267 0.026901669758812616 0.014091858037578286
9 1.6029684601113172 0.3402922755741127 0.025974025974025976 0.016701461377870562
4 1.5667903525046383 0.3856993736951983 0.0816326530612245 0.03653444676409186
4 1.5282931354359925 0.3538622129436325 0.0640074211502783 0.03549060542797494
4 1.4879406307977736 0.3590814196242171 0.06493506493506494 0.03653444676409186
3 1.5310760667903525 0.39822546972860123 0.08070500927643785 0.03653444676409186
3 1.575139146567718 0.5151356993736952 0.12987012987012989 0.039665970772442584
4 1.265769944341373 0.505741127348643 0.11410018552875696 0.038622129436325675
3 1.2727272727272727 0.3671711899791231 0.05009276437847866 0.03810020876826722
3 1.2351576994434137 0.39378914405010434 0.06957328385899815 0.04436325678496868
4 1.1377551020408163 0.388830897703549 0.04730983302411874 0.04801670146137787
4 1.1001855287569573 0.3870041753653444 0.03710575139146568 0.0464509394572025
4 1.0667903525046383 0.39091858037578286 0.04823747680890538 0.04697286012526095
3 1.0106679035250463 0.39274530271398744 0.045454545454545456 0.04436325678496868
3 0.852504638218924 0.3870041753653444 0.04823747680890538 0.04018789144050104
3 0.564935064935065 0.3669102296450939 0.07421150278293136 0.029227557411273482
3 0.437847866419295 0.3689979123173277 0.0575139146567718 0.03549060542797494
3 0.5064935064935066 0.34681628392484337 0.05194805194805195 0.04227557411273486
3 0.3645640074211503 0.3478601252609603 0.061224489795918366 0.0360125260960334
3 0.2435064935064935 0.3838726513569937 0.11038961038961038 0.032881002087682666
3 0.21846011131725418 0.34916492693110646 0.06771799628942486 0.038622129436325675
3 0.514378478664193 0.39170146137787054 0.06029684601113173 0.03496868475991649
3 0.7064007421150278 0.5013048016701461 0.11595547309833024 0.03810020876826722
3 0.8191094619666048 0.5052192066805845 0.09461966604823747 0.039665970772442584
4 0.7583487940630798 0.3666492693110647 0.05102040816326531 0.0360125260960334
4 0.8214285714285714 0.34472860125260957 0.05473098330241188 0.0360125260960334
4 0.4030612244897959 0.3515135699373695 0.05102040816326531 0.03183716075156576
5 0.1396103896103896 0.5010438413361169 0.11224489795918367 0.04070981210855949
9 1.37708719851577 0.06758872651356992 0.00463821892393321 0.004697286012526096
9 1.3617810760667903 0.06758872651356992 0.0074211502782931356 0.006784968684759916
9 1.3919294990723563 0.0673277661795407 0.008348794063079777 0.0073068893528183704
9 1.3840445269016697 0.06863256784968684 0.0074211502782931356 0.006784968684759916
1 1.269016697588126 0.14378914405010437 0.00927643784786642 0.006784968684759916
1 1.2569573283859 0.1430062630480167 0.0074211502782931356 0.0073068893528183704
3 1.0111317254174397 0.35438413361169097 0.04081632653061225 0.031315240083507306
