2 0.05095238095238095 0.22642857142857142 0.04285714285714286 0.03428571428571429
2 0.2338095238095238 0.29928571428571427 0.037142857142857144 0.03428571428571429
1 0.037142857142857144 0.20714285714285716 0.03238095238095238 0.027142857142857142
1 0.22857142857142856 0.2785714285714286 0.03238095238095238 0.03428571428571429
3 0.06619047619047619 0.012857142857142857 0.05047619047619047 0.027142857142857142
3 0.11285714285714285 0.03142857142857143 0.05047619047619047 0.03142857142857143
3 0.16333333333333333 0.05357142857142857 0.05238095238095238 0.03857142857142857
3 0.21095238095238095 0.07035714285714285 0.07333333333333333 0.039285714285714285
3 0.25666666666666665 0.10535714285714286 0.08476190476190476 0.03642857142857143
3 0.39285714285714285 0.14714285714285713 0.10380952380952381 0.05
3 0.4866666666666667 0.18964285714285714 0.13142857142857142 0.05785714285714286
4 0.03238095238095238 0.32321428571428573 0.06666666666666667 0.115
2 0.6852380952380952 0.20107142857142857 0.029523809523809525 0.025
1 0.6828571428571428 0.185 0.02095238095238095 0.03
3 0.7819047619047619 0.08142857142857143 0.08761904761904762 0.03571428571428571
8 0.829047619047619 0.10357142857142858 0.16285714285714287 0.07428571428571429
5 0.9171428571428571 0.11285714285714285 0.17523809523809525 0.07428571428571429
2 0.8623809523809524 0.20964285714285713 0.04476190476190476 0.02214285714285714
1 0.9990476190476191 0.21464285714285714 0.022857142857142857 0.02642857142857143
2 0.9933333333333333 0.23107142857142857 0.04380952380952381 0.023571428571428573
3 1.1323809523809525 0.12321428571428572 0.10666666666666666 0.052142857142857144
3 1.2276190476190476 0.15107142857142858 0.10666666666666666 0.055
3 1.2671428571428571 0.05785714285714286 0.10380952380952381 0.06285714285714286
2 1.1966666666666668 0.5421428571428571 0.12857142857142856 0.07857142857142857
1 1.210952380952381 0.5267857142857143 0.06952380952380953 0.055
