1 0.7527829313543599 0.15187891440501042 0.008348794063079777 0.0073068893528183704
1 0.7847866419294991 0.07463465553235907 0.0055658627087198514 0.005219206680584551
1 0.9735621521335808 0.13230688935281837 0.006493506493506494 0.007828810020876827
1 0.9837662337662337 0.11456158663883088 0.008348794063079777 0.0057411273486430055
1 0.9990723562152134 0.11534446764091857 0.0074211502782931356 0.0073068893528183704
1 0.9615027829313544 0.05323590814196242 0.006493506493506494 0.0041753653444676405
9 0.9726345083487941 0.13674321503131523 0.006493506493506494 0.0073068893528183704
9 0.9833024118738405 0.11769311064718162 0.0074211502782931356 0.0057411273486430055
9 0.99860853432282 0.11925887265135698 0.006493506493506494 0.0057411273486430055
9 0.9615027829313544 0.055845511482254695 0.006493506493506494 0.0041753653444676405
9 1.0700371057513915 0.2750521920668058 0.010204081632653062 0.009394572025052192
2 1.0658627087198516 0.23538622129436323 0.0055658627087198514 0.008350730688935281
2 1.0644712430426717 0.22703549060542796 0.006493506493506494 0.006263048016701461
1 1.0653988868274582 0.2207724425887265 0.00463821892393321 0.005219206680584551
1 1.0653988868274582 0.23042797494780792 0.006493506493506494 0.006784968684759916
1 1.073747680890538 0.26905010438413357 0.010204081632653062 0.007828810020876827
1 1.0282931354359925 0.20250521920668058 0.006493506493506494 0.0073068893528183704
9 1.0264378478664193 0.20589770354906053 0.008348794063079777 0.012004175365344467
5 1.1595547309833025 0.03705636743215031 0.04452690166975881 0.009394572025052192
3 0.9267161410018553 0.04175365344467641 0.016697588126159554 0.0073068893528183704
4 0.9076994434137291 0.03262004175365344 0.012059369202226345 0.007828810020876827
3 0.9012059369202227 0.019311064718162838 0.012059369202226345 0.006263048016701461
3 0.9165120593692022 0.013569937369519832 0.011131725417439703 0.005219206680584551
3 0.8506493506493507 0.03053235908141962 0.012987012987012988 0.006784968684759916
9 0.7847866419294991 0.07724425887265135 0.0055658627087198514 0.0041753653444676405
9 0.7523191094619666 0.15605427974947805 0.0074211502782931356 0.006263048016701461
9 0.7161410018552876 0.24295407098121083 0.00927643784786642 0.008872651356993735
1 0.7170686456400742 0.2372129436325678 0.012987012987012988 0.010960334029227557
1 0.6247680890538033 0.3666492693110647 0.013914656771799629 0.010960334029227557
9 0.6238404452690167 0.3713465553235908 0.01948051948051948 0.022442588726513567
1 1.2908163265306123 0.4900835073068893 0.013914656771799629 0.013569937369519832
9 1.2838589981447124 0.49347599164926925 0.027829313543599257 0.02453027139874739
