3 0.024 0.3845 0.048 0.031
3 0.02333333333333333 0.36275 0.04133333333333333 0.025500000000000002
3 0.11933333333333333 0.36875 0.042666666666666665 0.0285
3 0.057999999999999996 0.31475000000000003 0.036 0.0235
3 0.12733333333333333 0.29675 0.034666666666666665 0.021500000000000002
3 0.175 0.268 0.03266666666666666 0.02
2 0.10099999999999999 0.26375 0.011333333333333332 0.0085
2 0.09133333333333334 0.26125 0.009333333333333332 0.0075
2 0.08133333333333333 0.258 0.012 0.009000000000000001
1 0.08033333333333333 0.2555 0.004666666666666666 0.011
1 0.091 0.25875 0.007333333333333333 0.0085
1 0.09933333333333333 0.261 0.005333333333333333 0.009000000000000001
3 0.29633333333333334 0.33425 0.03133333333333333 0.025500000000000002
3 0.27266666666666667 0.24775 0.029333333333333333 0.0165
4 0.26566666666666666 0.203 0.026 0.02
4 0.2673333333333333 0.18875 0.022666666666666665 0.0145
3 0.3413333333333333 0.17175 0.018666666666666665 0.0135
2 0.22366666666666665 0.1835 0.01 0.007
1 0.223 0.18075 0.006 0.006500000000000001
4 0.429 0.14 0.016666666666666666 0.01
8 0.35833333333333334 0.133 0.04066666666666666 0.032
3 0.33666666666666667 0.134 0.016 0.012
3 0.389 0.11275 0.018 0.0105
3 0.42433333333333334 0.098 0.016666666666666666 0.013000000000000001
3 0.408 0.08675000000000001 0.014666666666666666 0.0085
3 0.4563333333333333 0.08725000000000001 0.014 0.0105
3 0.44966666666666666 0.0605 0.014 0.009000000000000001
3 0.45466666666666666 0.041 0.013333333333333332 0.007
8 0.511 0.0365 0.019333333333333334 0.017
3 0.532 0.035750000000000004 0.010666666666666666 0.0075
3 0.48133333333333334 0.026000000000000002 0.012 0.008
3 0.501 0.01325 0.011333333333333332 0.006500000000000001
3 0.52 0.0025 0.010666666666666666 0.006
3 0.5449999999999999 0.013000000000000001 0.01 0.009000000000000001
3 0.5613333333333334 0.010750000000000001 0.009333333333333332 0.0075
3 0.7889999999999999 0.29275 0.03933333333333333 0.0145
3 0.7966666666666666 0.28400000000000003 0.04 0.014
3 0.8026666666666666 0.27425 0.04133333333333333 0.0145
3 0.845 0.323 0.03666666666666667 0.022
3 0.8806666666666666 0.326 0.04 0.022
3 0.8943333333333333 0.28725 0.018 0.0185
3 0.8933333333333333 0.26925 0.017333333333333333 0.0165
4 0.9036666666666666 0.24875 0.038 0.0155
3 0.9143333333333333 0.2705 0.016666666666666666 0.017
3 0.9166666666666666 0.29025 0.017333333333333333 0.0205
3 0.9073333333333333 0.23925000000000002 0.03866666666666667 0.0135
3 1.1063333333333334 0.43675 0.026 0.0335
3 1.149 0.439 0.03133333333333333 0.033
4 1.1883333333333332 0.43925000000000003 0.028666666666666667 0.0285
3 1.008 0.731 0.03333333333333333 0.037
3 0.06366666666666666 0.648 0.049999999999999996 0.049
3 0.096 0.61825 0.056 0.0405
3 0.127 0.595 0.049999999999999996 0.036000000000000004
3 0.15533333333333332 0.5337500000000001 0.056 0.0405
3 0.072 0.45725 0.048 0.0325
3 0.21966666666666665 0.7185 0.06733333333333333 0.031
3 0.18466666666666667 0.74025 0.08266666666666667 0.0185
3 0.8626666666666667 0.09275 0.013333333333333332 0.0105
3 0.8743333333333333 0.0815 0.012666666666666666 0.008
3 1.027 0.0855 0.011333333333333332 0.011
3 1.0543333333333333 0.101 0.022 0.008
3 1.0643333333333334 0.10525 0.024666666666666667 0.0085
3 1.3006666666666666 0.20550000000000002 0.034666666666666665 0.012
3 1.304 0.2125 0.03866666666666667 0.012
3 1.3156666666666665 0.22125 0.033999999999999996 0.0115
3 1.3183333333333334 0.228 0.028666666666666667 0.011
3 1.321 0.2335 0.02333333333333333 0.012
3 0.983 0.09025 0.02733333333333333 0.0095
3 0.975 0.06775 0.015333333333333332 0.0105
3 0.9796666666666667 0.0845 0.011333333333333332 0.009000000000000001
3 1.013 0.101 0.02733333333333333 0.008
3 1.012 0.10525 0.026666666666666665 0.0075
4 1.0173333333333332 0.108 0.022666666666666665 0.008
4 0.9913333333333333 0.10925 0.014666666666666666 0.0115
3 0.9153333333333333 0.0305 0.012 0.006
3 0.9043333333333333 0.029750000000000002 0.01 0.0075
3 0.8936666666666666 0.03 0.015333333333333332 0.007
3 0.8813333333333333 0.0285 0.016 0.009000000000000001
