3 0.6885714285714286 0.015 0.03238095238095238 0.03142857142857143
3 0.6252380952380953 0.019285714285714285 0.07714285714285714 0.03
3 0.7938095238095239 0.03214285714285714 0.03333333333333333 0.04857142857142857
9 0.8171428571428572 0.08178571428571428 0.022857142857142857 0.019285714285714285
3 0.7123809523809523 0.07428571428571429 0.03238095238095238 0.05285714285714286
3 0.6442857142857142 0.05142857142857143 0.07904761904761905 0.025714285714285714
3 0.6414285714285715 0.07857142857142857 0.07904761904761905 0.03
3 0.6542857142857142 0.10607142857142857 0.07809523809523809 0.02642857142857143
3 0.6461904761904762 0.13607142857142857 0.07333333333333333 0.029285714285714286
3 0.6442857142857142 0.165 0.08285714285714285 0.03
3 0.7085714285714285 0.17392857142857143 0.03619047619047619 0.05785714285714286
3 0.5719047619047619 0.1742857142857143 0.037142857142857144 0.05142857142857143
3 0.64 0.19607142857142856 0.0838095238095238 0.030714285714285715
3 0.559047619047619 0.23357142857142857 0.0380952380952381 0.05714285714285714
3 0.6423809523809524 0.2275 0.09238095238095238 0.030714285714285715
3 0.6504761904761904 0.2639285714285714 0.08571428571428572 0.030714285714285715
3 0.58 0.3142857142857143 0.0419047619047619 0.06285714285714286
3 0.6538095238095238 0.375 0.09238095238095238 0.03142857142857143
3 0.6542857142857142 0.40785714285714286 0.09142857142857143 0.03
5 0.6442857142857142 0.4417857142857143 0.11714285714285715 0.03357142857142857
4 0.6552380952380953 0.5282142857142857 0.0761904761904762 0.029285714285714286
5 0.6747619047619048 0.6292857142857143 0.12666666666666668 0.03571428571428571
5 0.670952380952381 0.6807142857142857 0.12095238095238095 0.03571428571428571
5 0.6733333333333333 0.7310714285714286 0.12 0.03642857142857143
2 0.6480952380952381 0.6025 0.03333333333333333 0.009285714285714286
9 0.4685714285714286 0.6585714285714286 0.03428571428571429 0.012857142857142857
9 0.4714285714285714 0.6357142857142857 0.02857142857142857 0.014285714285714285
9 0.4723809523809524 0.61 0.030476190476190476 0.012857142857142857
9 0.4742857142857143 0.5889285714285715 0.02857142857142857 0.013571428571428571
9 0.7376190476190476 0.4375 0.02761904761904762 0.03357142857142857
9 0.7214285714285714 0.40285714285714286 0.025714285714285714 0.02142857142857143
1 0.7380952380952381 0.43607142857142855 0.017142857142857144 0.015
9 0.6223809523809524 0.3007142857142857 0.023809523809523808 0.027142857142857142
9 0.7161904761904762 0.32357142857142857 0.0419047619047619 0.018571428571428572
3 0.8338095238095238 0.4067857142857143 0.04476190476190476 0.06928571428571428
3 0.43047619047619046 0.4682142857142857 0.06476190476190476 0.023571428571428573
9 0.07761904761904762 0.3975 0.023809523809523808 0.030714285714285715
9 0.36952380952380953 0.4614285714285714 0.02857142857142857 0.02857142857142857
9 0.35333333333333333 0.4642857142857143 0.022857142857142857 0.027142857142857142
9 0.33380952380952383 0.46464285714285714 0.023809523809523808 0.027857142857142858
9 0.32 0.4617857142857143 0.024761904761904763 0.02642857142857143
5 0.9128571428571428 0.45571428571428574 0.11333333333333333 0.032857142857142856
9 0.9314285714285714 0.5292857142857142 0.04 0.015714285714285715
