5 0.8766666666666667 0.24214285714285713 0.021904761904761906 0.012857142857142857
5 0.9171428571428571 0.22857142857142856 0.024761904761904763 0.017142857142857144
5 0.8047619047619048 0.30464285714285716 0.013333333333333332 0.016428571428571428
9 0.8571428571428571 0.4114285714285714 0.007619047619047619 0.01
1 0.8585714285714285 0.4082142857142857 0.006666666666666666 0.007857142857142858
3 0.7471428571428571 0.29964285714285716 0.012380952380952381 0.012142857142857143
3 0.8514285714285714 0.25821428571428573 0.017142857142857144 0.007857142857142858
8 0.8176190476190476 0.3410714285714286 0.021904761904761906 0.03214285714285714
3 0.1523809523809524 0.6717857142857143 0.08571428571428572 0.03357142857142857
3 0.31238095238095237 0.5385714285714286 0.05523809523809524 0.02
3 0.33904761904761904 0.5121428571428571 0.05333333333333333 0.02
3 0.36047619047619045 0.48678571428571427 0.054285714285714284 0.019285714285714285
3 0.3871428571428571 0.4632142857142857 0.05238095238095238 0.017857142857142856
3 0.11238095238095239 0.6046428571428571 0.07047619047619047 0.04357142857142857
3 0.5314285714285715 0.315 0.03428571428571429 0.011428571428571429
5 0.49142857142857144 0.3532142857142857 0.06857142857142857 0.02214285714285714
5 0.5952380952380952 0.36392857142857143 0.02857142857142857 0.010714285714285714
5 1.0152380952380953 0.19964285714285715 0.01904761904761905 0.010714285714285714
5 1.0614285714285714 0.21892857142857142 0.03142857142857143 0.010714285714285714
3 1.0338095238095237 0.2117857142857143 0.008571428571428572 0.0064285714285714285
