8 0.9828680203045684 0.29464285714285715 0.12055837563451775 0.030714285714285715
8 0.940989847715736 0.23785714285714285 0.05964467005076142 0.025714285714285714
8 0.9720812182741116 0.24321428571428572 0.06598984771573603 0.027857142857142858
8 1.0019035532994922 0.24892857142857142 0.05710659898477157 0.027857142857142858
8 1.0621827411167513 0.24678571428571427 0.055837563451776644 0.027857142857142858
8 1.0926395939086293 0.25035714285714283 0.053299492385786795 0.030714285714285715
8 1.130710659898477 0.25285714285714284 0.05837563451776649 0.03142857142857143
8 1.1681472081218274 0.25642857142857145 0.052030456852791875 0.03142857142857143
8 1.2030456852791878 0.26 0.050761421319796954 0.03
5 1.180203045685279 0.29928571428571427 0.10913705583756345 0.027142857142857142
5 1.1833756345177664 0.28964285714285715 0.10279187817258882 0.020714285714285713
5 1.16497461928934 0.2810714285714286 0.15989847715736039 0.029285714285714286
5 1.2449238578680202 0.2667857142857143 0.04060913705583756 0.027857142857142858
5 1.03743654822335 0.2789285714285714 0.09771573604060912 0.02214285714285714
5 1.0368020304568528 0.2714285714285714 0.09390862944162436 0.02142857142857143
5 1.0545685279187818 0.26321428571428573 0.08629441624365482 0.023571428571428573
5 0.9435279187817258 0.2842857142857143 0.10532994923857868 0.02
5 0.5710659898477157 0.265 0.09137055837563451 0.022857142857142857
8 0.8102791878172588 0.24142857142857144 0.05964467005076142 0.02857142857142857
8 0.8521573604060914 0.22642857142857142 0.06472081218274112 0.03
5 0.8432741116751269 0.24678571428571427 0.05964467005076142 0.02642857142857143
5 0.8667512690355329 0.25107142857142856 0.055837563451776644 0.02214285714285714
5 0.8838832487309644 0.2292857142857143 0.052030456852791875 0.024285714285714285
5 0.9098984771573604 0.2375 0.055837563451776644 0.02642857142857143
4 0.19606598984771573 0.10464285714285715 0.021573604060913704 0.0064285714285714285
3 0.5926395939086294 0.11964285714285715 0.025380710659898477 0.0064285714285714285
3 0.6053299492385786 0.11821428571428572 0.02284263959390863 0.0064285714285714285
3 0.6262690355329948 0.11535714285714285 0.019035532994923856 0.0064285714285714285
3 0.631979695431472 0.11357142857142857 0.017766497461928932 0.005714285714285714
3 0.6421319796954315 0.11214285714285714 0.02030456852791878 0.005714285714285714
4 0.6148477157360406 0.11607142857142858 0.021573604060913704 0.007857142857142858
5 0.12944162436548223 0.30178571428571427 0.05837563451776649 0.025
3 0.9378172588832486 0.17607142857142857 0.025380710659898477 0.009285714285714286
3 1.1922588832487309 0.19285714285714287 0.03934010152284264 0.008571428571428572
3 1.2480964467005076 0.19678571428571429 0.03934010152284264 0.009285714285714286
3 1.2861675126903551 0.19464285714285715 0.021573604060913704 0.010714285714285714
3 1.3407360406091369 0.2007142857142857 0.029187817258883246 0.011428571428571429
3 1.3864213197969542 0.21 0.031725888324873094 0.011428571428571429
5 1.0697969543147208 0.2953571428571429 0.13451776649746192 0.029285714285714286
4 1.1161167512690355 0.18964285714285714 0.03426395939086294 0.012142857142857143
3 0.715736040609137 0.15714285714285714 0.03045685279187817 0.008571428571428572
3 0.7366751269035532 0.16785714285714284 0.031725888324873094 0.008571428571428572
3 0.7766497461928933 0.10535714285714286 0.017766497461928932 0.0064285714285714285
3 0.7918781725888324 0.10535714285714286 0.012690355329949238 0.0064285714285714285
3 0.8026649746192893 0.10607142857142857 0.016497461928934008 0.0064285714285714285
3 0.8293147208121827 0.09678571428571428 0.016497461928934008 0.005
3 0.8439086294416243 0.0975 0.017766497461928932 0.0064285714285714285
8 0.8172588832487309 0.06821428571428571 0.03807106598984771 0.009285714285714286
3 0.657994923857868 0.06 0.016497461928934008 0.004285714285714286
3 0.7208121827411167 0.06535714285714286 0.01015228426395939 0.0035714285714285713
3 0.7379441624365481 0.061785714285714284 0.011421319796954314 0.0035714285714285713
3 0.6738578680203046 0.052142857142857144 0.015228426395939085 0.004285714285714286
3 0.8109137055837563 0.055714285714285716 0.017766497461928932 0.002857142857142857
8 0.6675126903553299 0.0675 0.03807106598984771 0.007857142857142858
8 0.8718274111675126 0.06142857142857143 0.03807106598984771 0.008571428571428572
8 0.8718274111675126 0.06428571428571428 0.035532994923857864 0.008571428571428572
5 0.8565989847715736 0.0675 0.032994923857868015 0.007857142857142858
8 0.9961928934010151 0.07392857142857143 0.032994923857868015 0.010714285714285714
8 1.0133248730964466 0.07392857142857143 0.031725888324873094 0.013571428571428571
8 1.072969543147208 0.07535714285714286 0.031725888324873094 0.013571428571428571
3 1.1218274111675126 0.08107142857142857 0.01015228426395939 0.0035714285714285713
3 1.1383248730964466 0.08357142857142857 0.012690355329949238 0.004285714285714286
3 1.2715736040609136 0.07821428571428571 0.02030456852791878 0.0035714285714285713
3 1.2855329949238579 0.07642857142857143 0.017766497461928932 0.005714285714285714
3 1.438451776649746 0.20642857142857143 0.03426395939086294 0.01
3 1.4593908629441623 0.2057142857142857 0.025380710659898477 0.01
3 1.4999999999999998 0.20214285714285715 0.04060913705583756 0.01
3 1.5203045685279186 0.1992857142857143 0.032994923857868015 0.01
3 1.5666243654822334 0.18892857142857142 0.03680203045685279 0.010714285714285714
3 1.571700507614213 0.17285714285714285 0.03680203045685279 0.008571428571428572
3 1.5774111675126903 0.17 0.035532994923857864 0.008571428571428572
3 1.574238578680203 0.16428571428571428 0.03934010152284264 0.008571428571428572
3 1.5837563451776648 0.15857142857142856 0.035532994923857864 0.01
3 1.5881979695431472 0.15642857142857142 0.03426395939086294 0.008571428571428572
3 1.581218274111675 0.1492857142857143 0.032994923857868015 0.007142857142857143
3 1.5793147208121827 0.1467857142857143 0.03426395939086294 0.007857142857142858
3 1.5901015228426394 0.14392857142857143 0.032994923857868015 0.007857142857142858
3 1.5862944162436547 0.1367857142857143 0.032994923857868015 0.007857142857142858
3 1.5875634517766497 0.14 0.032994923857868015 0.008571428571428572
3 1.7233502538071064 0.1707142857142857 0.03807106598984771 0.008571428571428572
3 1.7170050761421318 0.15964285714285714 0.03807106598984771 0.007857142857142858
3 1.7233502538071064 0.16285714285714287 0.03807106598984771 0.008571428571428572
3 1.7252538071065988 0.1692857142857143 0.03934010152284264 0.008571428571428572
3 1.630710659898477 0.15714285714285714 0.015228426395939085 0.008571428571428572
3 1.6218274111675126 0.12821428571428573 0.012690355329949238 0.007857142857142858
3 1.673223350253807 0.12535714285714286 0.013959390862944161 0.007857142857142858
3 1.7093908629441623 0.11357142857142857 0.025380710659898477 0.004285714285714286
3 1.7119289340101522 0.1125 0.027918781725888322 0.005
3 1.6148477157360406 0.11 0.026649746192893398 0.005714285714285714
3 1.6173857868020303 0.10642857142857143 0.026649746192893398 0.007142857142857143
3 1.6180203045685277 0.10321428571428572 0.027918781725888322 0.0064285714285714285
3 1.6008883248730963 0.12142857142857143 0.031725888324873094 0.007142857142857143
3 1.6059644670050761 0.12 0.029187817258883246 0.007142857142857143
5 1.581218274111675 0.10714285714285714 0.04568527918781726 0.014285714285714285
3 1.546954314720812 0.09857142857142857 0.012690355329949238 0.007142857142857143
5 1.7017766497461928 0.0575 0.015228426395939085 0.012142857142857143
3 1.6878172588832485 0.055357142857142855 0.01015228426395939 0.007857142857142858
