6 0.046846011131725415 0.1336116910229645 0.06029684601113173 0.015657620041753653
3 0.538961038961039 0.12578288100208768 0.12059369202226346 0.03444676409185803
2 0.8803339517625232 0.21920668058455112 0.05009276437847866 0.011482254697286011
1 0.87708719851577 0.21059498956158662 0.0176252319109462 0.015135699373695197
3 1.1294063079777366 0.14431106471816282 0.11966604823747681 0.03810020876826722
3 1.5217996289424862 0.1631002087682672 0.12523191094619665 0.03392484342379958
4 1.7235621521335807 0.1724947807933194 0.09833024118738405 0.0360125260960334
3 1.25 0.33220250521920663 0.08070500927643785 0.07463465553235907
3 1.349721706864564 0.3431628392484342 0.07792207792207792 0.08507306889352817
3 1.5482374768089053 0.37865344467640916 0.09833024118738405 0.0767223382045929
9 1.422077922077922 0.4172755741127348 0.025974025974025976 0.04123173277661795
2 1.635899814471243 0.43110647181628386 0.03432282003710575 0.03444676409185803
2 1.514378478664193 0.46477035490605423 0.05473098330241188 0.023486430062630476
9 1.5714285714285714 0.4757306889352818 0.03339517625231911 0.03810020876826722
6 1.455009276437848 0.4986951983298538 0.1456400742115028 0.0360125260960334
9 1.7198515769944343 0.4739039665970772 0.04452690166975881 0.03549060542797494
9 1.141465677179963 0.4164926931106471 0.03246753246753247 0.037578288100208766
9 1.108534322820037 0.4162317327766179 0.03710575139146568 0.04123173277661795
9 1.0653988868274582 0.4264091858037578 0.036178107606679034 0.031315240083507306
9 1.030148423005566 0.42118997912317324 0.021335807050092765 0.031315240083507306
2 1.1456400742115027 0.45433194154488515 0.02411873840445269 0.03183716075156576
9 1.287569573283859 0.4723382045929018 0.0352504638218924 0.037578288100208766
9 1.332096474953618 0.508089770354906 0.04267161410018553 0.03496868475991649
2 1.349721706864564 0.49895615866388304 0.03896103896103896 0.020876826722338204
4 1.25417439703154 0.490866388308977 0.0575139146567718 0.05271398747390396
5 0.04267161410018553 0.1659707724425887 0.08719851576994435 0.037578288100208766
