3 0.7495238095238095 0.5807142857142857 0.2361904761904762 0.15428571428571428
3 1.0552380952380953 0.5146428571428572 0.21333333333333332 0.09785714285714285
3 0.5838095238095238 0.3992857142857143 0.1961904761904762 0.09857142857142857
3 0.3538095238095238 0.32035714285714284 0.1457142857142857 0.07785714285714286
1 0.07 0.5585714285714286 0.06380952380952382 0.037142857142857144
1 1.1023809523809525 0.5639285714285714 0.04285714285714286 0.04357142857142857
9 1.0985714285714285 0.5675 0.10380952380952381 0.04928571428571429
3 1.0509523809523809 0.08607142857142858 0.03142857142857143 0.027857142857142858
3 1.0633333333333332 0.026785714285714284 0.023809523809523808 0.015
3 0.9880952380952381 0.027857142857142858 0.02 0.017142857142857144
3 0.9995238095238095 0.06392857142857143 0.025714285714285714 0.025
3 1.0352380952380953 0.1492857142857143 0.04380952380952381 0.03857142857142857
3 1.0509523809523809 0.19428571428571428 0.054285714285714284 0.04428571428571428
3 1.061904761904762 0.2367857142857143 0.05714285714285714 0.047857142857142855
3 0.9938095238095238 0.22642857142857142 0.05047619047619047 0.047142857142857146
6 0.88 0.21642857142857141 0.05714285714285714 0.06142857142857143
3 0.8857142857142857 0.17892857142857144 0.045714285714285714 0.030714285714285715
3 0.790952380952381 0.2332142857142857 0.054285714285714284 0.052142857142857144
1 0.85 0.33285714285714285 0.02 0.03571428571428571
2 0.8471428571428572 0.3410714285714286 0.06190476190476191 0.02642857142857143
3 0.17904761904761904 0.21535714285714286 0.08952380952380952 0.04357142857142857
3 0.4747619047619048 0.25357142857142856 0.10952380952380952 0.055714285714285716
3 0.3761904761904762 0.2257142857142857 0.10095238095238095 0.045714285714285714
3 0.2861904761904762 0.2025 0.11142857142857143 0.039285714285714285
4 0.1895238095238095 0.175 0.11238095238095239 0.041428571428571426
3 0.10523809523809524 0.15178571428571427 0.09619047619047619 0.04214285714285714
3 0.03333333333333333 0.1325 0.06857142857142857 0.03642857142857143
3 0.6195238095238095 0.24928571428571428 0.13047619047619047 0.037142857142857144
3 0.5742857142857143 0.2307142857142857 0.1180952380952381 0.04285714285714286
3 0.5161904761904762 0.215 0.11238095238095239 0.04285714285714286
3 0.45285714285714285 0.2 0.10761904761904761 0.04
3 0.3995238095238095 0.18678571428571428 0.10380952380952381 0.03785714285714286
3 0.34285714285714286 0.1675 0.11619047619047619 0.04214285714285714
3 0.27714285714285714 0.16142857142857142 0.11238095238095239 0.03857142857142857
3 0.23952380952380953 0.14964285714285713 0.11904761904761904 0.03642857142857143
3 0.1919047619047619 0.13714285714285715 0.11333333333333333 0.03571428571428571
3 0.15857142857142856 0.12714285714285714 0.12285714285714286 0.032857142857142856
3 0.09047619047619047 0.12321428571428572 0.11047619047619048 0.03785714285714286
3 0.07047619047619047 0.11142857142857143 0.11047619047619048 0.03142857142857143
3 0.047142857142857146 0.10321428571428572 0.09619047619047619 0.03357142857142857
3 0.04 0.09464285714285714 0.08 0.035
3 0.42095238095238097 0.13178571428571428 0.0761904761904762 0.035
3 0.5452380952380952 0.15714285714285714 0.08476190476190476 0.047142857142857146
3 0.8966666666666666 0.13214285714285715 0.04666666666666667 0.04428571428571428
3 0.7076190476190476 0.18035714285714285 0.10285714285714286 0.03642857142857143
3 0.7271428571428571 0.16607142857142856 0.09619047619047619 0.039285714285714285
3 0.731904761904762 0.15321428571428572 0.09047619047619047 0.03214285714285714
3 0.7371428571428571 0.14107142857142857 0.09142857142857143 0.029285714285714286
3 0.7604761904761905 0.13285714285714287 0.08476190476190476 0.027142857142857142
3 0.7514285714285714 0.12071428571428572 0.07428571428571429 0.025714285714285714
3 0.7661904761904762 0.11428571428571428 0.07523809523809524 0.025714285714285714
3 0.7838095238095238 0.10642857142857143 0.06857142857142857 0.027142857142857142
2 0.8504761904761905 0.16035714285714286 0.013333333333333332 0.020714285714285713
1 0.849047619047619 0.15607142857142858 0.012380952380952381 0.02214285714285714
3 0.7852380952380953 0.08892857142857143 0.06571428571428571 0.02214285714285714
3 0.7904761904761904 0.08321428571428571 0.06095238095238095 0.023571428571428573
3 0.7938095238095239 0.07821428571428571 0.058095238095238096 0.02214285714285714
3 0.7961904761904762 0.07285714285714286 0.05904761904761905 0.02
3 0.8019047619047619 0.0625 0.05904761904761905 0.020714285714285713
3 0.809047619047619 0.05928571428571429 0.05619047619047619 0.018571428571428572
3 0.8085714285714286 0.05821428571428571 0.05333333333333333 0.023571428571428573
3 0.8176190476190476 0.045 0.05047619047619047 0.02
3 0.8228571428571428 0.04178571428571429 0.049523809523809526 0.019285714285714285
9 0.758095238095238 0.06928571428571428 0.009523809523809525 0.014285714285714285
9 0.7857142857142857 0.028214285714285713 0.011428571428571429 0.016428571428571428
9 0.7976190476190477 0.031071428571428573 0.006666666666666666 0.009285714285714286
3 0.8333333333333334 0.03357142857142857 0.045714285714285714 0.015714285714285715
3 0.8357142857142857 0.0275 0.04666666666666667 0.016428571428571428
3 0.84 0.024285714285714285 0.045714285714285714 0.014285714285714285
3 0.840952380952381 0.021785714285714287 0.04 0.013571428571428571
3 0.8438095238095238 0.01892857142857143 0.03619047619047619 0.012142857142857143
3 0.8471428571428572 0.015714285714285715 0.040952380952380955 0.014285714285714285
3 0.85 0.014285714285714285 0.040952380952380955 0.014285714285714285
