3 0.07904761904761905 0.07785714285714286 0.06095238095238095 0.04
3 0.3323809523809524 0.015 0.06285714285714286 0.03
3 0.3157142857142857 0.024285714285714285 0.06571428571428571 0.032857142857142856
3 0.2985714285714286 0.03535714285714286 0.06190476190476191 0.035
3 0.27666666666666667 0.045714285714285714 0.07523809523809524 0.03857142857142857
3 0.24952380952380954 0.0625 0.06285714285714286 0.03642857142857143
3 0.2257142857142857 0.07964285714285714 0.07428571428571429 0.039285714285714285
3 0.19857142857142857 0.09607142857142857 0.08857142857142856 0.04214285714285714
3 0.16523809523809524 0.11821428571428572 0.08476190476190476 0.04214285714285714
3 0.14095238095238094 0.1432142857142857 0.09904761904761905 0.047857142857142855
3 0.37857142857142856 0.027857142857142858 0.04285714285714286 0.03857142857142857
3 0.34476190476190477 0.05142857142857143 0.06095238095238095 0.041428571428571426
3 0.30666666666666664 0.0825 0.05714285714285714 0.039285714285714285
3 0.42095238095238097 0.03321428571428572 0.047619047619047616 0.03214285714285714
3 0.09476190476190476 0.1717857142857143 0.0980952380952381 0.052142857142857144
3 0.04619047619047619 0.2007142857142857 0.09428571428571429 0.06
3 0.1461904761904762 0.20964285714285713 0.10761904761904761 0.07357142857142857
8 0.43761904761904763 0.10178571428571428 0.13238095238095238 0.125
3 0.5238095238095238 0.014642857142857143 0.0419047619047619 0.030714285714285715
3 0.58 0.016428571428571428 0.045714285714285714 0.03428571428571429
3 0.5604761904761905 0.04285714285714286 0.04476190476190476 0.03142857142857143
3 0.5457142857142857 0.07464285714285715 0.05714285714285714 0.039285714285714285
3 0.49952380952380954 0.15857142857142856 0.05047619047619047 0.045714285714285714
3 0.5561904761904762 0.1775 0.05142857142857143 0.062142857142857146
3 0.6052380952380952 0.055 0.04285714285714286 0.03
3 0.5971428571428572 0.08142857142857143 0.04380952380952381 0.041428571428571426
3 0.6228571428571429 0.014642857142857143 0.03238095238095238 0.029285714285714286
3 0.6852380952380952 0.015 0.07523809523809524 0.022857142857142857
3 0.6904761904761905 0.029642857142857144 0.07428571428571429 0.023571428571428573
3 0.69 0.04285714285714286 0.07714285714285714 0.027142857142857142
3 0.6923809523809524 0.05928571428571429 0.08761904761904762 0.032857142857142856
3 0.6923809523809524 0.07642857142857143 0.0838095238095238 0.03857142857142857
3 0.6695238095238095 0.09035714285714286 0.08761904761904762 0.04357142857142857
3 0.7671428571428571 0.05285714285714286 0.04476190476190476 0.03428571428571429
3 0.8257142857142857 0.06107142857142857 0.0419047619047619 0.03214285714285714
9 0.8066666666666666 0.005714285714285714 0.01904761904761905 0.012857142857142857
3 0.7076190476190476 0.1382142857142857 0.11238095238095239 0.045
3 0.6766666666666666 0.15392857142857141 0.10761904761904761 0.04071428571428572
4 0.670952380952381 0.17642857142857143 0.12666666666666668 0.05
3 0.6642857142857143 0.2082142857142857 0.1361904761904762 0.062142857142857146
3 0.6552380952380953 0.24571428571428572 0.12 0.06
3 0.6557142857142857 0.2935714285714286 0.1438095238095238 0.07714285714285714
3 0.6519047619047619 0.3460714285714286 0.15904761904761905 0.07785714285714286
3 0.638095238095238 0.4117857142857143 0.1961904761904762 0.10642857142857143
3 0.5280952380952381 0.2532142857142857 0.06761904761904762 0.065
3 0.45 0.24892857142857142 0.07333333333333333 0.06785714285714285
3 0.5042857142857143 0.3389285714285714 0.08666666666666667 0.08214285714285714
3 0.40523809523809523 0.3432142857142857 0.1019047619047619 0.10071428571428571
2 0.9828571428571429 0.2571428571428571 0.05142857142857143 0.027142857142857142
2 0.9733333333333334 0.4303571428571429 0.0761904761904762 0.04071428571428572
3 0.9828571428571429 0.5746428571428571 0.1295238095238095 0.16214285714285714
4 0.7766666666666666 0.5817857142857142 0.11714285714285715 0.18642857142857142
3 0.5038095238095238 0.7075 0.28 0.08357142857142857
3 0.4185714285714286 0.5757142857142857 0.11714285714285715 0.15714285714285714
3 0.26571428571428574 0.41285714285714287 0.11238095238095239 0.10857142857142857
3 0.09619047619047619 0.475 0.15619047619047619 0.13714285714285715
3 0.06523809523809523 0.2792857142857143 0.13238095238095238 0.08428571428571428
1 0.3461904761904762 0.19321428571428573 0.029523809523809525 0.025
9 0.34714285714285714 0.20107142857142857 0.029523809523809525 0.035
1 0.4085714285714286 0.19464285714285715 0.026666666666666665 0.023571428571428573
9 0.4076190476190476 0.19964285714285715 0.030476190476190476 0.03785714285714286
