3 1.28 0.2382142857142857 0.10476190476190476 0.11357142857142857
3 1.2971428571428572 0.49392857142857144 0.07047619047619047 0.13357142857142856
3 0.981904761904762 0.23607142857142857 0.17904761904761904 0.09357142857142857
4 1.0171428571428571 0.16142857142857142 0.1657142857142857 0.07857142857142857
4 1.1252380952380951 0.013571428571428571 0.12476190476190477 0.02857142857142857
3 1.0757142857142856 0.08678571428571429 0.14761904761904762 0.06928571428571428
2 0.6028571428571429 0.23357142857142857 0.0419047619047619 0.03571428571428571
6 0.6557142857142857 0.5960714285714286 0.11523809523809524 0.08642857142857142
1 0.6961904761904761 0.5828571428571429 0.02857142857142857 0.024285714285714285
1 0.8261904761904761 0.5960714285714286 0.029523809523809525 0.025
6 0.8123809523809524 0.6139285714285714 0.10095238095238095 0.08214285714285714
6 0.7533333333333333 0.46035714285714285 0.09904761904761905 0.060714285714285714
