3 0.20857142857142857 0.6232142857142857 0.26095238095238094 0.23357142857142857
3 0.7176190476190476 0.43214285714285716 0.11333333333333333 0.11571428571428571
3 0.6371428571428571 0.29285714285714287 0.10666666666666666 0.06142857142857143
3 0.7847619047619048 0.3196428571428571 0.09904761904761905 0.07071428571428572
3 0.8509523809523809 0.36714285714285716 0.09428571428571429 0.07571428571428572
3 1.0923809523809525 0.36642857142857144 0.09333333333333334 0.07857142857142857
3 1.120952380952381 0.5382142857142858 0.1580952380952381 0.1392857142857143
3 0.8890476190476191 0.30892857142857144 0.07904761904761905 0.05928571428571429
3 0.888095238095238 0.26571428571428574 0.08285714285714285 0.05142857142857143
3 0.7252380952380952 0.24 0.07714285714285714 0.05
3 0.2980952380952381 0.27464285714285713 0.12 0.05928571428571429
3 0.2276190476190476 0.26785714285714285 0.11428571428571428 0.06428571428571428
3 0.17523809523809525 0.2575 0.11238095238095239 0.06357142857142857
3 0.7738095238095238 0.21142857142857144 0.06761904761904762 0.04285714285714286
3 0.9228571428571428 0.18892857142857142 0.05523809523809524 0.039285714285714285
3 1.111904761904762 0.23857142857142857 0.05619047619047619 0.055714285714285716
3 1.1166666666666667 0.2117857142857143 0.05619047619047619 0.03642857142857143
3 1.2342857142857142 0.19321428571428573 0.09333333333333334 0.04642857142857143
3 0.8204761904761905 0.19321428571428573 0.04476190476190476 0.027857142857142858
3 0.849047619047619 0.1757142857142857 0.04666666666666667 0.03
3 0.8728571428571429 0.15892857142857142 0.035238095238095235 0.02214285714285714
3 0.8895238095238095 0.14857142857142858 0.045714285714285714 0.022857142857142857
4 0.9233333333333333 0.12571428571428572 0.03142857142857143 0.024285714285714285
3 0.9676190476190476 0.15535714285714286 0.04 0.030714285714285715
3 1.0157142857142858 0.15535714285714286 0.035238095238095235 0.027857142857142858
3 0.9876190476190476 0.13964285714285715 0.03238095238095238 0.020714285714285713
3 0.9961904761904762 0.12464285714285714 0.026666666666666665 0.019285714285714285
3 1.009047619047619 0.11785714285714285 0.025714285714285714 0.02
3 1.0276190476190477 0.135 0.0380952380952381 0.022857142857142857
3 1.0395238095238095 0.10464285714285715 0.025714285714285714 0.016428571428571428
3 1.01 0.10714285714285714 0.023809523809523808 0.014285714285714285
3 1.0066666666666666 0.10035714285714285 0.026666666666666665 0.015
3 1.0295238095238095 0.09607142857142857 0.022857142857142857 0.013571428571428571
3 1.0257142857142858 0.08892857142857143 0.024761904761904763 0.013571428571428571
3 0.9980952380952381 0.09035714285714286 0.024761904761904763 0.016428571428571428
3 0.9928571428571429 0.08214285714285714 0.018095238095238095 0.014285714285714285
3 1.020952380952381 0.08214285714285714 0.02095238095238095 0.011428571428571429
3 1.1066666666666667 0.17714285714285713 0.03238095238095238 0.024285714285714285
3 1.1138095238095238 0.15785714285714286 0.037142857142857144 0.024285714285714285
3 1.1071428571428572 0.135 0.02761904761904762 0.024285714285714285
3 1.08 0.09214285714285714 0.022857142857142857 0.014285714285714285
4 0.36095238095238097 0.4467857142857143 0.17142857142857143 0.14214285714285715
3 0.2509523809523809 0.365 0.1819047619047619 0.08714285714285715
4 1.2057142857142857 0.6778571428571428 0.24 0.14285714285714285
