3 0.3699238578680203 0.5185714285714286 0.04187817258883248 0.027142857142857142
3 0.3978426395939086 0.5385714285714286 0.026649746192893398 0.017142857142857144
8 0.3959390862944162 0.5114285714285715 0.04568527918781726 0.03
5 0.5177664974619289 0.5360714285714285 0.07614213197969542 0.04928571428571429
3 0.4181472081218274 0.48642857142857143 0.031725888324873094 0.02
3 0.3743654822335025 0.4575 0.035532994923857864 0.020714285714285713
3 0.315989847715736 0.4307142857142857 0.04060913705583756 0.011428571428571429
3 0.24999999999999997 0.4278571428571429 0.04314720812182741 0.014285714285714285
3 0.690989847715736 0.245 0.03426395939086294 0.011428571428571429
3 0.6859137055837563 0.2317857142857143 0.03426395939086294 0.012142857142857143
4 0.7131979695431472 0.2117857142857143 0.03045685279187817 0.013571428571428571
3 0.8032994923857867 0.23214285714285715 0.027918781725888322 0.012857142857142857
3 0.8540609137055837 0.19535714285714287 0.03045685279187817 0.010714285714285714
3 0.9346446700507614 0.16142857142857142 0.029187817258883246 0.01
3 1.279187817258883 0.06357142857142857 0.025380710659898477 0.01
3 1.3743654822335025 0.03892857142857143 0.025380710659898477 0.007857142857142858
3 1.4048223350253806 0.02214285714285714 0.02284263959390863 0.008571428571428572
3 1.5177664974619287 0.0064285714285714285 0.02030456852791878 0.008571428571428572
3 0.30710659898477155 0.018214285714285714 0.025380710659898477 0.007857142857142858
3 0.2563451776649746 0.022857142857142857 0.025380710659898477 0.01
3 0.24555837563451774 0.02142857142857143 0.021573604060913704 0.008571428571428572
3 0.23667512690355327 0.019642857142857142 0.024111675126903553 0.009285714285714286
3 0.22842639593908629 0.017857142857142856 0.02284263959390863 0.01
