3 1.0473098330241188 0.33011482254697283 0.0816326530612245 0.022442588726513567
3 1.4795918367346939 0.3525574112734864 0.08719851576994435 0.022442588726513567
3 1.6382189239332097 0.3582985386221294 0.09090909090909091 0.022442588726513567
3 1.1465677179962894 0.21607515657620038 0.027829313543599257 0.019832985386221292
3 1.1131725417439704 0.2085073068893528 0.025974025974025976 0.020354906054279746
3 1.0987940630797774 0.1933716075156576 0.02319109461966605 0.017223382045929016
4 1.1335807050092765 0.19102296450939454 0.025974025974025976 0.021920668058455113
3 1.0890538033395176 0.15213987473903964 0.016697588126159554 0.016179540709812108
3 1.0783858998144713 0.12943632567849686 0.015769944341372914 0.010438413361169102
3 1.1164192949907237 0.10882045929018788 0.01948051948051948 0.010960334029227557
3 0.6799628942486086 0.142223382045929 0.0463821892393321 0.009916492693110646
3 0.6873840445269017 0.13622129436325678 0.04267161410018553 0.010438413361169102
3 1.0807050092764379 0.08533402922755741 0.014842300556586271 0.009916492693110646
3 1.056122448979592 0.06706680584551147 0.012059369202226345 0.007828810020876827
3 1.075139146567718 0.06341336116910229 0.012987012987012988 0.007828810020876827
3 1.0811688311688312 0.05610647181628392 0.013914656771799629 0.007828810020876827
3 1.0667903525046383 0.03836116910229645 0.012987012987012988 0.006784968684759916
3 1.0380333951762524 0.03810020876826722 0.011131725417439703 0.0073068893528183704
3 1.044526901669759 0.03157620041753653 0.00927643784786642 0.0057411273486430055
3 1.062152133580705 0.03157620041753653 0.00927643784786642 0.006784968684759916
3 1.0440630797773656 0.023486430062630476 0.012059369202226345 0.006263048016701461
3 1.041743970315399 0.014352818371607514 0.011131725417439703 0.004697286012526096
3 1.030148423005566 0.010438413361169102 0.006493506493506494 0.005219206680584551
1 1.3928571428571428 0.3087160751565762 0.013914656771799629 0.010960334029227557
1 1.4860853432282004 0.29723382045929014 0.0074211502782931356 0.010960334029227557
1 1.6544526901669758 0.29958246346555323 0.010204081632653062 0.011482254697286011
1 0.9661410018552876 0.22703549060542796 0.008348794063079777 0.006263048016701461
9 1.391465677179963 0.31315240083507306 0.025974025974025976 0.010438413361169102
9 1.480983302411874 0.3003653444676409 0.026901669758812616 0.007828810020876827
9 1.651669758812616 0.3045407098121085 0.02504638218923933 0.006784968684759916
9 0.9647495361781077 0.23147181628392482 0.012987012987012988 0.006784968684759916
9 0.9823747680890538 0.1631002087682672 0.0074211502782931356 0.007828810020876827
9 0.9833024118738405 0.14196242171189977 0.0055658627087198514 0.005219206680584551
1 0.9819109461966605 0.159446764091858 0.006493506493506494 0.0057411273486430055
1 0.9833024118738405 0.13830897703549058 0.0074211502782931356 0.006263048016701461
1 0.9874768089053804 0.03366388308977035 0.00463821892393321 0.0036534446764091852
9 0.9874768089053804 0.0360125260960334 0.006493506493506494 0.0020876826722338203
1 0.7574211502782932 0.2620041753653444 0.010204081632653062 0.011482254697286011
9 0.7551020408163266 0.2651356993736952 0.027829313543599257 0.005219206680584551
5 1.12708719851577 0.16936325678496866 0.027829313543599257 0.02139874739039666
