3 0.8001269035532994 0.4878571428571429 0.1611675126903553 0.04
3 0.883248730964467 0.5389285714285714 0.1751269035532995 0.045
3 1.0831218274111674 0.27464285714285713 0.052030456852791875 0.047857142857142855
3 1.0532994923857868 0.17214285714285715 0.04060913705583756 0.03571428571428571
3 1.0336294416243654 0.08642857142857142 0.03680203045685279 0.02857142857142857
3 0.9980964467005076 0.0875 0.031725888324873094 0.025
3 1.2214467005076142 0.21928571428571428 0.10025380710659898 0.027142857142857142
3 1.2176395939086293 0.19678571428571429 0.10532994923857868 0.02642857142857143
3 1.2024111675126903 0.1682142857142857 0.08756345177664974 0.025
3 1.1941624365482233 0.1375 0.08629441624365482 0.016428571428571428
3 1.1833756345177664 0.12535714285714286 0.07994923857868019 0.017857142857142856
3 1.272208121827411 0.030714285714285715 0.06725888324873096 0.02
3 1.2703045685279186 0.019642857142857142 0.07360406091370558 0.016428571428571428
3 1.2595177664974617 0.009642857142857142 0.08248730964467005 0.020714285714285713
3 1.1326142131979695 0.030714285714285715 0.0748730964467005 0.018571428571428572
3 1.130710659898477 0.016785714285714286 0.07868020304568528 0.020714285714285713
3 1.123730964467005 0.0064285714285714285 0.07233502538071065 0.014285714285714285
3 1.0539340101522843 0.028214285714285713 0.0748730964467005 0.015
3 1.0545685279187818 0.019285714285714285 0.06598984771573603 0.015714285714285715
3 1.056472081218274 0.007857142857142858 0.07233502538071065 0.014285714285714285
3 1.0621827411167513 0.039285714285714285 0.07106598984771573 0.022857142857142857
3 1.1370558375634516 0.03964285714285714 0.07360406091370558 0.02214285714285714
3 1.2855329949238579 0.04321428571428571 0.06091370558375634 0.019285714285714285
3 1.180203045685279 0.10107142857142858 0.08121827411167512 0.02214285714285714
3 1.2303299492385786 0.2525 0.07741116751269035 0.02214285714285714
3 0.7950507614213197 0.26607142857142857 0.08248730964467005 0.025
3 0.7855329949238578 0.24428571428571427 0.09390862944162436 0.025714285714285714
3 0.7874365482233502 0.22714285714285715 0.09263959390862943 0.022857142857142857
3 0.7912436548223349 0.20714285714285716 0.08248730964467005 0.025714285714285714
3 0.7931472081218274 0.18964285714285714 0.07868020304568528 0.019285714285714285
3 0.7925126903553299 0.17142857142857143 0.08248730964467005 0.024285714285714285
3 0.7906091370558375 0.15428571428571428 0.08121827411167512 0.02142857142857143
3 0.7925126903553299 0.135 0.07994923857868019 0.024285714285714285
3 0.766497461928934 0.10535714285714286 0.035532994923857864 0.030714285714285715
3 0.7043147208121827 0.22142857142857142 0.06852791878172589 0.03142857142857143
3 0.7106598984771573 0.18214285714285713 0.06598984771573603 0.024285714285714285
3 0.6954314720812182 0.2517857142857143 0.08375634517766496 0.035
3 0.9638324873096445 0.11428571428571428 0.03680203045685279 0.03571428571428571
3 0.633248730964467 0.03678571428571428 0.06598984771573603 0.020714285714285713
3 0.70748730964467 0.03428571428571429 0.08248730964467005 0.024285714285714285
3 0.8496192893401014 0.009285714285714286 0.06979695431472081 0.017142857142857144
3 0.641497461928934 0.013928571428571429 0.07233502538071065 0.019285714285714285
3 0.7151015228426395 0.0075 0.06979695431472081 0.016428571428571428
3 0.6408629441624365 0.10035714285714285 0.04314720812182741 0.029285714285714286
3 0.7366751269035532 0.0825 0.03934010152284264 0.02642857142857143
3 0.6916243654822335 0.08035714285714286 0.04314720812182741 0.035
3 0.8857868020304568 0.10714285714285714 0.04060913705583756 0.041428571428571426
3 0.8470812182741116 0.10857142857142857 0.04187817258883248 0.03857142857142857
3 0.8077411167512689 0.10464285714285715 0.03426395939086294 0.03642857142857143
3 0.8451776649746192 0.03535714285714286 0.07106598984771573 0.019285714285714285
3 0.8483502538071065 0.07964285714285714 0.031725888324873094 0.02642857142857143
3 0.8908629441624365 0.08 0.032994923857868015 0.025714285714285714
3 1.024746192893401 0.27785714285714286 0.04441624365482233 0.03857142857142857
5 1.3299492385786802 0.15821428571428572 0.14213197969543145 0.04357142857142857
5 1.3153553299492384 0.13857142857142857 0.13578680203045684 0.03571428571428571
5 1.6630710659898476 0.20285714285714285 0.14593908629441624 0.032857142857142856
5 1.6440355329949237 0.18392857142857144 0.1383248730964467 0.03357142857142857
5 1.6230964467005076 0.16607142857142856 0.13959390862944163 0.03785714285714286
5 1.589467005076142 0.14785714285714285 0.16370558375634517 0.04285714285714286
5 1.5761421319796953 0.13 0.1446700507614213 0.03571428571428571
5 1.532994923857868 0.0975 0.13451776649746192 0.03357142857142857
5 1.6687817258883249 0.22678571428571428 0.1446700507614213 0.039285714285714285
5 1.3591370558375633 0.19678571428571429 0.15736040609137056 0.045
5 1.2906091370558375 0.095 0.11421319796954314 0.04
4 1.008248730964467 0.17 0.04441624365482233 0.04
4 1.1782994923857868 0.085 0.08502538071065989 0.02142857142857143
4 0.958756345177665 0.08321428571428571 0.04695431472081218 0.035
4 0.9206852791878172 0.03642857142857143 0.0748730964467005 0.024285714285714285
4 0.9295685279187816 0.024285714285714285 0.07233502538071065 0.022857142857142857
4 0.9137055837563451 0.012857142857142857 0.07106598984771573 0.02
4 0.9168781725888324 0.0067857142857142855 0.06725888324873096 0.015
4 0.4809644670050761 0.03142857142857143 0.08375634517766496 0.025714285714285714
5 0.5856598984771573 0.10178571428571428 0.06979695431472081 0.055
5 0.5368020304568527 0.09857142857142857 0.05837563451776649 0.047142857142857146
5 0.48540609137055835 0.10071428571428571 0.06725888324873096 0.05
5 0.4428934010152284 0.09928571428571428 0.048223350253807105 0.05142857142857143
5 0.39974619289340096 0.10035714285714285 0.050761421319796954 0.05071428571428571
5 0.350253807106599 0.09714285714285714 0.07614213197969542 0.06857142857142857
5 0.2931472081218274 0.09321428571428571 0.07106598984771573 0.065
5 0.2576142131979695 0.08571428571428572 0.09390862944162436 0.07142857142857142
8 1.7100253807106598 0.041428571428571426 0.11294416243654821 0.08
4 1.4923857868020303 0.03321428571428572 0.08629441624365482 0.023571428571428573
