3 0.8546954314720812 0.021785714285714287 0.019035532994923856 0.02214285714285714
4 0.822969543147208 0.11678571428571428 0.026649746192893398 0.025
5 0.7715736040609137 0.13071428571428573 0.04568527918781726 0.04285714285714286
4 0.781725888324873 0.20642857142857143 0.032994923857868015 0.02857142857142857
4 0.9010152284263959 0.13642857142857143 0.025380710659898477 0.02857142857142857
3 0.9454314720812182 0.12107142857142857 0.025380710659898477 0.025
3 0.9200507614213197 0.175 0.025380710659898477 0.027142857142857142
3 0.9244923857868019 0.08821428571428572 0.026649746192893398 0.023571428571428573
3 0.7347715736040609 0.2057142857142857 0.032994923857868015 0.024285714285714285
3 0.8629441624365481 0.22464285714285714 0.03045685279187817 0.030714285714285715
3 0.8864213197969543 0.2567857142857143 0.029187817258883246 0.027857142857142858
3 0.7861675126903552 0.5075 0.03934010152284264 0.04214285714285714
5 0.8350253807106598 0.38107142857142856 0.050761421319796954 0.05785714285714286
4 0.8210659898477157 0.32107142857142856 0.03045685279187817 0.039285714285714285
8 0.7366751269035532 0.3575 0.05456852791878172 0.05785714285714286
