3 0.5095177664974619 0.39785714285714285 0.09010152284263959 0.04857142857142857
3 0.8813451776649746 0.40285714285714286 0.08248730964467005 0.04857142857142857
3 0.9568527918781725 0.4067857142857143 0.08121827411167512 0.047857142857142855
3 1.0805837563451777 0.2767857142857143 0.07994923857868019 0.039285714285714285
3 1.240482233502538 0.2357142857142857 0.05964467005076142 0.03142857142857143
3 1.3331218274111674 0.1407142857142857 0.06725888324873096 0.03142857142857143
3 1.405456852791878 0.1475 0.06218274111675126 0.03214285714285714
3 1.4638324873096447 0.062142857142857146 0.05710659898477157 0.02857142857142857
3 1.522208121827411 0.07 0.05964467005076142 0.03
3 1.623730964467005 0.013571428571428571 0.052030456852791875 0.02857142857142857
3 0.5475888324873096 0.3267857142857143 0.0748730964467005 0.04071428571428572
3 0.43401015228426393 0.35214285714285715 0.07360406091370558 0.041428571428571426
3 0.3978426395939086 0.25107142857142856 0.07994923857868019 0.04071428571428572
3 0.25253807106598986 0.2075 0.07360406091370558 0.039285714285714285
3 0.06027918781725888 0.10071428571428571 0.05964467005076142 0.03571428571428571
3 0.15101522842639592 0.14857142857142858 0.06091370558375634 0.03428571428571429
3 1.133248730964467 0.3028571428571429 0.06598984771573603 0.037142857142857144
4 1.3172588832487309 0.24892857142857142 0.06852791878172589 0.04071428571428572
4 0.640228426395939 0.37892857142857145 0.09010152284263959 0.052142857142857144
4 0.30774111675126903 0.1975 0.08248730964467005 0.045
4 0.07233502538071065 0.15285714285714286 0.06091370558375634 0.032857142857142856
8 0.18083756345177662 0.20785714285714285 0.1814720812182741 0.10142857142857142
8 0.48540609137055835 0.3325 0.19923857868020303 0.10928571428571429
8 0.3261421319796954 0.24857142857142858 0.11167512690355329 0.06285714285714286
