1 0.580952380952381 0.095 0.022857142857142857 0.018571428571428572
1 0.6947619047619048 0.047142857142857146 0.01619047619047619 0.017142857142857144
1 0.6747619047619048 0.029285714285714286 0.014285714285714285 0.018571428571428572
1 0.6647619047619048 0.029642857142857144 0.011428571428571429 0.016428571428571428
1 0.6423809523809524 0.036071428571428574 0.012380952380952381 0.015
1 0.6876190476190476 0.04071428571428572 0.011428571428571429 0.014285714285714285
1 0.6466666666666666 0.04357142857142857 0.011428571428571429 0.015714285714285715
1 0.6971428571428572 0.5075 0.03428571428571429 0.025
1 0.6442857142857142 0.4835714285714286 0.03142857142857143 0.027142857142857142
1 0.660952380952381 0.5003571428571428 0.03238095238095238 0.03214285714285714
1 0.6857142857142857 0.48464285714285715 0.03619047619047619 0.017857142857142856
