4 0.7733333333333333 0.5267857142857143 0.14476190476190476 0.12214285714285714
3 0.9961904761904762 0.6717857142857143 0.2019047619047619 0.11357142857142857
3 1.1852380952380952 0.6253571428571428 0.2219047619047619 0.10642857142857143
3 0.17523809523809525 0.32285714285714284 0.12761904761904763 0.05857142857142857
3 0.26571428571428574 0.25892857142857145 0.09523809523809523 0.04357142857142857
3 0.45714285714285713 0.225 0.08190476190476191 0.04
3 0.6052380952380952 0.19392857142857142 0.06190476190476191 0.039285714285714285
3 0.5285714285714286 0.1692857142857143 0.05904761904761905 0.03142857142857143
3 0.6723809523809524 0.16464285714285715 0.05904761904761905 0.030714285714285715
3 0.6914285714285714 0.11071428571428571 0.047619047619047616 0.025714285714285714
3 0.7766666666666666 0.10142857142857142 0.040952380952380955 0.022857142857142857
3 0.7942857142857143 0.07392857142857143 0.04 0.02214285714285714
3 0.8647619047619047 0.06678571428571428 0.03619047619047619 0.019285714285714285
3 0.9428571428571428 0.04178571428571429 0.026666666666666665 0.015
3 0.9723809523809523 0.025714285714285714 0.024761904761904763 0.014285714285714285
3 1.0833333333333333 0.20392857142857143 0.08857142857142856 0.03214285714285714
3 0.9104761904761904 0.37785714285714284 0.13523809523809524 0.05142857142857143
3 0.9414285714285714 0.3342857142857143 0.12285714285714286 0.045714285714285714
3 0.9814285714285714 0.2910714285714286 0.11333333333333333 0.04214285714285714
3 1.0295238095238095 0.26607142857142857 0.10857142857142857 0.04357142857142857
3 1.1547619047619047 0.24357142857142858 0.05047619047619047 0.03857142857142857
3 0.8176190476190476 0.27535714285714286 0.07714285714285714 0.04642857142857143
3 0.9495238095238095 0.18857142857142858 0.047619047619047616 0.025714285714285714
3 0.900952380952381 0.21642857142857141 0.047619047619047616 0.03857142857142857
3 0.6961904761904761 0.13285714285714287 0.05523809523809524 0.025714285714285714
3 0.7176190476190476 0.14821428571428572 0.05047619047619047 0.02642857142857143
3 0.5847619047619048 0.17107142857142857 0.06476190476190476 0.04071428571428572
3 1.1066666666666667 0.18321428571428572 0.09904761904761905 0.025
3 1.11 0.15714285714285714 0.08476190476190476 0.027142857142857142
3 1.1433333333333333 0.12607142857142858 0.06952380952380953 0.020714285714285713
3 0.9785714285714285 0.16642857142857143 0.04666666666666667 0.02857142857142857
3 1.131904761904762 0.145 0.06952380952380953 0.02142857142857143
3 1.0480952380952382 0.11535714285714285 0.039047619047619046 0.023571428571428573
3 1.0747619047619048 0.10214285714285715 0.025714285714285714 0.02142857142857143
3 1.16 0.11785714285714285 0.07238095238095238 0.022857142857142857
3 1.1638095238095238 0.10785714285714286 0.07238095238095238 0.022857142857142857
3 1.1695238095238096 0.09571428571428571 0.07238095238095238 0.022857142857142857
3 1.1866666666666668 0.09107142857142857 0.07238095238095238 0.023571428571428573
3 1.1828571428571428 0.0825 0.07238095238095238 0.023571428571428573
3 1.198095238095238 0.07392857142857143 0.06095238095238095 0.023571428571428573
3 1.2057142857142857 0.06892857142857142 0.06095238095238095 0.023571428571428573
1 1.1747619047619047 0.18785714285714286 0.018095238095238095 0.022857142857142857
1 1.2714285714285714 0.02892857142857143 0.011428571428571429 0.010714285714285714
2 1.2714285714285714 0.03357142857142857 0.007619047619047619 0.01
2 1.1742857142857144 0.1925 0.015238095238095238 0.020714285714285713
2 1.2823809523809524 0.06535714285714286 0.008571428571428572 0.013571428571428571
2 1.2166666666666666 0.2067857142857143 0.023809523809523808 0.02642857142857143
9 1.2223809523809523 0.17464285714285716 0.025714285714285714 0.020714285714285713
9 1.2938095238095237 0.05 0.008571428571428572 0.012857142857142857
