3 0.30238095238095236 0.31785714285714284 0.07523809523809524 0.10142857142857142
3 0.31142857142857144 0.19535714285714287 0.0761904761904762 0.11214285714285714
3 0.3495238095238095 0.05178571428571429 0.06857142857142857 0.10357142857142858
3 0.6123809523809524 0.08571428571428572 0.05523809523809524 0.09142857142857143
3 0.6180952380952381 0.33785714285714286 0.06476190476190476 0.10571428571428572
3 0.7171428571428572 0.6482142857142857 0.0838095238095238 0.13071428571428573
9 0.8838095238095238 0.7110714285714286 0.05333333333333333 0.052142857142857144
2 0.9476190476190476 0.6785714285714286 0.05523809523809524 0.02857142857142857
1 0.8523809523809524 0.3025 0.03238095238095238 0.02642857142857143
1 0.8819047619047619 0.2975 0.02095238095238095 0.020714285714285713
4 0.8685714285714285 0.05928571428571429 0.14285714285714285 0.06142857142857143
