3 0.17666666666666667 0.5689285714285715 0.12857142857142856 0.145
5 0.07857142857142857 0.6992857142857143 0.15714285714285714 0.1
3 0.39095238095238094 0.7132142857142857 0.10952380952380952 0.07214285714285715
3 0.42333333333333334 0.5796428571428571 0.11333333333333333 0.15785714285714286
3 0.24047619047619048 0.4407142857142857 0.13238095238095238 0.10857142857142857
3 0.45904761904761904 0.4425 0.08571428571428572 0.10928571428571429
3 0.9909523809523809 0.7046428571428571 0.23333333333333334 0.08928571428571429
4 0.9428571428571428 0.5839285714285715 0.16380952380952382 0.085
1 1.130952380952381 0.5221428571428571 0.040952380952380955 0.025714285714285714
2 1.1271428571428572 0.5282142857142857 0.029523809523809525 0.045
9 1.1938095238095239 0.4025 0.058095238095238096 0.030714285714285715
9 1.229047619047619 0.4421428571428571 0.06571428571428571 0.03571428571428571
9 1.2476190476190476 0.4782142857142857 0.06857142857142857 0.03214285714285714
2 1.2533333333333334 0.4992857142857143 0.06666666666666667 0.03428571428571429
2 1.2838095238095237 0.395 0.05333333333333333 0.025714285714285714
3 1.052857142857143 0.24785714285714286 0.13428571428571429 0.045714285714285714
3 1.0466666666666666 0.21821428571428572 0.12571428571428572 0.045
3 0.9923809523809524 0.13857142857142857 0.09904761904761905 0.04428571428571428
3 1.0147619047619048 0.11321428571428571 0.1 0.03785714285714286
4 1.039047619047619 0.09714285714285714 0.11238095238095239 0.04285714285714286
3 0.9795238095238096 0.02 0.07142857142857142 0.04
3 1.139047619047619 0.039285714285714285 0.05523809523809524 0.025714285714285714
3 0.8442857142857143 0.01 0.08095238095238096 0.02142857142857143
3 0.7676190476190476 0.10964285714285714 0.049523809523809526 0.04214285714285714
3 0.7828571428571428 0.15964285714285714 0.047619047619047616 0.04642857142857143
3 0.7933333333333333 0.20964285714285713 0.05523809523809524 0.060714285714285714
3 0.98 0.43535714285714283 0.08952380952380952 0.11785714285714285
1 1.0771428571428572 0.40464285714285714 0.022857142857142857 0.029285714285714286
3 0.4780952380952381 0.3325 0.07428571428571429 0.09357142857142857
9 0.2757142857142857 0.35214285714285715 0.037142857142857144 0.037142857142857144
3 0.5038095238095238 0.24357142857142858 0.05904761904761905 0.06571428571428571
4 0.3638095238095238 0.3182142857142857 0.09523809523809523 0.11642857142857142
3 0.32857142857142857 0.24928571428571428 0.06857142857142857 0.07142857142857142
3 0.5166666666666667 0.18357142857142858 0.05619047619047619 0.05857142857142857
3 0.539047619047619 0.09178571428571429 0.049523809523809526 0.04642857142857143
3 0.3514285714285714 0.19035714285714286 0.06285714285714286 0.062142857142857146
5 0.6957142857142857 0.023928571428571428 0.11523809523809524 0.04928571428571429
9 0.23952380952380953 0.20357142857142857 0.023809523809523808 0.03
9 0.27095238095238094 0.17535714285714285 0.03333333333333333 0.03214285714285714
9 0.2695238095238095 0.1175 0.02857142857142857 0.02642857142857143
9 0.27666666666666667 0.10821428571428571 0.037142857142857144 0.019285714285714285
3 0.31761904761904763 0.07 0.0980952380952381 0.037142857142857144
4 0.27904761904761904 0.05 0.10095238095238095 0.047142857142857146
3 0.3980952380952381 0.014285714285714285 0.07238095238095238 0.03
9 0.012857142857142857 0.5353571428571429 0.02761904761904762 0.039285714285714285
