3 0.8466666666666667 0.5339285714285714 0.06476190476190476 0.04214285714285714
3 0.5276190476190477 0.6682142857142858 0.04 0.055
3 0.4247619047619048 0.7064285714285714 0.04 0.055714285714285716
3 0.36428571428571427 0.6260714285714286 0.023809523809523808 0.02642857142857143
3 0.34285714285714286 0.6407142857142857 0.024761904761904763 0.03142857142857143
3 0.32095238095238093 0.6553571428571429 0.026666666666666665 0.03214285714285714
3 0.4419047619047619 0.4807142857142857 0.022857142857142857 0.012857142857142857
3 0.42428571428571427 0.4664285714285714 0.010476190476190476 0.007142857142857143
3 0.46190476190476193 0.42964285714285716 0.013333333333333332 0.010714285714285714
3 0.4438095238095238 0.4317857142857143 0.007619047619047619 0.005
3 0.49476190476190474 0.43 0.010476190476190476 0.01
3 0.4857142857142857 0.4257142857142857 0.011428571428571429 0.01
3 0.5095238095238095 0.4232142857142857 0.011428571428571429 0.010714285714285714
3 0.5419047619047619 0.40464285714285714 0.009523809523809525 0.007857142857142858
3 0.5147619047619048 0.41035714285714286 0.010476190476190476 0.009285714285714286
3 0.51 0.3757142857142857 0.004761904761904762 0.004285714285714286
3 0.49523809523809526 0.3792857142857143 0.005714285714285714 0.004285714285714286
3 0.508095238095238 0.35892857142857143 0.004761904761904762 0.0035714285714285713
3 0.5023809523809524 0.35535714285714287 0.002857142857142857 0.0035714285714285713
4 0.4785714285714286 0.3675 0.006666666666666666 0.005
3 0.48523809523809525 0.37107142857142855 0.008571428571428572 0.005
4 0.4861904761904762 0.36714285714285716 0.006666666666666666 0.004285714285714286
