3 0.5583333333333333 0.54525 0.054 0.08750000000000001
3 0.645 0.5345 0.046 0.083
3 0.22799999999999998 0.70925 0.076 0.0805
3 0.4393333333333333 0.68875 0.08 0.11750000000000001
3 0.7923333333333333 0.7192500000000001 0.07133333333333333 0.0605
3 1.136 0.7135 0.088 0.07200000000000001
4 1.0793333333333333 0.5905 0.10266666666666667 0.10400000000000001
3 0.872 0.47250000000000003 0.06666666666666667 0.068
3 0.7909999999999999 0.41150000000000003 0.06466666666666666 0.065
3 0.5816666666666667 0.35275 0.04466666666666667 0.0615
3 0.299 0.49425 0.06866666666666667 0.0775
4 0.31466666666666665 0.404 0.07066666666666667 0.078
3 0.9903333333333333 0.40700000000000003 0.06333333333333332 0.061
3 0.9586666666666667 0.34475 0.058666666666666666 0.0565
3 0.3993333333333333 0.34725 0.048 0.0445
3 0.6406666666666666 0.28425 0.034666666666666665 0.0535
3 0.38066666666666665 0.26775 0.04133333333333333 0.0475
3 0.40399999999999997 0.20575000000000002 0.04533333333333333 0.0415
3 0.9266666666666666 0.27675 0.048 0.043500000000000004
3 0.9073333333333333 0.23125 0.044 0.035500000000000004
3 0.7033333333333333 0.23550000000000001 0.036 0.042
3 0.7876666666666666 0.21 0.035333333333333335 0.035
3 0.8776666666666666 0.16875 0.038 0.0275
3 0.7313333333333333 0.13475 0.032 0.0285
8 0.8553333333333333 0.07425 0.056 0.0655
3 0.4493333333333333 0.1115 0.032 0.028
3 0.47333333333333333 0.07075000000000001 0.028 0.025500000000000002
3 0.6 0.04475 0.025333333333333333 0.0235
4 0.713 0.0425 0.024666666666666667 0.028
3 0.6356666666666666 0.01875 0.022 0.0245
4 0.48933333333333334 0.04925 0.026666666666666665 0.0305
3 0.5006666666666667 0.03175 0.025333333333333333 0.0205
3 0.517 0.0075 0.02333333333333333 0.016
4 0.82 0.010750000000000001 0.026666666666666665 0.0225
9 0.48566666666666664 0.214 0.011333333333333332 0.02
1 0.48666666666666664 0.2085 0.013333333333333332 0.023
9 0.5413333333333333 0.0175 0.006666666666666666 0.012
1 0.5413333333333333 0.014750000000000001 0.005333333333333333 0.0125
9 0.7879999999999999 0.0125 0.006666666666666666 0.01
1 0.7883333333333333 0.0095 0.007333333333333333 0.011
