3 0.8877551020408163 0.11899791231732776 0.0463821892393321 0.01774530271398747
3 1.3775510204081634 0.01591858037578288 0.03339517625231911 0.012004175365344467
3 1.4958256029684602 0.03810020876826722 0.041743970315398886 0.013569937369519832
5 1.4072356215213357 0.10307933194154488 0.10204081632653061 0.032881002087682666
5 1.1326530612244898 0.30271398747390393 0.10575139146567718 0.04175365344467641
3 1.036178107606679 0.2894050104384133 0.05380333951762523 0.03183716075156576
3 0.6609461966604824 0.2625260960334029 0.075139146567718 0.026096033402922752
9 0.648886827458256 0.27453027139874736 0.026901669758812616 0.013569937369519832
5 0.6989795918367347 0.22912317327766177 0.06586270871985157 0.030271398747390394
5 0.8079777365491652 0.2604384133611691 0.09090909090909091 0.039665970772442584
5 0.8947124304267161 0.18423799582463463 0.05102040816326531 0.031315240083507306
5 0.9981447124304267 0.1868475991649269 0.07606679035250465 0.038622129436325675
9 0.10899814471243043 0.11795407098121084 0.013914656771799629 0.010438413361169102
