3 0.37333333333333335 0.04071428571428572 0.049523809523809526 0.041428571428571426
3 0.3485714285714286 0.07821428571428571 0.05142857142857143 0.047857142857142855
4 0.3280952380952381 0.11678571428571428 0.06380952380952382 0.05928571428571429
3 0.28809523809523807 0.1725 0.07714285714285714 0.065
3 0.25047619047619046 0.2425 0.08571428571428572 0.07785714285714286
3 0.36523809523809525 0.21642857142857141 0.08095238095238096 0.07428571428571429
3 0.4219047619047619 0.3364285714285714 0.09523809523809523 0.12571428571428572
3 0.19666666666666666 0.3367857142857143 0.09047619047619047 0.08642857142857142
3 0.12380952380952381 0.4467857142857143 0.13523809523809524 0.135
3 0.054285714285714284 0.6396428571428572 0.11047619047619048 0.195
3 0.6547619047619048 0.7103571428571429 0.11523809523809524 0.075
3 0.5295238095238095 0.6478571428571429 0.10857142857142857 0.16714285714285715
3 0.5366666666666666 0.4767857142857143 0.08666666666666667 0.125
3 0.6390476190476191 0.47285714285714286 0.07809523809523809 0.12285714285714286
9 1.0504761904761906 0.7096428571428571 0.05142857142857143 0.07357142857142857
4 0.969047619047619 0.5921428571428572 0.23714285714285716 0.09285714285714286
3 0.9457142857142857 0.5182142857142857 0.1980952380952381 0.06642857142857143
3 0.9038095238095238 0.45321428571428574 0.17333333333333334 0.065
3 0.8871428571428571 0.3917857142857143 0.17238095238095238 0.062142857142857146
4 0.8657142857142857 0.34035714285714286 0.17523809523809525 0.05928571428571429
4 0.8252380952380952 0.26071428571428573 0.12857142857142856 0.05857142857142857
3 0.8433333333333334 0.3003571428571429 0.14952380952380953 0.056428571428571425
3 0.8314285714285714 0.22464285714285714 0.13523809523809524 0.045
3 0.7604761904761905 0.08535714285714285 0.10952380952380952 0.03785714285714286
4 0.7771428571428571 0.10142857142857142 0.09904761904761905 0.04857142857142857
1 0.8 0.12285714285714286 0.017142857142857144 0.022857142857142857
3 0.5685714285714286 0.07571428571428572 0.04380952380952381 0.03857142857142857
3 0.5752380952380952 0.03571428571428571 0.04 0.03428571428571429
3 0.64 0.32321428571428573 0.07047619047619047 0.08928571428571429
3 0.5547619047619048 0.24428571428571427 0.06 0.08142857142857143
4 0.55 0.3389285714285714 0.07714285714285714 0.10071428571428571
