4 0.8320964749536178 0.015396659707724424 0.08534322820037106 0.03183716075156576
6 0.9327458256029685 0.02766179540709812 0.05658627087198516 0.01774530271398747
6 0.8446196660482375 0.05427974947807933 0.07328385899814471 0.022964509394572022
3 0.8140074211502784 0.15240083507306887 0.12894248608534323 0.032359081419624215
3 0.588126159554731 0.18554279749478078 0.0575139146567718 0.05793319415448851
6 0.6785714285714286 0.2847077244258872 0.0287569573283859 0.0360125260960334
4 0.5083487940630798 0.3376826722338204 0.07977736549165121 0.06054279749478079
6 0.5626159554730983 0.333768267223382 0.03803339517625232 0.04331941544885177
4 0.7708719851576995 0.43763048016701456 0.14656771799628943 0.05167014613778705
3 0.7402597402597403 0.49243215031315235 0.18181818181818182 0.06002087682672233
9 1.1052875695732838 0.34368475991649267 0.021335807050092765 0.02974947807933194
4 1.6655844155844155 0.5370563674321502 0.21985157699443414 0.044885177453027135
