3 0.86 0.61325 0.18666666666666665 0.0935
3 1.0363333333333333 0.68525 0.16466666666666666 0.1285
4 0.9356666666666666 0.52775 0.19133333333333333 0.10250000000000001
3 0.9833333333333333 0.4685 0.184 0.075
3 1.0383333333333333 0.40925 0.186 0.07050000000000001
5 1.0939999999999999 0.34925 0.17333333333333334 0.0655
3 1.1473333333333333 0.29225 0.15466666666666667 0.0575
3 0.5106666666666666 0.299 0.16533333333333333 0.055
4 0.5653333333333334 0.24425 0.16533333333333333 0.0625
3 0.606 0.20600000000000002 0.11466666666666667 0.046
5 0.7363333333333333 0.1445 0.18733333333333332 0.11800000000000001
3 0.767 0.1155 0.11266666666666666 0.041
3 0.9276666666666666 0.04425 0.09533333333333333 0.0485
3 0.7853333333333333 0.71775 0.22933333333333333 0.0605
5 1.1813333333333333 0.19975 0.24533333333333332 0.1065
4 1.1666666666666665 0.16325 0.17333333333333334 0.0575
3 1.2606666666666666 0.153 0.13999999999999999 0.045
4 1.2833333333333332 0.1105 0.09866666666666667 0.049
1 1.2166666666666666 0.05325 0.021333333333333333 0.0185
1 1.222 0.04525 0.016 0.0175
