3 0.5842857142857143 0.7271428571428571 0.10761904761904761 0.04428571428571428
3 0.611904761904762 0.6985714285714286 0.10571428571428572 0.045714285714285714
1 0.680952380952381 0.7128571428571429 0.015238095238095238 0.015714285714285715
2 0.6804761904761905 0.7146428571428571 0.014285714285714285 0.029285714285714286
2 0.7014285714285714 0.7164285714285714 0.012380952380952381 0.03
1 0.7014285714285714 0.7167857142857142 0.01619047619047619 0.015
9 0.8471428571428572 0.6939285714285715 0.023809523809523808 0.027857142857142858
3 0.9342857142857143 0.6985714285714286 0.10857142857142857 0.04285714285714286
1 0.8747619047619047 0.6603571428571429 0.014285714285714285 0.012142857142857143
3 0.5414285714285715 0.5517857142857143 0.09428571428571429 0.04642857142857143
3 0.5638095238095238 0.5189285714285714 0.08571428571428572 0.04071428571428572
3 0.5652380952380952 0.4853571428571429 0.08666666666666667 0.039285714285714285
3 0.5795238095238096 0.45607142857142857 0.09047619047619047 0.039285714285714285
3 0.6052380952380952 0.3460714285714286 0.08095238095238096 0.03642857142857143
3 0.611904761904762 0.32071428571428573 0.07714285714285714 0.032857142857142856
4 0.6152380952380953 0.295 0.07238095238095238 0.03428571428571429
1 0.7276190476190476 0.31357142857142856 0.0038095238095238095 0.008571428571428572
1 0.719047619047619 0.2642857142857143 0.011428571428571429 0.017142857142857144
1 0.7328571428571429 0.2671428571428571 0.012380952380952381 0.01
9 0.7214285714285714 0.2542857142857143 0.029523809523809525 0.018571428571428572
6 0.6061904761904762 0.2764285714285714 0.05238095238095238 0.018571428571428572
9 0.5985714285714285 0.24607142857142858 0.03142857142857143 0.017857142857142856
3 0.6223809523809524 0.2307142857142857 0.06190476190476191 0.041428571428571426
3 0.6385714285714286 0.2075 0.06190476190476191 0.04214285714285714
3 0.6490476190476191 0.18035714285714285 0.06190476190476191 0.035
6 0.6428571428571429 0.13714285714285715 0.02095238095238095 0.02142857142857143
3 0.6538095238095238 0.10928571428571429 0.04476190476190476 0.03428571428571429
9 0.650952380952381 0.07464285714285715 0.02761904761904762 0.015
