4 0.24619289340101522 0.013928571428571429 0.015228426395939085 0.005
3 0.4168781725888325 0.18571428571428572 0.021573604060913704 0.007142857142857143
3 0.4295685279187817 0.17857142857142858 0.024111675126903553 0.005714285714285714
3 0.4365482233502538 0.17607142857142857 0.02284263959390863 0.0064285714285714285
3 0.44035532994923854 0.1725 0.02284263959390863 0.0064285714285714285
3 0.4486040609137055 0.1692857142857143 0.026649746192893398 0.007142857142857143
3 0.4619289340101522 0.16071428571428573 0.027918781725888322 0.005714285714285714
3 0.47017766497461927 0.15464285714285714 0.024111675126903553 0.009285714285714286
3 0.5513959390862944 0.1625 0.019035532994923856 0.007857142857142858
3 0.18654822335025378 0.31535714285714284 0.032994923857868015 0.007857142857142858
3 0.19543147208121825 0.31035714285714283 0.03807106598984771 0.009285714285714286
3 0.20748730964467005 0.3032142857142857 0.03426395939086294 0.009285714285714286
3 0.21573604060913704 0.2982142857142857 0.03045685279187817 0.007857142857142858
3 0.2296954314720812 0.2925 0.03045685279187817 0.009285714285714286
3 0.23984771573604058 0.28714285714285714 0.025380710659898477 0.008571428571428572
3 0.24746192893401014 0.2814285714285714 0.03045685279187817 0.007142857142857143
3 0.26015228426395937 0.2764285714285714 0.027918781725888322 0.008571428571428572
3 0.2645939086294416 0.27071428571428574 0.03426395939086294 0.008571428571428572
3 0.28553299492385786 0.2621428571428571 0.03045685279187817 0.007142857142857143
3 0.2906091370558375 0.2571428571428571 0.032994923857868015 0.008571428571428572
4 0.10596446700507614 0.35035714285714287 0.03934010152284264 0.012142857142857143
4 0.2309644670050761 0.32142857142857145 0.032994923857868015 0.015714285714285715
3 0.17385786802030456 0.3221428571428571 0.03807106598984771 0.01
8 0.39911167512690354 0.3075 0.06472081218274112 0.04214285714285714
3 0.08629441624365482 0.5314285714285715 0.053299492385786795 0.032857142857142856
5 0.5951776649746192 0.23535714285714285 0.048223350253807105 0.03357142857142857
3 0.9593908629441623 0.39535714285714285 0.02284263959390863 0.015
3 0.9346446700507614 0.36464285714285716 0.024111675126903553 0.016428571428571428
5 0.8724619289340101 0.2932142857142857 0.03680203045685279 0.027857142857142858
3 0.8426395939086294 0.26285714285714284 0.017766497461928932 0.01
3 0.825507614213198 0.24214285714285713 0.016497461928934008 0.012857142857142857
3 0.7106598984771573 0.055714285714285716 0.015228426395939085 0.004285714285714286
3 0.6922588832487309 0.05857142857142857 0.011421319796954314 0.002857142857142857
5 0.6687817258883249 0.06107142857142857 0.032994923857868015 0.007857142857142858
3 0.7366751269035532 0.14357142857142857 0.021573604060913704 0.008571428571428572
8 0.7480964467005076 0.165 0.029187817258883246 0.017142857142857144
3 0.8559644670050761 0.11 0.013959390862944161 0.005714285714285714
3 0.9625634517766497 0.08571428571428572 0.016497461928934008 0.005714285714285714
3 1.0133248730964466 0.07107142857142858 0.019035532994923856 0.0064285714285714285
3 1.0310913705583755 0.07107142857142858 0.024111675126903553 0.009285714285714286
3 1.038705583756345 0.019285714285714285 0.011421319796954314 0.004285714285714286
4 1.1465736040609136 0.026071428571428572 0.016497461928934008 0.005
3 1.2258883248730963 0.021785714285714287 0.015228426395939085 0.0035714285714285713
3 1.256979695431472 0.01107142857142857 0.011421319796954314 0.0035714285714285713
3 1.255710659898477 0.012857142857142857 0.013959390862944161 0.004285714285714286
3 1.2493654822335025 0.02892857142857143 0.016497461928934008 0.007857142857142858
3 1.2163705583756343 0.1442857142857143 0.019035532994923856 0.011428571428571429
3 1.1516497461928934 0.14821428571428572 0.019035532994923856 0.010714285714285714
4 1.1281725888324872 0.15035714285714286 0.015228426395939085 0.010714285714285714
4 1.1161167512690355 0.15178571428571427 0.019035532994923856 0.010714285714285714
3 1.1053299492385786 0.1525 0.015228426395939085 0.009285714285714286
3 1.0850253807106598 0.17357142857142857 0.017766497461928932 0.008571428571428572
3 1.0298223350253806 0.1767857142857143 0.019035532994923856 0.009285714285714286
3 1.0171319796954315 0.15964285714285714 0.016497461928934008 0.010714285714285714
3 1.0063451776649746 0.1792857142857143 0.017766497461928932 0.01
4 0.9993654822335024 0.15928571428571428 0.016497461928934008 0.012857142857142857
3 1.0774111675126903 0.15607142857142858 0.017766497461928932 0.007857142857142858
3 1.1129441624365481 0.17142857142857143 0.017766497461928932 0.007142857142857143
3 1.0996192893401013 0.17285714285714285 0.013959390862944161 0.007142857142857143
3 1.2753807106598984 0.013928571428571429 0.015228426395939085 0.005
3 1.307741116751269 0.02 0.016497461928934008 0.005714285714285714
3 1.2772842639593907 0.13964285714285715 0.016497461928934008 0.009285714285714286
3 1.2906091370558375 0.13714285714285715 0.015228426395939085 0.008571428571428572
3 1.3026649746192893 0.13642857142857143 0.013959390862944161 0.011428571428571429
3 1.3261421319796953 0.13464285714285715 0.02030456852791878 0.009285714285714286
3 1.262690355329949 0.15821428571428572 0.02030456852791878 0.007857142857142858
3 1.2766497461928934 0.1575 0.017766497461928932 0.007857142857142858
3 1.28997461928934 0.1575 0.019035532994923856 0.009285714285714286
3 1.3032994923857868 0.15571428571428572 0.015228426395939085 0.007142857142857143
3 1.314720812182741 0.15428571428571428 0.017766497461928932 0.008571428571428572
3 1.3274111675126903 0.15428571428571428 0.017766497461928932 0.008571428571428572
3 1.3381979695431472 0.15357142857142858 0.019035532994923856 0.01
3 1.3496192893401013 0.15178571428571427 0.019035532994923856 0.009285714285714286
3 1.3864213197969542 0.2042857142857143 0.029187817258883246 0.008571428571428572
3 1.3381979695431472 0.2092857142857143 0.031725888324873094 0.008571428571428572
3 1.3686548223350252 0.21357142857142858 0.031725888324873094 0.007142857142857143
5 1.0520304568527918 0.19142857142857142 0.050761421319796954 0.012857142857142857
3 1.405456852791878 0.2764285714285714 0.031725888324873094 0.008571428571428572
3 1.456218274111675 0.27714285714285714 0.029187817258883246 0.008571428571428572
3 1.4340101522842639 0.2867857142857143 0.03045685279187817 0.009285714285714286
3 1.4555837563451774 0.2575 0.027918781725888322 0.007857142857142858
3 1.4340101522842639 0.24678571428571427 0.027918781725888322 0.007857142857142858
3 1.4739847715736039 0.26857142857142857 0.029187817258883246 0.008571428571428572
3 1.439720812182741 0.2725 0.029187817258883246 0.009285714285714286
3 1.428934010152284 0.2671428571428571 0.032994923857868015 0.008571428571428572
3 1.4194162436548223 0.26142857142857145 0.031725888324873094 0.007142857142857143
3 1.3769035532994922 0.22285714285714286 0.032994923857868015 0.008571428571428572
3 1.3870558375634516 0.22785714285714287 0.032994923857868015 0.008571428571428572
3 1.3965736040609136 0.2325 0.031725888324873094 0.009285714285714286
3 1.4111675126903551 0.23714285714285716 0.03045685279187817 0.007142857142857143
3 1.420685279187817 0.24142857142857144 0.029187817258883246 0.007142857142857143
3 1.4898477157360406 0.2735714285714286 0.027918781725888322 0.008571428571428572
3 1.523477157360406 0.2717857142857143 0.031725888324873094 0.010714285714285714
3 1.506979695431472 0.2639285714285714 0.031725888324873094 0.007857142857142858
3 1.5006345177664973 0.2592857142857143 0.026649746192893398 0.007142857142857143
3 1.489213197969543 0.25392857142857145 0.031725888324873094 0.007857142857142858
3 1.4758883248730963 0.24857142857142858 0.027918781725888322 0.007142857142857143
3 1.4536802030456852 0.23857142857142857 0.026649746192893398 0.007142857142857143
3 1.4422588832487309 0.23392857142857143 0.029187817258883246 0.007857142857142858
3 1.428934010152284 0.2292857142857143 0.032994923857868015 0.007142857142857143
3 1.4187817258883249 0.22428571428571428 0.027918781725888322 0.007142857142857143
3 1.4098984771573604 0.21964285714285714 0.032994923857868015 0.007857142857142858
3 1.541243654822335 0.2757142857142857 0.03426395939086294 0.011428571428571429
3 1.5044416243654821 0.2789285714285714 0.03426395939086294 0.010714285714285714
3 1.5463197969543145 0.18964285714285714 0.026649746192893398 0.010714285714285714
3 1.571700507614213 0.19857142857142857 0.026649746192893398 0.011428571428571429
3 1.5951776649746192 0.09714285714285714 0.015228426395939085 0.005714285714285714
3 1.5755076142131978 0.09107142857142857 0.016497461928934008 0.005
3 1.614213197969543 0.10321428571428572 0.015228426395939085 0.007857142857142858
3 1.5323604060913705 0.31607142857142856 0.029187817258883246 0.015
3 1.6192893401015227 0.37785714285714284 0.03807106598984771 0.01
3 1.6097715736040608 0.3682142857142857 0.03680203045685279 0.010714285714285714
3 1.5888324873096444 0.36142857142857143 0.035532994923857864 0.011428571428571429
3 1.5786802030456852 0.3532142857142857 0.04060913705583756 0.010714285714285714
3 1.5640862944162435 0.34464285714285714 0.031725888324873094 0.007857142857142858
3 1.549492385786802 0.3389285714285714 0.03807106598984771 0.009285714285714286
3 1.5310913705583755 0.33 0.03680203045685279 0.01
3 1.5158629441624365 0.3221428571428571 0.03426395939086294 0.01
4 1.6370558375634516 0.4014285714285714 0.04314720812182741 0.02142857142857143
3 1.6465736040609136 0.3867857142857143 0.04187817258883248 0.009285714285714286
3 1.6865482233502538 0.23857142857142857 0.035532994923857864 0.015714285714285715
8 1.7366751269035532 0.2542857142857143 0.049492385786802026 0.02
4 1.4689086294416243 0.045714285714285714 0.013959390862944161 0.005714285714285714
