3 0.1446700507614213 0.06 0.02030456852791878 0.02
3 0.13578680203045684 0.2075 0.02284263959390863 0.02642857142857143
3 0.23604060913705582 0.20035714285714284 0.02284263959390863 0.023571428571428573
3 0.19416243654822332 0.04 0.02030456852791878 0.02142857142857143
3 0.19606598984771573 0.2532142857142857 0.026649746192893398 0.025
4 0.1947969543147208 0.41214285714285714 0.04187817258883248 0.04
3 0.19416243654822332 0.5021428571428571 0.027918781725888322 0.03857142857142857
4 0.5983502538071066 0.04535714285714286 0.03680203045685279 0.023571428571428573
3 0.8039340101522842 0.26571428571428574 0.029187817258883246 0.024285714285714285
3 0.8261421319796953 0.2953571428571429 0.03807106598984771 0.030714285714285715
3 1.0431472081218274 0.5260714285714285 0.050761421319796954 0.04214285714285714
3 0.9530456852791878 0.3989285714285714 0.04314720812182741 0.04071428571428572
3 1.0019035532994922 0.4735714285714286 0.049492385786802026 0.04428571428571428
3 0.8826142131979695 0.43607142857142855 0.04441624365482233 0.03785714285714286
4 0.9232233502538071 0.5064285714285715 0.04187817258883248 0.047142857142857146
5 0.9543147208121827 0.4789285714285714 0.09137055837563451 0.09928571428571428
5 0.8591370558375634 0.3392857142857143 0.06091370558375634 0.06
4 0.8401015228426395 0.3742857142857143 0.04568527918781726 0.04285714285714286
9 0.14213197969543145 0.10678571428571429 0.012690355329949238 0.010714285714285714
1 0.13959390862944163 0.10642857142857143 0.0076142131979695426 0.004285714285714286
2 0.45748730964467 0.29964285714285716 0.016497461928934008 0.007857142857142858
