3 0.02 0.0125 0.0380952380952381 0.017857142857142856
3 0.2866666666666667 0.010357142857142856 0.022857142857142857 0.019285714285714285
3 0.36857142857142855 0.07035714285714285 0.022857142857142857 0.020714285714285713
4 0.3761904761904762 0.105 0.02095238095238095 0.022857142857142857
4 0.05142857142857143 0.13392857142857142 0.03428571428571429 0.035
3 0.1657142857142857 0.054285714285714284 0.0419047619047619 0.018571428571428572
3 0.16142857142857142 0.125 0.025714285714285714 0.027142857142857142
1 0.11666666666666667 0.06321428571428571 0.008571428571428572 0.009285714285714286
1 0.14333333333333334 0.16392857142857142 0.006666666666666666 0.010714285714285714
9 0.1180952380952381 0.06607142857142857 0.009523809523809525 0.016428571428571428
9 0.1442857142857143 0.16642857142857143 0.010476190476190476 0.015714285714285715
3 0.1419047619047619 0.2392857142857143 0.03428571428571429 0.03428571428571429
3 0.13714285714285715 0.28 0.0380952380952381 0.04285714285714286
3 0.13 0.325 0.039047619047619046 0.045714285714285714
3 0.3333333333333333 0.3775 0.0419047619047619 0.05357142857142857
3 0.3376190476190476 0.4692857142857143 0.05047619047619047 0.07285714285714286
3 0.11333333333333333 0.4675 0.05333333333333333 0.06642857142857143
3 0.09523809523809523 0.5539285714285714 0.05904761904761905 0.07642857142857143
4 0.3576190476190476 0.58 0.054285714285714284 0.07571428571428572
3 0.39095238095238094 0.7214285714285714 0.06380952380952382 0.055714285714285716
3 0.062380952380952384 0.7085714285714285 0.06761904761904762 0.08142857142857143
4 0.6828571428571428 0.4114285714285714 0.02857142857142857 0.03
1 0.4961904761904762 0.08785714285714286 0.005714285714285714 0.01
1 0.611904761904762 0.12642857142857142 0.006666666666666666 0.012857142857142857
1 0.6476190476190476 0.15642857142857142 0.005714285714285714 0.01
9 0.4976190476190476 0.09107142857142857 0.008571428571428572 0.015
9 0.611904761904762 0.13107142857142856 0.008571428571428572 0.017857142857142856
9 0.6476190476190476 0.16071428571428573 0.009523809523809525 0.017142857142857144
4 0.6304761904761905 0.09535714285714286 0.030476190476190476 0.030714285714285715
4 0.670952380952381 0.2032142857142857 0.04476190476190476 0.02214285714285714
3 0.5995238095238096 0.2596428571428571 0.02761904761904762 0.025
4 0.6447619047619048 0.3339285714285714 0.05523809523809524 0.04357142857142857
3 0.6919047619047619 0.3425 0.058095238095238096 0.04071428571428572
3 0.7261904761904762 0.35464285714285715 0.05619047619047619 0.04357142857142857
3 0.7457142857142857 0.38285714285714284 0.05523809523809524 0.045714285714285714
3 0.77 0.42464285714285716 0.06 0.047857142857142855
3 0.8033333333333333 0.475 0.06190476190476191 0.06
3 0.8361904761904762 0.5235714285714286 0.07238095238095238 0.06
3 0.8709523809523809 0.5732142857142857 0.08095238095238096 0.06928571428571428
3 0.9414285714285714 0.6842857142857143 0.07142857142857142 0.08714285714285715
3 0.9995238095238095 0.725 0.07333333333333333 0.04857142857142857
9 0.9833333333333333 0.6021428571428571 0.03142857142857143 0.017142857142857144
9 0.9923809523809524 0.6264285714285714 0.024761904761904763 0.012857142857142857
9 1.0171428571428571 0.6685714285714286 0.02095238095238095 0.015714285714285715
9 0.9328571428571428 0.5435714285714286 0.02 0.014285714285714285
9 0.960952380952381 0.29 0.01904761904761905 0.011428571428571429
9 0.9738095238095238 0.30642857142857144 0.02 0.01
9 0.9638095238095238 0.2985714285714286 0.017142857142857144 0.008571428571428572
9 0.9 0.23892857142857143 0.022857142857142857 0.010714285714285714
9 0.910952380952381 0.24678571428571427 0.01619047619047619 0.009285714285714286
5 0.9142857142857143 0.007857142857142858 0.047619047619047616 0.017142857142857144
3 0.960952380952381 0.004642857142857143 0.03619047619047619 0.010714285714285714
3 0.8280952380952381 0.005357142857142857 0.04666666666666667 0.010714285714285714
