2 0.1219047619047619 0.23714285714285716 0.0419047619047619 0.03142857142857143
3 0.8138095238095238 0.31 0.16095238095238096 0.05285714285714286
3 0.6538095238095238 0.40285714285714286 0.07904761904761905 0.09857142857142857
3 0.44666666666666666 0.40214285714285714 0.10285714285714286 0.10142857142857142
9 1.11 0.29714285714285715 0.07142857142857142 0.024285714285714285
3 1.026190476190476 0.3964285714285714 0.11142857142857143 0.10714285714285714
4 1.2285714285714286 0.39964285714285713 0.12571428571428572 0.11214285714285714
3 0.12523809523809523 0.4307142857142857 0.21428571428571427 0.06285714285714286
4 0.31666666666666665 0.6646428571428571 0.20285714285714285 0.1692857142857143
3 0.7604761904761905 0.6757142857142857 0.11333333333333333 0.14714285714285713
3 0.900952380952381 0.675 0.13523809523809524 0.14857142857142858
