3 0.5184010152284264 0.32035714285714284 0.029187817258883246 0.02642857142857143
3 0.4644670050761421 0.3342857142857143 0.027918781725888322 0.027142857142857142
3 0.4689086294416243 0.30392857142857144 0.026649746192893398 0.02214285714285714
3 0.4765228426395939 0.19214285714285714 0.029187817258883246 0.017142857142857144
3 0.3629441624365482 0.115 0.02030456852791878 0.011428571428571429
3 0.45368020304568524 0.095 0.019035532994923856 0.008571428571428572
3 0.49238578680203043 0.1025 0.02284263959390863 0.010714285714285714
3 0.4428934010152284 0.07785714285714286 0.02284263959390863 0.007142857142857143
3 1.0602791878172588 0.3132142857142857 0.029187817258883246 0.02214285714285714
3 1.0761421319796953 0.28 0.027918781725888322 0.022857142857142857
3 1.181472081218274 0.21892857142857142 0.02284263959390863 0.017857142857142856
3 1.1262690355329947 0.275 0.026649746192893398 0.022857142857142857
3 1.157994923857868 0.3360714285714286 0.026649746192893398 0.027857142857142858
3 1.1015228426395938 0.33714285714285713 0.03045685279187817 0.025714285714285714
3 1.1116751269035532 0.31142857142857144 0.027918781725888322 0.022857142857142857
3 1.3248730964467004 0.33035714285714285 0.032994923857868015 0.023571428571428573
3 1.3908629441624365 0.38821428571428573 0.03045685279187817 0.029285714285714286
3 1.4447969543147208 0.5475 0.049492385786802026 0.027857142857142858
5 1.1643401015228425 0.30107142857142855 0.03426395939086294 0.04357142857142857
3 1.0019035532994922 0.31642857142857145 0.029187817258883246 0.024285714285714285
3 0.6472081218274112 0.27714285714285714 0.03045685279187817 0.018571428571428572
5 0.5615482233502538 0.20357142857142857 0.031725888324873094 0.025714285714285714
3 0.18527918781725886 0.0075 0.017766497461928932 0.0064285714285714285
3 0.28109137055837563 0.0325 0.019035532994923856 0.0064285714285714285
3 0.2785532994923858 0.025357142857142856 0.019035532994923856 0.0064285714285714285
3 0.3166243654822335 0.03357142857142857 0.019035532994923856 0.007142857142857143
3 0.36548223350253806 0.04857142857142857 0.02030456852791878 0.007142857142857143
3 0.3477157360406091 0.05071428571428571 0.015228426395939085 0.007142857142857143
4 0.24048223350253806 0.02214285714285714 0.019035532994923856 0.007142857142857143
3 0.14022842639593908 0.0032142857142857142 0.016497461928934008 0.005
3 0.03362944162436548 0.0475 0.03426395939086294 0.0064285714285714285
3 0.024746192893401013 0.04607142857142857 0.026649746192893398 0.0064285714285714285
3 0.03426395939086294 0.052142857142857144 0.027918781725888322 0.007142857142857143
3 0.04758883248730964 0.0525 0.03426395939086294 0.007857142857142858
3 0.055837563451776644 0.05607142857142857 0.032994923857868015 0.007857142857142858
3 0.018401015228426396 0.23535714285714285 0.03934010152284264 0.016428571428571428
5 0.3642131979695431 0.06142857142857143 0.04568527918781726 0.018571428571428572
6 0.39213197969543145 0.2764285714285714 0.017766497461928932 0.017142857142857144
1 0.9397208121827411 0.4017857142857143 0.011421319796954314 0.012142857142857143
1 0.9194162436548222 0.3917857142857143 0.011421319796954314 0.012142857142857143
9 0.940989847715736 0.4057142857142857 0.016497461928934008 0.014285714285714285
9 0.9181472081218274 0.39464285714285713 0.016497461928934008 0.012142857142857143
5 0.7994923857868019 0.029285714285714286 0.06345177664974619 0.014285714285714285
4 0.05266497461928934 0.2860714285714286 0.06725888324873096 0.017857142857142856
3 0.042512690355329945 0.38 0.08756345177664974 0.024285714285714285
3 0.027918781725888322 0.3989285714285714 0.05837563451776649 0.02214285714285714
