3 0.6533333333333333 0.21857142857142858 0.005714285714285714 0.005714285714285714
3 0.5942857142857143 0.23392857142857143 0.0019047619047619048 0.0035714285714285713
3 0.5971428571428572 0.2307142857142857 0.0019047619047619048 0.0014285714285714286
3 0.6019047619047619 0.23 0.0038095238095238095 0.0014285714285714286
3 0.6066666666666667 0.2317857142857143 0.0038095238095238095 0.002142857142857143
3 0.5942857142857143 0.24285714285714285 0.0019047619047619048 0.002857142857142857
5 0.5895238095238096 0.25035714285714283 0.0038095238095238095 0.0035714285714285713
5 0.6214285714285714 0.25 0.004761904761904762 0.004285714285714286
3 0.5885714285714285 0.26 0.005714285714285714 0.004285714285714286
3 0.6528571428571428 0.23035714285714284 0.004761904761904762 0.005
3 0.6657142857142857 0.2282142857142857 0.007619047619047619 0.005
3 0.6761904761904762 0.21571428571428572 0.005714285714285714 0.002857142857142857
3 0.6833333333333333 0.21535714285714286 0.004761904761904762 0.005
3 0.6961904761904761 0.20964285714285713 0.007619047619047619 0.0064285714285714285
3 0.6833333333333333 0.23107142857142857 0.008571428571428572 0.0064285714285714285
3 0.6633333333333333 0.23464285714285715 0.006666666666666666 0.005
3 0.6671428571428571 0.24892857142857142 0.008571428571428572 0.0064285714285714285
3 0.7028571428571428 0.22857142857142856 0.009523809523809525 0.007142857142857143
3 0.6866666666666666 0.24857142857142858 0.009523809523809525 0.007142857142857143
3 0.6828571428571428 0.26 0.011428571428571429 0.008571428571428572
3 0.6942857142857143 0.27 0.015238095238095238 0.011428571428571429
3 0.71 0.24214285714285713 0.010476190476190476 0.008571428571428572
3 0.7261904761904762 0.2317857142857143 0.012380952380952381 0.009285714285714286
3 0.7371428571428571 0.2517857142857143 0.013333333333333332 0.010714285714285714
3 0.7509523809523809 0.23035714285714284 0.014285714285714285 0.010714285714285714
3 0.7671428571428571 0.2671428571428571 0.02 0.012857142857142857
3 0.8128571428571428 0.23607142857142857 0.018095238095238095 0.010714285714285714
3 0.7857142857142857 0.2907142857142857 0.022857142857142857 0.015714285714285715
3 0.8176190476190476 0.2664285714285714 0.025714285714285714 0.017142857142857144
3 0.8633333333333333 0.26071428571428573 0.029523809523809525 0.018571428571428572
3 0.8571428571428571 0.3117857142857143 0.03619047619047619 0.023571428571428573
3 0.7919047619047619 0.3157142857142857 0.025714285714285714 0.018571428571428572
3 0.789047619047619 0.3485714285714286 0.03142857142857143 0.022857142857142857
3 0.9142857142857143 0.40464285714285714 0.05523809523809524 0.04071428571428572
3 1.1247619047619049 0.44785714285714284 0.10476190476190476 0.06142857142857143
3 1.0795238095238096 0.5257142857142857 0.11333333333333333 0.07571428571428572
3 0.7790476190476191 0.6582142857142858 0.06857142857142857 0.07642857142857143
3 0.66 0.7 0.05904761904761905 0.07857142857142857
3 0.6076190476190476 0.6389285714285714 0.04 0.05785714285714286
3 0.7038095238095238 0.5282142857142857 0.04380952380952381 0.047857142857142855
3 0.5928571428571429 0.5557142857142857 0.029523809523809525 0.041428571428571426
3 0.62 0.5196428571428572 0.03238095238095238 0.039285714285714285
3 0.6552380952380953 0.49607142857142855 0.03238095238095238 0.03642857142857143
3 0.6933333333333334 0.4592857142857143 0.03428571428571429 0.032857142857142856
3 0.7161904761904762 0.3717857142857143 0.030476190476190476 0.027857142857142858
3 0.6719047619047619 0.4164285714285714 0.02761904761904762 0.024285714285714285
3 0.6852380952380952 0.3807142857142857 0.023809523809523808 0.022857142857142857
3 0.6761904761904762 0.3625 0.02095238095238095 0.017857142857142856
3 0.6466666666666666 0.4467857142857143 0.026666666666666665 0.029285714285714286
3 0.6166666666666667 0.4585714285714286 0.023809523809523808 0.03
3 0.6080952380952381 0.43285714285714283 0.025714285714285714 0.027142857142857142
4 0.6366666666666667 0.40785714285714286 0.02761904761904762 0.027142857142857142
3 0.6123809523809524 0.40285714285714286 0.02095238095238095 0.02
5 0.5914285714285714 0.3875 0.030476190476190476 0.02642857142857143
2 0.580952380952381 0.3653571428571429 0.007619047619047619 0.0064285714285714285
1 0.579047619047619 0.36357142857142855 0.0038095238095238095 0.002857142857142857
3 0.6423809523809524 0.38607142857142857 0.02 0.015
3 0.7061904761904761 0.3560714285714286 0.021904761904761906 0.016428571428571428
3 0.5938095238095238 0.37357142857142855 0.014285714285714285 0.012857142857142857
3 0.6723809523809524 0.3507142857142857 0.01904761904761905 0.012857142857142857
3 0.6938095238095238 0.32785714285714285 0.018095238095238095 0.015714285714285715
3 0.6666666666666666 0.34035714285714286 0.017142857142857144 0.013571428571428571
3 0.6623809523809524 0.33107142857142857 0.01619047619047619 0.013571428571428571
3 0.6604761904761904 0.32071428571428573 0.014285714285714285 0.011428571428571429
3 0.6557142857142857 0.3125 0.014285714285714285 0.010714285714285714
3 0.700952380952381 0.3389285714285714 0.01904761904761905 0.017857142857142856
3 0.6514285714285715 0.3632142857142857 0.01904761904761905 0.017857142857142856
3 0.6452380952380953 0.3485714285714286 0.018095238095238095 0.015714285714285715
3 0.628095238095238 0.37214285714285716 0.01619047619047619 0.017142857142857144
3 0.6109523809523809 0.37607142857142856 0.01619047619047619 0.016428571428571428
3 0.6042857142857143 0.35535714285714287 0.014285714285714285 0.012142857142857143
8 0.5885714285714285 0.3375 0.022857142857142857 0.023571428571428573
3 0.6071428571428571 0.33785714285714286 0.012380952380952381 0.012857142857142857
3 0.6219047619047618 0.3357142857142857 0.013333333333333332 0.012857142857142857
3 0.6390476190476191 0.3267857142857143 0.013333333333333332 0.012142857142857143
3 0.6128571428571429 0.295 0.010476190476190476 0.01
3 0.5804761904761905 0.3125 0.008571428571428572 0.007857142857142858
3 0.6042857142857143 0.3157142857142857 0.012380952380952381 0.011428571428571429
4 0.6161904761904762 0.31107142857142855 0.015238095238095238 0.012142857142857143
3 0.6295238095238095 0.29964285714285716 0.011428571428571429 0.010714285714285714
3 0.6333333333333333 0.31607142857142856 0.013333333333333332 0.012142857142857143
3 0.6195238095238095 0.32107142857142856 0.014285714285714285 0.010714285714285714
3 0.36428571428571427 0.7353571428571428 0.06571428571428571 0.027857142857142858
3 0.24571428571428572 0.7096428571428571 0.0380952380952381 0.03214285714285714
