3 0.7014285714285714 0.6892857142857143 0.3380952380952381 0.11428571428571428
3 1.2723809523809524 0.535 0.12 0.10714285714285714
3 1.2257142857142858 0.42214285714285715 0.21333333333333332 0.1
3 1.1942857142857144 0.32785714285714285 0.26476190476190475 0.09285714285714286
3 0.7019047619047619 0.5710714285714286 0.32 0.10642857142857143
3 0.6914285714285714 0.4714285714285714 0.2723809523809524 0.09142857142857143
3 0.6938095238095238 0.3889285714285714 0.22380952380952382 0.07928571428571428
3 0.6852380952380952 0.3192857142857143 0.2276190476190476 0.07
3 0.6833333333333333 0.21642857142857141 0.20666666666666667 0.054285714285714284
3 0.6819047619047619 0.16892857142857143 0.18666666666666668 0.055
3 0.6771428571428572 0.13285714285714287 0.1657142857142857 0.04
3 0.6757142857142857 0.11035714285714286 0.15142857142857144 0.047857142857142855
3 0.6738095238095239 0.08357142857142857 0.14952380952380953 0.03857142857142857
3 0.6695238095238095 0.04 0.12571428571428572 0.045714285714285714
4 0.6842857142857143 0.255 0.1819047619047619 0.07142857142857142
4 0.6652380952380952 0.013571428571428571 0.1019047619047619 0.025714285714285714
