2 0.214 0.51975 0.034666666666666665 0.0465
2 0.22933333333333333 0.48225 0.03333333333333333 0.0405
2 1.0536666666666665 0.12325 0.028666666666666667 0.0115
2 1.0556666666666665 0.11900000000000001 0.024666666666666667 0.013000000000000001
9 0.9863333333333333 0.08725000000000001 0.022 0.0095
9 0.977 0.0775 0.02333333333333333 0.013000000000000001
9 0.9676666666666667 0.04175 0.007333333333333333 0.0095
9 1.0773333333333333 0.13475 0.022666666666666665 0.0095
9 1.0976666666666666 0.14100000000000001 0.03133333333333333 0.016
9 1.3106666666666666 0.3305 0.04 0.037
2 0.9913333333333333 0.1255 0.010666666666666666 0.02
1 1.0353333333333332 0.20325000000000001 0.018666666666666665 0.0245
1 0.7976666666666666 0.07200000000000001 0.008666666666666666 0.014
9 0.7989999999999999 0.0765 0.01 0.013000000000000001
9 0.8413333333333333 0.0675 0.021333333333333333 0.014
1 0.8406666666666667 0.06325 0.010666666666666666 0.0125
1 0.5236666666666666 0.078 0.01 0.014
1 0.523 0.077 0.01 0.013000000000000001
9 0.5233333333333333 0.082 0.010666666666666666 0.016
2 0.4126666666666666 0.08225 0.008 0.0135
3 0.32866666666666666 0.34550000000000003 0.08666666666666667 0.081
3 0.39699999999999996 0.256 0.06999999999999999 0.054
3 0.421 0.1675 0.04733333333333333 0.045
3 0.46299999999999997 0.08925 0.03266666666666666 0.0265
3 0.48633333333333334 0.0425 0.02333333333333333 0.017
3 0.5776666666666667 0.04225 0.02333333333333333 0.0175
3 0.4983333333333333 0.0245 0.019333333333333334 0.014
3 0.509 0.005 0.020666666666666667 0.011
3 0.504 0.011 0.018666666666666665 0.012
4 0.4693333333333333 0.07225 0.029333333333333333 0.0265
3 0.857 0.45525 0.18733333333333332 0.0795
3 1.03 0.324 0.09999999999999999 0.059000000000000004
3 1.2343333333333333 0.32375 0.09533333333333333 0.0585
3 1.073 0.26275 0.08733333333333333 0.0445
3 1.0733333333333333 0.21875 0.052 0.0375
3 0.8776666666666666 0.16775 0.05533333333333333 0.0325
3 0.7613333333333333 0.12625 0.034666666666666665 0.0245
3 0.8756666666666666 0.10725 0.03266666666666666 0.0225
3 0.8089999999999999 0.03225 0.03133333333333333 0.0145
8 0.7296666666666667 0.027 0.04733333333333333 0.04
3 0.9106666666666666 0.06325 0.06133333333333333 0.0205
3 0.8553333333333333 0.4035 0.17866666666666667 0.067
4 0.8156666666666667 0.34400000000000003 0.16733333333333333 0.079
3 1.1556666666666666 0.26975 0.09666666666666666 0.0475
3 1.0283333333333333 0.189 0.06999999999999999 0.033
4 0.9856666666666666 0.17275000000000001 0.074 0.035500000000000004
3 0.974 0.15025 0.06266666666666666 0.029500000000000002
3 0.9583333333333333 0.12475 0.054 0.0335
3 0.9283333333333333 0.10525 0.04466666666666667 0.025500000000000002
3 0.8953333333333333 0.09075 0.03733333333333333 0.0205
3 0.875 0.08 0.03666666666666667 0.02
3 0.8566666666666667 0.07050000000000001 0.04133333333333333 0.018000000000000002
3 0.8356666666666667 0.0475 0.02733333333333333 0.019
3 0.8003333333333333 0.02475 0.024666666666666667 0.0125
4 0.7946666666666666 0.017 0.022666666666666665 0.017
3 0.779 0.012750000000000001 0.03133333333333333 0.0145
3 0.7726666666666666 0.0095 0.032 0.013000000000000001
4 0.8463333333333333 0.00525 0.04466666666666667 0.0115
3 0.8493333333333333 0.00825 0.044 0.0115
3 0.8533333333333333 0.01125 0.042666666666666665 0.0125
3 0.8616666666666667 0.0145 0.046 0.012
5 0.872 0.0195 0.048 0.016
4 0.885 0.026000000000000002 0.043333333333333335 0.016
4 0.896 0.02925 0.044 0.0155
4 0.9073333333333333 0.03325 0.052 0.0185
4 0.945 0.009000000000000001 0.04733333333333333 0.018000000000000002
3 0.96 0.01625 0.044 0.0145
3 0.9663333333333333 0.02075 0.043333333333333335 0.0155
4 0.9196666666666666 0.04 0.05533333333333333 0.018000000000000002
4 0.9319999999999999 0.0425 0.052 0.019
3 0.9099999999999999 0.0525 0.06133333333333333 0.016
