3 0.39866666666666667 0.254 0.025333333333333333 0.01
3 0.39299999999999996 0.2645 0.03266666666666666 0.011
3 0.47966666666666663 0.2405 0.02733333333333333 0.009000000000000001
3 0.474 0.3 0.03733333333333333 0.012
3 0.47833333333333333 0.31375000000000003 0.03666666666666667 0.0125
3 0.487 0.35325 0.041999999999999996 0.0135
3 0.4013333333333333 0.3765 0.03733333333333333 0.014
3 0.5966666666666667 0.38725 0.022666666666666665 0.0245
3 0.6213333333333333 0.38525 0.022666666666666665 0.0245
3 0.5796666666666667 0.43875000000000003 0.024666666666666667 0.0285
3 0.6306666666666666 0.434 0.030666666666666665 0.029
3 0.658 0.43 0.032 0.025
3 0.6829999999999999 0.42375 0.02733333333333333 0.021500000000000002
3 0.7693333333333333 0.33425 0.026666666666666665 0.0175
5 0.8063333333333333 0.306 0.035333333333333335 0.012
5 0.8173333333333334 0.31025 0.044 0.0145
3 0.8263333333333333 0.378 0.03933333333333333 0.017
3 0.737 0.3035 0.020666666666666667 0.019
3 0.8616666666666667 0.2265 0.028666666666666667 0.014
3 0.8843333333333333 0.23725000000000002 0.014 0.0145
3 0.8793333333333333 0.25075000000000003 0.014666666666666666 0.0145
3 0.8746666666666666 0.26625 0.014666666666666666 0.0125
4 0.939 0.257 0.03 0.013000000000000001
5 0.9293333333333333 0.26925 0.04533333333333333 0.0175
3 0.97 0.209 0.024 0.009000000000000001
5 0.6506666666666666 0.57725 0.05466666666666666 0.0635
5 0.6103333333333333 0.71975 0.122 0.0555
3 0.5823333333333333 0.60275 0.07133333333333333 0.029500000000000002
3 0.5626666666666666 0.5675 0.06533333333333333 0.031
3 0.5423333333333333 0.50225 0.05933333333333333 0.0235
3 0.538 0.4855 0.052 0.018000000000000002
3 0.4693333333333333 0.255 0.036 0.01
3 0.46299999999999997 0.26325 0.02733333333333333 0.0125
3 0.4686666666666667 0.281 0.030666666666666665 0.01
3 0.507 0.27425 0.03666666666666667 0.0135
3 0.48333333333333334 0.32625 0.04133333333333333 0.0125
3 0.49366666666666664 0.367 0.038 0.013000000000000001
3 0.497 0.37775000000000003 0.04733333333333333 0.0165
3 0.417 0.4055 0.022 0.025
9 0.4623333333333333 0.5885 0.01 0.019
9 0.4553333333333333 0.56125 0.008 0.0155
9 0.42433333333333334 0.588 0.018 0.012
9 0.427 0.59875 0.024666666666666667 0.0185
3 0.417 0.2225 0.02333333333333333 0.007
3 0.41466666666666663 0.23525000000000001 0.028 0.0085
4 0.41466666666666663 0.229 0.022666666666666665 0.008
4 0.48166666666666663 0.22875 0.026 0.0085
4 1.2013333333333334 0.47250000000000003 0.050666666666666665 0.021
4 1.1886666666666665 0.456 0.06 0.018000000000000002
4 1.1003333333333334 0.34425 0.054 0.0195
5 1.1516666666666666 0.40625 0.08066666666666666 0.0275
3 1.26 0.36025 0.056 0.0155
3 1.1576666666666666 0.2305 0.033999999999999996 0.011
3 1.1603333333333332 0.22 0.028666666666666667 0.011
3 1.265 0.23800000000000002 0.033999999999999996 0.013000000000000001
3 1.2186666666666666 0.23475000000000001 0.030666666666666665 0.0105
3 1.1916666666666667 0.2595 0.03933333333333333 0.011
3 1.1956666666666667 0.2675 0.041999999999999996 0.011
3 1.1943333333333332 0.2735 0.03933333333333333 0.011
3 1.2533333333333332 0.2785 0.04133333333333333 0.012
3 1.254 0.28475 0.04 0.0105
4 1.2986666666666666 0.28 0.03866666666666667 0.014
4 1.2469999999999999 0.2695 0.03133333333333333 0.012
3 1.321 0.26775 0.02333333333333333 0.0085
3 1.3246666666666667 0.275 0.016 0.009000000000000001
3 0.20199999999999999 0.18075 0.024 0.006500000000000001
3 0.214 0.18275 0.028 0.006500000000000001
3 0.21966666666666665 0.1905 0.026 0.008
3 0.20933333333333332 0.19825 0.022666666666666665 0.0075
3 0.16533333333333333 0.223 0.030666666666666665 0.009000000000000001
3 0.15 0.1875 0.024 0.008
3 0.16266666666666665 0.1935 0.028 0.009000000000000001
3 0.16266666666666665 0.19675 0.030666666666666665 0.0085
4 0.187 0.2095 0.03 0.01
4 0.219 0.1875 0.028666666666666667 0.008
4 0.16 0.18875 0.025333333333333333 0.0085
