8 0.4604761904761905 0.41928571428571426 0.11142857142857143 0.23
8 0.5366666666666666 0.0375 0.05619047619047619 0.07642857142857143
3 1.2433333333333334 0.009642857142857142 0.08666666666666667 0.020714285714285713
3 1.3147619047619048 0.1717857142857143 0.035238095238095235 0.02642857142857143
3 1.2942857142857143 0.6885714285714286 0.06857142857142857 0.10857142857142857
3 0.030952380952380953 0.665 0.06380952380952382 0.12
3 0.4847619047619048 0.7246428571428571 0.06666666666666667 0.04357142857142857
4 0.023809523809523808 0.010714285714285714 0.04 0.022857142857142857
3 0.21571428571428572 0.013214285714285715 0.039047619047619046 0.027857142857142858
3 0.045714285714285714 0.0425 0.05142857142857143 0.04928571428571429
3 0.0980952380952381 0.03892857142857143 0.05904761904761905 0.055
3 0.1461904761904762 0.03857142857142857 0.05238095238095238 0.055714285714285716
3 0.4695238095238095 0.08714285714285715 0.04380952380952381 0.05142857142857143
3 0.43666666666666665 0.2357142857142857 0.04666666666666667 0.06285714285714286
3 0.3942857142857143 0.3675 0.05333333333333333 0.07785714285714286
3 0.3171428571428571 0.6232142857142857 0.07047619047619047 0.105
3 1.072857142857143 0.6717857142857143 0.07714285714285714 0.11357142857142857
3 0.8852380952380953 0.19178571428571428 0.04476190476190476 0.05928571428571429
3 0.44047619047619047 0.15607142857142858 0.04857142857142857 0.05928571428571429
3 0.87 0.09964285714285714 0.035238095238095235 0.04928571428571429
3 0.7795238095238095 0.5178571428571429 0.054285714285714284 0.09714285714285714
3 0.1738095238095238 0.6485714285714286 0.07904761904761905 0.10142857142857142
3 1.208095238095238 0.31464285714285717 0.05238095238095238 0.06642857142857143
4 1.2033333333333334 0.22535714285714287 0.05047619047619047 0.08214285714285714
4 1.1957142857142857 0.16642857142857143 0.04285714285714286 0.05285714285714286
4 0.8157142857142857 0.2025 0.040952380952380955 0.056428571428571425
3 1.1247619047619049 0.5046428571428572 0.07428571428571429 0.09071428571428572
3 0.3076190476190476 0.7364285714285714 0.06285714285714286 0.024285714285714285
3 0.22095238095238096 0.17785714285714285 0.09142857142857143 0.03
3 0.2342857142857143 0.14892857142857144 0.08571428571428572 0.029285714285714286
3 0.2423809523809524 0.12428571428571429 0.09047619047619047 0.022857142857142857
3 0.2580952380952381 0.09857142857142857 0.08190476190476191 0.027142857142857142
3 0.27476190476190476 0.0775 0.07904761904761905 0.027857142857142858
3 0.2957142857142857 0.014642857142857143 0.09047619047619047 0.02214285714285714
3 1.2595238095238095 0.02214285714285714 0.09047619047619047 0.025714285714285714
3 1.2738095238095237 0.04178571428571429 0.08476190476190476 0.03214285714285714
4 1.2842857142857143 0.06821428571428571 0.09619047619047619 0.035
4 1.2947619047619048 0.08821428571428572 0.07523809523809524 0.030714285714285715
4 1.2557142857142858 0.5589285714285714 0.06761904761904762 0.08928571428571429
3 0.29 0.03464285714285714 0.07333333333333333 0.029285714285714286
1 0.3242857142857143 0.35964285714285715 0.021904761904761906 0.020714285714285713
1 0.4661904761904762 0.2542857142857143 0.018095238095238095 0.017142857142857144
1 0.5014285714285714 0.25142857142857145 0.018095238095238095 0.017142857142857144
9 0.32666666666666666 0.35892857142857143 0.04380952380952381 0.02642857142857143
9 0.4657142857142857 0.26071428571428573 0.015238095238095238 0.024285714285714285
2 0.5047619047619047 0.26 0.015238095238095238 0.022857142857142857
