3 0.4623809523809524 0.6867857142857143 0.24285714285714285 0.125
3 1.2380952380952381 0.665 0.18476190476190477 0.16857142857142857
3 1.299047619047619 0.26821428571428574 0.06666666666666667 0.07214285714285715
3 0.9419047619047619 0.47928571428571426 0.13333333333333333 0.16857142857142857
3 0.6323809523809524 0.5121428571428571 0.17333333333333334 0.18
3 0.7338095238095238 0.3657142857142857 0.11142857142857143 0.11285714285714285
3 0.7976190476190477 0.26107142857142857 0.10380952380952381 0.08642857142857142
3 0.8271428571428572 0.18714285714285714 0.08285714285714285 0.05142857142857143
3 0.9942857142857143 0.23035714285714284 0.0838095238095238 0.075
3 1.0985714285714285 0.22785714285714287 0.07904761904761905 0.07
3 1.0142857142857142 0.15642857142857142 0.07047619047619047 0.055714285714285716
3 1.0861904761904762 0.16357142857142856 0.07523809523809524 0.05
3 1.0823809523809524 0.12535714285714286 0.06380952380952382 0.04642857142857143
3 1.0119047619047619 0.12178571428571429 0.06571428571428571 0.04214285714285714
4 0.8847619047619047 0.09357142857142857 0.05523809523809524 0.054285714285714284
3 1.2742857142857142 0.2075 0.09714285714285714 0.05928571428571429
3 1.2476190476190476 0.16178571428571428 0.09523809523809523 0.04928571428571429
3 1.217142857142857 0.11785714285714285 0.07238095238095238 0.03857142857142857
3 1.2004761904761905 0.07964285714285714 0.06761904761904762 0.03357142857142857
3 1.1714285714285715 0.04964285714285714 0.05523809523809524 0.030714285714285715
3 1.17 0.023571428571428573 0.07714285714285714 0.024285714285714285
3 1.0152380952380953 0.09178571428571429 0.05714285714285714 0.03642857142857143
3 1.0195238095238095 0.07035714285714285 0.05047619047619047 0.03642857142857143
3 1.0085714285714287 0.0325 0.0419047619047619 0.02642857142857143
3 1.051904761904762 0.027142857142857142 0.04476190476190476 0.02857142857142857
3 0.909047619047619 0.023571428571428573 0.037142857142857144 0.03
3 0.9957142857142857 0.015357142857142857 0.035238095238095235 0.027857142857142858
3 1.0319047619047619 0.009285714285714286 0.04285714285714286 0.02
