3 1.2745825602968461 0.49817327766179537 0.0705009276437848 0.05375782881002087
3 1.1117810760667903 0.4832985386221294 0.06215213358070501 0.05323590814196242
3 0.9206864564007421 0.45511482254697283 0.05102040816326531 0.057411273486430055
3 0.9132653061224489 0.4008350730688935 0.041743970315398886 0.04801670146137787
3 0.8376623376623377 0.25652400835073064 0.04823747680890538 0.03079331941544885
3 1.0139146567717996 0.27792275574112735 0.03710575139146568 0.03496868475991649
8 0.8729128014842301 0.1346555323590814 0.04267161410018553 0.052192066805845504
3 0.9577922077922079 0.11247390396659707 0.026901669758812616 0.022442588726513567
3 0.9907235621521336 0.0889874739039666 0.0463821892393321 0.012004175365344467
3 0.8181818181818182 0.03679540709812108 0.029684601113172542 0.012004175365344467
4 0.888682745825603 0.010960334029227557 0.020408163265306124 0.01774530271398747
