3 0.7023333333333334 0.012 0.019333333333333334 0.02
3 0.7163333333333333 0.03875 0.03133333333333333 0.0185
1 0.6946666666666667 0.032 0.005333333333333333 0.009000000000000001
2 0.6953333333333334 0.0365 0.005333333333333333 0.008
3 0.648 0.07825 0.018666666666666665 0.0235
1 0.6703333333333333 0.09625 0.006 0.006500000000000001
2 0.6703333333333333 0.09975 0.006 0.0125
3 0.6506666666666666 0.12075 0.02 0.0285
3 0.5896666666666667 0.148 0.020666666666666667 0.025
3 0.645 0.15275 0.019333333333333334 0.0235
3 0.6453333333333333 0.1815 0.021333333333333333 0.028
3 0.646 0.21 0.021333333333333333 0.028
3 0.726 0.19775 0.021333333333333333 0.0275
1 0.5566666666666666 0.1785 0.004 0.006
1 0.5783333333333334 0.17350000000000002 0.006 0.008
1 0.5753333333333334 0.18025 0.008 0.0085
1 0.568 0.17250000000000001 0.006666666666666666 0.008
1 0.575 0.19725 0.008666666666666666 0.0085
3 0.5006666666666667 0.24325 0.022666666666666665 0.0345
4 0.5806666666666667 0.26425 0.026666666666666665 0.035500000000000004
3 0.84 0.098 0.029333333333333333 0.013000000000000001
3 0.8436666666666667 0.1085 0.03266666666666666 0.013000000000000001
3 0.8466666666666667 0.12125 0.036 0.0155
3 0.9923333333333333 0.267 0.033999999999999996 0.037
3 0.9706666666666667 0.3025 0.03333333333333333 0.035
3 0.9163333333333333 0.30575 0.06466666666666666 0.0235
3 0.6493333333333333 0.29175 0.029333333333333333 0.0395
3 0.7016666666666667 0.36575 0.028666666666666667 0.0425
3 0.48066666666666663 0.3965 0.03333333333333333 0.05
3 0.5633333333333334 0.433 0.025333333333333333 0.037
3 0.5536666666666666 0.5125 0.03133333333333333 0.058
5 0.5453333333333333 0.59675 0.04133333333333333 0.0995
2 0.4696666666666667 0.62475 0.019333333333333334 0.0175
3 0.6226666666666666 0.6637500000000001 0.034666666666666665 0.0735
3 0.7746666666666666 0.664 0.042666666666666665 0.065
3 0.7723333333333333 0.5745 0.03933333333333333 0.059000000000000004
4 0.759 0.487 0.038 0.06
4 0.7116666666666667 0.52675 0.03666666666666667 0.0655
3 0.629 0.51575 0.033999999999999996 0.0555
3 0.8816666666666666 0.55325 0.043333333333333335 0.0625
3 1.0743333333333334 0.611 0.09533333333333333 0.032
