3 0.5552380952380952 0.4575 0.08190476190476191 0.10928571428571429
3 1.0247619047619048 0.5003571428571428 0.14666666666666667 0.12214285714285714
3 1.1304761904761904 0.41285714285714287 0.14476190476190476 0.1
3 1.1238095238095238 0.21142857142857144 0.0838095238095238 0.04
3 1.0585714285714285 0.18035714285714285 0.06190476190476191 0.02642857142857143
3 0.9552380952380952 0.13785714285714284 0.047619047619047616 0.024285714285714285
3 0.6352380952380953 0.2382142857142857 0.05142857142857143 0.039285714285714285
3 0.5185714285714286 0.2671428571428571 0.05619047619047619 0.05142857142857143
3 0.4461904761904762 0.27464285714285713 0.05238095238095238 0.047857142857142855
3 0.5242857142857142 0.21892857142857142 0.04285714285714286 0.04071428571428572
3 1.2942857142857143 0.2825 0.06666666666666667 0.04642857142857143
3 1.2085714285714286 0.24821428571428572 0.10285714285714286 0.04357142857142857
3 0.7504761904761905 0.056428571428571425 0.01904761904761905 0.014285714285714285
3 0.7157142857142857 0.054642857142857146 0.021904761904761906 0.015
3 0.4795238095238095 0.1382142857142857 0.029523809523809525 0.02214285714285714
3 0.4514285714285714 0.12285714285714286 0.030476190476190476 0.022857142857142857
3 0.32904761904761903 0.21571428571428572 0.10952380952380952 0.03428571428571429
3 0.3457142857142857 0.2842857142857143 0.09142857142857143 0.04285714285714286
3 0.37857142857142856 0.18571428571428572 0.08857142857142856 0.022857142857142857
3 0.3880952380952381 0.16214285714285714 0.08857142857142856 0.025714285714285714
3 1.0057142857142858 0.11178571428571428 0.05523809523809524 0.016428571428571428
3 0.9914285714285714 0.10678571428571429 0.05333333333333333 0.02214285714285714
3 0.9833333333333333 0.10071428571428571 0.06571428571428571 0.02142857142857143
3 0.9766666666666667 0.09428571428571429 0.06190476190476191 0.02
3 0.9514285714285714 0.09142857142857143 0.08 0.015714285714285715
3 0.9285714285714286 0.0825 0.07238095238095238 0.025
3 0.7823809523809524 0.05607142857142857 0.01619047619047619 0.010714285714285714
3 0.4876190476190476 0.12142857142857143 0.03428571428571429 0.02142857142857143
3 1.110952380952381 0.0625 0.035238095238095235 0.010714285714285714
3 1.0928571428571427 0.060714285714285714 0.035238095238095235 0.015714285714285715
3 1.1823809523809523 0.08535714285714285 0.035238095238095235 0.019285714285714285
3 1.2404761904761905 0.7046428571428571 0.1761904761904762 0.08642857142857142
4 0.4038095238095238 0.0475 0.05142857142857143 0.012142857142857143
4 0.39904761904761904 0.05392857142857143 0.04380952380952381 0.013571428571428571
3 0.3738095238095238 0.12357142857142857 0.037142857142857144 0.024285714285714285
4 0.4938095238095238 0.15892857142857142 0.1019047619047619 0.023571428571428573
3 0.4704761904761905 0.11035714285714286 0.06857142857142857 0.016428571428571428
4 0.4419047619047619 0.10035714285714285 0.07047619047619047 0.02214285714285714
3 0.6209523809523809 0.003928571428571429 0.011428571428571429 0.007857142857142858
3 0.6657142857142857 0.011428571428571429 0.011428571428571429 0.005714285714285714
3 0.6780952380952381 0.017857142857142856 0.013333333333333332 0.01
3 0.7966666666666666 0.0625 0.023809523809523808 0.012142857142857143
1 0.7923809523809524 0.06714285714285714 0.005714285714285714 0.007142857142857143
1 0.7195238095238096 0.16857142857142857 0.014285714285714285 0.011428571428571429
1 1.1657142857142857 0.26571428571428574 0.015238095238095238 0.024285714285714285
9 1.1623809523809523 0.2739285714285714 0.03333333333333333 0.025
9 0.7180952380952381 0.17857142857142858 0.017142857142857144 0.017142857142857144
3 0.92 0.10642857142857143 0.02857142857142857 0.018571428571428572
4 0.6390476190476191 0.13214285714285715 0.03238095238095238 0.03142857142857143
9 0.3376190476190476 0.14357142857142857 0.029523809523809525 0.015714285714285715
9 0.25857142857142856 0.25214285714285717 0.04857142857142857 0.017142857142857144
9 0.24857142857142858 0.23535714285714285 0.02095238095238095 0.019285714285714285
2 0.5866666666666667 0.23642857142857143 0.011428571428571429 0.027142857142857142
1 0.68 0.09785714285714285 0.009523809523809525 0.014285714285714285
2 0.6780952380952381 0.10214285714285715 0.015238095238095238 0.008571428571428572
3 1.0709523809523809 0.07928571428571428 0.054285714285714284 0.02
3 1.1095238095238096 0.08928571428571429 0.03619047619047619 0.02142857142857143
3 1.1728571428571428 0.10571428571428572 0.058095238095238096 0.024285714285714285
3 1.1657142857142857 0.07607142857142857 0.0380952380952381 0.007857142857142858
3 1.1447619047619049 0.06964285714285715 0.0419047619047619 0.015
3 1.3171428571428572 0.11607142857142858 0.030476190476190476 0.019285714285714285
4 1.2947619047619048 0.10535714285714286 0.03333333333333333 0.023571428571428573
