3 0.5090476190476191 0.7192857142857143 0.025714285714285714 0.032857142857142856
3 0.5276190476190477 0.6378571428571429 0.03238095238095238 0.025714285714285714
3 1.0557142857142856 0.26285714285714284 0.008571428571428572 0.007142857142857143
3 1.0614285714285714 0.2557142857142857 0.010476190476190476 0.007142857142857143
3 0.2519047619047619 0.35214285714285715 0.014285714285714285 0.01
5 0.27380952380952384 0.34214285714285714 0.01619047619047619 0.015714285714285715
4 0.6385714285714286 0.15321428571428572 0.010476190476190476 0.0064285714285714285
5 0.6447619047619048 0.15 0.017142857142857144 0.007142857142857143
3 0.21904761904761905 0.1707142857142857 0.007619047619047619 0.005714285714285714
3 0.22714285714285715 0.17035714285714285 0.008571428571428572 0.005
3 0.2342857142857143 0.17107142857142857 0.007619047619047619 0.005
3 0.2419047619047619 0.17035714285714285 0.007619047619047619 0.005
3 0.24904761904761905 0.17107142857142857 0.008571428571428572 0.005
5 0.6933333333333334 0.0975 0.017142857142857144 0.0064285714285714285
5 0.8133333333333334 0.10035714285714285 0.015238095238095238 0.0064285714285714285
5 0.8242857142857143 0.10035714285714285 0.008571428571428572 0.007857142857142858
5 0.8366666666666667 0.1 0.006666666666666666 0.007142857142857143
5 0.8428571428571429 0.1 0.005714285714285714 0.007142857142857143
