1 0.47619047619047616 0.13464285714285715 0.009523809523809525 0.010714285714285714
1 0.48095238095238096 0.1492857142857143 0.009523809523809525 0.008571428571428572
9 0.4766666666666667 0.13535714285714287 0.025714285714285714 0.007857142857142858
3 0.5038095238095238 0.06142857142857143 0.047619047619047616 0.032857142857142856
3 0.6490476190476191 0.01607142857142857 0.05619047619047619 0.025
3 0.6461904761904762 0.03785714285714286 0.06 0.024285714285714285
3 0.6466666666666666 0.06 0.06476190476190476 0.025714285714285714
4 0.6247619047619047 0.11 0.06095238095238095 0.027142857142857142
4 0.6314285714285715 0.08571428571428572 0.06476190476190476 0.027142857142857142
4 0.6261904761904762 0.13285714285714287 0.054285714285714284 0.025714285714285714
4 0.6833333333333333 0.1632142857142857 0.06190476190476191 0.029285714285714286
3 0.6071428571428571 0.15535714285714286 0.06190476190476191 0.027857142857142858
5 1.07 0.03571428571428571 0.02761904761904762 0.047142857142857146
8 1.1328571428571428 0.017142857142857144 0.04857142857142857 0.03571428571428571
5 1.01 0.21107142857142858 0.09619047619047619 0.03785714285714286
4 0.9628571428571429 0.2617857142857143 0.05904761904761905 0.02642857142857143
3 0.9242857142857143 0.20464285714285715 0.06 0.02642857142857143
3 0.8519047619047619 0.1925 0.06190476190476191 0.02642857142857143
3 0.8114285714285714 0.24071428571428571 0.05904761904761905 0.027142857142857142
3 0.7738095238095238 0.205 0.06380952380952382 0.025714285714285714
3 0.7323809523809524 0.23 0.07047619047619047 0.02857142857142857
3 0.6504761904761904 0.22428571428571428 0.06476190476190476 0.024285714285714285
3 0.6133333333333333 0.2785714285714286 0.06666666666666667 0.025714285714285714
3 0.6042857142857143 0.3357142857142857 0.07142857142857142 0.025714285714285714
4 0.6009523809523809 0.3846428571428571 0.05904761904761905 0.025
4 0.590952380952381 0.4075 0.06 0.02214285714285714
9 1.0723809523809524 0.4367857142857143 0.013333333333333332 0.017857142857142856
1 1.0723809523809524 0.4367857142857143 0.013333333333333332 0.009285714285714286
3 1.2666666666666666 0.6767857142857143 0.04 0.05928571428571429
3 0.5161904761904762 0.735 0.0761904761904762 0.02857142857142857
3 0.5433333333333333 0.6860714285714286 0.07714285714285714 0.039285714285714285
4 0.4552380952380952 0.7242857142857143 0.04380952380952381 0.05
9 0.34285714285714286 0.7382142857142857 0.022857142857142857 0.016428571428571428
9 0.33904761904761904 0.7207142857142858 0.03238095238095238 0.017142857142857144
9 0.36714285714285716 0.6253571428571428 0.02761904761904762 0.013571428571428571
4 0.3919047619047619 0.68 0.039047619047619046 0.05
4 0.5538095238095239 0.6475 0.08476190476190476 0.029285714285714286
3 0.5466666666666666 0.6110714285714286 0.07428571428571429 0.030714285714285715
3 0.5595238095238095 0.5732142857142857 0.07714285714285714 0.029285714285714286
3 0.5619047619047619 0.5396428571428571 0.07238095238095238 0.027857142857142858
4 0.5585714285714286 0.5028571428571429 0.06190476190476191 0.022857142857142857
3 0.5676190476190476 0.4717857142857143 0.07809523809523809 0.027857142857142858
3 0.5666666666666667 0.44035714285714284 0.06857142857142857 0.02642857142857143
1 0.4238095238095238 0.4392857142857143 0.013333333333333332 0.005714285714285714
9 0.4066666666666667 0.40035714285714286 0.030476190476190476 0.007857142857142858
3 0.4361904761904762 0.38035714285714284 0.07428571428571429 0.02642857142857143
9 0.43666666666666665 0.2982142857142857 0.012380952380952381 0.017857142857142856
9 0.4357142857142857 0.32 0.018095238095238095 0.015714285714285715
1 0.5514285714285714 0.3607142857142857 0.011428571428571429 0.007142857142857143
1 0.55 0.4185714285714286 0.010476190476190476 0.007142857142857143
