3 0.5543333333333333 0.0022500000000000003 0.008666666666666666 0.0055
3 0.6633333333333333 0.08 0.016 0.013000000000000001
3 0.692 0.14425 0.024 0.0195
3 0.7726666666666666 0.24175 0.04 0.025500000000000002
3 0.7596666666666666 0.28200000000000003 0.043333333333333335 0.034
3 0.2896666666666667 0.5935 0.07666666666666666 0.089
3 0.45999999999999996 0.5700000000000001 0.06266666666666666 0.09
3 0.5599999999999999 0.5555 0.064 0.094
4 0.6393333333333333 0.54925 0.056 0.1015
4 0.7866666666666666 0.53125 0.08133333333333333 0.10250000000000001
5 0.719 0.53925 0.074 0.1265
4 0.5003333333333333 0.44025000000000003 0.102 0.0475
3 0.07166666666666667 0.32275 0.09133333333333334 0.0235
3 0.06833333333333333 0.34800000000000003 0.09266666666666666 0.031
3 0.012666666666666666 0.264 0.026666666666666665 0.025
3 1.2816666666666667 0.22875 0.078 0.0275
3 1.2363333333333333 0.7225 0.19266666666666665 0.052000000000000005
4 0.7326666666666667 0.1925 0.032 0.027
4 0.6006666666666667 0.26225 0.034666666666666665 0.0335
4 0.653 0.1 0.018 0.017
4 0.65 0.0895 0.014666666666666666 0.013000000000000001
4 0.6183333333333333 0.11275 0.03666666666666667 0.0165
4 0.626 0.07425 0.018666666666666665 0.0155
4 0.5523333333333333 0.0585 0.014 0.014
4 0.5703333333333334 0.05775 0.014 0.0125
3 0.5973333333333333 0.0665 0.03333333333333333 0.012
3 0.512 0.07975 0.024 0.0115
3 0.5736666666666667 0.027 0.026 0.01
3 0.6806666666666666 0.13175 0.024 0.0185
3 0.7163333333333333 0.178 0.03133333333333333 0.02
6 0.7063333333333333 0.27625 0.03133333333333333 0.029500000000000002
1 0.7443333333333333 0.35175 0.020666666666666667 0.0225
1 0.764 0.31725000000000003 0.012 0.0115
1 0.5343333333333333 0.15975 0.012666666666666666 0.0125
1 0.5206666666666666 0.15825 0.010666666666666666 0.0155
3 0.508 0.06425 0.013333333333333332 0.0135
2 0.613 0.1795 0.03 0.015
9 0.7196666666666667 0.13525 0.012666666666666666 0.0115
3 0.5906666666666667 0.0905 0.036 0.011
3 0.594 0.0965 0.04133333333333333 0.012
3 0.5946666666666667 0.10275000000000001 0.04 0.0135
1 0.5756666666666667 0.147 0.01 0.013000000000000001
9 0.6803333333333333 0.17350000000000002 0.022 0.011
6 0.9886666666666666 0.47075 0.09733333333333333 0.0305
3 0.6046666666666667 0.035 0.013333333333333332 0.01
3 0.6033333333333333 0.04075 0.022666666666666665 0.0095
