3 0.05466666666666666 0.5845 0.06933333333333333 0.024
3 0.10966666666666666 0.5690000000000001 0.03933333333333333 0.027
3 0.15666666666666665 0.56375 0.048 0.0345
3 0.19166666666666665 0.5630000000000001 0.05533333333333333 0.035
3 0.23233333333333334 0.55925 0.05933333333333333 0.0315
2 0.3983333333333333 0.56675 0.02333333333333333 0.0095
1 0.39899999999999997 0.56325 0.011333333333333332 0.0135
9 0.4533333333333333 0.57425 0.02 0.0115
1 0.4553333333333333 0.5710000000000001 0.012 0.013000000000000001
3 0.5549999999999999 0.731 0.08066666666666666 0.034
3 0.102 0.52025 0.026666666666666665 0.025500000000000002
3 0.12633333333333333 0.519 0.02733333333333333 0.031
3 0.29333333333333333 0.4945 0.02 0.025
3 0.323 0.495 0.022 0.025
3 0.35133333333333333 0.4915 0.018666666666666665 0.02
3 0.348 0.47200000000000003 0.017333333333333333 0.022
3 0.32266666666666666 0.47475 0.02 0.0195
3 0.29733333333333334 0.47450000000000003 0.02 0.017
3 0.354 0.44825 0.017333333333333333 0.0155
1 0.5993333333333333 0.4235 0.006666666666666666 0.01
2 0.5996666666666667 0.4265 0.01 0.01
3 0.5566666666666666 0.37975000000000003 0.018666666666666665 0.0135
3 0.419 0.16725 0.006 0.0045000000000000005
3 0.43133333333333335 0.17025 0.005333333333333333 0.0035
3 0.43166666666666664 0.16675 0.004666666666666666 0.0035
3 0.4076666666666667 0.17400000000000002 0.004666666666666666 0.003
3 0.40499999999999997 0.1685 0.004666666666666666 0.003
3 0.40399999999999997 0.1705 0.005333333333333333 0.003
3 0.4023333333333333 0.17250000000000001 0.004666666666666666 0.003
3 0.3993333333333333 0.17725 0.005333333333333333 0.0035
3 0.408 0.1875 0.006666666666666666 0.004
3 0.39499999999999996 0.184 0.004666666666666666 0.004
3 0.4003333333333333 0.19775 0.007333333333333333 0.0045000000000000005
3 0.39566666666666667 0.19025 0.006 0.0045000000000000005
3 0.3873333333333333 0.1945 0.005333333333333333 0.004
5 0.41233333333333333 0.16175 0.016666666666666666 0.0045000000000000005
3 0.3913333333333333 0.23225 0.008 0.0055
3 0.37066666666666664 0.2175 0.008 0.005
3 0.36333333333333334 0.228 0.006666666666666666 0.005
3 0.363 0.2315 0.007333333333333333 0.004
3 0.37566666666666665 0.256 0.008666666666666666 0.006
3 0.40399999999999997 0.26825 0.010666666666666666 0.0075
3 0.36633333333333334 0.27475 0.008666666666666666 0.006500000000000001
3 0.36666666666666664 0.26825 0.009333333333333332 0.0055
3 0.375 0.29425 0.016666666666666666 0.0095
4 0.37666666666666665 0.30175 0.016 0.0105
3 0.38866666666666666 0.30975 0.017333333333333333 0.0095
1 0.43866666666666665 0.271 0.0026666666666666666 0.004
9 0.438 0.27325 0.004 0.0045000000000000005
4 0.3783333333333333 0.315 0.026 0.01
3 0.3783333333333333 0.32375 0.014 0.0125
3 0.386 0.334 0.022666666666666665 0.012
3 0.3863333333333333 0.3545 0.015333333333333332 0.012
3 0.591 0.34725 0.03266666666666666 0.0105
3 0.5876666666666667 0.3425 0.028666666666666667 0.008
3 0.6113333333333333 0.3375 0.013333333333333332 0.013000000000000001
3 0.627 0.343 0.018 0.01
3 0.6583333333333333 0.34125 0.03 0.0095
3 0.6503333333333333 0.33675 0.028666666666666667 0.0085
4 0.6696666666666666 0.32625 0.015333333333333332 0.0125
3 0.6823333333333333 0.3265 0.015333333333333332 0.008
3 0.6916666666666667 0.33275 0.019333333333333334 0.0105
3 0.6993333333333334 0.32325 0.006666666666666666 0.0095
3 0.6729999999999999 0.35225 0.03 0.0085
3 0.6799999999999999 0.356 0.032 0.01
4 0.7006666666666667 0.366 0.026666666666666665 0.014
3 0.719 0.3725 0.03266666666666666 0.011
3 0.7216666666666667 0.38375000000000004 0.020666666666666667 0.0115
3 0.738 0.39475 0.022666666666666665 0.0165
3 0.7576666666666666 0.40850000000000003 0.02733333333333333 0.015
3 0.78 0.42275 0.029333333333333333 0.0175
3 0.8089999999999999 0.434 0.02333333333333333 0.018000000000000002
3 0.7626666666666666 0.44025000000000003 0.021333333333333333 0.0185
3 0.741 0.45225 0.04733333333333333 0.0155
3 0.6936666666666667 0.4525 0.04466666666666667 0.016
3 0.7043333333333333 0.4605 0.04733333333333333 0.015
3 0.7166666666666667 0.46875 0.04666666666666666 0.0175
3 0.778 0.45525 0.029333333333333333 0.0185
3 0.774 0.47025 0.02 0.0245
3 0.8036666666666666 0.47075 0.03 0.0185
3 0.8253333333333333 0.4665 0.032 0.018000000000000002
3 0.837 0.4465 0.04066666666666666 0.018000000000000002
3 0.8493333333333333 0.436 0.04533333333333333 0.015
3 0.9226666666666666 0.428 0.034666666666666665 0.012
3 0.955 0.42475 0.02733333333333333 0.0145
3 0.977 0.4195 0.03933333333333333 0.016
3 1.004 0.464 0.048 0.018000000000000002
3 0.9486666666666667 0.45175 0.03733333333333333 0.0175
3 0.9733333333333333 0.44975 0.03333333333333333 0.0155
3 0.9976666666666666 0.447 0.035333333333333335 0.019
3 1.021 0.446 0.03666666666666667 0.018000000000000002
3 1.0446666666666666 0.44325000000000003 0.04 0.0175
3 1.0613333333333332 0.44125000000000003 0.03866666666666667 0.0175
3 1.0876666666666666 0.42375 0.04733333333333333 0.0135
3 1.1843333333333332 0.44325000000000003 0.04466666666666667 0.0165
3 1.1346666666666667 0.424 0.042666666666666665 0.014
3 1.1733333333333333 0.41825 0.03866666666666667 0.0125
3 1.1413333333333333 0.4055 0.044 0.016
3 1.1006666666666667 0.40775 0.021333333333333333 0.0135
3 1.1906666666666665 0.40275 0.03733333333333333 0.0145
3 1.2429999999999999 0.41200000000000003 0.038 0.012
3 1.2123333333333333 0.41600000000000004 0.03933333333333333 0.011
3 1.2946666666666666 0.502 0.052 0.022
1 1.2229999999999999 0.47950000000000004 0.008666666666666666 0.012
2 1.2213333333333334 0.48225 0.016 0.0085
3 1.248 0.45325 0.04666666666666666 0.0135
3 1.269 0.43725 0.048666666666666664 0.0145
3 1.2833333333333332 0.40825 0.04133333333333333 0.0125
3 1.2243333333333333 0.39775 0.043333333333333335 0.0135
3 1.2306666666666666 0.39325 0.04133333333333333 0.0105
3 1.25 0.38275000000000003 0.042666666666666665 0.0145
3 1.29 0.3805 0.04 0.014
3 1.3033333333333332 0.3865 0.04666666666666666 0.012
3 1.3236666666666665 0.38125000000000003 0.018 0.0095
3 1.3206666666666667 0.40800000000000003 0.024 0.02
3 1.314 0.43075 0.03733333333333333 0.0175
3 1.0486666666666666 0.5145 0.04933333333333333 0.019
3 0.9983333333333333 0.58 0.06333333333333332 0.025
3 1.1466666666666667 0.6115 0.06133333333333333 0.025
3 1.1396666666666666 0.642 0.06866666666666667 0.025
3 1.2493333333333332 0.6045 0.06533333333333333 0.026000000000000002
3 1.3003333333333333 0.583 0.057999999999999996 0.023
3 0.8343333333333333 0.6895 0.074 0.03
3 0.8083333333333333 0.6625 0.06333333333333332 0.026000000000000002
3 0.818 0.5715 0.06266666666666666 0.025
2 0.898 0.48575 0.017333333333333333 0.0075
1 0.896 0.48175 0.005333333333333333 0.0105
3 0.8476666666666667 0.465 0.02733333333333333 0.02
3 0.018 0.6845 0.03733333333333333 0.03
3 0.7103333333333333 0.74025 0.048666666666666664 0.0185
3 0.6343333333333333 0.30175 0.026 0.0095
3 0.6669999999999999 0.30525 0.02733333333333333 0.0085
3 0.584 0.31375000000000003 0.025333333333333333 0.0075
3 0.6466666666666666 0.332 0.032 0.009000000000000001
3 0.6976666666666667 0.35125 0.01 0.0095
3 0.6636666666666666 0.37225 0.020666666666666667 0.0135
3 0.6769999999999999 0.383 0.022 0.012
3 0.6923333333333334 0.394 0.026 0.02
3 0.71 0.40875 0.024 0.0135
3 0.9983333333333333 0.41350000000000003 0.041999999999999996 0.017
3 1.0143333333333333 0.40700000000000003 0.046 0.019
3 1.0546666666666666 0.459 0.04933333333333333 0.016
3 0.45499999999999996 0.25225000000000003 0.007333333333333333 0.0075
3 0.44966666666666666 0.24275 0.014 0.0115
3 0.444 0.2315 0.012 0.01
3 0.442 0.222 0.009333333333333332 0.009000000000000001
5 0.48933333333333334 0.28875 0.008 0.0085
5 0.4713333333333333 0.2805 0.008 0.008
