3 0.07095238095238095 0.10678571428571429 0.010476190476190476 0.010714285714285714
3 0.08095238095238096 0.10678571428571429 0.011428571428571429 0.010714285714285714
3 0.09047619047619047 0.10678571428571429 0.013333333333333332 0.009285714285714286
3 0.10333333333333333 0.10678571428571429 0.012380952380952381 0.010714285714285714
3 0.13904761904761906 0.15071428571428572 0.015238095238095238 0.008571428571428572
4 0.1357142857142857 0.15535714285714286 0.021904761904761906 0.007857142857142858
3 0.13428571428571429 0.16107142857142856 0.01904761904761905 0.007857142857142858
9 0.23476190476190475 0.2785714285714286 0.010476190476190476 0.004285714285714286
1 0.2342857142857143 0.2764285714285714 0.005714285714285714 0.005714285714285714
5 0.2638095238095238 0.32071428571428573 0.0380952380952381 0.02
3 0.7666666666666667 0.45321428571428574 0.030476190476190476 0.015
3 1.0861904761904762 0.5428571428571428 0.03333333333333333 0.015714285714285715
3 0.92 0.3889285714285714 0.013333333333333332 0.016428571428571428
3 0.8123809523809524 0.3107142857142857 0.011428571428571429 0.014285714285714285
3 0.8671428571428571 0.2785714285714286 0.014285714285714285 0.017142857142857144
3 0.8971428571428571 0.3417857142857143 0.011428571428571429 0.017857142857142856
3 0.8828571428571429 0.3267857142857143 0.011428571428571429 0.017857142857142856
4 0.9257142857142857 0.3535714285714286 0.011428571428571429 0.017142857142857144
3 0.94 0.36142857142857143 0.015238095238095238 0.015714285714285715
3 0.9571428571428572 0.3657142857142857 0.011428571428571429 0.014285714285714285
3 0.969047619047619 0.37035714285714283 0.012380952380952381 0.017857142857142856
3 0.9838095238095238 0.3732142857142857 0.011428571428571429 0.016428571428571428
3 1.000952380952381 0.3775 0.013333333333333332 0.017857142857142856
3 0.7366666666666667 0.24214285714285713 0.012380952380952381 0.015714285714285715
3 0.770952380952381 0.2978571428571429 0.010476190476190476 0.014285714285714285
3 0.7842857142857143 0.2975 0.010476190476190476 0.016428571428571428
3 0.7971428571428572 0.29678571428571426 0.009523809523809525 0.015
3 1.1528571428571428 0.43642857142857144 0.018095238095238095 0.018571428571428572
3 1.1738095238095239 0.4407142857142857 0.01619047619047619 0.02
3 1.1890476190476191 0.4442857142857143 0.018095238095238095 0.02
5 1.0266666666666666 0.5014285714285714 0.11238095238095239 0.041428571428571426
