5 0.5469999999999999 0.56375 0.09933333333333333 0.1915
3 0.9079999999999999 0.52275 0.10133333333333333 0.08750000000000001
1 0.7929999999999999 0.40025 0.007333333333333333 0.0135
5 0.8273333333333333 0.354 0.07066666666666667 0.047
4 0.7793333333333333 0.32925 0.04666666666666666 0.0415
5 0.6556666666666666 0.41375 0.066 0.0815
6 0.6453333333333333 0.35225 0.044 0.0465
1 0.6709999999999999 0.35000000000000003 0.006 0.01
1 0.6829999999999999 0.33025 0.008666666666666666 0.0165
2 0.6829999999999999 0.3355 0.008666666666666666 0.015
3 0.6966666666666667 0.298 0.03866666666666667 0.031
1 0.6416666666666666 0.29325 0.011333333333333332 0.0115
5 0.7216666666666667 0.2565 0.038 0.031
3 0.6693333333333333 0.25975 0.034666666666666665 0.0285
4 0.58 0.2645 0.07733333333333334 0.03
5 0.589 0.22375 0.06066666666666667 0.021500000000000002
3 0.5576666666666666 0.20750000000000002 0.026 0.021
3 0.6616666666666666 0.191 0.02333333333333333 0.017
3 0.6333333333333333 0.179 0.018666666666666665 0.015
3 0.6586666666666666 0.17350000000000002 0.02 0.013000000000000001
3 0.602 0.1875 0.02 0.016
2 0.6223333333333333 0.19675 0.006 0.0105
1 0.6223333333333333 0.1935 0.007333333333333333 0.012
4 0.5586666666666666 0.15175 0.014666666666666666 0.0155
4 0.5549999999999999 0.14175000000000001 0.012666666666666666 0.0145
4 0.5486666666666666 0.12725 0.024 0.0105
4 0.5623333333333334 0.1315 0.011333333333333332 0.011
4 0.538 0.12375 0.022666666666666665 0.0095
3 0.5216666666666666 0.12 0.026 0.008
3 0.498 0.12475 0.026666666666666665 0.0075
3 0.5916666666666667 0.11775000000000001 0.018 0.0105
9 0.605 0.1445 0.006 0.007
1 0.6046666666666667 0.14200000000000002 0.004 0.008
