3 0.4676190476190476 0.09678571428571428 0.0380952380952381 0.03357142857142857
3 0.43 0.1425 0.037142857142857144 0.039285714285714285
3 0.3919047619047619 0.18321428571428572 0.04666666666666667 0.039285714285714285
3 0.4895238095238095 0.0575 0.03619047619047619 0.03214285714285714
3 0.28095238095238095 0.3196428571428571 0.06476190476190476 0.04642857142857143
4 0.23333333333333334 0.3514285714285714 0.05714285714285714 0.05
9 0.12428571428571429 0.41714285714285715 0.037142857142857144 0.02
9 0.03666666666666667 0.5017857142857143 0.03142857142857143 0.02214285714285714
9 0.01380952380952381 0.5403571428571429 0.025714285714285714 0.016428571428571428
3 0.17476190476190476 0.7314285714285714 0.12095238095238095 0.03571428571428571
3 0.21285714285714286 0.6903571428571429 0.11904761904761904 0.045
3 0.23952380952380953 0.6392857142857142 0.11714285714285715 0.05
3 0.26904761904761904 0.5907142857142857 0.11714285714285715 0.06
3 0.3109523809523809 0.5460714285714285 0.1019047619047619 0.04642857142857143
3 0.3333333333333333 0.5057142857142857 0.09714285714285714 0.04428571428571428
3 0.3485714285714286 0.4735714285714286 0.08571428571428572 0.04285714285714286
3 0.379047619047619 0.43357142857142855 0.09714285714285714 0.047142857142857146
3 0.3980952380952381 0.40214285714285714 0.09523809523809523 0.041428571428571426
3 0.42238095238095236 0.37142857142857144 0.09047619047619047 0.04285714285714286
3 0.4523809523809524 0.34464285714285714 0.09142857142857143 0.035
4 0.4666666666666667 0.3117857142857143 0.07809523809523809 0.03214285714285714
4 0.48904761904761906 0.2907142857142857 0.07714285714285714 0.03142857142857143
3 0.5066666666666667 0.2639285714285714 0.08 0.02642857142857143
3 0.5161904761904762 0.2417857142857143 0.07238095238095238 0.029285714285714286
3 0.5385714285714286 0.21857142857142858 0.07333333333333333 0.03142857142857143
3 0.5538095238095239 0.19714285714285715 0.07333333333333333 0.03142857142857143
3 0.56 0.18178571428571427 0.06857142857142857 0.030714285714285715
3 0.5666666666666667 0.16535714285714287 0.06285714285714286 0.023571428571428573
3 0.5828571428571429 0.14857142857142858 0.06857142857142857 0.027142857142857142
3 0.5876190476190476 0.12964285714285714 0.05904761904761905 0.027857142857142858
3 0.5947619047619047 0.11464285714285714 0.058095238095238096 0.02642857142857143
3 0.6209523809523809 0.08428571428571428 0.05523809523809524 0.025714285714285714
3 0.6252380952380953 0.07035714285714285 0.04857142857142857 0.020714285714285713
4 0.6342857142857142 0.05785714285714286 0.047619047619047616 0.022857142857142857
3 0.6704761904761904 0.026071428571428572 0.045714285714285714 0.017857142857142856
3 0.6804761904761905 0.015357142857142857 0.054285714285714284 0.019285714285714285
3 0.6904761904761905 0.005357142857142857 0.04380952380952381 0.010714285714285714
9 0.5547619047619048 0.07892857142857143 0.008571428571428572 0.017857142857142856
1 0.5557142857142857 0.07321428571428572 0.008571428571428572 0.010714285714285714
3 0.7233333333333334 0.11964285714285715 0.035238095238095235 0.03642857142857143
3 0.7038095238095238 0.155 0.04 0.04
3 0.71 0.5889285714285715 0.058095238095238096 0.09071428571428572
3 0.7761904761904762 0.6425 0.06285714285714286 0.10214285714285715
3 0.7976190476190477 0.5546428571428571 0.04666666666666667 0.07214285714285715
3 0.8171428571428572 0.4585714285714286 0.049523809523809526 0.07142857142857142
3 0.83 0.38821428571428573 0.04857142857142857 0.056428571428571425
3 0.7414285714285714 0.4521428571428571 0.05238095238095238 0.07857142857142857
3 0.7604761904761905 0.3475 0.04476190476190476 0.055
3 0.7785714285714286 0.27464285714285713 0.035238095238095235 0.05071428571428571
3 0.8461904761904762 0.31285714285714283 0.040952380952380955 0.05
3 0.8571428571428571 0.25535714285714284 0.0419047619047619 0.04642857142857143
3 0.8447619047619047 0.20142857142857143 0.05904761904761905 0.04428571428571428
3 0.7914285714285715 0.145 0.0419047619047619 0.032857142857142856
3 0.7576190476190476 0.12964285714285714 0.03333333333333333 0.03785714285714286
3 0.7938095238095239 0.06035714285714286 0.03142857142857143 0.03357142857142857
3 0.840952380952381 0.07964285714285714 0.03619047619047619 0.029285714285714286
3 0.7652380952380953 0.02857142857142857 0.029523809523809525 0.03
4 0.8223809523809524 0.010714285714285714 0.025714285714285714 0.022857142857142857
3 0.7761904761904762 0.0067857142857142855 0.024761904761904763 0.015
3 0.8857142857142857 0.008571428571428572 0.024761904761904763 0.017142857142857144
3 0.9214285714285714 0.01 0.02761904761904762 0.018571428571428572
3 0.9133333333333333 0.041428571428571426 0.030476190476190476 0.02857142857142857
3 0.9042857142857142 0.07035714285714285 0.029523809523809525 0.029285714285714286
3 0.8947619047619048 0.10607142857142857 0.03333333333333333 0.030714285714285715
3 0.8871428571428571 0.13892857142857143 0.025714285714285714 0.030714285714285715
3 0.8790476190476191 0.1717857142857143 0.03428571428571429 0.03785714285714286
3 1.0480952380952382 0.012142857142857143 0.04476190476190476 0.017142857142857144
4 1.0523809523809524 0.05678571428571429 0.024761904761904763 0.030714285714285715
3 1.05 0.0875 0.025714285714285714 0.02214285714285714
9 1.2461904761904763 0.09214285714285714 0.008571428571428572 0.015714285714285715
9 1.262857142857143 0.09535714285714286 0.005714285714285714 0.016428571428571428
9 1.2733333333333334 0.09678571428571428 0.007619047619047619 0.015
9 1.286190476190476 0.09892857142857144 0.006666666666666666 0.013571428571428571
9 1.2242857142857142 0.08928571428571429 0.008571428571428572 0.014285714285714285
9 1.2123809523809523 0.08857142857142856 0.011428571428571429 0.015714285714285715
