3 0.8447619047619047 0.5385714285714286 0.08190476190476191 0.10857142857142857
5 0.8952380952380953 0.365 0.0838095238095238 0.10857142857142857
4 0.9180952380952381 0.3082142857142857 0.045714285714285714 0.047857142857142855
3 0.9238095238095239 0.23214285714285715 0.0419047619047619 0.04285714285714286
4 0.5147619047619048 0.29285714285714287 0.06761904761904762 0.06142857142857143
4 0.5833333333333334 0.22607142857142856 0.058095238095238096 0.052142857142857144
5 0.6304761904761905 0.17821428571428571 0.0761904761904762 0.062142857142857146
5 0.6823809523809524 0.12178571428571429 0.08476190476190476 0.07071428571428572
2 1.0609523809523809 0.3575 0.0419047619047619 0.019285714285714285
3 0.8180952380952381 0.09642857142857143 0.03428571428571429 0.027142857142857142
4 0.9614285714285714 0.08142857142857143 0.025714285714285714 0.025714285714285714
5 0.9538095238095238 0.05 0.06952380952380953 0.037142857142857144
3 0.9128571428571428 0.02142857142857143 0.025714285714285714 0.018571428571428572
5 0.8433333333333334 0.0125 0.037142857142857144 0.02642857142857143
5 0.7409523809523809 0.07464285714285715 0.049523809523809526 0.04071428571428572
5 0.7647619047619048 0.04357142857142857 0.05904761904761905 0.055714285714285716
5 0.7961904761904762 0.019285714285714285 0.05142857142857143 0.04
3 0.35904761904761906 0.4442857142857143 0.10095238095238095 0.08285714285714285
1 0.9838095238095238 0.48678571428571427 0.030476190476190476 0.020714285714285713
9 1.0195238095238095 0.5207142857142857 0.02761904761904762 0.037142857142857144
9 1.016190476190476 0.7310714285714286 0.0419047619047619 0.03642857142857143
