4 0.88 0.6292857142857143 0.049523809523809526 0.05857142857142857
4 0.7171428571428572 0.22107142857142856 0.009523809523809525 0.007857142857142858
4 0.7228571428571429 0.24071428571428571 0.009523809523809525 0.008571428571428572
3 0.7542857142857143 0.22535714285714287 0.009523809523809525 0.007857142857142858
3 0.638095238095238 0.25107142857142856 0.011428571428571429 0.009285714285714286
3 0.6295238095238095 0.17785714285714285 0.007619047619047619 0.005714285714285714
3 0.5442857142857143 0.2710714285714286 0.018095238095238095 0.010714285714285714
3 0.68 0.37785714285714284 0.01904761904761905 0.02142857142857143
5 0.638095238095238 0.19178571428571428 0.013333333333333332 0.020714285714285713
5 0.6580952380952381 0.16178571428571428 0.013333333333333332 0.016428571428571428
5 0.6233333333333333 0.16892857142857143 0.010476190476190476 0.015
5 0.6457142857142857 0.31214285714285717 0.017142857142857144 0.027142857142857142
3 0.7495238095238095 0.22071428571428572 0.009523809523809525 0.005714285714285714
3 0.3395238095238095 0.43785714285714283 0.05619047619047619 0.017142857142857144
3 0.35333333333333333 0.42178571428571426 0.04380952380952381 0.012142857142857143
1 0.6547619047619048 0.5025 0.010476190476190476 0.012142857142857143
9 0.6538095238095238 0.5042857142857143 0.010476190476190476 0.02
3 0.6676190476190477 0.11642857142857142 0.0038095238095238095 0.004285714285714286
3 0.6738095238095239 0.11535714285714285 0.004761904761904762 0.0035714285714285713
3 0.6795238095238095 0.13535714285714287 0.004761904761904762 0.0035714285714285713
5 0.6785714285714286 0.13035714285714287 0.006666666666666666 0.007857142857142858
5 0.6742857142857143 0.12428571428571429 0.005714285714285714 0.005714285714285714
3 0.6309523809523809 0.12642857142857142 0.004761904761904762 0.002857142857142857
3 0.6319047619047619 0.14821428571428572 0.006666666666666666 0.0035714285714285713
3 0.6219047619047618 0.15 0.005714285714285714 0.004285714285714286
3 0.6104761904761905 0.14892857142857144 0.007619047619047619 0.0035714285714285713
8 0.6319047619047619 0.1432142857142857 0.012380952380952381 0.007857142857142858
3 0.03428571428571429 0.7010714285714286 0.07047619047619047 0.03214285714285714
3 0.05 0.6671428571428571 0.09619047619047619 0.03428571428571429
1 1.1442857142857144 0.33785714285714286 0.008571428571428572 0.008571428571428572
1 1.17 0.3435714285714286 0.008571428571428572 0.01
1 1.1428571428571428 0.33321428571428574 0.011428571428571429 0.009285714285714286
