1 0.9816666666666667 0.33075 0.006 0.0115
1 0.9983333333333333 0.34225 0.008666666666666666 0.0105
1 1.0456666666666665 0.34800000000000003 0.008666666666666666 0.01
1 1.0506666666666666 0.34850000000000003 0.010666666666666666 0.016
1 1.0703333333333334 0.3525 0.012666666666666666 0.018000000000000002
1 1.072 0.35150000000000003 0.012 0.01
1 1.105 0.34425 0.01 0.0125
1 1.0306666666666666 0.34325 0.012 0.0135
9 1.2203333333333333 0.3405 0.008666666666666666 0.019
2 1.311 0.42725 0.033999999999999996 0.0135
2 0.5356666666666666 0.316 0.016666666666666666 0.014
2 0.47966666666666663 0.34500000000000003 0.022 0.017
2 0.36566666666666664 0.361 0.03266666666666666 0.018000000000000002
2 0.36966666666666664 0.3555 0.03666666666666667 0.019
1 0.45 0.374 0.012 0.016
1 0.49766666666666665 0.35375 0.01 0.0105
1 0.508 0.47275 0.013333333333333332 0.0125
1 0.45166666666666666 0.46175 0.006 0.0095
1 0.4673333333333333 0.464 0.014666666666666666 0.014
1 0.48133333333333334 0.4645 0.009333333333333332 0.011
1 0.42133333333333334 0.505 0.012 0.012
1 0.428 0.50075 0.009333333333333332 0.0125
2 0.36933333333333335 0.5395 0.03733333333333333 0.013000000000000001
2 0.42466666666666664 0.5475 0.04 0.014
2 0.13833333333333334 0.7035 0.03133333333333333 0.017
1 0.13433333333333333 0.704 0.012666666666666666 0.014
3 1.2263333333333333 0.19875 0.033999999999999996 0.0315
3 1.268 0.203 0.032 0.034
