3 0.17857142857142858 0.5732142857142857 0.07904761904761905 0.10357142857142858
3 0.3028571428571429 0.15214285714285714 0.05904761904761905 0.07428571428571429
3 0.33380952380952383 0.05785714285714286 0.05619047619047619 0.07142857142857142
3 0.8342857142857143 0.11 0.09523809523809523 0.041428571428571426
3 0.7447619047619047 0.39785714285714285 0.049523809523809526 0.08428571428571428
3 0.7385714285714285 0.5185714285714286 0.054285714285714284 0.09142857142857143
3 0.7295238095238096 0.6542857142857142 0.06476190476190476 0.11571428571428571
3 0.800952380952381 0.5067857142857143 0.05142857142857143 0.09357142857142857
3 0.689047619047619 0.3692857142857143 0.05238095238095238 0.08571428571428572
1 0.7052380952380952 0.12035714285714286 0.014285714285714285 0.020714285714285713
1 0.7390476190476191 0.11821428571428572 0.013333333333333332 0.019285714285714285
1 0.7180952380952381 0.07785714285714286 0.01904761904761905 0.018571428571428572
1 0.65 0.3382142857142857 0.01619047619047619 0.017857142857142856
2 0.6490476190476191 0.34 0.012380952380952381 0.03142857142857143
2 0.7385714285714285 0.12428571428571429 0.010476190476190476 0.027142857142857142
2 0.7047619047619048 0.12678571428571428 0.009523809523809525 0.02642857142857143
2 0.7171428571428572 0.08642857142857142 0.009523809523809525 0.024285714285714285
4 0.7461904761904762 0.013214285714285715 0.040952380952380955 0.027857142857142858
4 0.5966666666666667 0.06142857142857143 0.04285714285714286 0.05714285714285714
3 0.2438095238095238 0.34214285714285714 0.07238095238095238 0.09142857142857143
3 0.21095238095238095 0.45571428571428574 0.07333333333333333 0.09428571428571429
3 0.1361904761904762 0.7078571428571429 0.08761904761904762 0.08285714285714285
1 0.3171428571428571 0.4657142857142857 0.024761904761904763 0.015714285714285715
9 0.3180952380952381 0.46785714285714286 0.024761904761904763 0.037142857142857144
3 0.2752380952380952 0.24107142857142858 0.05714285714285714 0.075
1 0.3252380952380952 0.25357142857142856 0.023809523809523808 0.02
9 0.32571428571428573 0.26107142857142857 0.01904761904761905 0.03785714285714286
