3 0.5033333333333333 0.6039285714285715 0.054285714285714284 0.105
3 0.5157142857142857 0.7267857142857143 0.06380952380952382 0.045
3 0.5123809523809524 0.33714285714285713 0.0761904761904762 0.03
3 0.34476190476190477 0.28785714285714287 0.03428571428571429 0.022857142857142857
3 0.26666666666666666 0.23 0.02857142857142857 0.022857142857142857
1 0.07761904761904762 0.4417857142857143 0.023809523809523808 0.012142857142857143
1 0.41 0.5057142857142857 0.01619047619047619 0.015714285714285715
9 0.4095238095238095 0.5146428571428572 0.030476190476190476 0.029285714285714286
3 0.3423809523809524 0.2642857142857143 0.02761904761904762 0.024285714285714285
3 0.31333333333333335 0.21964285714285714 0.024761904761904763 0.017857142857142856
3 0.31 0.23785714285714285 0.025714285714285714 0.018571428571428572
3 0.3504761904761905 0.18964285714285714 0.022857142857142857 0.015
3 0.31476190476190474 0.14857142857142858 0.021904761904761906 0.014285714285714285
3 0.2866666666666667 0.15535714285714286 0.02857142857142857 0.016428571428571428
3 0.3376190476190476 0.16285714285714287 0.02 0.014285714285714285
3 0.36047619047619045 0.08714285714285715 0.010476190476190476 0.005714285714285714
3 0.3476190476190476 0.08107142857142857 0.011428571428571429 0.007857142857142858
3 0.3576190476190476 0.07357142857142857 0.010476190476190476 0.005714285714285714
3 0.3595238095238095 0.065 0.008571428571428572 0.005714285714285714
3 0.36523809523809525 0.048214285714285716 0.008571428571428572 0.005
3 0.37238095238095237 0.05392857142857143 0.007619047619047619 0.005
3 0.37666666666666665 0.040357142857142855 0.006666666666666666 0.0035714285714285713
3 0.37333333333333335 0.03571428571428571 0.007619047619047619 0.004285714285714286
3 0.37666666666666665 0.04428571428571428 0.006666666666666666 0.004285714285714286
3 0.37 0.06285714285714286 0.008571428571428572 0.004285714285714286
3 0.36095238095238097 0.09392857142857143 0.009523809523809525 0.0064285714285714285
8 0.3495238095238095 0.09857142857142857 0.01904761904761905 0.017142857142857144
3 0.4123809523809524 0.03642857142857143 0.005714285714285714 0.004285714285714286
3 0.4061904761904762 0.04107142857142857 0.006666666666666666 0.0035714285714285713
3 0.4142857142857143 0.040357142857142855 0.005714285714285714 0.002142857142857143
3 0.35 0.06392857142857143 0.008571428571428572 0.005
3 0.35714285714285715 0.047142857142857146 0.005714285714285714 0.004285714285714286
3 0.3647619047619048 0.04285714285714286 0.005714285714285714 0.004285714285714286
3 0.42523809523809525 0.054642857142857146 0.006666666666666666 0.0035714285714285713
9 0.32761904761904764 0.09964285714285714 0.005714285714285714 0.0035714285714285713
9 0.3380952380952381 0.07607142857142857 0.0038095238095238095 0.0035714285714285713
9 0.3438095238095238 0.06821428571428571 0.0038095238095238095 0.0035714285714285713
3 0.3576190476190476 0.052142857142857144 0.004761904761904762 0.002857142857142857
1 0.3271428571428571 0.09678571428571428 0.002857142857142857 0.0035714285714285713
1 0.3385714285714286 0.07428571428571429 0.002857142857142857 0.004285714285714286
1 0.3433333333333333 0.06678571428571428 0.002857142857142857 0.0035714285714285713
3 0.27904761904761904 0.08821428571428572 0.009523809523809525 0.005
4 0.42333333333333334 0.31285714285714283 0.06380952380952382 0.03142857142857143
9 0.6285714285714286 0.5185714285714286 0.02095238095238095 0.03
9 0.6628571428571428 0.5107142857142857 0.015238095238095238 0.027142857142857142
1 0.6314285714285715 0.5092857142857142 0.011428571428571429 0.015714285714285715
1 0.6619047619047619 0.49785714285714283 0.009523809523809525 0.015714285714285715
4 0.7252380952380952 0.3425 0.07142857142857142 0.02642857142857143
3 0.8623809523809524 0.3375 0.08095238095238096 0.02642857142857143
3 0.8876190476190476 0.3092857142857143 0.06666666666666667 0.02142857142857143
3 0.7976190476190477 0.31392857142857145 0.06761904761904762 0.025
3 0.8171428571428572 0.3275 0.06285714285714286 0.025
3 0.9876190476190476 0.30357142857142855 0.07238095238095238 0.024285714285714285
3 1.1528571428571428 0.32357142857142857 0.08666666666666667 0.025714285714285714
3 1.2747619047619048 0.25 0.054285714285714284 0.015714285714285715
3 1.1995238095238094 0.2935714285714286 0.06761904761904762 0.018571428571428572
