3 0.23285714285714285 0.09964285714285714 0.08857142857142856 0.08928571428571429
3 0.5066666666666667 0.05928571428571429 0.09142857142857143 0.07714285714285714
3 0.5514285714285714 0.14607142857142857 0.09142857142857143 0.09071428571428572
3 0.6109523809523809 0.26071428571428573 0.1019047619047619 0.10428571428571429
3 0.7533333333333333 0.4417857142857143 0.13523809523809524 0.13071428571428573
3 0.518095238095238 0.5475 0.14857142857142858 0.16071428571428573
3 0.37761904761904763 0.4810714285714286 0.12095238095238095 0.15214285714285714
3 0.4438095238095238 0.6614285714285715 0.14857142857142858 0.17285714285714285
3 1.130952380952381 0.7114285714285714 0.1819047619047619 0.07428571428571429
3 1.0552380952380953 0.6610714285714285 0.24571428571428572 0.15071428571428572
9 1.161904761904762 0.4614285714285714 0.0419047619047619 0.05
9 0.8547619047619047 0.13428571428571429 0.07333333333333333 0.041428571428571426
