3 0.7943333333333333 0.17500000000000002 0.15266666666666667 0.069
4 0.33866666666666667 0.21425 0.156 0.0635
4 0.433 0.03 0.118 0.047
4 0.283 0.31325000000000003 0.182 0.0765
3 0.25 0.39075 0.23866666666666667 0.08650000000000001
3 0.9073333333333333 0.56575 0.256 0.10250000000000001
4 0.8706666666666666 0.3875 0.18666666666666665 0.075
3 0.15366666666666667 0.61225 0.30866666666666664 0.11950000000000001
2 0.20533333333333334 0.21 0.029333333333333333 0.041
2 0.29366666666666663 0.051500000000000004 0.046 0.029
2 0.26466666666666666 0.0855 0.050666666666666665 0.016
2 0.265 0.07825 0.051333333333333335 0.0195
2 0.26966666666666667 0.075 0.06066666666666667 0.024
