5 0.5475888324873096 0.17642857142857143 0.1383248730964467 0.10857142857142857
5 0.8534263959390862 0.3767857142857143 0.1281725888324873 0.09214285714285714
4 0.7284263959390862 0.3628571428571429 0.08629441624365482 0.06285714285714286
4 0.7385786802030456 0.1982142857142857 0.08121827411167512 0.055
4 0.9156091370558375 0.3392857142857143 0.07741116751269035 0.05857142857142857
3 0.4232233502538071 0.06 0.06725888324873096 0.047142857142857146
3 0.46002538071065985 0.0175 0.05964467005076142 0.03642857142857143
5 1.2595177664974617 0.019642857142857142 0.10279187817258882 0.04071428571428572
5 1.3394670050761421 0.03642857142857143 0.20431472081218272 0.07428571428571429
3 0.9968274111675126 0.21678571428571428 0.04187817258883248 0.04214285714285714
3 1.0336294416243654 0.24678571428571427 0.09771573604060912 0.039285714285714285
3 1.1446700507614211 0.2417857142857143 0.10406091370558375 0.04214285714285714
3 1.0507614213197969 0.26785714285714285 0.09390862944162436 0.037142857142857144
3 1.0704314720812182 0.28785714285714287 0.09010152284263959 0.03571428571428571
3 1.1586294416243654 0.26321428571428573 0.09390862944162436 0.039285714285714285
3 1.2461928934010151 0.26 0.07868020304568528 0.05
3 1.0977157360406091 0.30785714285714283 0.09137055837563451 0.03428571428571429
3 1.1751269035532994 0.28464285714285714 0.08121827411167512 0.03642857142857143
3 1.1211928934010151 0.3364285714285714 0.10279187817258882 0.04428571428571428
3 1.2106598984771573 0.3075 0.10152284263959391 0.04071428571428572
3 1.148477157360406 0.35714285714285715 0.09390862944162436 0.04285714285714286
3 1.239213197969543 0.3289285714285714 0.09263959390862943 0.04071428571428572
3 1.181472081218274 0.37714285714285717 0.10152284263959391 0.04428571428571428
3 1.2715736040609136 0.35035714285714287 0.09390862944162436 0.039285714285714285
3 1.206218274111675 0.40214285714285714 0.10279187817258882 0.04428571428571428
3 1.3007614213197969 0.3742857142857143 0.10406091370558375 0.04285714285714286
3 1.2182741116751268 0.4325 0.08629441624365482 0.03785714285714286
3 1.3096446700507614 0.40214285714285714 0.10913705583756345 0.047142857142857146
3 1.3635786802030456 0.41892857142857143 0.10786802030456852 0.045
3 1.274746192893401 0.4492857142857143 0.09010152284263959 0.03857142857142857
3 1.2988578680203045 0.4732142857142857 0.11294416243654821 0.05071428571428571
3 1.5133248730964466 0.4592857142857143 0.09517766497461928 0.06285714285714286
3 1.6085025380710658 0.4882142857142857 0.10279187817258882 0.06928571428571428
3 1.5488578680203045 0.53 0.09010152284263959 0.055714285714285716
8 1.647208121827411 0.44535714285714284 0.23604060913705582 0.15642857142857142
3 1.438451776649746 0.09964285714285714 0.08502538071065989 0.03214285714285714
