5 0.24666666666666667 0.5964285714285714 0.06095238095238095 0.09
5 0.31142857142857144 0.5846428571428571 0.06857142857142857 0.08642857142857142
5 0.3980952380952381 0.5392857142857143 0.06285714285714286 0.06428571428571428
5 0.4519047619047619 0.465 0.07333333333333333 0.07571428571428572
5 0.5152380952380953 0.5321428571428571 0.06285714285714286 0.07857142857142857
8 0.5495238095238095 0.5307142857142857 0.049523809523809526 0.054285714285714284
5 0.6966666666666667 0.47964285714285715 0.08285714285714285 0.07357142857142857
5 0.789047619047619 0.46285714285714286 0.06571428571428571 0.047142857142857146
5 0.9 0.46785714285714286 0.08190476190476191 0.03428571428571429
4 0.8252380952380952 0.44357142857142856 0.039047619047619046 0.02142857142857143
4 0.8609523809523809 0.45357142857142857 0.03428571428571429 0.018571428571428572
3 0.8714285714285714 0.44035714285714284 0.04 0.019285714285714285
5 0.7352380952380952 0.42928571428571427 0.0380952380952381 0.032857142857142856
3 0.8476190476190476 0.42607142857142855 0.02857142857142857 0.019285714285714285
3 0.7 0.4225 0.03238095238095238 0.016428571428571428
3 0.6880952380952381 0.4114285714285714 0.029523809523809525 0.018571428571428572
3 0.6661904761904762 0.4014285714285714 0.02761904761904762 0.017142857142857144
5 0.9414285714285714 0.44892857142857145 0.06 0.03357142857142857
4 0.9595238095238096 0.4432142857142857 0.040952380952380955 0.023571428571428573
4 0.9933333333333333 0.4375 0.0380952380952381 0.019285714285714285
3 0.9728571428571429 0.4235714285714286 0.04476190476190476 0.024285714285714285
3 0.9385714285714286 0.41 0.039047619047619046 0.02
3 0.8938095238095238 0.4317857142857143 0.04476190476190476 0.023571428571428573
5 0.8623809523809524 0.4125 0.05047619047619047 0.03214285714285714
5 0.829047619047619 0.4325 0.040952380952380955 0.025
3 0.7519047619047619 0.42392857142857143 0.040952380952380955 0.02214285714285714
3 0.7209523809523809 0.4125 0.026666666666666665 0.016428571428571428
3 0.7042857142857143 0.39785714285714285 0.03333333333333333 0.015714285714285715
4 0.8838095238095238 0.4139285714285714 0.03238095238095238 0.019285714285714285
3 0.8980952380952381 0.4110714285714286 0.0419047619047619 0.020714285714285713
5 0.7623809523809524 0.4042857142857143 0.07714285714285714 0.047142857142857146
8 0.799047619047619 0.4067857142857143 0.05333333333333333 0.03357142857142857
5 0.8157142857142857 0.39785714285714285 0.039047619047619046 0.02142857142857143
5 0.8223809523809524 0.3925 0.04476190476190476 0.02214285714285714
5 0.8514285714285714 0.38821428571428573 0.047619047619047616 0.02214285714285714
5 0.8071428571428572 0.37285714285714283 0.04285714285714286 0.025714285714285714
3 0.7790476190476191 0.38857142857142857 0.03238095238095238 0.015714285714285715
3 0.7861904761904762 0.38142857142857145 0.029523809523809525 0.015714285714285715
3 0.7523809523809524 0.3742857142857143 0.03619047619047619 0.017142857142857144
3 0.7233333333333334 0.3892857142857143 0.03142857142857143 0.014285714285714285
5 0.6738095238095239 0.38785714285714284 0.029523809523809525 0.017142857142857144
5 0.8538095238095238 0.3653571428571429 0.07904761904761905 0.039285714285714285
3 0.7757142857142857 0.3625 0.03333333333333333 0.015
5 0.7695238095238095 0.37 0.04 0.015714285714285715
3 0.7485714285714286 0.3578571428571429 0.030476190476190476 0.012857142857142857
3 0.7185714285714285 0.36464285714285716 0.03333333333333333 0.013571428571428571
3 0.7114285714285714 0.37392857142857144 0.0380952380952381 0.016428571428571428
3 0.6880952380952381 0.3782142857142857 0.035238095238095235 0.017857142857142856
3 0.66 0.37892857142857145 0.03428571428571429 0.015
5 0.9095238095238095 0.3603571428571429 0.049523809523809526 0.02214285714285714
9 0.9861904761904762 0.3657142857142857 0.01619047619047619 0.008571428571428572
1 0.9866666666666667 0.3628571428571429 0.007619047619047619 0.008571428571428572
5 1.1133333333333333 0.3707142857142857 0.049523809523809526 0.027142857142857142
9 1.2157142857142857 0.38571428571428573 0.012380952380952381 0.011428571428571429
1 1.2152380952380952 0.3846428571428571 0.009523809523809525 0.007857142857142858
5 0.9066666666666666 0.5885714285714285 0.08190476190476191 0.045714285714285714
3 0.6014285714285714 0.37107142857142855 0.029523809523809525 0.013571428571428571
3 0.6290476190476191 0.36714285714285716 0.02761904761904762 0.012857142857142857
4 0.6619047619047619 0.3682142857142857 0.030476190476190476 0.016428571428571428
3 0.6761904761904762 0.3625 0.03238095238095238 0.017857142857142856
5 0.5838095238095238 0.3625 0.02857142857142857 0.015
3 0.6390476190476191 0.36 0.030476190476190476 0.012857142857142857
3 0.6533333333333333 0.35464285714285715 0.030476190476190476 0.013571428571428571
5 0.02238095238095238 0.6421428571428571 0.04666666666666667 0.055714285714285716
3 0.07571428571428572 0.4567857142857143 0.029523809523809525 0.023571428571428573
9 0.037142857142857144 0.42714285714285716 0.022857142857142857 0.011428571428571429
9 0.05952380952380952 0.4007142857142857 0.021904761904761906 0.008571428571428572
9 0.06095238095238095 0.39035714285714285 0.024761904761904763 0.009285714285714286
9 0.06190476190476191 0.38571428571428573 0.024761904761904763 0.007142857142857143
5 0.0880952380952381 0.36178571428571427 0.02 0.017857142857142856
5 0.4066666666666667 0.33214285714285713 0.04380952380952381 0.03571428571428571
5 0.19428571428571428 0.3217857142857143 0.024761904761904763 0.02642857142857143
5 0.06952380952380953 0.31857142857142856 0.0380952380952381 0.014285714285714285
5 0.21523809523809523 0.2739285714285714 0.02857142857142857 0.010714285714285714
5 0.3238095238095238 0.2621428571428571 0.03619047619047619 0.014285714285714285
5 0.2819047619047619 0.25607142857142856 0.09714285714285714 0.023571428571428573
5 0.3595238095238095 0.24321428571428572 0.054285714285714284 0.016428571428571428
5 0.41095238095238096 0.24642857142857144 0.035238095238095235 0.014285714285714285
4 1.2642857142857142 0.7310714285714286 0.06952380952380953 0.03642857142857143
