4 1.0228426395939085 0.5428571428571428 0.11675126903553298 0.037142857142857144
3 1.3172588832487309 0.45071428571428573 0.08629441624365482 0.09285714285714286
3 0.9682741116751268 0.405 0.09644670050761421 0.1
3 1.2398477157360406 0.1992857142857143 0.08121827411167512 0.06857142857142857
3 0.965736040609137 0.22142857142857142 0.06598984771573603 0.07428571428571429
3 0.831218274111675 0.2225 0.07106598984771573 0.06642857142857143
3 0.7461928934010151 0.22357142857142856 0.07106598984771573 0.07428571428571429
3 0.6687817258883249 0.2375 0.06852791878172589 0.075
3 0.05266497461928934 0.1442857142857143 0.10786802030456852 0.05285714285714286
3 0.03616751269035533 0.125 0.0748730964467005 0.04285714285714286
3 0.25507614213197966 0.02857142857142857 0.09644670050761421 0.03428571428571429
3 0.2709390862944162 0.008928571428571428 0.08248730964467005 0.019285714285714285
