3 1.224 0.7312500000000001 0.10933333333333332 0.0365
3 1.0846666666666667 0.7275 0.10133333333333333 0.044
4 1.295 0.59 0.07533333333333334 0.059000000000000004
4 1.157 0.47000000000000003 0.082 0.08700000000000001
3 0.9583333333333333 0.55175 0.13 0.1105
3 1.0256666666666667 0.49675 0.13666666666666666 0.0885
3 0.8856666666666666 0.6545 0.09933333333333333 0.14100000000000001
3 0.7693333333333333 0.67125 0.092 0.1445
3 0.5326666666666666 0.5680000000000001 0.17066666666666666 0.065
3 0.4696666666666667 0.45225 0.13933333333333334 0.0645
3 0.7433333333333333 0.4515 0.08266666666666667 0.091
3 0.8106666666666666 0.448 0.08666666666666667 0.08600000000000001
3 0.8866666666666666 0.41225 0.12933333333333333 0.0575
3 0.9406666666666667 0.33225 0.076 0.0505
4 0.9169999999999999 0.23525000000000001 0.04066666666666666 0.0385
3 0.8933333333333333 0.28700000000000003 0.04666666666666666 0.043000000000000003
4 0.839 0.248 0.074 0.037
3 0.8616666666666667 0.353 0.05266666666666667 0.056
4 0.813 0.2915 0.082 0.049
3 0.7733333333333333 0.319 0.09066666666666666 0.058
6 0.7296666666666667 0.377 0.048666666666666664 0.049
4 0.641 0.368 0.09933333333333333 0.064
3 0.5563333333333333 0.3965 0.11399999999999999 0.054
1 0.6689999999999999 0.3255 0.015333333333333332 0.018000000000000002
1 0.6576666666666666 0.31575000000000003 0.015333333333333332 0.0175
6 0.6623333333333333 0.3295 0.033999999999999996 0.034
4 0.6946666666666667 0.27575 0.04666666666666666 0.0425
3 0.6426666666666666 0.24775 0.076 0.0365
3 0.587 0.31325000000000003 0.07133333333333333 0.0465
4 0.49766666666666665 0.3395 0.082 0.05
4 0.43133333333333335 0.35775 0.09999999999999999 0.0535
3 0.35333333333333333 0.38575 0.11066666666666666 0.0505
3 0.29033333333333333 0.42275 0.102 0.0645
1 0.30366666666666664 0.3135 0.02733333333333333 0.021
3 0.5593333333333333 0.23775000000000002 0.06666666666666667 0.0465
3 0.587 0.21425 0.05533333333333333 0.0305
3 0.5213333333333333 0.17975 0.04933333333333333 0.0305
3 0.45066666666666666 0.1405 0.044 0.024
1 0.955 0.14975 0.018 0.0135
4 0.725 0.025500000000000002 0.028666666666666667 0.016
8 0.6799999999999999 0.01675 0.050666666666666665 0.0265
3 0.593 0.03275 0.03933333333333333 0.0155
5 0.5496666666666666 0.0185 0.038 0.017
3 0.6053333333333333 0.00575 0.028 0.0095
3 0.5796666666666667 0.003 0.019333333333333334 0.007
3 0.391 0.082 0.043333333333333335 0.018000000000000002
4 0.39966666666666667 0.11 0.04466666666666667 0.031
4 0.3793333333333333 0.0975 0.029333333333333333 0.021
3 0.36066666666666664 0.09 0.026666666666666665 0.017
4 0.3426666666666667 0.0555 0.025333333333333333 0.018000000000000002
3 0.31266666666666665 0.06275 0.024 0.0135
5 0.3 0.083 0.022666666666666665 0.018000000000000002
3 0.2776666666666667 0.064 0.024666666666666667 0.016
4 0.29133333333333333 0.05075 0.02 0.0155
5 0.2793333333333333 0.043000000000000003 0.017333333333333333 0.015
3 0.266 0.03925 0.017333333333333333 0.0115
3 0.26 0.0325 0.018666666666666665 0.011
3 0.25066666666666665 0.029 0.014666666666666666 0.011
4 0.24133333333333332 0.021750000000000002 0.018666666666666665 0.0135
3 0.21833333333333332 0.00975 0.016666666666666666 0.0115
3 0.20966666666666667 0.0055 0.011333333333333332 0.009000000000000001
4 0.20233333333333334 0.00375 0.014 0.0085
3 0.13633333333333333 0.14 0.054 0.02
4 0.09666666666666666 0.1275 0.04 0.022
3 0.14666666666666667 0.109 0.050666666666666665 0.021
3 0.13633333333333333 0.10200000000000001 0.041999999999999996 0.016
3 0.11233333333333333 0.10225000000000001 0.049999999999999996 0.0155
3 0.102 0.09725 0.052 0.0155
4 0.09433333333333332 0.092 0.051333333333333335 0.017
3 0.07166666666666667 0.092 0.043333333333333335 0.015
3 0.06 0.0845 0.03733333333333333 0.016
4 0.07766666666666666 0.07275 0.046 0.0195
3 0.109 0.06775 0.033999999999999996 0.0185
