3 0.6395939086294415 0.09571428571428571 0.03807106598984771 0.032857142857142856
3 0.5831218274111675 0.18928571428571428 0.04441624365482233 0.037142857142857144
3 0.6770304568527918 0.025714285714285714 0.031725888324873094 0.027142857142857142
3 0.6465736040609137 0.0125 0.031725888324873094 0.02642857142857143
3 0.6313451776649746 0.04107142857142857 0.03426395939086294 0.02642857142857143
3 0.5786802030456852 0.12821428571428573 0.04568527918781726 0.03214285714285714
3 0.5482233502538071 0.17464285714285716 0.04314720812182741 0.035
3 0.5387055837563451 0.3410714285714286 0.04695431472081218 0.04214285714285714
3 0.5057106598984771 0.39107142857142857 0.049492385786802026 0.047857142857142855
3 0.5634517766497461 0.2932142857142857 0.035532994923857864 0.03357142857142857
3 0.532994923857868 0.27071428571428574 0.048223350253807105 0.04285714285714286
3 0.5920050761421319 0.24107142857142858 0.03426395939086294 0.03785714285714286
3 0.6104060913705583 0.20107142857142857 0.03045685279187817 0.03214285714285714
3 0.6395939086294415 0.16035714285714286 0.032994923857868015 0.029285714285714286
3 0.6770304568527918 0.09392857142857143 0.031725888324873094 0.035
3 0.714467005076142 0.024642857142857143 0.035532994923857864 0.030714285714285715
4 0.697969543147208 0.05142857142857143 0.032994923857868015 0.02857142857142857
4 0.5171319796954315 0.2282142857142857 0.04695431472081218 0.03785714285714286
4 0.5977157360406091 0.09464285714285714 0.03807106598984771 0.03214285714285714
