9 1.1963333333333332 0.58225 0.10066666666666667 0.0405
6 0.9163333333333333 0.625 0.07266666666666667 0.117
1 0.9266666666666666 0.63 0.050666666666666665 0.045
2 1.0776666666666666 0.483 0.038 0.042
9 0.947 0.43225 0.057999999999999996 0.0325
9 0.9173333333333333 0.406 0.056 0.028
1 0.9226666666666666 0.39875 0.03333333333333333 0.0305
9 0.8853333333333333 0.36525 0.050666666666666665 0.0325
1 0.887 0.363 0.026 0.038
9 0.769 0.36725 0.048666666666666664 0.025500000000000002
1 0.7696666666666666 0.3645 0.024666666666666667 0.038
1 0.7943333333333333 0.32175 0.022 0.0325
2 0.7923333333333333 0.3295 0.019333333333333334 0.028
3 0.88 0.3235 0.07466666666666666 0.066
9 0.9056666666666666 0.297 0.018 0.029
1 0.7983333333333333 0.6395000000000001 0.02333333333333333 0.03
9 0.7053333333333333 0.552 0.03333333333333333 0.065
9 0.7839999999999999 0.41525 0.05466666666666666 0.0315
1 0.7876666666666666 0.41400000000000003 0.03 0.039
2 0.4343333333333333 0.395 0.06333333333333332 0.029
1 0.42933333333333334 0.39225 0.030666666666666665 0.0385
9 0.3333333333333333 0.45075 0.06533333333333333 0.0335
1 0.33 0.44225000000000003 0.029333333333333333 0.035500000000000004
1 0.306 0.44425000000000003 0.021333333333333333 0.0285
9 0.129 0.4685 0.07666666666666666 0.032
1 0.6806666666666666 0.319 0.022666666666666665 0.023
1 0.6653333333333333 0.2495 0.009333333333333332 0.008
3 0.7173333333333333 0.23375 0.05733333333333333 0.043500000000000004
4 0.8333333333333333 0.24 0.058666666666666666 0.053
4 0.864 0.2 0.06666666666666667 0.031
2 0.8013333333333333 0.2225 0.026666666666666665 0.019
1 0.7996666666666666 0.2155 0.016666666666666666 0.02
1 0.7953333333333333 0.192 0.013333333333333332 0.016
9 0.721 0.1905 0.02733333333333333 0.014
1 0.7293333333333333 0.16125 0.010666666666666666 0.0145
1 0.7413333333333333 0.16075 0.010666666666666666 0.0135
4 1.19 0.24 0.096 0.048
9 1.3076666666666665 0.25075000000000003 0.022 0.021500000000000002
1 1.3023333333333333 0.2415 0.020666666666666667 0.021
2 1.29 0.15725 0.034666666666666665 0.0155
1 1.1463333333333332 0.18675 0.014 0.0115
4 0.9059999999999999 0.18025 0.04933333333333333 0.0325
4 0.8883333333333333 0.16425 0.041999999999999996 0.0335
9 0.827 0.14200000000000002 0.01 0.015
3 0.48266666666666663 0.272 0.05333333333333333 0.036000000000000004
9 0.5 0.246 0.018666666666666665 0.023
9 0.5153333333333333 0.26625 0.018666666666666665 0.0225
2 0.5033333333333333 0.23625000000000002 0.02 0.021500000000000002
4 0.35933333333333334 0.29875 0.11066666666666666 0.0405
4 0.377 0.278 0.10733333333333334 0.037
1 0.07433333333333333 0.28225 0.020666666666666667 0.0235
4 0.6033333333333333 0.17475000000000002 0.056 0.0285
3 0.887 0.07050000000000001 0.028666666666666667 0.01
8 0.9243333333333333 0.04925 0.026 0.0185
5 0.841 0.06075 0.051333333333333335 0.0155
3 0.8436666666666667 0.054 0.028666666666666667 0.008
3 0.8396666666666667 0.05325 0.024666666666666667 0.0085
3 0.8076666666666666 0.05425 0.026 0.0085
5 0.8303333333333333 0.0485 0.03 0.014
3 0.9046666666666666 0.048 0.022666666666666665 0.008
3 0.8936666666666666 0.04525 0.02333333333333333 0.0075
4 0.5896666666666667 0.1255 0.02333333333333333 0.02
3 0.64 0.129 0.04533333333333333 0.015
3 0.5626666666666666 0.126 0.034666666666666665 0.016
3 0.514 0.1295 0.026666666666666665 0.016
4 0.5243333333333333 0.11925000000000001 0.024666666666666667 0.0175
3 0.5536666666666666 0.11775000000000001 0.026 0.0175
3 0.5373333333333333 0.11 0.022666666666666665 0.015
3 0.5466666666666666 0.099 0.022666666666666665 0.017
4 0.5553333333333333 0.093 0.016 0.016
3 0.5633333333333334 0.089 0.016 0.011
3 0.57 0.08225 0.018666666666666665 0.0135
3 0.601 0.08525 0.014 0.0115
3 0.576 0.07825 0.014666666666666666 0.0115
4 0.584 0.0735 0.016 0.013000000000000001
4 0.48133333333333334 0.07200000000000001 0.016 0.013000000000000001
3 0.46066666666666667 0.12475 0.025333333333333333 0.0155
4 0.46699999999999997 0.11475 0.020666666666666667 0.0165
3 0.43566666666666665 0.11975000000000001 0.02333333333333333 0.0145
3 0.4103333333333333 0.122 0.02733333333333333 0.015
4 0.38666666666666666 0.12925 0.03866666666666667 0.0145
3 0.3823333333333333 0.12225 0.02333333333333333 0.0125
