8 1.2824675324675325 0.2651356993736952 0.09740259740259741 0.05532359081419624
3 1.5208719851576995 0.1878914405010438 0.039888682745825604 0.01774530271398747
3 1.239795918367347 0.19128392484342377 0.05844155844155844 0.017223382045929016
3 1.2769016697588127 0.17980167014613777 0.05658627087198516 0.017223382045929016
3 1.3000927643784788 0.17379958246346552 0.036178107606679034 0.011482254697286011
3 1.3747680890538034 0.16570981210855948 0.025974025974025976 0.015135699373695197
3 1.635899814471243 0.0889874739039666 0.01948051948051948 0.008872651356993735
3 1.6781076066790352 0.07489561586638831 0.03153988868274583 0.006784968684759916
3 1.6215213358070502 0.0720250521920668 0.029684601113172542 0.006263048016701461
3 1.7161410018552876 0.062108559498956155 0.01855287569573284 0.008350730688935281
3 1.7115027829313545 0.05036534446764091 0.011131725417439703 0.0057411273486430055
4 1.1697588126159555 0.2549582463465553 0.0463821892393321 0.02453027139874739
4 1.0885899814471243 0.2609603340292275 0.03432282003710575 0.024008350730688934
3 1.3358070500927643 0.1495302713987474 0.0463821892393321 0.012004175365344467
3 1.3436920222634507 0.14431106471816282 0.03803339517625232 0.007828810020876827
3 1.3831168831168832 0.13804801670146136 0.03153988868274583 0.010960334029227557
3 1.3974953617810761 0.1354384133611691 0.039888682745825604 0.013048016701461376
3 1.4461966604823748 0.11299582463465552 0.04452690166975881 0.009916492693110646
3 1.4531539888682745 0.10829853862212943 0.030612244897959183 0.007828810020876827
3 1.4619666048237476 0.1033402922755741 0.03339517625231911 0.0073068893528183704
3 1.474025974025974 0.12630480167014613 0.025974025974025976 0.011482254697286011
4 1.50278293135436 0.07881002087682672 0.02411873840445269 0.009394572025052192
3 1.5547309833024119 0.06889352818371607 0.025974025974025976 0.006263048016701461
3 1.7476808905380334 0.09237995824634655 0.014842300556586271 0.008350730688935281
9 0.7036178107606679 0.40135699373695194 0.039888682745825604 0.012526096033402922
9 0.6590909090909091 0.4172755741127348 0.030612244897959183 0.013048016701461376
9 1.1354359925788498 0.22494780793319413 0.020408163265306124 0.010438413361169102
9 0.9318181818181819 0.33350730688935276 0.01948051948051948 0.013569937369519832
1 0.5296846011131725 0.5326200417536534 0.029684601113172542 0.016179540709812108
1 0.39564007421150277 0.44311064718162835 0.015769944341372914 0.009394572025052192
9 0.39935064935064934 0.45302713987473897 0.030612244897959183 0.016701461377870562
9 0.5398886827458256 0.545929018789144 0.03339517625231911 0.012526096033402922
9 0.3877551020408163 0.5422755741127349 0.0575139146567718 0.025052192066805843
9 0.3812615955473098 0.5151356993736952 0.059369202226345084 0.027139874739039664
3 1.572356215213358 0.06263048016701461 0.03153988868274583 0.008350730688935281
3 1.768552875695733 0.023486430062630476 0.006493506493506494 0.0041753653444676405
6 0.8409090909090909 0.36430062630480164 0.03246753246753247 0.013569937369519832
6 1.1321892393320965 0.2473903966597077 0.012059369202226345 0.010438413361169102
9 0.4383116883116883 0.39848643006263046 0.03803339517625232 0.014091858037578286
3 0.13589981447124305 0.2661795407098121 0.07884972170686456 0.026096033402922752
3 0.04406307977736549 0.2609603340292275 0.05287569573283859 0.024008350730688934
3 0.022727272727272728 0.2513048016701461 0.04730983302411874 0.025574112734864297
