3 1.1065989847715736 0.46714285714285714 0.032994923857868015 0.037142857142857144
3 1.197969543147208 0.33964285714285714 0.03045685279187817 0.02642857142857143
3 1.256979695431472 0.2557142857142857 0.031725888324873094 0.022857142857142857
3 1.2360406091370557 0.22428571428571428 0.032994923857868015 0.02
3 1.3350253807106598 0.16214285714285714 0.027918781725888322 0.018571428571428572
3 1.255710659898477 0.15714285714285714 0.029187817258883246 0.017142857142857144
3 1.4257614213197969 0.10071428571428571 0.031725888324873094 0.015714285714285715
3 1.4105329949238579 0.085 0.031725888324873094 0.015714285714285715
3 1.523477157360406 0.02642857142857143 0.029187817258883246 0.014285714285714285
3 0.9333756345177664 0.1075 0.03934010152284264 0.015
5 0.5634517766497461 0.09321428571428571 0.055837563451776644 0.023571428571428573
5 0.5456852791878172 0.08464285714285714 0.055837563451776644 0.02214285714285714
