3 1.5044416243654821 0.23035714285714284 0.10532994923857868 0.03357142857142857
3 1.6345177664974617 0.3757142857142857 0.07106598984771573 0.047142857142857146
3 1.4796954314720812 0.195 0.09137055837563451 0.024285714285714285
3 1.2779187817258881 0.32821428571428574 0.10406091370558375 0.03214285714285714
3 0.9892131979695431 0.3775 0.11294416243654821 0.03642857142857143
3 0.6218274111675126 0.4546428571428571 0.11421319796954314 0.04214285714285714
3 0.35532994923857864 0.5153571428571428 0.11675126903553298 0.04357142857142857
3 0.1814720812182741 0.43857142857142856 0.12690355329949238 0.04428571428571428
3 0.050761421319796954 0.5225 0.09898477157360405 0.04214285714285714
3 1.0228426395939085 0.1825 0.035532994923857864 0.03785714285714286
3 1.0983502538071066 0.11678571428571428 0.06472081218274112 0.03785714285714286
4 1.2112944162436547 0.08857142857142856 0.05710659898477157 0.03571428571428571
8 1.6269035532994922 0.10928571428571429 0.11421319796954314 0.03428571428571429
5 1.6922588832487309 0.08607142857142858 0.1611675126903553 0.060714285714285714
5 1.2379441624365481 0.014642857142857143 0.07233502538071065 0.029285714285714286
9 0.9689086294416243 0.08535714285714285 0.03680203045685279 0.02214285714285714
