3 0.4104761904761905 0.11392857142857143 0.024761904761904763 0.007857142857142858
3 0.45666666666666667 0.11 0.012380952380952381 0.008571428571428572
3 0.47095238095238096 0.10892857142857143 0.012380952380952381 0.009285714285714286
3 0.4880952380952381 0.11071428571428571 0.014285714285714285 0.01
3 0.5052380952380953 0.11107142857142857 0.01619047619047619 0.009285714285714286
3 0.5223809523809524 0.11142857142857143 0.01619047619047619 0.008571428571428572
3 0.5857142857142857 0.2017857142857143 0.0380952380952381 0.015
3 0.43714285714285717 0.23464285714285715 0.045714285714285714 0.012142857142857143
3 0.4185714285714286 0.11 0.029523809523809525 0.008571428571428572
3 0.4685714285714286 0.19892857142857143 0.03619047619047619 0.009285714285714286
3 0.4638095238095238 0.20535714285714285 0.0380952380952381 0.009285714285714286
3 0.5895238095238096 0.19607142857142856 0.03619047619047619 0.010714285714285714
4 0.5419047619047619 0.1125 0.011428571428571429 0.010714285714285714
4 0.5414285714285715 0.13107142857142856 0.012380952380952381 0.010714285714285714
3 0.44142857142857145 0.22428571428571428 0.039047619047619046 0.01
3 0.44857142857142857 0.21821428571428572 0.0419047619047619 0.010714285714285714
3 0.45476190476190476 0.21142857142857144 0.037142857142857144 0.01
3 0.35904761904761906 0.2417857142857143 0.04380952380952381 0.012142857142857143
3 0.36095238095238097 0.22964285714285715 0.04 0.012142857142857143
3 0.37952380952380954 0.21607142857142858 0.037142857142857144 0.010714285714285714
3 0.39095238095238094 0.2032142857142857 0.039047619047619046 0.010714285714285714
3 0.4061904761904762 0.19178571428571428 0.039047619047619046 0.012142857142857143
3 0.4138095238095238 0.18571428571428572 0.037142857142857144 0.011428571428571429
3 0.35714285714285715 0.15107142857142858 0.03428571428571429 0.009285714285714286
3 0.3180952380952381 0.1492857142857143 0.030476190476190476 0.01
3 0.4523809523809524 0.19178571428571428 0.03619047619047619 0.012142857142857143
3 0.49952380952380954 0.1792857142857143 0.035238095238095235 0.01
3 0.4604761904761905 0.14464285714285716 0.018095238095238095 0.010714285714285714
3 0.43476190476190474 0.1407142857142857 0.021904761904761906 0.014285714285714285
9 0.6138095238095238 0.23714285714285716 0.006666666666666666 0.011428571428571429
1 0.6142857142857143 0.2357142857142857 0.005714285714285714 0.005714285714285714
9 0.4795238095238095 0.43464285714285716 0.025714285714285714 0.009285714285714286
1 0.47619047619047616 0.43392857142857144 0.007619047619047619 0.010714285714285714
3 0.3547619047619048 0.32571428571428573 0.05238095238095238 0.015714285714285715
3 0.36428571428571427 0.31142857142857144 0.054285714285714284 0.015714285714285715
3 0.3719047619047619 0.3007142857142857 0.05047619047619047 0.014285714285714285
3 0.3819047619047619 0.2907142857142857 0.049523809523809526 0.014285714285714285
3 0.39285714285714285 0.2807142857142857 0.04666666666666667 0.012857142857142857
3 0.30095238095238097 0.2882142857142857 0.05904761904761905 0.012142857142857143
3 0.26142857142857145 0.32107142857142856 0.05047619047619047 0.015
3 0.30952380952380953 0.2767857142857143 0.049523809523809526 0.012142857142857143
3 0.22238095238095237 0.2910714285714286 0.03142857142857143 0.023571428571428573
3 0.19380952380952382 0.31142857142857144 0.039047619047619046 0.027142857142857142
3 0.1719047619047619 0.6671428571428571 0.09428571428571429 0.07428571428571429
4 0.4542857142857143 0.5214285714285715 0.07238095238095238 0.03428571428571429
4 0.7247619047619047 0.6071428571428571 0.04380952380952381 0.07428571428571429
3 0.6985714285714286 0.019642857142857142 0.006666666666666666 0.005
4 0.7204761904761905 0.021785714285714287 0.012380952380952381 0.010714285714285714
4 0.7438095238095238 0.027857142857142858 0.02095238095238095 0.012857142857142857
5 0.7123809523809523 0.04607142857142857 0.026666666666666665 0.015
5 0.6866666666666666 0.04607142857142857 0.013333333333333332 0.012142857142857143
9 0.64 0.20285714285714285 0.011428571428571429 0.008571428571428572
9 0.6319047619047619 0.39464285714285713 0.025714285714285714 0.012142857142857143
9 0.741904761904762 0.35964285714285715 0.017142857142857144 0.017857142857142856
9 0.8057142857142857 0.33071428571428574 0.011428571428571429 0.018571428571428572
1 0.64 0.19964285714285715 0.005714285714285714 0.007857142857142858
1 0.7423809523809524 0.3560714285714286 0.008571428571428572 0.007857142857142858
1 0.8061904761904762 0.3271428571428571 0.008571428571428572 0.008571428571428572
3 0.8904761904761904 0.017142857142857144 0.009523809523809525 0.005714285714285714
4 0.9104761904761904 0.0014285714285714286 0.007619047619047619 0.004285714285714286
3 0.920952380952381 0.0010714285714285715 0.005714285714285714 0.0035714285714285713
4 0.9709523809523809 0.002857142857142857 0.010476190476190476 0.005714285714285714
4 1.0347619047619048 0.029285714285714286 0.012380952380952381 0.007142857142857143
3 1.0214285714285714 0.029642857142857144 0.010476190476190476 0.0064285714285714285
4 0.9138095238095238 0.06464285714285714 0.029523809523809525 0.013571428571428571
4 1.0266666666666666 0.09928571428571428 0.022857142857142857 0.018571428571428572
8 1.0642857142857143 0.10928571428571429 0.035238095238095235 0.027142857142857142
8 1.2004761904761905 0.245 0.07523809523809524 0.05714285714285714
4 1.2219047619047618 0.2257142857142857 0.047619047619047616 0.03142857142857143
4 1.0966666666666667 0.15321428571428572 0.023809523809523808 0.015
4 1.04 0.04107142857142857 0.015238095238095238 0.019285714285714285
4 1.0595238095238095 0.04321428571428571 0.01619047619047619 0.019285714285714285
4 1.0171428571428571 0.05607142857142857 0.03238095238095238 0.010714285714285714
4 1.0195238095238095 0.05107142857142857 0.03142857142857143 0.007857142857142858
4 1.1542857142857144 0.05857142857142857 0.03619047619047619 0.014285714285714285
4 1.2223809523809523 0.11214285714285714 0.037142857142857144 0.014285714285714285
4 1.1033333333333333 0.10964285714285714 0.021904761904761906 0.010714285714285714
8 1.0176190476190476 0.07964285714285714 0.039047619047619046 0.020714285714285713
8 0.9895238095238095 0.05607142857142857 0.024761904761904763 0.02214285714285714
3 1.0333333333333334 0.07035714285714285 0.017142857142857144 0.007857142857142858
3 1.0380952380952382 0.06464285714285714 0.022857142857142857 0.0064285714285714285
4 1.0266666666666666 0.06142857142857143 0.024761904761904763 0.01
4 1.0480952380952382 0.06142857142857143 0.014285714285714285 0.008571428571428572
3 1.1176190476190475 0.06428571428571428 0.018095238095238095 0.007142857142857143
3 1.1176190476190475 0.11 0.012380952380952381 0.01
3 1.1385714285714286 0.09464285714285714 0.021904761904761906 0.009285714285714286
3 1.1804761904761905 0.09285714285714286 0.023809523809523808 0.008571428571428572
3 1.2014285714285715 0.08321428571428571 0.023809523809523808 0.010714285714285714
3 1.2114285714285715 0.09071428571428572 0.024761904761904763 0.01
3 1.1276190476190475 0.12892857142857142 0.030476190476190476 0.009285714285714286
3 1.138095238095238 0.11071428571428571 0.015238095238095238 0.011428571428571429
9 1.032857142857143 0.115 0.004761904761904762 0.005714285714285714
1 1.032857142857143 0.11357142857142857 0.004761904761904762 0.007142857142857143
3 0.9319047619047619 0.006071428571428571 0.012380952380952381 0.0064285714285714285
4 0.9542857142857143 0.021785714285714287 0.013333333333333332 0.012142857142857143
4 1.2833333333333334 0.14785714285714285 0.02761904761904762 0.017142857142857144
3 1.2319047619047618 0.16357142857142856 0.018095238095238095 0.012857142857142857
3 1.2152380952380952 0.16535714285714287 0.015238095238095238 0.015
3 1.2495238095238095 0.165 0.022857142857142857 0.017142857142857144
3 1.2895238095238095 0.22714285714285715 0.0380952380952381 0.02142857142857143
3 1.3138095238095238 0.1925 0.029523809523809525 0.013571428571428571
3 1.2880952380952382 0.19071428571428573 0.029523809523809525 0.014285714285714285
3 1.3085714285714285 0.20214285714285715 0.03238095238095238 0.02
3 1.319047619047619 0.2282142857142857 0.026666666666666665 0.015
3 1.3252380952380953 0.2032142857142857 0.014285714285714285 0.015
4 1.3214285714285714 0.14964285714285713 0.021904761904761906 0.017857142857142856
3 1.3147619047619048 0.16785714285714284 0.029523809523809525 0.015714285714285715
4 0.8323809523809523 0.275 0.0419047619047619 0.032857142857142856
4 1.2909523809523809 0.4432142857142857 0.08285714285714285 0.10642857142857143
5 1.230952380952381 0.6028571428571429 0.1 0.14142857142857143
