3 0.28236040609137053 0.2892857142857143 0.05456852791878172 0.011428571428571429
4 0.5120558375634517 0.39714285714285713 0.05964467005076142 0.03142857142857143
4 0.5241116751269035 0.38535714285714284 0.053299492385786795 0.02214285714285714
3 0.5406091370558376 0.3628571428571429 0.06091370558375634 0.02
3 0.6649746192893401 0.2985714285714286 0.027918781725888322 0.015714285714285715
3 0.700507614213198 0.2275 0.02030456852791878 0.012142857142857143
4 0.7360406091370558 0.20464285714285715 0.02030456852791878 0.013571428571428571
4 0.7328680203045684 0.1442857142857143 0.016497461928934008 0.01
8 0.7684010152284263 0.06285714285714286 0.008883248730964466 0.008571428571428572
3 0.782994923857868 0.056428571428571425 0.01015228426395939 0.004285714285714286
8 0.7950507614213197 0.006071428571428571 0.011421319796954314 0.0064285714285714285
3 0.825507614213198 0.0032142857142857142 0.006345177664974619 0.0035714285714285713
3 0.8147208121827411 0.03 0.0076142131979695426 0.004285714285714286
4 0.8147208121827411 0.04285714285714286 0.01015228426395939 0.005714285714285714
3 0.8140862944162436 0.05285714285714286 0.008883248730964466 0.004285714285714286
4 0.8128172588832486 0.06035714285714286 0.011421319796954314 0.0064285714285714285
4 0.8090101522842639 0.08928571428571429 0.013959390862944161 0.008571428571428572
4 0.8578680203045684 0.07107142857142858 0.012690355329949238 0.007857142857142858
3 0.8413705583756345 0.07535714285714286 0.012690355329949238 0.0064285714285714285
3 0.839467005076142 0.06821428571428571 0.011421319796954314 0.0064285714285714285
8 0.7855329949238578 0.12571428571428572 0.02284263959390863 0.022857142857142857
4 0.8445431472081217 0.11857142857142858 0.016497461928934008 0.012857142857142857
3 0.8445431472081217 0.10357142857142858 0.013959390862944161 0.007142857142857143
3 0.8001269035532994 0.3225 0.026649746192893398 0.020714285714285713
3 0.8724619289340101 0.3175 0.029187817258883246 0.023571428571428573
3 0.8959390862944162 0.2571428571428571 0.025380710659898477 0.018571428571428572
3 0.8578680203045684 0.21107142857142858 0.02030456852791878 0.015
4 0.8020304568527918 0.2575 0.025380710659898477 0.020714285714285713
4 0.8058375634517766 0.22214285714285714 0.02030456852791878 0.017142857142857144
4 0.9784263959390862 0.2621428571428571 0.025380710659898477 0.02142857142857143
4 0.8064720812182741 0.19178571428571428 0.019035532994923856 0.013571428571428571
3 0.9086294416243654 0.15357142857142858 0.015228426395939085 0.01
3 0.9118020304568527 0.12678571428571428 0.011421319796954314 0.009285714285714286
4 0.9118020304568527 0.11392857142857143 0.013959390862944161 0.009285714285714286
3 1.138959390862944 0.07214285714285715 0.011421319796954314 0.007142857142857143
3 1.1256345177664975 0.07928571428571428 0.012690355329949238 0.005714285714285714
8 0.9999999999999999 0.0925 0.032994923857868015 0.009285714285714286
4 0.9600253807106598 0.095 0.029187817258883246 0.007142857142857143
3 0.9530456852791878 0.09357142857142857 0.02284263959390863 0.007142857142857143
3 0.9270304568527918 0.08928571428571429 0.029187817258883246 0.005714285714285714
4 0.9162436548223349 0.07642857142857143 0.01015228426395939 0.007142857142857143
3 0.9111675126903552 0.06892857142857142 0.0076142131979695426 0.005
4 0.8781725888324873 0.06428571428571428 0.0076142131979695426 0.008571428571428572
3 0.8743654822335025 0.055357142857142855 0.0076142131979695426 0.005
3 0.873730964467005 0.04857142857142857 0.008883248730964466 0.004285714285714286
4 0.7290609137055837 0.5167857142857143 0.04187817258883248 0.04642857142857143
4 0.78997461928934 0.5389285714285714 0.04695431472081218 0.045
