3 0.2783333333333333 0.51375 0.078 0.0285
5 0.535 0.59225 0.106 0.07050000000000001
4 0.6606666666666666 0.51425 0.08 0.0315
3 0.5673333333333334 0.49525 0.04 0.0485
3 1.0343333333333333 0.50525 0.08066666666666666 0.0445
3 0.8246666666666667 0.5845 0.08933333333333333 0.059000000000000004
3 0.701 0.6575 0.078 0.07100000000000001
3 0.6406666666666666 0.6875 0.09333333333333332 0.078
5 0.615 0.71375 0.08333333333333333 0.0675
5 0.9986666666666666 0.6015 0.09999999999999999 0.064
4 0.9493333333333333 0.61575 0.11066666666666666 0.0675
5 0.9283333333333333 0.6495 0.14466666666666667 0.093
3 0.8756666666666666 0.672 0.09 0.064
5 0.8536666666666667 0.70375 0.12866666666666665 0.0915
3 0.7939999999999999 0.7255 0.076 0.048
3 1.187 0.55525 0.11399999999999999 0.0335
3 1.2883333333333333 0.58275 0.08866666666666666 0.0415
3 1.2323333333333333 0.503 0.09 0.029
3 0.024 0.70925 0.04933333333333333 0.0485
3 1.0506666666666666 0.1815 0.026666666666666665 0.012
3 1.048 0.17625 0.029333333333333333 0.0105
3 1.1246666666666667 0.17725 0.03333333333333333 0.0125
3 1.2046666666666666 0.18925 0.04133333333333333 0.0145
3 1.2183333333333333 0.17725 0.03666666666666667 0.0125
5 1.22 0.17 0.04133333333333333 0.014
3 1.266 0.1775 0.034666666666666665 0.012
3 0.991 0.06825 0.008666666666666666 0.006500000000000001
3 0.9806666666666667 0.068 0.008 0.006
3 0.9586666666666667 0.06875 0.009333333333333332 0.0045000000000000005
3 0.8836666666666666 0.06825 0.008666666666666666 0.006500000000000001
5 0.35866666666666663 0.4805 0.04666666666666666 0.031
9 0.39566666666666667 0.47500000000000003 0.020666666666666667 0.022
9 0.45066666666666666 0.47650000000000003 0.029333333333333333 0.017
