1 1.177142857142857 0.2082142857142857 0.013333333333333332 0.012142857142857143
9 1.167142857142857 0.2082142857142857 0.02 0.017857142857142856
1 1.0476190476190477 0.09178571428571429 0.009523809523809525 0.012142857142857143
1 1.0523809523809524 0.09464285714285714 0.013333333333333332 0.013571428571428571
9 1.0476190476190477 0.095 0.024761904761904763 0.014285714285714285
1 0.9338095238095238 0.07892857142857143 0.008571428571428572 0.015
1 0.939047619047619 0.07821428571428571 0.009523809523809525 0.013571428571428571
9 0.9323809523809524 0.08178571428571428 0.030476190476190476 0.009285714285714286
1 0.9704761904761905 0.047142857142857146 0.007619047619047619 0.015714285714285715
9 0.969047619047619 0.048928571428571425 0.021904761904761906 0.013571428571428571
1 0.8357142857142857 0.06642857142857143 0.008571428571428572 0.014285714285714285
2 0.8338095238095238 0.06964285714285715 0.01619047619047619 0.012142857142857143
5 1.2947619047619048 0.11464285714285714 0.07523809523809524 0.08642857142857142
