3 0.20733333333333331 0.633 0.07466666666666666 0.044
9 0.308 0.62125 0.021333333333333333 0.021500000000000002
9 0.441 0.5317500000000001 0.011333333333333332 0.0115
9 0.5123333333333333 0.49425 0.008666666666666666 0.0095
9 0.5016666666666667 0.49425 0.008666666666666666 0.0075
9 0.49133333333333334 0.49275 0.008 0.0085
9 0.39366666666666666 0.52375 0.007333333333333333 0.0125
9 0.495 0.47250000000000003 0.014 0.008
3 0.433 0.509 0.046 0.018000000000000002
3 0.46399999999999997 0.489 0.03333333333333333 0.016
3 0.512 0.4605 0.02 0.012
3 0.5213333333333333 0.453 0.017333333333333333 0.01
3 0.5463333333333333 0.4475 0.026 0.01
1 0.30833333333333335 0.6155 0.015333333333333332 0.017
1 0.44066666666666665 0.527 0.008 0.013000000000000001
1 0.49133333333333334 0.48975 0.006666666666666666 0.0095
1 0.5013333333333333 0.49025 0.005333333333333333 0.0095
1 0.5116666666666666 0.4905 0.007333333333333333 0.01
3 0.5773333333333334 0.4245 0.018666666666666665 0.008
3 0.589 0.41375 0.014 0.0075
3 0.601 0.40675 0.012666666666666666 0.0055
4 0.7113333333333333 0.386 0.005333333333333333 0.006
3 0.6843333333333333 0.40650000000000003 0.01 0.007
8 0.6613333333333333 0.3865 0.009333333333333332 0.011
5 0.7213333333333333 0.40375 0.016 0.0115
5 0.7293333333333333 0.406 0.012 0.012
3 0.728 0.41425 0.010666666666666666 0.0055
5 0.724 0.486 0.032 0.05
5 0.7276666666666667 0.4515 0.02333333333333333 0.03
5 0.729 0.43275 0.022 0.0225
4 0.7316666666666667 0.4185 0.011333333333333332 0.005
4 0.7386666666666667 0.51525 0.02 0.021500000000000002
5 0.7283333333333333 0.58725 0.057999999999999996 0.1125
1 0.5926666666666667 0.4305 0.005333333333333333 0.008
3 0.615 0.4 0.011333333333333332 0.006
3 0.6206666666666667 0.39775 0.008 0.0055
3 0.6283333333333333 0.39475 0.014 0.0055
3 0.6356666666666666 0.39325 0.012666666666666666 0.0045000000000000005
