3 0.5936666666666667 0.659 0.10866666666666666 0.17200000000000001
3 0.5926666666666667 0.51425 0.08133333333333333 0.10350000000000001
3 0.5783333333333334 0.41250000000000003 0.06333333333333332 0.069
3 0.5663333333333334 0.34925 0.051333333333333335 0.0505
3 0.5606666666666666 0.24025 0.03866666666666667 0.0315
3 0.5569999999999999 0.112 0.020666666666666667 0.016
3 0.5559999999999999 0.091 0.017333333333333333 0.014
3 0.6166666666666667 0.08625000000000001 0.017333333333333333 0.0125
3 0.5546666666666666 0.07625 0.014666666666666666 0.0105
3 0.5539999999999999 0.06525 0.012 0.0075
4 0.5736666666666667 0.05725 0.011333333333333332 0.0095
3 0.5856666666666667 0.031 0.007333333333333333 0.005
3 0.5576666666666666 0.025 0.007333333333333333 0.004
4 0.6043333333333333 0.04825 0.01 0.0085
3 0.7053333333333333 0.12 0.04666666666666666 0.014
3 0.7916666666666666 0.10425 0.022 0.0115
3 0.7183333333333333 0.08725000000000001 0.018 0.0115
3 0.746 0.08075 0.013333333333333332 0.0095
3 0.871 0.1095 0.024666666666666667 0.014
3 0.9546666666666667 0.16575 0.04133333333333333 0.0205
3 0.9113333333333333 0.17625 0.03333333333333333 0.0185
3 1.1993333333333334 0.225 0.07466666666666666 0.03
3 1.292 0.26125 0.08133333333333333 0.035500000000000004
3 1.2913333333333332 0.35075 0.08266666666666667 0.043500000000000004
4 1.2986666666666666 0.5185 0.06799999999999999 0.067
3 0.5726666666666667 0.30475 0.064 0.0425
3 0.5613333333333334 0.216 0.036 0.027
3 0.5616666666666666 0.19925 0.03133333333333333 0.0245
3 0.5619999999999999 0.10350000000000001 0.018666666666666665 0.012
3 0.5546666666666666 0.06025 0.010666666666666666 0.006500000000000001
3 0.5546666666666666 0.056 0.010666666666666666 0.007
3 0.5549999999999999 0.05275 0.011333333333333332 0.006500000000000001
3 0.5543333333333333 0.04825 0.01 0.006500000000000001
3 0.5543333333333333 0.046 0.01 0.006
3 0.5546666666666666 0.043500000000000004 0.009333333333333332 0.006
3 0.5543333333333333 0.042 0.01 0.005
3 0.5543333333333333 0.04 0.008666666666666666 0.006
3 0.5546666666666666 0.03675 0.008 0.006500000000000001
3 0.5686666666666667 0.0225 0.006666666666666666 0.004
3 0.5543333333333333 0.024 0.006 0.004
3 0.5536666666666666 0.0205 0.006 0.004
3 0.614 0.02425 0.005333333333333333 0.0045000000000000005
3 0.6393333333333333 0.02125 0.005333333333333333 0.0035
3 0.643 0.02325 0.006 0.0035
3 0.6416666666666666 0.029750000000000002 0.006 0.0045000000000000005
3 0.6523333333333333 0.02675 0.007333333333333333 0.0045000000000000005
3 0.6466666666666666 0.026000000000000002 0.006666666666666666 0.004
3 0.646 0.04075 0.009333333333333332 0.0055
3 0.6556666666666666 0.04475 0.01 0.006500000000000001
3 0.6496666666666666 0.05025 0.01 0.006500000000000001
3 0.6526666666666666 0.0545 0.009333333333333332 0.006
3 0.6653333333333333 0.03275 0.009333333333333332 0.0045000000000000005
1 0.6776666666666666 0.04675 0.004666666666666666 0.0035
1 0.6729999999999999 0.03675 0.003333333333333333 0.0035
1 0.6689999999999999 0.03975 0.003333333333333333 0.0055
9 0.6729999999999999 0.03825 0.003333333333333333 0.0045000000000000005
9 0.6686666666666666 0.04275 0.004 0.0055
9 0.6769999999999999 0.048 0.004666666666666666 0.004
9 0.7086666666666667 0.0725 0.005333333333333333 0.006
9 0.7076666666666667 0.06375 0.003333333333333333 0.0055
3 0.6816666666666666 0.04025 0.011333333333333332 0.0045000000000000005
3 0.6839999999999999 0.0415 0.009333333333333332 0.005
3 0.6869999999999999 0.043500000000000004 0.011333333333333332 0.005
3 0.6953333333333334 0.04775 0.013333333333333332 0.006500000000000001
3 0.7026666666666667 0.04975 0.010666666666666666 0.0075
3 0.7046666666666667 0.05075 0.010666666666666666 0.006500000000000001
3 0.7103333333333333 0.0525 0.014 0.004
3 0.706 0.0555 0.012 0.006
3 0.7096666666666667 0.05675 0.011333333333333332 0.006500000000000001
4 0.7213333333333333 0.05675 0.012 0.0075
3 0.728 0.06225 0.02 0.0075
3 0.738 0.0665 0.013333333333333332 0.008
3 0.7453333333333333 0.0725 0.021333333333333333 0.009000000000000001
3 0.7746666666666666 0.068 0.030666666666666665 0.009000000000000001
3 0.772 0.07050000000000001 0.026666666666666665 0.009000000000000001
3 0.758 0.07725 0.016 0.0085
3 0.7806666666666666 0.083 0.024 0.01
4 0.7703333333333333 0.07925 0.015333333333333332 0.0095
3 0.7826666666666666 0.0885 0.024 0.009000000000000001
4 0.7786666666666666 0.092 0.029333333333333333 0.012
3 0.7919999999999999 0.095 0.026666666666666665 0.009000000000000001
3 0.8033333333333333 0.099 0.022666666666666665 0.011
3 0.8183333333333334 0.106 0.022 0.011
3 0.8306666666666667 0.10975 0.03333333333333333 0.0135
9 0.8523333333333333 0.11175 0.014 0.0115
3 0.8596666666666667 0.12475 0.02333333333333333 0.0155
4 0.898 0.13225 0.056 0.021500000000000002
4 0.95 0.12975 0.032 0.021500000000000002
4 1.009 0.13525 0.04466666666666667 0.0195
4 1.0553333333333332 0.135 0.04666666666666666 0.018000000000000002
4 1.1059999999999999 0.13625 0.04933333333333333 0.0165
4 1.1156666666666666 0.15 0.06066666666666667 0.021
4 1.057 0.16975 0.056666666666666664 0.021500000000000002
4 1.0513333333333332 0.15075 0.05466666666666666 0.0205
4 1.0856666666666666 0.12875 0.033999999999999996 0.0185
4 1.1223333333333334 0.13225 0.035333333333333335 0.0185
4 1.157 0.13475 0.04066666666666666 0.0195
4 1.185 0.13425 0.03133333333333333 0.0175
4 1.147 0.12575 0.03133333333333333 0.0135
4 1.1743333333333332 0.1245 0.03266666666666666 0.015
4 1.2106666666666666 0.1335 0.036 0.018000000000000002
4 1.2473333333333332 0.1335 0.048 0.02
4 1.2386666666666666 0.12725 0.034666666666666665 0.0155
5 1.2986666666666666 0.126 0.06 0.023
3 1.3213333333333332 0.129 0.022666666666666665 0.014
5 1.2866666666666666 0.14775 0.08 0.0285
5 1.208 0.155 0.088 0.022
2 1.2053333333333334 0.186 0.025333333333333333 0.012
3 1.15 0.15175 0.042666666666666665 0.0145
3 1.0753333333333333 0.1515 0.044 0.017
3 1.0463333333333333 0.16475 0.07133333333333333 0.0185
5 1.029 0.12075 0.074 0.0305
3 1.081 0.18225 0.06333333333333332 0.0165
3 1.0879999999999999 0.193 0.06799999999999999 0.022
3 1.1153333333333333 0.2025 0.07333333333333333 0.021
4 1.1596666666666666 0.20825 0.086 0.0265
3 1.2516666666666667 0.2475 0.06733333333333333 0.029
3 1.284 0.31175 0.09733333333333333 0.0395
9 0.6923333333333334 0.424 0.018 0.03
1 0.6923333333333334 0.41000000000000003 0.020666666666666667 0.029
3 0.7546666666666666 0.1685 0.04133333333333333 0.024
4 0.699 0.1085 0.048666666666666664 0.017
3 0.692 0.0835 0.017333333333333333 0.009000000000000001
3 0.7326666666666667 0.085 0.017333333333333333 0.01
3 0.7296666666666667 0.0305 0.016666666666666666 0.005
3 0.7276666666666667 0.0285 0.018 0.005
3 0.7273333333333333 0.02775 0.018666666666666665 0.0055
3 0.717 0.024 0.014 0.004
3 0.736 0.02425 0.013333333333333332 0.0045000000000000005
3 0.767 0.02925 0.016666666666666666 0.0045000000000000005
4 0.7726666666666666 0.03925 0.018666666666666665 0.0055
5 0.757 0.0335 0.01 0.008
4 0.7356666666666667 0.0475 0.020666666666666667 0.007
4 0.7436666666666666 0.0485 0.02333333333333333 0.009000000000000001
3 0.7463333333333333 0.052000000000000005 0.022 0.006
3 0.7526666666666666 0.0525 0.025333333333333333 0.008
3 0.7546666666666666 0.055 0.024 0.007
3 0.7746666666666666 0.052000000000000005 0.016 0.007
4 0.77 0.059250000000000004 0.024 0.0075
4 0.774 0.0605 0.025333333333333333 0.009000000000000001
4 0.7786666666666666 0.06125 0.026666666666666665 0.0085
4 0.7849999999999999 0.063 0.02733333333333333 0.008
4 0.7883333333333333 0.064 0.024666666666666667 0.009000000000000001
4 0.8076666666666666 0.05375 0.026 0.0105
1 0.6659999999999999 0.1155 0.006666666666666666 0.009000000000000001
9 0.6659999999999999 0.11975000000000001 0.006666666666666666 0.0085
4 0.4513333333333333 0.041 0.010666666666666666 0.008
