5 0.07550761421319796 0.5064285714285715 0.15355329949238578 0.10857142857142857
3 0.17385786802030456 0.4275 0.07868020304568528 0.04071428571428572
3 0.40609137055837563 0.47214285714285714 0.07868020304568528 0.06714285714285714
3 0.44670050761421315 0.4110714285714286 0.055837563451776644 0.052142857142857144
3 0.315989847715736 0.30714285714285716 0.06598984771573603 0.03571428571428571
5 0.4631979695431472 0.16785714285714284 0.06598984771573603 0.04
3 0.5158629441624365 0.1357142857142857 0.03426395939086294 0.018571428571428572
3 0.5323604060913705 0.11928571428571429 0.03426395939086294 0.017142857142857144
3 0.5482233502538071 0.10535714285714286 0.032994923857868015 0.013571428571428571
4 0.6167512690355329 0.007142857142857143 0.04060913705583756 0.014285714285714285
3 0.5799492385786802 0.008571428571428572 0.03807106598984771 0.011428571428571429
3 0.8413705583756345 0.4014285714285714 0.07360406091370558 0.06714285714285714
3 0.9695431472081217 0.05928571428571429 0.03045685279187817 0.02
3 1.1916243654822334 0.039285714285714285 0.035532994923857864 0.024285714285714285
5 1.3623096446700507 0.22321428571428573 0.12563451776649745 0.10071428571428571
1 1.7417512690355328 0.42678571428571427 0.019035532994923856 0.017857142857142856
1 1.5590101522842639 0.22785714285714287 0.008883248730964466 0.011428571428571429
1 1.5507614213197969 0.22714285714285715 0.012690355329949238 0.017142857142857144
1 1.4352791878172588 0.21285714285714286 0.015228426395939085 0.01
1 1.464467005076142 0.20857142857142857 0.015228426395939085 0.008571428571428572
