8 1.1660482374768089 0.45172233820459284 0.20593692022263452 0.13517745302713985
8 0.9086270871985158 0.5336638830897703 0.1808905380333952 0.055845511482254695
3 0.7866419294990724 0.4245824634655532 0.10204081632653061 0.04331941544885177
3 0.9972170686456401 0.34264091858037576 0.07235621521335807 0.0360125260960334
4 0.8896103896103896 0.3810020876826722 0.0705009276437848 0.04175365344467641
9 0.7212430426716141 0.41153444676409184 0.036178107606679034 0.017223382045929016
9 0.9341372912801484 0.3421189979123173 0.01855287569573284 0.015135699373695197
9 1.0431354359925789 0.3032359081419624 0.036178107606679034 0.013569937369519832
9 1.030612244897959 0.29540709812108557 0.01855287569573284 0.016701461377870562
9 1.0153061224489797 0.3121085594989561 0.02319109461966605 0.014613778705636741
2 0.8242115027829313 0.38282881002087676 0.02319109461966605 0.015135699373695197
8 1.585343228200371 0.1677974947807933 0.0686456400742115 0.03705636743215031
4 1.4466604823747682 0.1790187891440501 0.0287569573283859 0.020876826722338204
3 1.4828385899814471 0.14196242171189977 0.03803339517625232 0.011482254697286011
3 1.4791280148423005 0.1411795407098121 0.041743970315398886 0.014091858037578286
3 1.50278293135436 0.13282881002087682 0.03710575139146568 0.010960334029227557
3 1.5487012987012987 0.11221294363256784 0.043599257884972174 0.01774530271398747
3 1.5765306122448979 0.12499999999999999 0.026901669758812616 0.010960334029227557
1 1.4327458256029686 0.1980688935281837 0.00463821892393321 0.007828810020876827
2 1.4285714285714286 0.20172233820459287 0.0074211502782931356 0.010960334029227557
1 0.8344155844155844 0.34446764091858034 0.010204081632653062 0.006263048016701461
9 0.8367346938775511 0.35307933194154484 0.02411873840445269 0.008872651356993735
2 1.151669758812616 0.25469728601252606 0.02319109461966605 0.009394572025052192
9 1.172077922077922 0.24608559498956156 0.02319109461966605 0.004697286012526096
1 1.212430426716141 0.28679540709812107 0.0074211502782931356 0.0057411273486430055
9 1.2119666048237476 0.2946242171189979 0.0176252319109462 0.008872651356993735
9 0.8562152133580705 0.36456158663883087 0.02411873840445269 0.015135699373695197
