3 0.6323809523809524 0.44785714285714284 0.05333333333333333 0.05285714285714286
3 0.8085714285714286 0.36392857142857143 0.03428571428571429 0.056428571428571425
4 0.861904761904762 0.4114285714285714 0.030476190476190476 0.045714285714285714
6 0.8561904761904762 0.026071428571428572 0.01904761904761905 0.03357142857142857
9 0.7804761904761904 0.1175 0.014285714285714285 0.027857142857142858
9 0.9076190476190477 0.3625 0.013333333333333332 0.017857142857142856
9 0.7714285714285715 0.6792857142857143 0.013333333333333332 0.022857142857142857
2 0.8876190476190476 0.165 0.013333333333333332 0.017142857142857144
1 0.7819047619047619 0.11714285714285715 0.011428571428571429 0.015714285714285715
1 0.8890476190476191 0.16392857142857142 0.010476190476190476 0.012142857142857143
1 0.9085714285714286 0.36142857142857143 0.009523809523809525 0.01
1 0.770952380952381 0.6775 0.010476190476190476 0.009285714285714286
