3 0.17809523809523808 0.030357142857142857 0.015238095238095238 0.012142857142857143
3 0.29904761904761906 0.005 0.02095238095238095 0.01
4 0.29904761904761906 0.05964285714285714 0.026666666666666665 0.016428571428571428
3 0.22 0.02214285714285714 0.01904761904761905 0.011428571428571429
3 0.01380952380952381 0.3842857142857143 0.021904761904761906 0.022857142857142857
3 0.03142857142857143 0.38357142857142856 0.022857142857142857 0.024285714285714285
3 0.048095238095238094 0.385 0.021904761904761906 0.022857142857142857
3 0.08095238095238096 0.3821428571428571 0.02095238095238095 0.02142857142857143
3 0.09904761904761905 0.3782142857142857 0.02095238095238095 0.02214285714285714
3 0.1361904761904762 0.3767857142857143 0.01904761904761905 0.02214285714285714
3 0.11619047619047619 0.37857142857142856 0.02095238095238095 0.022857142857142857
3 0.16047619047619047 0.375 0.018095238095238095 0.02142857142857143
3 0.17857142857142858 0.375 0.01619047619047619 0.022857142857142857
3 0.20095238095238097 0.37392857142857144 0.01904761904761905 0.023571428571428573
3 0.11619047619047619 0.42642857142857143 0.02095238095238095 0.024285714285714285
3 0.16857142857142857 0.4232142857142857 0.02095238095238095 0.023571428571428573
3 0.18476190476190477 0.4228571428571429 0.01904761904761905 0.024285714285714285
3 0.1519047619047619 0.42428571428571427 0.02 0.022857142857142857
3 0.13238095238095238 0.42464285714285716 0.022857142857142857 0.025
3 0.09 0.4514285714285714 0.021904761904761906 0.024285714285714285
4 0.07857142857142857 0.4275 0.025714285714285714 0.02642857142857143
3 0.03857142857142857 0.4539285714285714 0.021904761904761906 0.025
3 0.02857142857142857 0.4303571428571429 0.022857142857142857 0.023571428571428573
3 0.04666666666666667 0.4278571428571429 0.02095238095238095 0.017142857142857144
3 0.05476190476190476 0.455 0.021904761904761906 0.024285714285714285
3 0.02 0.45607142857142857 0.022857142857142857 0.02642857142857143
3 0.007142857142857143 0.45535714285714285 0.01619047619047619 0.025
3 0.03857142857142857 0.5089285714285714 0.023809523809523808 0.027857142857142858
3 0.062380952380952384 0.5089285714285714 0.021904761904761906 0.025
3 0.08285714285714285 0.5071428571428571 0.024761904761904763 0.027142857142857142
3 0.10380952380952381 0.5071428571428571 0.026666666666666665 0.027142857142857142
3 0.09857142857142857 0.5392857142857143 0.021904761904761906 0.02857142857142857
3 0.14809523809523809 0.5032142857142857 0.021904761904761906 0.027857142857142858
3 0.13047619047619047 0.5939285714285715 0.022857142857142857 0.029285714285714286
3 0.08523809523809524 0.5932142857142857 0.025714285714285714 0.029285714285714286
3 0.06333333333333334 0.5932142857142857 0.025714285714285714 0.02642857142857143
3 0.016666666666666666 0.6 0.02761904761904762 0.027142857142857142
1 0.09761904761904762 0.7414285714285714 0.006666666666666666 0.005714285714285714
9 0.09904761904761905 0.7414285714285714 0.01904761904761905 0.004285714285714286
3 0.4757142857142857 0.0225 0.010476190476190476 0.015
3 0.4780952380952381 0.07857142857142857 0.022857142857142857 0.011428571428571429
3 0.5123809523809524 0.07714285714285714 0.026666666666666665 0.01
1 0.4719047619047619 0.09821428571428571 0.004761904761904762 0.0064285714285714285
2 0.47333333333333333 0.09964285714285714 0.007619047619047619 0.002142857142857143
3 0.4895238095238095 0.12142857142857143 0.022857142857142857 0.017142857142857144
3 0.5014285714285714 0.13964285714285715 0.012380952380952381 0.017857142857142856
3 0.4990476190476191 0.20107142857142857 0.013333333333333332 0.017857142857142856
3 0.5395238095238095 0.165 0.012380952380952381 0.018571428571428572
3 0.5 0.18071428571428572 0.013333333333333332 0.018571428571428572
3 0.5442857142857143 0.22535714285714287 0.014285714285714285 0.019285714285714285
3 0.5014285714285714 0.22071428571428572 0.014285714285714285 0.02
3 0.5428571428571428 0.26785714285714285 0.013333333333333332 0.018571428571428572
3 0.5466666666666666 0.2985714285714286 0.03238095238095238 0.012857142857142857
9 0.49476190476190474 0.3489285714285714 0.010476190476190476 0.0035714285714285713
2 0.5680952380952381 0.3707142857142857 0.010476190476190476 0.002857142857142857
3 0.5014285714285714 0.39785714285714285 0.035238095238095235 0.012857142857142857
3 0.49666666666666665 0.4496428571428571 0.03333333333333333 0.012142857142857143
3 0.5033333333333333 0.4807142857142857 0.03333333333333333 0.012857142857142857
4 0.6833333333333333 0.5596428571428571 0.01619047619047619 0.025
6 0.6780952380952381 0.48428571428571426 0.009523809523809525 0.015714285714285715
3 0.6552380952380953 0.49142857142857144 0.01904761904761905 0.027142857142857142
3 0.6352380952380953 0.49107142857142855 0.015238095238095238 0.027857142857142858
3 0.6152380952380953 0.49392857142857144 0.017142857142857144 0.02642857142857143
3 0.5923809523809523 0.46714285714285714 0.015238095238095238 0.024285714285714285
3 0.6109523809523809 0.4657142857142857 0.01619047619047619 0.025714285714285714
3 0.6328571428571429 0.4625 0.01619047619047619 0.025
9 0.6471428571428571 0.44 0.012380952380952381 0.004285714285714286
3 0.6271428571428571 0.4060714285714286 0.01619047619047619 0.025
3 0.5919047619047619 0.41 0.01619047619047619 0.024285714285714285
3 0.5876190476190476 0.385 0.017142857142857144 0.024285714285714285
9 0.6171428571428571 0.3628571428571429 0.011428571428571429 0.005714285714285714
3 0.5880952380952381 0.31285714285714283 0.012380952380952381 0.02
3 0.5852380952380952 0.2960714285714286 0.029523809523809525 0.012142857142857143
3 0.5876190476190476 0.18214285714285713 0.011428571428571429 0.017142857142857144
3 0.5742857142857143 0.09928571428571428 0.024761904761904763 0.011428571428571429
3 0.6433333333333333 0.008928571428571428 0.023809523809523808 0.009285714285714286
3 0.6428571428571429 0.016428571428571428 0.02095238095238095 0.008571428571428572
3 0.7295238095238096 0.08464285714285714 0.026666666666666665 0.012142857142857143
3 0.8004761904761905 0.08107142857142857 0.023809523809523808 0.009285714285714286
6 1.022857142857143 0.11071428571428571 0.015238095238095238 0.007142857142857143
3 1.0504761904761906 0.18035714285714285 0.030476190476190476 0.012142857142857143
3 1.0561904761904761 0.18928571428571428 0.030476190476190476 0.011428571428571429
3 1.0609523809523809 0.19892857142857143 0.030476190476190476 0.012142857142857143
3 1.079047619047619 0.21392857142857144 0.030476190476190476 0.010714285714285714
3 1.079047619047619 0.2317857142857143 0.030476190476190476 0.010714285714285714
3 1.0847619047619048 0.2417857142857143 0.03238095238095238 0.012142857142857143
3 1.098095238095238 0.2675 0.03428571428571429 0.012142857142857143
3 1.1142857142857143 0.30428571428571427 0.03428571428571429 0.011428571428571429
3 1.1195238095238096 0.33535714285714285 0.03142857142857143 0.020714285714285713
3 1.078095238095238 0.34035714285714286 0.022857142857142857 0.02214285714285714
3 1.061904761904762 0.3410714285714286 0.02095238095238095 0.02214285714285714
3 1.0885714285714285 0.35964285714285715 0.03619047619047619 0.012142857142857143
3 1.0904761904761904 0.37035714285714283 0.030476190476190476 0.010714285714285714
3 1.0957142857142856 0.38285714285714284 0.035238095238095235 0.011428571428571429
3 1.04 0.3053571428571429 0.030476190476190476 0.010714285714285714
4 1.1114285714285714 0.41 0.0380952380952381 0.012857142857142857
3 1.1133333333333333 0.42428571428571427 0.03619047619047619 0.011428571428571429
3 1.1366666666666667 0.49464285714285716 0.040952380952380955 0.013571428571428571
3 1.141904761904762 0.5103571428571428 0.0380952380952381 0.013571428571428571
3 1.1495238095238096 0.5271428571428571 0.0380952380952381 0.012857142857142857
3 1.0723809523809524 0.5035714285714286 0.03238095238095238 0.014285714285714285
3 1.0742857142857143 0.5178571428571429 0.04 0.017142857142857144
3 1.0833333333333333 0.5332142857142858 0.039047619047619046 0.013571428571428571
3 1.1133333333333333 0.54 0.02095238095238095 0.02857142857142857
3 0.8128571428571428 0.15928571428571428 0.02761904761904762 0.011428571428571429
3 0.819047619047619 0.18178571428571427 0.02857142857142857 0.012142857142857143
3 0.8395238095238096 0.2307142857142857 0.029523809523809525 0.011428571428571429
9 0.8361904761904762 0.21107142857142858 0.009523809523809525 0.0035714285714285713
9 0.8157142857142857 0.19321428571428573 0.008571428571428572 0.0035714285714285713
9 0.7952380952380952 0.24785714285714286 0.005714285714285714 0.005714285714285714
3 0.7371428571428571 0.2282142857142857 0.024761904761904763 0.012142857142857143
3 0.849047619047619 0.2867857142857143 0.03333333333333333 0.013571428571428571
9 0.8547619047619047 0.3007142857142857 0.010476190476190476 0.002857142857142857
3 0.8533333333333333 0.31 0.02857142857142857 0.011428571428571429
3 0.8595238095238095 0.33071428571428574 0.03142857142857143 0.011428571428571429
3 0.8590476190476191 0.3425 0.03238095238095238 0.012142857142857143
3 0.8633333333333333 0.355 0.03333333333333333 0.011428571428571429
9 0.8814285714285715 0.36892857142857144 0.010476190476190476 0.0035714285714285713
9 0.8814285714285715 0.3742857142857143 0.010476190476190476 0.004285714285714286
9 0.8242857142857143 0.36678571428571427 0.006666666666666666 0.013571428571428571
3 0.8223809523809524 0.4010714285714286 0.03142857142857143 0.012142857142857143
3 0.8261904761904761 0.41464285714285715 0.037142857142857144 0.012142857142857143
3 0.88 0.39 0.03428571428571429 0.011428571428571429
3 0.83 0.4303571428571429 0.03333333333333333 0.013571428571428571
3 0.8285714285714286 0.44392857142857145 0.03428571428571429 0.012142857142857143
3 0.8328571428571429 0.45785714285714285 0.03333333333333333 0.012857142857142857
4 0.9214285714285714 0.48678571428571427 0.03333333333333333 0.012142857142857143
3 1.2166666666666666 0.07535714285714286 0.025714285714285714 0.009285714285714286
3 1.2233333333333334 0.08535714285714285 0.03142857142857143 0.009285714285714286
3 1.229047619047619 0.09428571428571429 0.03142857142857143 0.01
3 1.2347619047619047 0.10321428571428572 0.03142857142857143 0.012142857142857143
3 1.2542857142857142 0.12892857142857142 0.03428571428571429 0.010714285714285714
3 1.2604761904761905 0.13642857142857143 0.03333333333333333 0.011428571428571429
3 1.2642857142857142 0.14392857142857143 0.025714285714285714 0.010714285714285714
3 1.2747619047619048 0.15392857142857141 0.029523809523809525 0.010714285714285714
4 1.2847619047619048 0.17107142857142857 0.03428571428571429 0.013571428571428571
4 1.2876190476190477 0.18178571428571427 0.030476190476190476 0.010714285714285714
4 1.2966666666666666 0.19178571428571428 0.03333333333333333 0.012142857142857143
3 1.3252380952380953 0.23142857142857143 0.014285714285714285 0.011428571428571429
