8 0.62 0.0725 0.009523809523809525 0.010714285714285714
3 0.5695238095238095 0.024285714285714285 0.0038095238095238095 0.005714285714285714
5 0.5680952380952381 0.0175 0.006666666666666666 0.007857142857142858
3 0.5638095238095238 0.014285714285714285 0.005714285714285714 0.004285714285714286
8 0.6738095238095239 0.04071428571428572 0.006666666666666666 0.01
4 0.6933333333333334 0.10642857142857143 0.005714285714285714 0.008571428571428572
5 0.6304761904761905 0.09392857142857143 0.007619047619047619 0.007857142857142858
3 0.6314285714285715 0.08821428571428572 0.007619047619047619 0.005
5 0.5747619047619048 0.13642857142857143 0.008571428571428572 0.012857142857142857
3 0.5761904761904761 0.10535714285714286 0.0038095238095238095 0.005
5 0.5538095238095239 0.1625 0.023809523809523808 0.010714285714285714
5 0.670952380952381 0.18071428571428572 0.010476190476190476 0.015714285714285715
5 0.6819047619047619 0.3467857142857143 0.017142857142857144 0.03785714285714286
5 0.85 0.4832142857142857 0.025714285714285714 0.03357142857142857
5 0.86 0.45357142857142857 0.013333333333333332 0.018571428571428572
5 1.1838095238095239 0.6546428571428572 0.049523809523809526 0.02214285714285714
5 1.2695238095238095 0.31464285714285717 0.0419047619047619 0.016428571428571428
3 0.6452380952380953 0.4357142857142857 0.021904761904761906 0.008571428571428572
5 0.6052380952380952 0.11428571428571428 0.014285714285714285 0.005714285714285714
3 0.6638095238095238 0.16142857142857142 0.005714285714285714 0.005714285714285714
3 0.7266666666666667 0.06357142857142857 0.009523809523809525 0.004285714285714286
3 0.7838095238095238 0.16464285714285715 0.009523809523809525 0.005
3 0.7833333333333333 0.16214285714285714 0.014285714285714285 0.004285714285714286
5 0.7985714285714286 0.1492857142857143 0.008571428571428572 0.01
5 0.8285714285714286 0.19892857142857143 0.011428571428571429 0.015
3 0.6980952380952381 0.29178571428571426 0.009523809523809525 0.009285714285714286
3 0.71 0.3335714285714286 0.008571428571428572 0.011428571428571429
3 0.023809523809523808 0.7010714285714286 0.0380952380952381 0.016428571428571428
3 0.06428571428571428 0.6942857142857143 0.03142857142857143 0.015714285714285715
3 0.07047619047619047 0.7435714285714285 0.02095238095238095 0.011428571428571429
3 0.09380952380952381 0.7289285714285715 0.021904761904761906 0.029285714285714286
3 0.10571428571428572 0.6867857142857143 0.03428571428571429 0.015
3 0.15142857142857144 0.6782142857142857 0.03428571428571429 0.015
3 0.19857142857142857 0.6707142857142857 0.029523809523809525 0.014285714285714285
3 0.38857142857142857 0.6382142857142857 0.03238095238095238 0.015
4 0.45285714285714285 0.6235714285714286 0.025714285714285714 0.014285714285714285
3 0.5238095238095238 0.6121428571428571 0.02857142857142857 0.014285714285714285
5 0.56 0.6039285714285715 0.03619047619047619 0.017857142857142856
3 0.6352380952380953 0.6889285714285714 0.013333333333333332 0.023571428571428573
3 0.6785714285714286 0.7282142857142857 0.018095238095238095 0.027857142857142858
3 0.7509523809523809 0.6171428571428571 0.029523809523809525 0.012857142857142857
3 0.7976190476190477 0.6864285714285714 0.018095238095238095 0.027142857142857142
3 1.1790476190476191 0.6742857142857143 0.03238095238095238 0.014285714285714285
3 1.0642857142857143 0.455 0.023809523809523808 0.008571428571428572
4 0.9928571428571429 0.40785714285714286 0.021904761904761906 0.01
4 1.036190476190476 0.42464285714285716 0.01904761904761905 0.015
3 0.5604761904761905 0.1975 0.014285714285714285 0.0064285714285714285
3 0.560952380952381 0.19178571428571428 0.013333333333333332 0.005
3 0.560952380952381 0.18857142857142858 0.015238095238095238 0.004285714285714286
3 0.56 0.18714285714285714 0.013333333333333332 0.005714285714285714
5 0.5871428571428572 0.19964285714285715 0.014285714285714285 0.020714285714285713
