9 0.1961904761904762 0.016785714285714286 0.0380952380952381 0.016428571428571428
4 0.2719047619047619 0.02142857142857143 0.1 0.04
3 0.2823809523809524 0.06285714285714286 0.11142857142857143 0.041428571428571426
2 0.16 0.29928571428571427 0.03619047619047619 0.008571428571428572
9 0.21142857142857144 0.3117857142857143 0.0380952380952381 0.013571428571428571
9 0.2061904761904762 0.3317857142857143 0.040952380952380955 0.010714285714285714
9 0.20523809523809525 0.37285714285714283 0.040952380952380955 0.012857142857142857
9 0.19714285714285715 0.38607142857142857 0.04380952380952381 0.012142857142857143
3 0.2057142857142857 0.41892857142857143 0.0419047619047619 0.012142857142857143
3 0.1957142857142857 0.4417857142857143 0.040952380952380955 0.010714285714285714
2 0.18857142857142858 0.48035714285714287 0.03428571428571429 0.010714285714285714
9 0.31523809523809526 0.6032142857142857 0.013333333333333332 0.03642857142857143
3 0.379047619047619 0.6878571428571428 0.05523809523809524 0.08285714285714285
3 0.5923809523809523 0.72 0.04380952380952381 0.05714285714285714
4 0.3980952380952381 0.5864285714285714 0.05333333333333333 0.08571428571428572
4 0.4138095238095238 0.4832142857142857 0.05238095238095238 0.08928571428571429
3 0.41333333333333333 0.39071428571428574 0.05333333333333333 0.07857142857142857
4 0.6095238095238096 0.3510714285714286 0.0419047619047619 0.07785714285714286
3 0.4166666666666667 0.27285714285714285 0.05238095238095238 0.07285714285714286
