4 1.3807977736549166 0.3421189979123173 0.07884972170686456 0.02139874739039666
3 1.4165120593692022 0.3285490605427975 0.08348794063079777 0.017223382045929016
3 1.4800556586270872 0.29645093945720247 0.075139146567718 0.01774530271398747
3 1.5153061224489797 0.2792275574112735 0.06586270871985157 0.013569937369519832
3 1.519016697588126 0.2706158663883089 0.05844155844155844 0.012004175365344467
3 1.6479591836734695 0.345250521920668 0.08998144712430427 0.023486430062630476
3 1.655844155844156 0.3666492693110647 0.09647495361781076 0.019311064718162838
3 1.6581632653061225 0.3076722338204593 0.0640074211502783 0.012004175365344467
3 1.6734693877551021 0.2977557411273486 0.06679035250463822 0.012004175365344467
3 1.677643784786642 0.2888830897703549 0.07142857142857142 0.012004175365344467
4 1.12430426716141 0.29984342379958245 0.06679035250463822 0.017223382045929016
4 1.1535250463821893 0.29514613778705634 0.06215213358070501 0.017223382045929016
3 1.0960111317254175 0.318893528183716 0.075139146567718 0.01774530271398747
3 1.0245825602968461 0.3327244258872651 0.07884972170686456 0.020354906054279746
3 1.0343228200371057 0.3264613778705636 0.06679035250463822 0.01826722338204593
3 1.2203153988868274 0.2805323590814196 0.06957328385899815 0.016179540709812108
3 1.2736549165120594 0.2661795407098121 0.06307977736549165 0.011482254697286011
3 1.2982374768089053 0.2593945720250522 0.05658627087198516 0.010438413361169102
3 1.2314471243042673 0.35203549060542794 0.0862708719851577 0.020354906054279746
5 1.6331168831168832 0.3789144050104384 0.16233766233766234 0.050104384133611686
3 1.3998144712430427 0.27896659707724425 0.06307977736549165 0.012004175365344467
3 1.422077922077922 0.2740083507306889 0.059369202226345084 0.010438413361169102
