3 1.2723809523809524 0.5714285714285714 0.09523809523809523 0.11285714285714285
9 0.9923809523809524 0.48035714285714287 0.049523809523809526 0.030714285714285715
9 1.0257142857142858 0.51 0.022857142857142857 0.03428571428571429
2 1.0038095238095237 0.5267857142857143 0.05523809523809524 0.03214285714285714
3 0.9252380952380952 0.5160714285714286 0.06380952380952382 0.08785714285714286
9 0.8790476190476191 0.47785714285714287 0.03238095238095238 0.03571428571428571
4 0.8261904761904761 0.4967857142857143 0.07904761904761905 0.09214285714285714
3 0.025238095238095237 0.375 0.05238095238095238 0.06571428571428571
3 0.06190476190476191 0.39714285714285713 0.10857142857142857 0.09
3 0.19142857142857142 0.42 0.09142857142857143 0.09142857142857143
3 0.24904761904761905 0.43214285714285716 0.09428571428571429 0.10285714285714286
4 0.3047619047619048 0.4367857142857143 0.09333333333333334 0.08357142857142857
3 0.37523809523809526 0.4417857142857143 0.08761904761904762 0.08928571428571429
5 0.44095238095238093 0.46214285714285713 0.13904761904761906 0.12571428571428572
3 0.03333333333333333 0.23035714285714284 0.06857142857142857 0.065
3 0.40476190476190477 0.28285714285714286 0.06476190476190476 0.07
1 0.49476190476190474 0.3385714285714286 0.018095238095238095 0.014285714285714285
1 0.6133333333333333 0.34535714285714286 0.017142857142857144 0.015
1 0.63 0.3475 0.014285714285714285 0.016428571428571428
1 0.6361904761904762 0.33214285714285713 0.01904761904761905 0.018571428571428572
1 0.6276190476190476 0.31285714285714283 0.013333333333333332 0.012857142857142857
1 0.64 0.31285714285714283 0.015238095238095238 0.017142857142857144
1 0.6409523809523809 0.30214285714285716 0.013333333333333332 0.014285714285714285
1 0.650952380952381 0.2832142857142857 0.014285714285714285 0.019285714285714285
1 0.6761904761904762 0.3157142857142857 0.015238095238095238 0.015714285714285715
1 0.670952380952381 0.34 0.014285714285714285 0.015714285714285715
1 0.670952380952381 0.37142857142857144 0.018095238095238095 0.015714285714285715
1 0.6771428571428572 0.35535714285714287 0.013333333333333332 0.009285714285714286
1 0.7057142857142857 0.3775 0.017142857142857144 0.012142857142857143
1 0.7128571428571429 0.3557142857142857 0.01619047619047619 0.011428571428571429
1 0.7271428571428571 0.35678571428571426 0.014285714285714285 0.013571428571428571
1 0.7304761904761905 0.3432142857142857 0.015238095238095238 0.012142857142857143
1 0.7204761904761905 0.32535714285714284 0.014285714285714285 0.010714285714285714
1 0.7380952380952381 0.3296428571428571 0.015238095238095238 0.012142857142857143
1 0.7633333333333333 0.3682142857142857 0.018095238095238095 0.010714285714285714
1 0.7790476190476191 0.36178571428571427 0.017142857142857144 0.010714285714285714
1 0.7952380952380952 0.37392857142857144 0.01904761904761905 0.013571428571428571
1 0.7771428571428571 0.3417857142857143 0.013333333333333332 0.012142857142857143
1 0.8014285714285714 0.3385714285714286 0.01619047619047619 0.011428571428571429
1 0.8319047619047619 0.31535714285714284 0.018095238095238095 0.016428571428571428
1 0.8452380952380952 0.33464285714285713 0.01619047619047619 0.013571428571428571
1 0.8285714285714286 0.345 0.017142857142857144 0.012857142857142857
1 0.8366666666666667 0.3557142857142857 0.012380952380952381 0.015714285714285715
1 0.8509523809523809 0.3585714285714286 0.014285714285714285 0.014285714285714285
1 0.8633333333333333 0.3460714285714286 0.014285714285714285 0.013571428571428571
1 0.8566666666666667 0.38392857142857145 0.014285714285714285 0.012142857142857143
1 0.8457142857142858 0.37214285714285716 0.017142857142857144 0.011428571428571429
1 0.8909523809523809 0.38642857142857145 0.014285714285714285 0.015714285714285715
1 0.9066666666666666 0.39285714285714285 0.015238095238095238 0.008571428571428572
1 0.9271428571428572 0.3821428571428571 0.018095238095238095 0.011428571428571429
1 0.8838095238095238 0.33035714285714285 0.015238095238095238 0.015
1 0.9071428571428571 0.3264285714285714 0.014285714285714285 0.011428571428571429
1 0.920952380952381 0.3389285714285714 0.013333333333333332 0.019285714285714285
1 0.9523809523809523 0.35214285714285715 0.01904761904761905 0.015714285714285715
1 0.9633333333333334 0.3707142857142857 0.018095238095238095 0.014285714285714285
1 0.9842857142857143 0.3782142857142857 0.014285714285714285 0.009285714285714286
1 0.9985714285714286 0.36892857142857144 0.014285714285714285 0.012142857142857143
1 1.000952380952381 0.3578571428571429 0.011428571428571429 0.011428571428571429
1 0.9871428571428571 0.3475 0.021904761904761906 0.010714285714285714
1 0.9661904761904762 0.3417857142857143 0.01619047619047619 0.019285714285714285
1 0.9923809523809524 0.325 0.01904761904761905 0.012857142857142857
1 0.9938095238095238 0.31535714285714284 0.012380952380952381 0.012142857142857143
1 0.9676190476190476 0.4110714285714286 0.01904761904761905 0.012142857142857143
1 0.9833333333333333 0.4039285714285714 0.014285714285714285 0.015
1 1.0552380952380953 0.42678571428571427 0.02095238095238095 0.016428571428571428
1 1.0866666666666667 0.4082142857142857 0.015238095238095238 0.016428571428571428
1 1.078095238095238 0.39357142857142857 0.01904761904761905 0.011428571428571429
1 1.0566666666666666 0.3775 0.01619047619047619 0.013571428571428571
1 1.0795238095238096 0.36607142857142855 0.018095238095238095 0.015
1 1.1261904761904762 0.3485714285714286 0.02 0.012857142857142857
1 1.1552380952380952 0.3457142857142857 0.015238095238095238 0.014285714285714285
1 1.0895238095238096 0.3442857142857143 0.015238095238095238 0.012857142857142857
1 1.0576190476190477 0.33785714285714286 0.018095238095238095 0.014285714285714285
1 1.1271428571428572 0.38321428571428573 0.01619047619047619 0.015
1 1.1542857142857144 0.395 0.02857142857142857 0.012857142857142857
1 1.158095238095238 0.3821428571428571 0.02095238095238095 0.014285714285714285
1 1.2604761904761905 0.3942857142857143 0.021904761904761906 0.02
1 1.2795238095238095 0.4107142857142857 0.012380952380952381 0.018571428571428572
