3 1.0016666666666667 0.48875 0.051333333333333335 0.0205
3 0.7939999999999999 0.4835 0.04666666666666666 0.019
3 0.7023333333333334 0.4945 0.051333333333333335 0.018000000000000002
3 0.508 0.48975 0.050666666666666665 0.0195
3 0.44066666666666665 0.49175 0.04933333333333333 0.0185
1 0.3743333333333333 0.48025 0.006 0.0105
4 0.37266666666666665 0.48925 0.04533333333333333 0.0165
3 0.296 0.48875 0.052 0.0165
2 0.21166666666666667 0.47750000000000004 0.019333333333333334 0.009000000000000001
1 0.211 0.47475 0.01 0.0105
2 0.22033333333333333 0.4615 0.007333333333333333 0.011
2 0.22766666666666666 0.4595 0.007333333333333333 0.011
2 0.249 0.456 0.008666666666666666 0.011
2 0.2563333333333333 0.4535 0.007333333333333333 0.012
9 0.8546666666666667 0.423 0.009333333333333332 0.011
9 0.8653333333333333 0.4245 0.009333333333333332 0.011
9 0.8786666666666666 0.4295 0.006666666666666666 0.01
9 0.8883333333333333 0.4315 0.008666666666666666 0.013000000000000001
9 0.8986666666666666 0.43475 0.009333333333333332 0.0105
2 0.9613333333333333 0.45075 0.009333333333333332 0.0095
2 0.9476666666666667 0.44825 0.007333333333333333 0.0115
2 0.9369999999999999 0.44675000000000004 0.007333333333333333 0.0095
9 0.9303333333333333 0.44125000000000003 0.014 0.0085
2 0.9186666666666666 0.43925000000000003 0.008 0.0085
2 0.2813333333333333 0.44975 0.008 0.0085
9 0.2866666666666667 0.4485 0.005333333333333333 0.01
9 0.29233333333333333 0.44625000000000004 0.007333333333333333 0.0105
9 0.298 0.44575000000000004 0.006666666666666666 0.0115
9 0.30266666666666664 0.444 0.008 0.011
2 0.321 0.4415 0.007333333333333333 0.008
2 0.328 0.4415 0.008 0.01
2 0.33299999999999996 0.44 0.006 0.008
2 0.33866666666666667 0.43825000000000003 0.008 0.0075
2 0.3446666666666667 0.437 0.008 0.008
2 0.35033333333333333 0.436 0.008666666666666666 0.009000000000000001
9 0.36233333333333334 0.43375 0.007333333333333333 0.0085
9 0.36833333333333335 0.43075 0.008666666666666666 0.0125
2 0.3863333333333333 0.42775 0.007333333333333333 0.0095
2 0.3923333333333333 0.42625 0.006 0.0095
2 0.3993333333333333 0.42425 0.008 0.0095
2 0.4043333333333333 0.423 0.007333333333333333 0.01
2 0.408 0.42275 0.005333333333333333 0.0095
9 0.41533333333333333 0.42075 0.006666666666666666 0.0095
9 0.421 0.42 0.006 0.009000000000000001
9 0.42766666666666664 0.41975 0.006 0.0085
9 0.021666666666666667 0.50575 0.01 0.0115
