8 0.6947969543147208 0.4342857142857143 0.09263959390862943 0.1
3 0.7430203045685279 0.2932142857142857 0.04441624365482233 0.04357142857142857
3 0.7151015228426395 0.22392857142857142 0.04441624365482233 0.03642857142857143
3 0.6776649746192893 0.19035714285714286 0.07868020304568528 0.02642857142857143
3 0.6592639593908629 0.16035714285714286 0.0748730964467005 0.020714285714285713
4 1.0336294416243654 0.4932142857142857 0.09771573604060912 0.035
3 1.020939086294416 0.45571428571428574 0.08756345177664974 0.04
3 1.0031725888324872 0.42857142857142855 0.09010152284263959 0.03142857142857143
3 0.9879441624365481 0.39071428571428574 0.09517766497461928 0.03
3 0.9765228426395939 0.3607142857142857 0.0748730964467005 0.027142857142857142
3 0.9555837563451776 0.3364285714285714 0.09390862944162436 0.03142857142857143
3 0.9441624365482233 0.3107142857142857 0.09390862944162436 0.02857142857142857
5 0.9098984771573604 0.28464285714285714 0.10406091370558375 0.035
3 0.9105329949238578 0.2596428571428571 0.09263959390862943 0.020714285714285713
3 0.9010152284263959 0.24428571428571427 0.07868020304568528 0.025714285714285714
3 0.8730964467005076 0.20785714285714285 0.07106598984771573 0.02142857142857143
3 0.8305837563451776 0.1742857142857143 0.06979695431472081 0.02
4 0.7791878172588832 0.12142857142857143 0.06091370558375634 0.02857142857142857
3 0.774746192893401 0.06821428571428571 0.06979695431472081 0.020714285714285713
4 0.7499999999999999 0.05857142857142857 0.06091370558375634 0.018571428571428572
4 0.7392131979695431 0.03321428571428572 0.07233502538071065 0.02214285714285714
3 0.7538071065989848 0.04928571428571429 0.06345177664974619 0.014285714285714285
3 0.7265228426395939 0.015357142857142857 0.05964467005076142 0.012142857142857143
3 0.70748730964467 0.009642857142857142 0.06218274111675126 0.017857142857142856
4 0.6732233502538071 0.036071428571428574 0.03426395939086294 0.025
3 0.47017766497461927 0.013571428571428571 0.031725888324873094 0.027142857142857142
3 0.25380710659898476 0.05857142857142857 0.035532994923857864 0.027142857142857142
3 0.2626903553299492 0.30964285714285716 0.053299492385786795 0.04214285714285714
3 0.26840101522842635 0.365 0.05710659898477157 0.05285714285714286
3 0.2880710659898477 0.49857142857142855 0.11167512690355329 0.03571428571428571
3 0.8648477157360406 0.5389285714285714 0.05456852791878172 0.045
9 0.824238578680203 0.2889285714285714 0.016497461928934008 0.013571428571428571
1 0.8908629441624365 0.135 0.012690355329949238 0.01
1 1.0456852791878173 0.26571428571428574 0.015228426395939085 0.014285714285714285
9 1.049492385786802 0.265 0.015228426395939085 0.015714285714285715
9 1.0228426395939085 0.24285714285714285 0.015228426395939085 0.012857142857142857
9 0.9118020304568527 0.18607142857142858 0.016497461928934008 0.015
9 0.891497461928934 0.175 0.026649746192893398 0.015714285714285715
9 0.8807106598984771 0.12857142857142856 0.01015228426395939 0.017142857142857144
9 0.8559644670050761 0.13392857142857142 0.026649746192893398 0.012142857142857143
9 0.9054568527918782 0.11285714285714285 0.013959390862944161 0.015714285714285715
9 0.8807106598984771 0.07857142857142857 0.012690355329949238 0.015714285714285715
9 0.8521573604060914 0.044642857142857144 0.008883248730964466 0.012142857142857143
2 0.8185279187817258 0.07892857142857143 0.012690355329949238 0.015
