5 0.08333333333333333 0.3475 0.08476190476190476 0.03214285714285714
5 0.23761904761904762 0.43964285714285717 0.08285714285714285 0.015
5 0.1319047619047619 0.5528571428571428 0.07714285714285714 0.02857142857142857
5 0.16095238095238096 0.635 0.1180952380952381 0.09285714285714286
4 0.20047619047619047 0.31642857142857145 0.023809523809523808 0.022857142857142857
3 0.319047619047619 0.37035714285714283 0.015238095238095238 0.023571428571428573
3 0.3333333333333333 0.3717857142857143 0.017142857142857144 0.02214285714285714
3 0.35095238095238096 0.3707142857142857 0.014285714285714285 0.02142857142857143
3 0.3676190476190476 0.36892857142857144 0.015238095238095238 0.020714285714285713
3 0.38285714285714284 0.37035714285714283 0.017142857142857144 0.02214285714285714
3 0.40190476190476193 0.3678571428571429 0.013333333333333332 0.02
3 0.4185714285714286 0.36607142857142855 0.01619047619047619 0.02214285714285714
3 0.4338095238095238 0.36642857142857144 0.014285714285714285 0.02
3 0.1261904761904762 0.6878571428571428 0.02761904761904762 0.018571428571428572
3 0.25333333333333335 0.6360714285714286 0.024761904761904763 0.020714285714285713
3 0.28904761904761905 0.635 0.01619047619047619 0.02142857142857143
3 0.64 0.18428571428571427 0.02857142857142857 0.02
3 0.6580952380952381 0.21607142857142858 0.01904761904761905 0.020714285714285713
3 0.7476190476190476 0.36178571428571427 0.026666666666666665 0.009285714285714286
3 0.7476190476190476 0.37285714285714283 0.026666666666666665 0.01
3 0.75 0.38607142857142857 0.025714285714285714 0.012142857142857143
3 0.7509523809523809 0.4017857142857143 0.029523809523809525 0.010714285714285714
3 0.7490476190476191 0.41285714285714287 0.029523809523809525 0.011428571428571429
3 0.7552380952380953 0.4278571428571429 0.030476190476190476 0.011428571428571429
3 0.7561904761904762 0.4375 0.030476190476190476 0.012142857142857143
3 0.7576190476190476 0.45285714285714285 0.029523809523809525 0.012857142857142857
4 0.76 0.4657142857142857 0.024761904761904763 0.01
3 0.7738095238095238 0.5785714285714286 0.029523809523809525 0.012857142857142857
4 0.7714285714285715 0.59 0.024761904761904763 0.012857142857142857
3 0.7780952380952381 0.6089285714285714 0.030476190476190476 0.012142857142857143
3 0.7776190476190477 0.6235714285714286 0.023809523809523808 0.011428571428571429
3 0.7795238095238095 0.6378571428571429 0.02761904761904762 0.011428571428571429
3 0.7823809523809524 0.6535714285714286 0.029523809523809525 0.012857142857142857
3 0.7871428571428571 0.6678571428571428 0.029523809523809525 0.014285714285714285
3 0.7852380952380953 0.6807142857142857 0.025714285714285714 0.015714285714285715
8 0.7052380952380952 0.6289285714285714 0.021904761904761906 0.04357142857142857
9 0.5038095238095238 0.09464285714285714 0.005714285714285714 0.012142857142857143
9 0.5076190476190476 0.14964285714285713 0.005714285714285714 0.007857142857142858
9 0.5242857142857142 0.2007142857142857 0.014285714285714285 0.008571428571428572
9 0.6814285714285714 0.32321428571428573 0.006666666666666666 0.010714285714285714
3 0.8523809523809524 0.2892857142857143 0.03238095238095238 0.011428571428571429
