1 0.46002538071065985 0.13142857142857142 0.006345177664974619 0.007142857142857143
3 0.8451776649746192 0.08571428571428572 0.055837563451776644 0.014285714285714285
3 0.6751269035532994 0.18071428571428572 0.06852791878172589 0.015714285714285715
4 0.266497461928934 0.18321428571428572 0.07106598984771573 0.017857142857142856
4 0.8991116751269035 0.023928571428571428 0.03934010152284264 0.023571428571428573
9 0.2696700507614213 0.41035714285714286 0.029187817258883246 0.0064285714285714285
3 0.9568527918781725 0.046785714285714285 0.04060913705583756 0.02214285714285714
3 0.9098984771573604 0.27035714285714285 0.06852791878172589 0.017857142857142856
4 1.1097715736040608 0.18071428571428572 0.06218274111675126 0.02142857142857143
4 1.022208121827411 0.06857142857142857 0.031725888324873094 0.02142857142857143
3 0.9955583756345177 0.060714285714285714 0.04695431472081218 0.022857142857142857
3 0.9847715736040609 0.08428571428571428 0.04314720812182741 0.017142857142857144
3 1.1078680203045685 0.06964285714285715 0.02284263959390863 0.025
3 0.9441624365482233 0.014642857142857143 0.027918781725888322 0.017857142857142856
3 0.9029187817258882 0.002857142857142857 0.021573604060913704 0.007142857142857143
4 1.5958121827411167 0.24464285714285713 0.06979695431472081 0.017857142857142856
3 1.4968274111675126 0.2867857142857143 0.07233502538071065 0.015
3 1.3337563451776648 0.2732142857142857 0.053299492385786795 0.017857142857142856
4 1.3020304568527918 0.19464285714285715 0.07360406091370558 0.016428571428571428
4 1.6535532994923856 0.17642857142857143 0.08883248730964466 0.018571428571428572
