3 0.9519047619047619 0.7075 0.25047619047619046 0.08357142857142857
3 0.41333333333333333 0.6710714285714285 0.11238095238095239 0.15642857142857142
3 0.5361904761904762 0.5739285714285715 0.08761904761904762 0.10928571428571429
3 0.2752380952380952 0.4357142857142857 0.08 0.08285714285714285
3 0.09380952380952381 0.5585714285714286 0.18761904761904763 0.07285714285714286
3 0.09952380952380953 0.5046428571428572 0.19904761904761906 0.055
3 0.7057142857142857 0.4564285714285714 0.0761904761904762 0.06142857142857143
3 0.43952380952380954 0.4471428571428571 0.06952380952380953 0.07857142857142857
3 0.5342857142857143 0.415 0.06095238095238095 0.055714285714285716
3 0.45095238095238094 0.38821428571428573 0.06190476190476191 0.05357142857142857
3 0.5223809523809524 0.37214285714285716 0.06 0.041428571428571426
3 0.5266666666666666 0.3342857142857143 0.049523809523809526 0.037142857142857144
3 0.5190476190476191 0.2960714285714286 0.03238095238095238 0.029285714285714286
3 0.45 0.3457142857142857 0.05047619047619047 0.04
3 0.46190476190476193 0.3142857142857143 0.04380952380952381 0.04
3 0.64 0.33035714285714285 0.05523809523809524 0.03785714285714286
4 0.6285714285714286 0.29714285714285715 0.04380952380952381 0.03571428571428571
3 0.36047619047619045 0.3075 0.05238095238095238 0.039285714285714285
3 0.37952380952380954 0.2760714285714286 0.04285714285714286 0.03642857142857143
3 0.32904761904761903 0.34785714285714286 0.07523809523809524 0.055714285714285716
3 0.6138095238095238 0.27535714285714286 0.040952380952380955 0.027857142857142858
3 0.6033333333333334 0.25857142857142856 0.03142857142857143 0.018571428571428572
3 0.5923809523809523 0.24464285714285713 0.03428571428571429 0.025
3 0.5185714285714286 0.27214285714285713 0.03142857142857143 0.022857142857142857
3 0.518095238095238 0.25392857142857145 0.0380952380952381 0.025
3 0.46714285714285714 0.2789285714285714 0.040952380952380955 0.04071428571428572
3 0.4719047619047619 0.24571428571428572 0.03333333333333333 0.03
3 0.3352380952380952 0.2596428571428571 0.06285714285714286 0.023571428571428573
3 0.34809523809523807 0.24714285714285714 0.058095238095238096 0.027142857142857142
3 0.37857142857142856 0.21964285714285714 0.06571428571428571 0.02214285714285714
3 0.3933333333333333 0.20535714285714285 0.05333333333333333 0.017857142857142856
3 0.4238095238095238 0.1975 0.022857142857142857 0.015
3 0.47333333333333333 0.22428571428571428 0.030476190476190476 0.018571428571428572
3 0.5161904761904762 0.22892857142857143 0.026666666666666665 0.019285714285714285
3 0.5838095238095238 0.21607142857142858 0.03238095238095238 0.02214285714285714
3 0.5090476190476191 0.21785714285714286 0.029523809523809525 0.017142857142857144
3 0.5076190476190476 0.20607142857142857 0.024761904761904763 0.016428571428571428
3 0.5061904761904762 0.19642857142857142 0.021904761904761906 0.015714285714285715
3 0.5076190476190476 0.1825 0.02095238095238095 0.013571428571428571
3 0.47285714285714286 0.2075 0.02761904761904762 0.020714285714285713
3 0.48 0.19178571428571428 0.024761904761904763 0.02214285714285714
3 0.4785714285714286 0.17107142857142857 0.02 0.015
3 0.5061904761904762 0.1732142857142857 0.023809523809523808 0.015
3 0.48095238095238096 0.15928571428571428 0.017142857142857144 0.012857142857142857
3 0.6085714285714285 0.20392857142857143 0.05523809523809524 0.020714285714285713
3 0.6066666666666667 0.19964285714285715 0.05904761904761905 0.017857142857142856
3 0.5623809523809524 0.185 0.023809523809523808 0.015714285714285715
3 0.5933333333333334 0.19035714285714286 0.045714285714285714 0.013571428571428571
