4 0.257 0.71675 0.22333333333333333 0.0635
5 0.6433333333333333 0.5255 0.216 0.10400000000000001
3 0.596 0.40800000000000003 0.112 0.042
5 0.7023333333333334 0.37825000000000003 0.09533333333333333 0.0785
3 0.5663333333333334 0.37625000000000003 0.10466666666666666 0.0385
2 0.30233333333333334 0.44925 0.019333333333333334 0.0265
2 0.353 0.39325 0.038 0.021500000000000002
9 0.41633333333333333 0.39225 0.014 0.0275
2 0.412 0.3705 0.010666666666666666 0.016
3 0.5446666666666666 0.32225 0.08399999999999999 0.0315
3 0.54 0.30825 0.06933333333333333 0.0195
2 0.3733333333333333 0.2985 0.016 0.008
2 0.371 0.2915 0.02733333333333333 0.012
2 0.379 0.28875 0.024666666666666667 0.0105
3 0.5976666666666667 0.27725 0.03133333333333333 0.0225
3 0.6659999999999999 0.27325 0.03733333333333333 0.0225
3 0.7013333333333334 0.27325 0.04533333333333333 0.021500000000000002
3 0.7336666666666667 0.27025 0.038 0.0195
3 0.6523333333333333 0.24475 0.03 0.021500000000000002
4 0.62 0.24575 0.030666666666666665 0.0245
3 0.8316666666666667 0.2165 0.033999999999999996 0.016
4 0.864 0.2005 0.034666666666666665 0.014
3 0.495 0.242 0.057999999999999996 0.018000000000000002
3 0.38966666666666666 0.25475000000000003 0.03 0.021500000000000002
3 0.38 0.23700000000000002 0.04 0.015
3 0.48933333333333334 0.2335 0.050666666666666665 0.015
3 0.487 0.225 0.05266666666666667 0.014
3 0.481 0.21075 0.046 0.0155
3 0.48 0.20225 0.044 0.0115
3 0.476 0.19525 0.044 0.0115
9 0.36366666666666664 0.20075 0.018 0.0105
3 0.4726666666666666 0.18625 0.036 0.0105
3 0.517 0.1805 0.04066666666666666 0.011
3 0.38966666666666666 0.17725 0.038 0.0105
3 0.39766666666666667 0.17225000000000001 0.03 0.0095
3 0.47533333333333333 0.17450000000000002 0.036 0.011
3 0.49 0.16625 0.029333333333333333 0.0075
4 0.49366666666666664 0.16 0.02733333333333333 0.01
3 0.41866666666666663 0.1635 0.030666666666666665 0.009000000000000001
4 0.41766666666666663 0.16 0.026 0.01
3 0.42766666666666664 0.158 0.015333333333333332 0.009000000000000001
2 0.451 0.158 0.01 0.006
