3 0.9876666666666666 0.726 0.10733333333333334 0.047
3 1.045 0.54525 0.078 0.0345
3 0.451 0.668 0.09133333333333334 0.055
3 0.4393333333333333 0.62625 0.088 0.0505
2 0.36833333333333335 0.60275 0.033999999999999996 0.0125
9 0.36733333333333335 0.612 0.034666666666666665 0.013000000000000001
4 0.41766666666666663 0.542 0.07266666666666667 0.038
3 0.39066666666666666 0.521 0.08 0.036000000000000004
3 0.377 0.497 0.06066666666666667 0.033
3 0.39299999999999996 0.45775 0.06733333333333333 0.0425
3 0.3486666666666667 0.452 0.07333333333333333 0.041
3 0.32066666666666666 0.433 0.044 0.029
3 0.33399999999999996 0.3995 0.06133333333333333 0.036000000000000004
3 0.311 0.38575 0.06333333333333332 0.0345
3 0.315 0.2885 0.04066666666666666 0.023
3 0.235 0.2765 0.03933333333333333 0.024
5 0.09866666666666667 0.08225 0.052 0.0165
5 0.12833333333333333 0.10275000000000001 0.04466666666666667 0.0125
3 0.11633333333333333 0.12275 0.03 0.0105
5 0.20033333333333334 0.09325 0.02333333333333333 0.0105
4 0.24466666666666667 0.078 0.017333333333333333 0.012
1 0.2723333333333333 0.0995 0.002 0.003
1 0.26966666666666667 0.09875 0.004666666666666666 0.0045000000000000005
9 0.271 0.10025 0.008666666666666666 0.0055
1 0.45866666666666667 0.24975 0.009333333333333332 0.0075
3 1.298 0.3895 0.044 0.034
3 1.2213333333333334 0.481 0.04933333333333333 0.053
3 1.202 0.4275 0.04533333333333333 0.047
3 1.1863333333333332 0.3905 0.04066666666666666 0.038
3 1.1766666666666665 0.34575 0.036 0.0405
3 0.6006666666666667 0.45475 0.07333333333333333 0.0345
1 0.7666666666666666 0.29525 0.006666666666666666 0.0075
1 0.758 0.2975 0.005333333333333333 0.007
1 0.7563333333333333 0.2925 0.004666666666666666 0.01
1 0.727 0.2485 0.006 0.007
1 1.3133333333333332 0.17475000000000002 0.009333333333333332 0.0085
9 1.312 0.17625 0.017333333333333333 0.0075
1 0.6166666666666667 0.18975 0.005333333333333333 0.0075
9 0.616 0.1915 0.013333333333333332 0.007
3 0.6699999999999999 0.126 0.029333333333333333 0.01
5 0.6493333333333333 0.17925 0.13333333333333333 0.0265
3 0.7746666666666666 0.19125 0.026666666666666665 0.0095
3 0.8333333333333333 0.2005 0.034666666666666665 0.015
1 0.9876666666666666 0.17275000000000001 0.006 0.0095
2 0.9863333333333333 0.17500000000000002 0.011333333333333332 0.007
3 1.078 0.184 0.034666666666666665 0.014
3 1.1423333333333332 0.17475000000000002 0.020666666666666667 0.0155
3 1.1593333333333333 0.1635 0.021333333333333333 0.015
3 1.1426666666666667 0.1395 0.02 0.014
3 1.19 0.0845 0.017333333333333333 0.009000000000000001
3 1.103 0.088 0.015333333333333332 0.01
3 1.0886666666666667 0.101 0.012 0.011
3 1.0733333333333333 0.06875 0.010666666666666666 0.0085
3 1.0673333333333332 0.05325 0.010666666666666666 0.0085
3 1.139 0.06125 0.014 0.0075
3 1.117 0.059750000000000004 0.012666666666666666 0.0075
3 1.1893333333333334 0.064 0.013333333333333332 0.008
3 1.0823333333333334 0.03925 0.01 0.0075
3 1.0226666666666666 0.08625000000000001 0.025333333333333333 0.0085
3 1.024 0.08325 0.032 0.0085
3 1.0223333333333333 0.0755 0.03266666666666666 0.008
3 1.019 0.0535 0.026 0.008
3 1.0416666666666667 0.002 0.006 0.005
3 1.046 0.00675 0.006666666666666666 0.0055
3 1.0513333333333332 0.01375 0.016 0.0055
3 1.053 0.02325 0.008666666666666666 0.0055
3 1.058 0.03125 0.009333333333333332 0.006500000000000001
3 1.1663333333333332 0.051000000000000004 0.022 0.007
3 1.164 0.04675 0.022666666666666665 0.0085
3 1.1563333333333332 0.04475 0.02333333333333333 0.0075
3 1.1543333333333332 0.043500000000000004 0.024666666666666667 0.007
3 1.1483333333333332 0.0395 0.024666666666666667 0.006
3 1.1386666666666667 0.03625 0.02 0.006500000000000001
3 1.1163333333333334 0.0285 0.016666666666666666 0.007
3 1.0766666666666667 0.0075 0.008 0.005
3 1.0936666666666666 0.013000000000000001 0.008666666666666666 0.006
3 1.0999999999999999 0.0022500000000000003 0.017333333333333333 0.0055
3 1.1093333333333333 0.00875 0.018666666666666665 0.0055
3 1.1106666666666667 0.01175 0.02 0.006500000000000001
3 1.117 0.01925 0.020666666666666667 0.006500000000000001
3 1.1196666666666666 0.017750000000000002 0.018 0.006500000000000001
3 1.121 0.01675 0.018 0.0055
