1 0.48283858998144713 0.45433194154488515 0.026901669758812616 0.01826722338204593
9 0.5278293135435993 0.5018267223382046 0.055658627087198514 0.020354906054279746
3 0.4995361781076067 0.525313152400835 0.15306122448979592 0.04436325678496868
9 0.5148423005565863 0.5508872651356993 0.0686456400742115 0.02139874739039666
9 0.5384972170686456 0.4264091858037578 0.043599257884972174 0.019832985386221292
9 0.5398886827458256 0.4107515657620041 0.0463821892393321 0.01774530271398747
9 0.5435992578849722 0.4044885177453027 0.03896103896103896 0.014613778705636741
9 0.5449907235621522 0.3990083507306889 0.03803339517625232 0.020354906054279746
9 0.6029684601113172 0.3849164926931106 0.03896103896103896 0.017223382045929016
1 0.5946196660482375 0.3812630480167014 0.016697588126159554 0.015135699373695197
1 0.6029684601113172 0.37943632567849683 0.022263450834879406 0.022964509394572022
9 0.5658627087198516 0.3546450939457202 0.03710575139146568 0.014091858037578286
9 0.5705009276437848 0.3478601252609603 0.03896103896103896 0.016179540709812108
3 0.6859925788497218 0.318893528183716 0.043599257884972174 0.027139874739039664
3 0.8181818181818182 0.37395615866388304 0.04452690166975881 0.04123173277661795
1 0.8636363636363636 0.3014091858037578 0.014842300556586271 0.014091858037578286
9 0.864100185528757 0.30636743215031315 0.0176252319109462 0.016701461377870562
8 0.6966604823747681 0.25443632567849683 0.1521335807050093 0.04018789144050104
3 0.6832096474953618 0.2361691022964509 0.036178107606679034 0.028705636743215027
5 0.7300556586270872 0.2272964509394572 0.04452690166975881 0.03079331941544885
6 0.7699443413729128 0.22912317327766177 0.022263450834879406 0.01774530271398747
4 0.7931354359925789 0.24243215031315238 0.03153988868274583 0.02974947807933194
9 0.8358070500927643 0.2492171189979123 0.014842300556586271 0.015135699373695197
1 0.8344155844155844 0.2473903966597077 0.010204081632653062 0.011482254697286011
6 0.7212430426716141 0.17849686847599164 0.02319109461966605 0.011482254697286011
3 0.6716141001855288 0.17771398747390396 0.029684601113172542 0.017223382045929016
6 0.6001855287569573 0.17040709812108557 0.02411873840445269 0.017223382045929016
9 0.6906307977736549 0.16257828810020875 0.013914656771799629 0.007828810020876827
9 0.713821892393321 0.1631002087682672 0.006493506493506494 0.007828810020876827
6 0.7625231910946196 0.168580375782881 0.014842300556586271 0.009394572025052192
6 0.7666975881261595 0.15631524008350728 0.01948051948051948 0.009916492693110646
9 0.6901669758812616 0.15422755741127347 0.012987012987012988 0.010960334029227557
9 0.7569573283858998 0.15579331941544883 0.012987012987012988 0.008872651356993735
9 0.7917439703153989 0.16362212943632568 0.012059369202226345 0.009916492693110646
1 0.7912801484230055 0.1610125260960334 0.0055658627087198514 0.008872651356993735
9 0.7541743970315399 0.14483298538622127 0.00927643784786642 0.009916492693110646
3 0.8163265306122449 0.1393528183716075 0.022263450834879406 0.012526096033402922
1 0.8464749536178108 0.1584029227557411 0.006493506493506494 0.007828810020876827
6 0.8464749536178108 0.16049060542797494 0.008348794063079777 0.008872651356993735
9 0.661873840445269 0.14326722338204592 0.015769944341372914 0.0057411273486430055
9 0.6614100185528757 0.13622129436325678 0.016697588126159554 0.0073068893528183704
3 0.6855287569573284 0.12499999999999999 0.020408163265306124 0.012004175365344467
6 0.7852504638218925 0.1260438413361169 0.008348794063079777 0.006784968684759916
1 0.7838589981447125 0.1231732776617954 0.0074211502782931356 0.005219206680584551
9 0.6692949907235621 0.11038622129436325 0.013914656771799629 0.006784968684759916
9 0.6841372912801484 0.10986430062630478 0.006493506493506494 0.006784968684759916
9 0.6938775510204082 0.10986430062630478 0.011131725417439703 0.006784968684759916
9 0.685064935064935 0.10438413361169101 0.0176252319109462 0.005219206680584551
9 0.687847866419295 0.10568893528183715 0.008348794063079777 0.0057411273486430055
9 0.6794990723562152 0.098643006263048 0.013914656771799629 0.005219206680584551
9 0.686456400742115 0.09525052192066805 0.011131725417439703 0.007828810020876827
6 0.6920222634508348 0.087160751565762 0.011131725417439703 0.008350730688935281
3 0.7323747680890538 0.09916492693110646 0.015769944341372914 0.009394572025052192
3 0.7527829313543599 0.09107515657620041 0.015769944341372914 0.008872651356993735
3 0.8232838589981447 0.11169102296450939 0.0176252319109462 0.008350730688935281
1 0.7810760667903525 0.08324634655532358 0.0037105751391465678 0.004697286012526096
1 0.7977736549165121 0.07593945720250521 0.0055658627087198514 0.004697286012526096
1 0.7996289424860854 0.08089770354906053 0.0055658627087198514 0.005219206680584551
1 0.7704081632653061 0.09055323590814196 0.006493506493506494 0.004697286012526096
1 0.8061224489795918 0.10360125260960333 0.0055658627087198514 0.0057411273486430055
9 0.8070500927643784 0.10490605427974947 0.0074211502782931356 0.006263048016701461
9 0.7713358070500927 0.09159707724425886 0.006493506493506494 0.0057411273486430055
9 0.7810760667903525 0.08402922755741127 0.0055658627087198514 0.005219206680584551
9 0.800556586270872 0.08168058455114821 0.0074211502782931356 0.0057411273486430055
9 0.7973098330241187 0.07646137787056366 0.006493506493506494 0.004697286012526096
9 0.7690166975881262 0.07332985386221294 0.0055658627087198514 0.0036534446764091852
1 0.7685528756957328 0.0720250521920668 0.00463821892393321 0.0031315240083507304
9 0.8195732838589982 0.08324634655532358 0.012059369202226345 0.004697286012526096
9 0.826530612244898 0.08559498956158663 0.0074211502782931356 0.006263048016701461
4 0.8269944341372913 0.10203549060542796 0.015769944341372914 0.010960334029227557
9 0.9063079777365491 0.15396659707724425 0.00927643784786642 0.0073068893528183704
9 0.9318181818181819 0.16362212943632568 0.008348794063079777 0.008872651356993735
6 0.8951762523191095 0.17066805845511482 0.012987012987012988 0.009394572025052192
9 0.8961038961038961 0.17667014613778703 0.01855287569573284 0.0057411273486430055
9 0.8988868274582561 0.17980167014613777 0.01855287569573284 0.007828810020876827
6 0.9415584415584416 0.20120041753653442 0.02411873840445269 0.017223382045929016
2 0.9948979591836735 0.20694154488517744 0.0176252319109462 0.007828810020876827
9 0.9758812615955473 0.21189979123173275 0.025974025974025976 0.009394572025052192
9 0.9698515769944341 0.18423799582463463 0.01948051948051948 0.0073068893528183704
1 0.8961038961038961 0.24034446764091855 0.011131725417439703 0.012004175365344467
9 0.8951762523191095 0.24425887265135696 0.011131725417439703 0.013569937369519832
9 0.8937847866419295 0.24112734864300625 0.02319109461966605 0.011482254697286011
9 0.9805194805194806 0.22625260960334026 0.014842300556586271 0.007828810020876827
9 1.037569573283859 0.2635699373695198 0.015769944341372914 0.014613778705636741
9 1.070964749536178 0.28757828810020875 0.030612244897959183 0.012526096033402922
2 1.1099257884972171 0.3355949895615866 0.039888682745825604 0.013569937369519832
1 1.060760667903525 0.34159707724425886 0.015769944341372914 0.014091858037578286
1 1.032931354359926 0.3366388308977035 0.021335807050092765 0.020876826722338204
1 1.0120593692022264 0.33898747390396655 0.01855287569573284 0.019311064718162838
9 1.0097402597402598 0.34133611691022964 0.01948051948051948 0.01774530271398747
9 1.030148423005566 0.3384655532359081 0.01948051948051948 0.020354906054279746
9 1.033395176252319 0.3559498956158664 0.02411873840445269 0.016701461377870562
9 1.146103896103896 0.40605427974947805 0.01948051948051948 0.015657620041753653
9 1.1539888682745825 0.41362212943632565 0.022263450834879406 0.01826722338204593
9 1.1182745825602969 0.4558977035490605 0.049165120593692026 0.01826722338204593
4 0.8849721706864564 0.5002609603340292 0.06679035250463822 0.07150313152400835
2 1.2810760667903525 0.5161795407098121 0.02411873840445269 0.028183716075156573
9 0.685064935064935 0.08115866388308976 0.010204081632653062 0.004697286012526096
9 0.685064935064935 0.07933194154488517 0.012059369202226345 0.005219206680584551
3 0.7077922077922078 0.07228601252609602 0.014842300556586271 0.007828810020876827
3 0.7490723562152134 0.08141962421711899 0.013914656771799629 0.008350730688935281
4 0.7583487940630798 0.07593945720250521 0.013914656771799629 0.008872651356993735
3 0.7504638218923934 0.07254697286012525 0.014842300556586271 0.0073068893528183704
3 0.7462894248608535 0.06915448851774529 0.013914656771799629 0.006784968684759916
3 0.74860853432282 0.06341336116910229 0.012987012987012988 0.006784968684759916
3 0.7453617810760668 0.058455114822546964 0.010204081632653062 0.006263048016701461
4 0.7926716141001855 0.06236951983298538 0.012059369202226345 0.008872651356993735
4 0.7857142857142857 0.05532359081419624 0.00927643784786642 0.008350730688935281
3 0.7379406307977736 0.043580375782881 0.012059369202226345 0.0057411273486430055
4 0.7495361781076066 0.03262004175365344 0.014842300556586271 0.006784968684759916
4 0.7333024118738405 0.03262004175365344 0.015769944341372914 0.0057411273486430055
4 0.7291280148423006 0.02974947807933194 0.00927643784786642 0.005219206680584551
6 0.7657699443413729 0.033402922755741124 0.008348794063079777 0.0041753653444676405
8 0.801948051948052 0.035751565762004174 0.026901669758812616 0.007828810020876827
3 0.7472170686456401 0.04123173277661795 0.010204081632653062 0.005219206680584551
4 0.74860853432282 0.05480167014613778 0.00927643784786642 0.0073068893528183704
4 0.7532467532467533 0.053496868475991645 0.00927643784786642 0.006784968684759916
1 0.7574211502782932 0.05036534446764091 0.0027829313543599257 0.0036534446764091852
1 0.7592764378478665 0.050104384133611686 0.00463821892393321 0.0041753653444676405
9 0.7597402597402597 0.05088726513569937 0.00927643784786642 0.0036534446764091852
