2 0.953 0.59325 0.007333333333333333 0.0155
2 0.9406666666666667 0.58475 0.006666666666666666 0.0125
3 0.968 0.546 0.028 0.026000000000000002
3 1.0036666666666667 0.549 0.033999999999999996 0.029
3 1.0346666666666666 0.54575 0.034666666666666665 0.0265
3 0.9383333333333334 0.54825 0.02733333333333333 0.0275
3 0.9086666666666666 0.546 0.022666666666666665 0.023
3 0.8793333333333333 0.54 0.024 0.026000000000000002
3 0.8493333333333333 0.54 0.025333333333333333 0.027
3 0.31466666666666665 0.554 0.04533333333333333 0.034
3 0.4723333333333333 0.52025 0.03266666666666666 0.025500000000000002
3 0.503 0.521 0.03 0.026000000000000002
3 0.5336666666666666 0.52375 0.028666666666666667 0.0235
3 0.5609999999999999 0.52525 0.02333333333333333 0.0225
3 0.5896666666666667 0.52575 0.026 0.021500000000000002
3 0.617 0.5275 0.02333333333333333 0.023
3 0.647 0.52875 0.026 0.025500000000000002
3 0.6773333333333333 0.52975 0.024 0.0265
3 0.7093333333333333 0.53225 0.024 0.025500000000000002
3 0.74 0.5337500000000001 0.024 0.025500000000000002
2 0.7763333333333333 0.54475 0.018 0.0105
2 0.766 0.54025 0.018666666666666665 0.0125
2 0.7776666666666666 0.536 0.020666666666666667 0.01
3 0.87 0.49325 0.02 0.0205
3 0.9243333333333333 0.49875 0.022 0.0205
3 0.952 0.498 0.026666666666666665 0.023
3 0.9803333333333333 0.5 0.028666666666666667 0.018000000000000002
3 1.0096666666666667 0.50025 0.03133333333333333 0.0185
1 0.903 0.39725 0.006 0.0085
2 0.9039999999999999 0.3995 0.009333333333333332 0.007
3 0.7736666666666666 0.4885 0.020666666666666667 0.02
3 0.7493333333333333 0.4875 0.02 0.019
3 0.7056666666666667 0.48475 0.019333333333333334 0.0205
3 0.6729999999999999 0.486 0.018 0.015
3 0.647 0.4825 0.022 0.016
3 0.5936666666666667 0.47975 0.04466666666666667 0.0155
8 0.529 0.46900000000000003 0.05933333333333333 0.023
1 0.11499999999999999 0.4655 0.008666666666666666 0.011
2 0.11566666666666667 0.46825 0.015333333333333332 0.0075
5 0.6623333333333333 0.43975000000000003 0.018 0.0125
2 0.6813333333333333 0.42775 0.006666666666666666 0.006500000000000001
6 0.636 0.43225 0.014666666666666666 0.0145
1 0.5836666666666667 0.3615 0.003333333333333333 0.008
2 0.5833333333333333 0.36275 0.010666666666666666 0.0055
4 0.607 0.32 0.014 0.014
2 0.6856666666666666 0.35675 0.011333333333333332 0.0055
1 0.7743333333333333 0.3915 0.007333333333333333 0.007
6 0.7786666666666666 0.3755 0.008 0.007
