5 0.05520304568527919 0.4025 0.06725888324873096 0.045
3 0.23032994923857866 0.5428571428571428 0.03934010152284264 0.027142857142857142
4 0.266497461928934 0.5139285714285714 0.03807106598984771 0.02642857142857143
4 0.30203045685279184 0.48178571428571426 0.032994923857868015 0.023571428571428573
1 0.3439086294416243 0.23285714285714285 0.012690355329949238 0.004285714285714286
3 0.7525380710659898 0.44392857142857145 0.032994923857868015 0.025
4 0.774746192893401 0.4564285714285714 0.03426395939086294 0.025714285714285714
4 0.7975888324873096 0.4660714285714286 0.03426395939086294 0.027857142857142858
3 0.8032994923857867 0.3142857142857143 0.03045685279187817 0.022857142857142857
5 0.8166243654822335 0.36428571428571427 0.07233502538071065 0.06
5 0.8781725888324873 0.305 0.055837563451776644 0.04428571428571428
4 0.8743654822335025 0.39964285714285713 0.03045685279187817 0.025
4 0.8921319796954315 0.38392857142857145 0.027918781725888322 0.025
4 0.9060913705583755 0.36392857142857143 0.025380710659898477 0.02642857142857143
4 0.9206852791878172 0.34785714285714286 0.024111675126903553 0.022857142857142857
3 0.9371827411167512 0.3325 0.024111675126903553 0.025
4 0.9549492385786801 0.31535714285714284 0.029187817258883246 0.02642857142857143
9 0.9689086294416243 0.31357142857142856 0.008883248730964466 0.017142857142857144
9 0.9752538071065989 0.29964285714285716 0.019035532994923856 0.009285714285714286
3 1.015228426395939 0.26357142857142857 0.04314720812182741 0.015714285714285715
4 1.5203045685279186 0.5489285714285714 0.03045685279187817 0.025
4 1.5038071065989846 0.45607142857142857 0.02284263959390863 0.02642857142857143
3 1.5031725888324872 0.4125 0.021573604060913704 0.027857142857142858
3 1.498730964467005 0.3489285714285714 0.02030456852791878 0.02642857142857143
4 1.526015228426396 0.12357142857142857 0.024111675126903553 0.024285714285714285
4 1.546954314720812 0.02035714285714286 0.02030456852791878 0.023571428571428573
4 1.239213197969543 0.5185714285714286 0.021573604060913704 0.02857142857142857
4 1.1763959390862944 0.5192857142857142 0.02284263959390863 0.03
3 1.1338832487309645 0.4757142857142857 0.021573604060913704 0.02857142857142857
4 0.956218274111675 0.5253571428571429 0.029187817258883246 0.02642857142857143
4 1.041243654822335 0.505 0.026649746192893398 0.03
4 0.9790609137055837 0.48214285714285715 0.026649746192893398 0.02857142857142857
8 1.197969543147208 0.36607142857142855 0.02284263959390863 0.02642857142857143
4 1.0596446700507614 0.4539285714285714 0.025380710659898477 0.029285714285714286
5 1.0031725888324872 0.5192857142857142 0.029187817258883246 0.03142857142857143
8 0.9162436548223349 0.4907142857142857 0.07614213197969542 0.06857142857142857
8 1.0063451776649746 0.37857142857142856 0.06345177664974619 0.06428571428571428
4 0.9841370558375634 0.4442857142857143 0.029187817258883246 0.027142857142857142
4 1.0196700507614211 0.4717857142857143 0.031725888324873094 0.029285714285714286
4 1.03997461928934 0.42857142857142855 0.024111675126903553 0.025714285714285714
4 1.0697969543147208 0.4110714285714286 0.027918781725888322 0.029285714285714286
4 1.056472081218274 0.38821428571428573 0.024111675126903553 0.02642857142857143
4 1.0862944162436547 0.3607142857142857 0.02284263959390863 0.025714285714285714
3 1.0875634517766497 0.32321428571428573 0.025380710659898477 0.023571428571428573
4 1.0571065989847714 0.3225 0.02284263959390863 0.025
5 1.0748730964467004 0.27285714285714285 0.035532994923857864 0.03857142857142857
4 1.1148477157360406 0.2667857142857143 0.021573604060913704 0.02642857142857143
4 1.2195431472081217 0.26321428571428573 0.02030456852791878 0.02642857142857143
4 1.1916243654822334 0.23642857142857143 0.02030456852791878 0.02142857142857143
3 1.1326142131979695 0.22392857142857142 0.019035532994923856 0.015
3 1.0228426395939085 0.2517857142857143 0.04060913705583756 0.015
4 1.029187817258883 0.23964285714285713 0.04314720812182741 0.015
3 1.049492385786802 0.22 0.03045685279187817 0.012857142857142857
4 1.0513959390862944 0.20642857142857143 0.04187817258883248 0.012857142857142857
3 1.0615482233502538 0.18357142857142858 0.04187817258883248 0.014285714285714285
3 1.0697969543147208 0.17285714285714285 0.03807106598984771 0.011428571428571429
3 1.0761421319796953 0.16142857142857142 0.035532994923857864 0.012857142857142857
4 1.1104060913705582 0.20714285714285716 0.025380710659898477 0.022857142857142857
4 1.149746192893401 0.18428571428571427 0.02030456852791878 0.018571428571428572
3 1.2449238578680202 0.1775 0.02030456852791878 0.02214285714285714
3 1.2918781725888324 0.1125 0.02030456852791878 0.02214285714285714
3 1.133248730964467 0.15678571428571428 0.02284263959390863 0.02214285714285714
3 1.1681472081218274 0.13357142857142856 0.019035532994923856 0.017142857142857144
3 1.1548223350253806 0.10464285714285715 0.017766497461928932 0.019285714285714285
8 1.1878172588832487 0.0825 0.02030456852791878 0.020714285714285713
3 1.2810913705583755 0.061785714285714284 0.019035532994923856 0.017857142857142856
4 1.2081218274111674 0.041428571428571426 0.02284263959390863 0.018571428571428572
3 1.1871827411167513 0.018214285714285714 0.021573604060913704 0.017857142857142856
3 1.140228426395939 0.02857142857142857 0.019035532994923856 0.02
3 1.1313451776649746 0.047142857142857146 0.029187817258883246 0.018571428571428572
5 1.1110406091370557 0.06714285714285714 0.03934010152284264 0.037142857142857144
5 1.0602791878172588 0.09035714285714286 0.052030456852791875 0.04928571428571429
5 1.0793147208121827 0.105 0.052030456852791875 0.04428571428571428
5 1.1040609137055837 0.115 0.035532994923857864 0.037142857142857144
1 0.0076142131979695426 0.2225 0.01015228426395939 0.007857142857142858
