4 0.780952380952381 0.0325 0.04380952380952381 0.03357142857142857
3 0.7938095238095239 0.010714285714285714 0.029523809523809525 0.022857142857142857
3 0.8938095238095238 0.021785714285714287 0.03333333333333333 0.02642857142857143
4 0.8823809523809524 0.05178571428571429 0.04285714285714286 0.047857142857142855
3 0.9585714285714285 0.04285714285714286 0.037142857142857144 0.03
4 0.9319047619047619 0.10214285714285715 0.04285714285714286 0.04857142857142857
4 1.0733333333333333 0.010357142857142856 0.03238095238095238 0.02214285714285714
3 1.1404761904761904 0.02142857142857143 0.03333333333333333 0.025714285714285714
3 1.0847619047619048 0.04071428571428572 0.03428571428571429 0.027142857142857142
3 1.049047619047619 0.0475 0.039047619047619046 0.029285714285714286
4 1.100952380952381 0.05892857142857143 0.045714285714285714 0.04357142857142857
4 1.128095238095238 0.10571428571428572 0.054285714285714284 0.04
3 0.8761904761904762 0.09178571428571429 0.04380952380952381 0.04214285714285714
3 0.8709523809523809 0.12464285714285714 0.04666666666666667 0.04071428571428572
3 0.8633333333333333 0.16214285714285714 0.05047619047619047 0.05
9 0.7542857142857143 0.07142857142857142 0.03619047619047619 0.018571428571428572
9 0.6695238095238095 0.07428571428571429 0.009523809523809525 0.018571428571428572
9 0.7014285714285714 0.1432142857142857 0.01619047619047619 0.02214285714285714
9 0.7495238095238095 0.14964285714285713 0.04 0.013571428571428571
9 0.7528571428571429 0.14285714285714285 0.03142857142857143 0.015714285714285715
1 0.5904761904761905 0.11071428571428571 0.015238095238095238 0.022857142857142857
3 0.6885714285714286 0.1767857142857143 0.06857142857142857 0.04214285714285714
9 0.53 0.21928571428571428 0.023809523809523808 0.027142857142857142
9 0.6466666666666666 0.20892857142857144 0.02857142857142857 0.035
4 0.6276190476190476 0.25285714285714284 0.07809523809523809 0.07428571428571429
9 0.28809523809523807 0.4007142857142857 0.06380952380952382 0.055714285714285716
4 0.10380952380952381 0.6864285714285714 0.20952380952380953 0.12428571428571429
3 0.3295238095238095 0.7110714285714286 0.16 0.075
3 0.7790476190476191 0.5553571428571429 0.11238095238095239 0.15928571428571428
4 1.2895238095238095 0.45035714285714284 0.08571428571428572 0.11071428571428571
3 1.1785714285714286 0.3628571428571429 0.10571428571428572 0.08428571428571428
3 1.259047619047619 0.3417857142857143 0.11047619047619048 0.085
3 1.2119047619047618 0.25785714285714284 0.08666666666666667 0.06142857142857143
3 1.1661904761904762 0.18535714285714286 0.07142857142857142 0.05071428571428571
3 1.1028571428571428 0.20535714285714285 0.06857142857142857 0.05071428571428571
3 1.1423809523809523 0.1442857142857143 0.06 0.04
5 1.029047619047619 0.19428571428571428 0.058095238095238096 0.054285714285714284
4 0.8095238095238095 0.3767857142857143 0.06666666666666667 0.10357142857142858
3 0.8480952380952381 0.2117857142857143 0.06 0.04928571428571429
4 0.8366666666666667 0.2835714285714286 0.07142857142857142 0.06714285714285714
3 0.909047619047619 0.23214285714285715 0.058095238095238096 0.06571428571428571
9 0.9652380952380952 0.23785714285714285 0.018095238095238095 0.03428571428571429
1 0.9642857142857143 0.23035714285714284 0.021904761904761906 0.02642857142857143
1 0.9661904761904762 0.22857142857142856 0.025714285714285714 0.037142857142857144
3 1.2076190476190476 0.011428571428571429 0.06476190476190476 0.024285714285714285
9 0.6976190476190476 0.010714285714285714 0.010476190476190476 0.015714285714285715
