3 0.4580952380952381 0.6232142857142857 0.1523809523809524 0.095
3 0.25 0.5739285714285715 0.1895238095238095 0.06785714285714285
3 1.1328571428571428 0.32107142857142856 0.04476190476190476 0.02642857142857143
3 1.256190476190476 0.3225 0.05142857142857143 0.025
3 1.2180952380952381 0.305 0.0380952380952381 0.02
3 1.0004761904761905 0.30892857142857144 0.03333333333333333 0.02214285714285714
3 0.9352380952380952 0.22107142857142856 0.01904761904761905 0.010714285714285714
3 0.9261904761904762 0.20464285714285715 0.014285714285714285 0.009285714285714286
3 1.1919047619047618 0.2889285714285714 0.03333333333333333 0.019285714285714285
3 1.1704761904761904 0.2767857142857143 0.03619047619047619 0.017857142857142856
3 1.1528571428571428 0.2675 0.03142857142857143 0.017857142857142856
3 1.1352380952380952 0.255 0.024761904761904763 0.018571428571428572
3 1.11 0.24285714285714285 0.025714285714285714 0.014285714285714285
3 1.0976190476190477 0.23607142857142857 0.025714285714285714 0.013571428571428571
3 1.0866666666666667 0.2307142857142857 0.022857142857142857 0.014285714285714285
3 1.0457142857142858 0.21214285714285713 0.015238095238095238 0.012857142857142857
3 0.9833333333333333 0.29178571428571426 0.025714285714285714 0.025
3 0.9785714285714285 0.27714285714285714 0.025714285714285714 0.017142857142857144
3 0.9638095238095238 0.2667857142857143 0.022857142857142857 0.015
3 0.960952380952381 0.2557142857142857 0.022857142857142857 0.017142857142857144
5 0.7114285714285714 0.3317857142857143 0.08571428571428572 0.035
5 0.6480952380952381 0.16535714285714287 0.023809523809523808 0.016428571428571428
5 0.7438095238095238 0.16535714285714287 0.03238095238095238 0.015
5 0.7142857142857143 0.18428571428571427 0.024761904761904763 0.02
4 0.7314285714285714 0.19392857142857142 0.015238095238095238 0.013571428571428571
5 1.1004761904761904 0.21535714285714286 0.05047619047619047 0.020714285714285713
3 1.1614285714285715 0.2517857142857143 0.03142857142857143 0.012142857142857143
3 1.1947619047619047 0.2646428571428571 0.035238095238095235 0.012142857142857143
3 1.2152380952380952 0.26964285714285713 0.04380952380952381 0.012142857142857143
3 1.2395238095238095 0.2789285714285714 0.04285714285714286 0.017857142857142856
3 1.2619047619047619 0.2885714285714286 0.045714285714285714 0.017142857142857144
3 1.2904761904761906 0.3003571428571429 0.06666666666666667 0.02214285714285714
