3 0.7049492385786802 0.33035714285714285 0.021573604060913704 0.015
3 0.7176395939086294 0.29178571428571426 0.016497461928934008 0.012142857142857143
3 0.7354060913705583 0.2367857142857143 0.011421319796954314 0.007857142857142858
3 0.7246192893401014 0.22642857142857142 0.012690355329949238 0.007142857142857143
3 0.8020304568527918 0.19107142857142856 0.01015228426395939 0.0064285714285714285
3 0.7988578680203045 0.1667857142857143 0.008883248730964466 0.0064285714285714285
3 0.7848984771573604 0.16178571428571428 0.006345177664974619 0.005
3 0.8013959390862944 0.15321428571428572 0.008883248730964466 0.0064285714285714285
3 0.7563451776649746 0.13035714285714287 0.0076142131979695426 0.005
3 0.8026649746192893 0.125 0.006345177664974619 0.005714285714285714
4 0.7874365482233502 0.23535714285714285 0.013959390862944161 0.010714285714285714
4 0.748730964467005 0.32357142857142857 0.02030456852791878 0.018571428571428572
3 0.8508883248730964 0.3314285714285714 0.024111675126903553 0.014285714285714285
8 0.8204314720812182 0.29392857142857143 0.016497461928934008 0.02214285714285714
4 0.7550761421319796 0.28285714285714286 0.015228426395939085 0.015714285714285715
8 0.6947969543147208 0.21464285714285714 0.019035532994923856 0.023571428571428573
4 1.0203045685279186 0.3357142857142857 0.04568527918781726 0.012857142857142857
4 1.1053299492385786 0.33214285714285713 0.04568527918781726 0.012857142857142857
4 1.3388324873096447 0.3242857142857143 0.048223350253807105 0.012857142857142857
4 1.4321065989847714 0.32321428571428573 0.04695431472081218 0.015
4 1.380710659898477 0.32321428571428573 0.04314720812182741 0.010714285714285714
5 0.6744923857868019 0.3264285714285714 0.03426395939086294 0.025714285714285714
3 0.700507614213198 0.2417857142857143 0.015228426395939085 0.009285714285714286
