3 1.3350253807106598 0.2807142857142857 0.050761421319796954 0.06571428571428571
3 1.1973350253807105 0.27785714285714286 0.049492385786802026 0.054285714285714284
3 1.013959390862944 0.2889285714285714 0.04568527918781726 0.06357142857142857
3 0.9124365482233502 0.28035714285714286 0.048223350253807105 0.05071428571428571
3 0.8445431472081217 0.29642857142857143 0.052030456852791875 0.06
3 1.1288071065989846 0.41714285714285715 0.04695431472081218 0.05857142857142857
3 1.0038071065989846 0.42 0.048223350253807105 0.06
3 0.9219543147208121 0.41892857142857143 0.0748730964467005 0.04642857142857143
3 0.4473350253807106 0.10214285714285715 0.10279187817258882 0.024285714285714285
3 0.42512690355329946 0.25107142857142856 0.09137055837563451 0.02642857142857143
3 0.0748730964467005 0.24892857142857142 0.12182741116751268 0.03214285714285714
3 0.7379441624365481 0.35035714285714287 0.10279187817258882 0.030714285714285715
3 0.7607868020304568 0.38535714285714284 0.11040609137055837 0.03357142857142857
3 0.732233502538071 0.41535714285714287 0.10152284263959391 0.04214285714285714
3 0.6173857868020304 0.29892857142857143 0.04441624365482233 0.05785714285714286
3 0.5590101522842639 0.3057142857142857 0.04695431472081218 0.05714285714285714
3 0.5044416243654822 0.3007142857142857 0.04441624365482233 0.055714285714285716
3 0.3927664974619289 0.30214285714285716 0.04695431472081218 0.055714285714285716
3 0.33248730964467005 0.305 0.053299492385786795 0.05857142857142857
3 0.27538071065989844 0.2957142857142857 0.04568527918781726 0.05142857142857143
3 0.22271573604060912 0.2978571428571429 0.04695431472081218 0.05285714285714286
3 0.16243654822335024 0.29964285714285716 0.053299492385786795 0.05785714285714286
3 0.10532994923857868 0.30178571428571427 0.048223350253807105 0.04642857142857143
3 0.049492385786802026 0.3007142857142857 0.050761421319796954 0.05857142857142857
3 0.04758883248730964 0.42607142857142855 0.08502538071065989 0.055
3 0.10977157360406091 0.4275 0.07233502538071065 0.055
3 0.17576142131979694 0.42607142857142855 0.08502538071065989 0.05928571428571429
3 0.3305837563451776 0.41535714285714287 0.09771573604060912 0.05785714285714286
3 0.42068527918781723 0.4210714285714286 0.07994923857868019 0.05071428571428571
3 0.6364213197969543 0.4235714285714286 0.09263959390862943 0.054285714285714284
4 0.5387055837563451 0.4275 0.06979695431472081 0.04928571428571429
3 0.4777918781725888 0.41785714285714287 0.05964467005076142 0.05857142857142857
4 0.6884517766497461 0.31285714285714283 0.08248730964467005 0.054285714285714284
3 0.4460659898477157 0.29964285714285716 0.05710659898477157 0.055
4 0.2480964467005076 0.4228571428571429 0.11294416243654821 0.05857142857142857
3 0.598984771573604 0.105 0.09898477157360405 0.027142857142857142
4 0.133248730964467 0.1025 0.09390862944162436 0.025
4 1.0628172588832487 0.41678571428571426 0.03934010152284264 0.052142857142857144
4 1.405456852791878 0.2957142857142857 0.04695431472081218 0.05285714285714286
3 1.5006345177664973 0.41892857142857143 0.05710659898477157 0.056428571428571425
3 1.563451776649746 0.41714285714285715 0.048223350253807105 0.055714285714285716
3 1.6338832487309642 0.4182142857142857 0.052030456852791875 0.05071428571428571
