3 1.2395238095238095 0.2017857142857143 0.18571428571428572 0.09071428571428572
5 0.9080952380952381 0.020714285714285713 0.05619047619047619 0.03857142857142857
5 0.878095238095238 0.048214285714285716 0.022857142857142857 0.015
3 0.8585714285714285 0.06107142857142857 0.01619047619047619 0.010714285714285714
4 0.8742857142857143 0.05892857142857143 0.01904761904761905 0.015
3 0.839047619047619 0.0825 0.017142857142857144 0.013571428571428571
3 0.8928571428571429 0.0775 0.029523809523809525 0.020714285714285713
5 0.7766666666666666 0.15 0.09619047619047619 0.07714285714285714
3 0.7790476190476191 0.175 0.03238095238095238 0.02142857142857143
5 0.7628571428571429 0.13785714285714284 0.02095238095238095 0.017142857142857144
4 0.7171428571428572 0.1667857142857143 0.01904761904761905 0.010714285714285714
3 0.7223809523809523 0.16714285714285715 0.01619047619047619 0.011428571428571429
3 0.7138095238095238 0.18178571428571427 0.021904761904761906 0.015
3 0.6828571428571428 0.19428571428571428 0.011428571428571429 0.008571428571428572
3 0.67 0.20892857142857144 0.02 0.016428571428571428
3 0.6552380952380953 0.20785714285714285 0.017142857142857144 0.014285714285714285
4 0.7123809523809523 0.21035714285714285 0.026666666666666665 0.023571428571428573
3 0.7047619047619048 0.215 0.026666666666666665 0.02
3 0.7080952380952381 0.22642857142857142 0.037142857142857144 0.022857142857142857
3 0.6995238095238095 0.24035714285714285 0.035238095238095235 0.023571428571428573
3 0.6814285714285714 0.2382142857142857 0.02761904761904762 0.020714285714285713
3 0.6428571428571429 0.2175 0.015238095238095238 0.005
5 0.6347619047619047 0.2367857142857143 0.039047619047619046 0.023571428571428573
5 0.5914285714285714 0.26 0.03238095238095238 0.02142857142857143
5 0.5833333333333334 0.2525 0.039047619047619046 0.02642857142857143
3 0.6557142857142857 0.26321428571428573 0.03142857142857143 0.02214285714285714
3 0.6419047619047619 0.26964285714285713 0.030476190476190476 0.02214285714285714
5 0.6290476190476191 0.2671428571428571 0.04285714285714286 0.037142857142857144
3 0.6157142857142857 0.2953571428571429 0.03142857142857143 0.025
3 0.6038095238095238 0.2978571428571429 0.030476190476190476 0.022857142857142857
5 0.589047619047619 0.30214285714285716 0.03333333333333333 0.027142857142857142
5 0.5371428571428571 0.28464285714285714 0.05904761904761905 0.045
3 0.5838095238095238 0.3217857142857143 0.03238095238095238 0.023571428571428573
3 0.5657142857142857 0.32785714285714285 0.03238095238095238 0.027142857142857142
4 0.5552380952380952 0.33214285714285713 0.030476190476190476 0.024285714285714285
3 0.5752380952380952 0.34 0.04 0.02857142857142857
1 0.5214285714285715 0.35464285714285715 0.012380952380952381 0.007857142857142858
9 0.5242857142857142 0.35535714285714287 0.01619047619047619 0.013571428571428571
3 0.5819047619047619 0.4017857142857143 0.047619047619047616 0.027857142857142858
3 0.5680952380952381 0.42678571428571427 0.05047619047619047 0.030714285714285715
3 0.4776190476190476 0.40714285714285714 0.040952380952380955 0.02857142857142857
3 0.43714285714285717 0.44607142857142856 0.04380952380952381 0.030714285714285715
3 0.39095238095238094 0.46785714285714286 0.040952380952380955 0.02857142857142857
5 0.4357142857142857 0.5085714285714286 0.07714285714285714 0.04857142857142857
3 0.3657142857142857 0.5332142857142858 0.0419047619047619 0.030714285714285715
3 0.32476190476190475 0.5067857142857143 0.03238095238095238 0.020714285714285713
3 0.3019047619047619 0.5321428571428571 0.03428571428571429 0.022857142857142857
3 0.26571428571428574 0.5371428571428571 0.02095238095238095 0.014285714285714285
3 0.24142857142857144 0.5571428571428572 0.021904761904761906 0.015714285714285715
3 0.20666666666666667 0.5785714285714286 0.024761904761904763 0.015714285714285715
3 0.19 0.5953571428571428 0.021904761904761906 0.013571428571428571
3 0.16333333333333333 0.6153571428571428 0.023809523809523808 0.016428571428571428
3 0.23238095238095238 0.6071428571428571 0.045714285714285714 0.03428571428571429
3 0.23761904761904762 0.5442857142857143 0.02 0.011428571428571429
3 0.21857142857142858 0.5603571428571429 0.02 0.013571428571428571
3 0.20333333333333334 0.5592857142857143 0.018095238095238095 0.011428571428571429
3 0.1838095238095238 0.5725 0.01904761904761905 0.012142857142857143
3 0.17666666666666667 0.5617857142857143 0.014285714285714285 0.009285714285714286
3 0.17761904761904762 0.5946428571428571 0.01619047619047619 0.013571428571428571
3 0.16666666666666666 0.5921428571428572 0.015238095238095238 0.012857142857142857
4 0.10857142857142857 0.6221428571428571 0.022857142857142857 0.014285714285714285
3 0.10857142857142857 0.7010714285714286 0.05523809523809524 0.045
3 0.035238095238095235 0.7160714285714286 0.03619047619047619 0.03214285714285714
3 0.07238095238095238 0.6767857142857143 0.026666666666666665 0.025
3 0.09047619047619047 0.6507142857142857 0.01904761904761905 0.015714285714285715
3 0.09047619047619047 0.6392857142857142 0.015238095238095238 0.01
3 0.21047619047619048 0.5146428571428572 0.009523809523809525 0.0064285714285714285
3 0.20142857142857143 0.515 0.006666666666666666 0.004285714285714286
3 0.17666666666666667 0.5289285714285714 0.006666666666666666 0.0035714285714285713
3 0.14238095238095239 0.5428571428571428 0.006666666666666666 0.004285714285714286
