4 1.2023809523809523 0.6035714285714285 0.09047619047619047 0.03142857142857143
3 0.7842857142857143 0.5525 0.03333333333333333 0.02642857142857143
3 0.6271428571428571 0.565 0.03142857142857143 0.03428571428571429
3 0.5752380952380952 0.5664285714285714 0.03428571428571429 0.032857142857142856
3 0.5861904761904762 0.53 0.02761904761904762 0.025714285714285714
4 0.6052380952380952 0.4967857142857143 0.02 0.023571428571428573
3 0.6452380952380953 0.48035714285714287 0.018095238095238095 0.017857142857142856
3 0.6219047619047618 0.4592857142857143 0.017142857142857144 0.012857142857142857
4 0.7919047619047619 0.44785714285714284 0.02761904761904762 0.012857142857142857
5 0.6785714285714286 0.4185714285714286 0.010476190476190476 0.008571428571428572
3 0.7223809523809523 0.42178571428571426 0.012380952380952381 0.007857142857142858
3 0.7371428571428571 0.41535714285714287 0.009523809523809525 0.0064285714285714285
3 0.7414285714285714 0.3921428571428571 0.006666666666666666 0.004285714285714286
5 0.699047619047619 0.39464285714285713 0.011428571428571429 0.007857142857142858
3 0.7561904761904762 0.37607142857142856 0.005714285714285714 0.0035714285714285713
3 0.7242857142857143 0.38607142857142857 0.006666666666666666 0.0035714285714285713
3 0.7180952380952381 0.38285714285714284 0.005714285714285714 0.002857142857142857
3 0.7038095238095238 0.37714285714285717 0.0038095238095238095 0.002857142857142857
3 0.7271428571428571 0.37785714285714284 0.004761904761904762 0.004285714285714286
