1 0.6933333333333334 0.62725 0.024 0.0335
9 0.6623333333333333 0.62575 0.08333333333333333 0.0495
9 0.655 0.5942500000000001 0.06733333333333333 0.0485
1 0.7456666666666666 0.54925 0.03666666666666667 0.0475
1 0.7233333333333333 0.50325 0.032 0.0475
9 0.7233333333333333 0.50725 0.056 0.043500000000000004
2 0.7446666666666666 0.56075 0.056 0.0475
1 0.9006666666666666 0.63475 0.042666666666666665 0.051500000000000004
1 0.9083333333333333 0.63625 0.024666666666666667 0.0325
9 0.9 0.64375 0.08399999999999999 0.0395
1 1.0786666666666667 0.6595 0.06533333333333333 0.049
9 1.0423333333333333 0.7085 0.10466666666666666 0.077
9 1.073 0.676 0.10333333333333333 0.063
3 1.1756666666666666 0.6625 0.314 0.17400000000000002
1 0.5133333333333333 0.47700000000000004 0.03333333333333333 0.048
1 0.5313333333333333 0.439 0.013333333333333332 0.015
9 0.5143333333333333 0.4835 0.051333333333333335 0.042
4 0.7606666666666666 0.458 0.164 0.107
1 0.6646666666666666 0.3805 0.014666666666666666 0.019
1 0.6443333333333333 0.3805 0.01 0.012
1 0.6536666666666666 0.3835 0.011333333333333332 0.013000000000000001
1 0.635 0.342 0.018 0.019
1 0.5923333333333333 0.3365 0.019333333333333334 0.022
1 0.6926666666666667 0.3125 0.016 0.02
4 0.4723333333333333 0.343 0.07666666666666666 0.06
9 0.4023333333333333 0.37625000000000003 0.051333333333333335 0.0275
1 0.3113333333333333 0.33475 0.017333333333333333 0.025500000000000002
1 0.37266666666666665 0.3215 0.016 0.022
1 0.3453333333333333 0.313 0.016 0.018000000000000002
1 0.368 0.316 0.017333333333333333 0.023
1 0.36066666666666664 0.30875 0.016 0.0205
9 0.443 0.2575 0.018 0.023
5 0.51 0.26975 0.08666666666666667 0.0305
4 0.5816666666666667 0.277 0.074 0.039
4 0.6466666666666666 0.3035 0.09866666666666667 0.045
9 0.504 0.2295 0.010666666666666666 0.016
9 0.536 0.23525000000000001 0.02 0.0155
6 0.5336666666666666 0.2275 0.02333333333333333 0.019
1 0.5513333333333333 0.22475 0.010666666666666666 0.0155
1 0.5676666666666667 0.22175 0.01 0.0135
6 0.5683333333333334 0.232 0.022 0.017
6 0.631 0.2685 0.03666666666666667 0.016
9 0.6176666666666667 0.2305 0.019333333333333334 0.015
9 0.6136666666666667 0.2415 0.024666666666666667 0.016
9 0.6203333333333333 0.24275 0.028666666666666667 0.0135
9 0.628 0.2455 0.025333333333333333 0.011
9 0.633 0.24725 0.03 0.0105
9 0.6363333333333333 0.25 0.026 0.011
1 0.7939999999999999 0.292 0.014666666666666666 0.025
1 0.8583333333333333 0.26875 0.011333333333333332 0.0135
1 0.8756666666666666 0.26575 0.011333333333333332 0.0165
1 0.9266666666666666 0.2755 0.018666666666666665 0.023
6 0.9299999999999999 0.28225 0.029333333333333333 0.0175
1 0.9473333333333332 0.247 0.013333333333333332 0.016
4 1.0786666666666667 0.33525 0.11733333333333333 0.0565
1 1.129 0.31075 0.016666666666666666 0.0205
9 1.1433333333333333 0.319 0.03866666666666667 0.027
9 1.2536666666666667 0.396 0.026 0.033
4 1.2933333333333332 0.36875 0.07866666666666666 0.0445
6 1.253 0.31475000000000003 0.054 0.025500000000000002
1 1.2429999999999999 0.299 0.020666666666666667 0.029
9 1.2396666666666667 0.30075 0.049999999999999996 0.0245
1 1.27 0.25575000000000003 0.018666666666666665 0.0135
1 1.2289999999999999 0.255 0.020666666666666667 0.013000000000000001
4 1.145 0.28675 0.094 0.043500000000000004
4 1.128 0.2695 0.092 0.038
4 1.0546666666666666 0.25575000000000003 0.06933333333333333 0.029500000000000002
1 1.1023333333333334 0.226 0.008666666666666666 0.009000000000000001
4 1.139 0.233 0.05533333333333333 0.031
3 1.198 0.2245 0.04 0.025
4 1.2386666666666666 0.20775000000000002 0.05333333333333333 0.029500000000000002
3 1.2626666666666666 0.19925 0.034666666666666665 0.0225
3 1.3016666666666665 0.189 0.03933333333333333 0.021
3 1.2349999999999999 0.16625 0.06066666666666667 0.0155
3 1.2156666666666667 0.14825 0.04733333333333333 0.0125
3 1.0436666666666667 0.20375000000000001 0.06466666666666666 0.0205
4 1.0556666666666665 0.197 0.054 0.022
4 1.084 0.19475 0.05733333333333333 0.0225
3 1.1063333333333334 0.19275 0.06066666666666667 0.0195
4 1.1173333333333333 0.18375 0.076 0.0285
4 1.1326666666666667 0.18225 0.050666666666666665 0.0235
4 1.1516666666666666 0.1775 0.06866666666666667 0.025
4 1.1673333333333333 0.17575000000000002 0.050666666666666665 0.0185
4 1.1716666666666666 0.17350000000000002 0.05266666666666667 0.014
4 1.1753333333333333 0.168 0.058666666666666666 0.017
4 1.1153333333333333 0.163 0.050666666666666665 0.018000000000000002
3 1.1776666666666666 0.1505 0.051333333333333335 0.013000000000000001
3 1.1423333333333332 0.14325000000000002 0.046 0.0115
2 1.0286666666666666 0.16175 0.025333333333333333 0.0085
3 1.0496666666666665 0.15775 0.049999999999999996 0.0155
3 1.022 0.134 0.03733333333333333 0.011
4 1.1693333333333333 0.11425 0.030666666666666665 0.0095
3 0.968 0.10275000000000001 0.024 0.0075
3 0.9403333333333334 0.1015 0.02333333333333333 0.007
4 0.134 0.39575 0.14666666666666667 0.0565
4 0.051666666666666666 0.35375 0.10466666666666666 0.0605
3 0.06233333333333333 0.32725 0.126 0.0485
3 0.05233333333333333 0.31475000000000003 0.106 0.0415
3 0.04466666666666667 0.295 0.09066666666666666 0.032
3 0.11533333333333333 0.276 0.112 0.031
3 0.374 0.152 0.04133333333333333 0.011
3 0.36 0.147 0.034666666666666665 0.013000000000000001
3 0.3403333333333333 0.11950000000000001 0.028666666666666667 0.008
3 0.32166666666666666 0.11675 0.02733333333333333 0.0075
3 0.27466666666666667 0.13025 0.03733333333333333 0.0095
3 0.269 0.1285 0.03 0.008
4 0.4033333333333333 0.12525 0.021333333333333333 0.0125
8 0.36966666666666664 0.12 0.035333333333333335 0.019
5 0.2856666666666667 0.13925 0.07133333333333333 0.0175
3 0.225 0.1315 0.038 0.009000000000000001
5 0.2513333333333333 0.12425 0.04 0.0145
5 0.31033333333333335 0.113 0.03133333333333333 0.011
3 0.29933333333333334 0.11275 0.022666666666666665 0.006500000000000001
3 0.29533333333333334 0.11175 0.021333333333333333 0.006500000000000001
3 0.2886666666666667 0.11125 0.02 0.006500000000000001
3 0.283 0.11125 0.016666666666666666 0.006500000000000001
5 0.27299999999999996 0.10775 0.033999999999999996 0.0105
5 0.2653333333333333 0.105 0.029333333333333333 0.012
5 0.25766666666666665 0.10400000000000001 0.03266666666666666 0.013000000000000001
3 0.23133333333333334 0.10725 0.012 0.0055
3 0.23099999999999998 0.10200000000000001 0.03133333333333333 0.012
3 0.221 0.10025 0.04066666666666666 0.0135
3 0.23366666666666666 0.11800000000000001 0.043333333333333335 0.017
4 0.20966666666666667 0.13 0.03666666666666667 0.016
