3 0.9923809523809524 0.7032142857142857 0.11047619047619048 0.09214285714285714
3 0.97 0.5375 0.11142857142857143 0.16214285714285714
3 0.9280952380952381 0.3578571428571429 0.08285714285714285 0.11714285714285715
3 0.9061904761904762 0.2342857142857143 0.08666666666666667 0.11857142857142858
3 0.888095238095238 0.10785714285714286 0.07523809523809524 0.09571428571428571
3 0.7466666666666667 0.105 0.06857142857142857 0.1
3 0.6014285714285714 0.24964285714285714 0.08285714285714285 0.105
3 0.6028571428571429 0.14285714285714285 0.07047619047619047 0.10142857142857142
3 0.5838095238095238 0.6203571428571428 0.09142857142857143 0.15071428571428572
4 0.6728571428571428 0.5710714285714286 0.07714285714285714 0.1407142857142857
3 0.4614285714285714 0.6525 0.0980952380952381 0.1692857142857143
1 0.43 0.22607142857142856 0.018095238095238095 0.012142857142857143
2 0.2976190476190476 0.42714285714285716 0.07523809523809524 0.025714285714285714
9 0.24333333333333335 0.6560714285714285 0.10571428571428572 0.03214285714285714
3 0.037142857142857144 0.36857142857142855 0.07047619047619047 0.06142857142857143
