3 0.17857142857142858 0.6121428571428571 0.0980952380952381 0.07714285714285714
3 0.3823809523809524 0.5803571428571429 0.10761904761904761 0.07214285714285715
3 0.44333333333333336 0.4735714285714286 0.08666666666666667 0.06142857142857143
3 0.3280952380952381 0.4017857142857143 0.08285714285714285 0.05071428571428571
3 0.1719047619047619 0.5042857142857143 0.09047619047619047 0.06428571428571428
3 0.03761904761904762 0.39285714285714285 0.07714285714285714 0.05
3 0.13904761904761906 0.3989285714285714 0.07238095238095238 0.05071428571428571
3 0.043333333333333335 0.32535714285714284 0.06761904761904762 0.04214285714285714
4 0.35904761904761906 0.6585714285714286 0.10666666666666666 0.07857142857142857
8 0.16666666666666666 0.7221428571428572 0.14857142857142858 0.05285714285714286
5 1.0542857142857143 0.2714285714285714 0.15047619047619049 0.12428571428571429
4 1.276190476190476 0.08857142857142856 0.06095238095238095 0.05142857142857143
3 1.1690476190476191 0.17714285714285713 0.04666666666666667 0.03571428571428571
3 1.2814285714285714 0.13285714285714287 0.06 0.022857142857142857
4 0.039047619047619046 0.02892857142857143 0.026666666666666665 0.017857142857142856
1 0.5419047619047619 0.2960714285714286 0.013333333333333332 0.016428571428571428
2 0.5419047619047619 0.30107142857142855 0.022857142857142857 0.017857142857142856
1 0.9223809523809524 0.4085714285714286 0.01619047619047619 0.024285714285714285
1 1.1690476190476191 0.5475 0.021904761904761906 0.016428571428571428
1 1.3238095238095238 0.4185714285714286 0.017142857142857144 0.015714285714285715
9 0.92 0.4085714285714286 0.04 0.014285714285714285
9 1.3209523809523809 0.42464285714285716 0.022857142857142857 0.019285714285714285
9 1.1638095238095238 0.5510714285714285 0.049523809523809526 0.025
