8 0.013959390862944161 0.11214285714285714 0.03045685279187817 0.011428571428571429
8 0.028553299492385786 0.10678571428571429 0.05964467005076142 0.012142857142857143
8 0.09073604060913705 0.10857142857142857 0.04187817258883248 0.011428571428571429
5 0.31345177664974616 0.12571428571428572 0.048223350253807105 0.017142857142857144
5 0.40545685279187815 0.15107142857142858 0.049492385786802026 0.013571428571428571
4 0.40609137055837563 0.08321428571428571 0.027918781725888322 0.009285714285714286
5 0.2931472081218274 0.11535714285714285 0.025380710659898477 0.015
8 0.2011421319796954 0.12571428571428572 0.04187817258883248 0.015714285714285715
8 0.30203045685279184 0.10892857142857143 0.03807106598984771 0.013571428571428571
8 0.28109137055837563 0.09642857142857143 0.03934010152284264 0.012857142857142857
3 0.15672588832487308 0.11035714285714286 0.026649746192893398 0.0064285714285714285
3 0.06916243654822335 0.11321428571428571 0.026649746192893398 0.005
3 0.16624365482233502 0.12928571428571428 0.027918781725888322 0.01
3 0.22652284263959388 0.11928571428571429 0.026649746192893398 0.008571428571428572
3 0.34644670050761417 0.08678571428571429 0.02284263959390863 0.0064285714285714285
3 0.3635786802030457 0.09821428571428571 0.019035532994923856 0.0064285714285714285
3 0.2569796954314721 0.11071428571428571 0.026649746192893398 0.008571428571428572
9 0.09073604060913705 0.28285714285714286 0.019035532994923856 0.01
8 0.32868020304568524 0.3117857142857143 0.09644670050761421 0.04071428571428572
3 0.06091370558375634 0.43857142857142856 0.09137055837563451 0.032857142857142856
3 0.5805837563451777 0.15964285714285714 0.029187817258883246 0.009285714285714286
3 0.5647208121827411 0.1632142857142857 0.032994923857868015 0.013571428571428571
3 0.8502538071065989 0.1725 0.035532994923857864 0.015
3 0.5545685279187816 0.25392857142857145 0.050761421319796954 0.019285714285714285
8 0.5609137055837563 0.28535714285714286 0.12436548223350252 0.07071428571428572
9 0.9346446700507614 0.29642857142857143 0.016497461928934008 0.005714285714285714
2 0.8267766497461928 0.30607142857142855 0.019035532994923856 0.0064285714285714285
2 0.8388324873096447 0.2935714285714286 0.017766497461928932 0.011428571428571429
3 0.9625634517766497 0.205 0.03934010152284264 0.012857142857142857
3 1.0120558375634516 0.0925 0.021573604060913704 0.0064285714285714285
3 1.0203045685279186 0.08892857142857143 0.025380710659898477 0.007857142857142858
3 1.0285532994923856 0.08821428571428572 0.021573604060913704 0.0064285714285714285
3 1.031725888324873 0.08642857142857142 0.02284263959390863 0.007142857142857143
3 1.0368020304568528 0.08607142857142858 0.025380710659898477 0.0064285714285714285
3 1.046954314720812 0.08428571428571428 0.02284263959390863 0.007142857142857143
3 1.0539340101522843 0.08178571428571428 0.021573604060913704 0.005
3 1.0596446700507614 0.08035714285714286 0.02284263959390863 0.007857142857142858
3 1.0780456852791878 0.075 0.021573604060913704 0.007142857142857143
3 1.1878172588832487 0.047857142857142855 0.017766497461928932 0.004285714285714286
3 1.1808375634517765 0.05142857142857143 0.016497461928934008 0.005714285714285714
3 1.107233502538071 0.07 0.021573604060913704 0.008571428571428572
3 1.115482233502538 0.06785714285714285 0.027918781725888322 0.005714285714285714
3 1.056472081218274 0.1825 0.029187817258883246 0.012142857142857143
3 1.2360406091370557 0.07142857142857142 0.02030456852791878 0.007142857142857143
3 1.1288071065989846 0.09285714285714286 0.019035532994923856 0.007142857142857143
4 1.272208121827411 0.04285714285714286 0.016497461928934008 0.007142857142857143
5 1.114213197969543 0.14357142857142857 0.035532994923857864 0.02142857142857143
4 1.1453045685279186 0.17714285714285713 0.019035532994923856 0.011428571428571429
9 1.1104060913705582 0.2935714285714286 0.02030456852791878 0.008571428571428572
2 1.2144670050761421 0.3053571428571429 0.02284263959390863 0.0064285714285714285
2 1.265228426395939 0.3067857142857143 0.02030456852791878 0.0064285714285714285
8 1.180203045685279 0.2839285714285714 0.08375634517766496 0.023571428571428573
5 1.3013959390862944 0.29178571428571426 0.08502538071065989 0.025
3 1.3661167512690355 0.2714285714285714 0.05456852791878172 0.012857142857142857
5 1.3413705583756343 0.024642857142857143 0.02030456852791878 0.009285714285714286
3 1.671954314720812 0.06357142857142857 0.019035532994923856 0.008571428571428572
3 1.6903553299492384 0.06571428571428571 0.02030456852791878 0.007142857142857143
3 1.7525380710659897 0.06571428571428571 0.017766497461928932 0.008571428571428572
