3 0.5528571428571428 0.5657142857142857 0.1838095238095238 0.08
4 0.5 0.6389285714285714 0.19047619047619047 0.09785714285714285
4 0.4357142857142857 0.7021428571428572 0.19904761904761906 0.09428571428571429
4 0.7371428571428571 0.3535714285714286 0.10095238095238095 0.054285714285714284
3 0.7438095238095238 0.33071428571428574 0.12 0.04857142857142857
3 0.7657142857142857 0.30642857142857144 0.10476190476190476 0.04
3 0.7833333333333333 0.2867857142857143 0.10952380952380952 0.03785714285714286
4 0.7942857142857143 0.2642857142857143 0.09333333333333334 0.03857142857142857
4 0.8033333333333333 0.24785714285714286 0.09238095238095238 0.03428571428571429
3 0.8214285714285714 0.235 0.09619047619047619 0.03571428571428571
3 0.8304761904761905 0.21964285714285714 0.09523809523809523 0.029285714285714286
3 0.8452380952380952 0.20535714285714285 0.08666666666666667 0.025
3 0.8533333333333333 0.19178571428571428 0.0838095238095238 0.03214285714285714
4 0.8633333333333333 0.17357142857142857 0.08857142857142856 0.03571428571428571
3 0.8809523809523809 0.15785714285714286 0.06666666666666667 0.02
3 0.8842857142857142 0.14535714285714285 0.06761904761904762 0.019285714285714285
3 0.8952380952380953 0.14107142857142857 0.06285714285714286 0.02214285714285714
3 0.8966666666666666 0.13214285714285715 0.06952380952380953 0.02
3 0.9042857142857142 0.12214285714285714 0.06952380952380953 0.02
3 0.9061904761904762 0.11464285714285714 0.06190476190476191 0.020714285714285713
3 0.9128571428571428 0.10928571428571429 0.06380952380952382 0.022857142857142857
3 0.920952380952381 0.10535714285714286 0.06476190476190476 0.02642857142857143
3 0.930952380952381 0.08964285714285715 0.06571428571428571 0.019285714285714285
3 0.9342857142857143 0.07928571428571428 0.06095238095238095 0.017142857142857144
3 0.900952380952381 0.06785714285714285 0.022857142857142857 0.02
3 0.8752380952380953 0.065 0.022857142857142857 0.02
3 0.8333333333333334 0.07928571428571428 0.030476190476190476 0.024285714285714285
3 0.8476190476190476 0.07142857142857142 0.02857142857142857 0.017142857142857144
3 0.8457142857142858 0.05964285714285714 0.026666666666666665 0.016428571428571428
9 0.31666666666666665 0.5042857142857143 0.058095238095238096 0.04428571428571428
3 0.7561904761904762 0.19357142857142856 0.049523809523809526 0.032857142857142856
2 0.6614285714285715 0.23142857142857143 0.021904761904761906 0.015714285714285715
9 0.6409523809523809 0.25642857142857145 0.015238095238095238 0.022857142857142857
9 0.6495238095238095 0.25107142857142856 0.011428571428571429 0.023571428571428573
6 0.9066666666666666 0.32 0.022857142857142857 0.03
1 0.8023809523809524 0.16214285714285714 0.012380952380952381 0.014285714285714285
2 0.8004761904761905 0.17107142857142857 0.010476190476190476 0.020714285714285713
2 0.7933333333333333 0.13357142857142856 0.02095238095238095 0.017142857142857144
9 0.7428571428571429 0.15785714285714286 0.013333333333333332 0.015714285714285715
3 1.052857142857143 0.11392857142857143 0.040952380952380955 0.020714285714285713
4 0.9419047619047619 0.023214285714285715 0.03619047619047619 0.015
4 1.1947619047619047 0.1475 0.035238095238095235 0.025
4 1.23 0.11714285714285715 0.03333333333333333 0.02142857142857143
3 1.2557142857142858 0.17107142857142857 0.04285714285714286 0.029285714285714286
4 1.3042857142857143 0.13535714285714287 0.04476190476190476 0.029285714285714286
1 1.3142857142857143 0.18964285714285714 0.015238095238095238 0.010714285714285714
9 1.3080952380952382 0.19642857142857142 0.014285714285714285 0.018571428571428572
9 1.2028571428571428 0.09392857142857143 0.022857142857142857 0.009285714285714286
1 1.2023809523809523 0.09035714285714286 0.006666666666666666 0.009285714285714286
3 1.0380952380952382 0.02142857142857143 0.01904761904761905 0.017142857142857144
3 1.0633333333333332 0.025714285714285714 0.014285714285714285 0.015714285714285715
3 1.0923809523809525 0.025357142857142856 0.017142857142857144 0.019285714285714285
3 1.1223809523809525 0.03142857142857143 0.021904761904761906 0.014285714285714285
4 1.0971428571428572 0.0125 0.015238095238095238 0.016428571428571428
3 0.9785714285714285 0.018571428571428572 0.01619047619047619 0.012857142857142857
3 1.1157142857142857 0.005 0.014285714285714285 0.011428571428571429
4 1.2223809523809523 0.015 0.037142857142857144 0.012857142857142857
