8 0.6838095238095238 0.555 0.017142857142857144 0.03
3 0.6623809523809524 0.485 0.010476190476190476 0.011428571428571429
3 0.6666666666666666 0.57 0.011428571428571429 0.015714285714285715
3 0.6761904761904762 0.6746428571428571 0.013333333333333332 0.020714285714285713
3 0.6961904761904761 0.6567857142857143 0.013333333333333332 0.016428571428571428
2 0.7066666666666667 0.61 0.005714285714285714 0.011428571428571429
3 0.6085714285714285 0.39 0.007619047619047619 0.007142857142857143
5 1.1547619047619047 0.47928571428571426 0.025714285714285714 0.015714285714285715
5 1.0295238095238095 0.4392857142857143 0.01904761904761905 0.01
3 0.9428571428571428 0.6732142857142858 0.015238095238095238 0.020714285714285713
3 0.9271428571428572 0.6903571428571429 0.01619047619047619 0.02214285714285714
3 1.1704761904761904 0.5407142857142857 0.015238095238095238 0.012857142857142857
