3 0.709047619047619 0.4832142857142857 0.06761904761904762 0.06785714285714285
3 0.1619047619047619 0.025714285714285714 0.022857142857142857 0.018571428571428572
3 0.17761904761904762 0.05892857142857143 0.02 0.017857142857142856
3 0.18666666666666668 0.07357142857142857 0.022857142857142857 0.02
3 0.06714285714285714 0.12821428571428573 0.06190476190476191 0.02214285714285714
3 0.07 0.14107142857142857 0.058095238095238096 0.017857142857142856
5 0.11095238095238096 0.031071428571428573 0.040952380952380955 0.039285714285714285
5 0.12571428571428572 0.060714285714285714 0.03428571428571429 0.03
1 0.5119047619047619 0.5567857142857143 0.01619047619047619 0.020714285714285713
1 0.5142857142857142 0.45785714285714285 0.009523809523809525 0.02
1 0.3433333333333333 0.535 0.02 0.017142857142857144
1 0.6438095238095238 0.4325 0.011428571428571429 0.012142857142857143
1 0.6533333333333333 0.42678571428571427 0.011428571428571429 0.012142857142857143
9 0.6476190476190476 0.4317857142857143 0.02857142857142857 0.02642857142857143
9 0.518095238095238 0.45571428571428574 0.03428571428571429 0.02142857142857143
9 0.46190476190476193 0.5292857142857142 0.03619047619047619 0.014285714285714285
1 0.45666666666666667 0.53 0.021904761904761906 0.008571428571428572
1 0.4580952380952381 0.5182142857142857 0.015238095238095238 0.013571428571428571
9 0.5009523809523809 0.44535714285714284 0.045714285714285714 0.02214285714285714
1 0.49666666666666665 0.4442857142857143 0.014285714285714285 0.012857142857142857
1 0.4680952380952381 0.23142857142857143 0.008571428571428572 0.015714285714285715
9 0.4680952380952381 0.23642857142857143 0.012380952380952381 0.017142857142857144
9 0.30095238095238097 0.025714285714285714 0.009523809523809525 0.014285714285714285
1 0.2995238095238095 0.025 0.006666666666666666 0.01
4 0.9528571428571428 0.08892857142857143 0.040952380952380955 0.02214285714285714
9 0.3433333333333333 0.5342857142857143 0.037142857142857144 0.018571428571428572
