3 0.5257142857142857 0.7125 0.04 0.05357142857142857
3 0.7076190476190476 0.525 0.0380952380952381 0.04285714285714286
8 0.6490476190476191 0.5264285714285715 0.06 0.08285714285714285
4 0.4542857142857143 0.5957142857142858 0.04380952380952381 0.04
3 0.6857142857142857 0.4610714285714286 0.03238095238095238 0.035
3 0.6538095238095238 0.42178571428571426 0.029523809523809525 0.030714285714285715
5 0.6376190476190476 0.37392857142857144 0.04666666666666667 0.04642857142857143
3 0.6190476190476191 0.3275 0.030476190476190476 0.029285714285714286
3 0.5695238095238095 0.32107142857142856 0.02857142857142857 0.03357142857142857
3 0.5423809523809524 0.26142857142857145 0.025714285714285714 0.02857142857142857
3 0.5980952380952381 0.29464285714285715 0.030476190476190476 0.027857142857142858
3 0.59 0.2639285714285714 0.029523809523809525 0.025
3 0.5704761904761905 0.2292857142857143 0.024761904761904763 0.025714285714285714
3 0.5647619047619048 0.20142857142857143 0.024761904761904763 0.022857142857142857
3 0.42523809523809525 0.24642857142857144 0.025714285714285714 0.027142857142857142
5 0.4604761904761905 0.2742857142857143 0.058095238095238096 0.02857142857142857
4 0.44952380952380955 0.3192857142857143 0.022857142857142857 0.024285714285714285
3 0.4533333333333333 0.34535714285714286 0.026666666666666665 0.027857142857142858
3 0.4138095238095238 0.2067857142857143 0.018095238095238095 0.029285714285714286
3 0.5228571428571429 0.17035714285714285 0.02857142857142857 0.02214285714285714
3 0.5504761904761905 0.1732142857142857 0.022857142857142857 0.02214285714285714
3 0.5323809523809524 0.15142857142857144 0.026666666666666665 0.02
5 0.5166666666666667 0.11964285714285715 0.037142857142857144 0.04214285714285714
3 0.4866666666666667 0.12214285714285714 0.02095238095238095 0.02
8 0.4780952380952381 0.055714285714285716 0.0761904761904762 0.04285714285714286
3 0.42238095238095236 0.10357142857142858 0.02 0.02
3 0.4042857142857143 0.1425 0.02761904761904762 0.023571428571428573
3 0.40285714285714286 0.16392857142857142 0.024761904761904763 0.025
4 0.7157142857142857 0.18464285714285714 0.040952380952380955 0.039285714285714285
3 0.7647619047619048 0.3817857142857143 0.024761904761904763 0.023571428571428573
4 0.9233333333333333 0.6385714285714286 0.039047619047619046 0.04428571428571428
4 0.9619047619047619 0.7014285714285714 0.0380952380952381 0.04857142857142857
3 1.0447619047619048 0.6189285714285714 0.06285714285714286 0.030714285714285715
3 1.0304761904761905 0.5932142857142857 0.06476190476190476 0.030714285714285715
3 0.9809523809523809 0.5235714285714286 0.06666666666666667 0.02857142857142857
4 0.9585714285714285 0.4982142857142857 0.06380952380952382 0.029285714285714286
3 0.9419047619047619 0.4810714285714286 0.05142857142857143 0.02214285714285714
3 0.6233333333333333 0.14642857142857144 0.029523809523809525 0.03571428571428571
