5 0.5257142857142857 0.14285714285714285 0.007619047619047619 0.008571428571428572
5 0.5190476190476191 0.14785714285714285 0.005714285714285714 0.008571428571428572
5 0.5638095238095238 0.18428571428571427 0.011428571428571429 0.014285714285714285
5 0.5404761904761904 0.1982142857142857 0.012380952380952381 0.013571428571428571
5 0.5266666666666666 0.16714285714285715 0.005714285714285714 0.007142857142857143
3 0.5938095238095238 0.32071428571428573 0.014285714285714285 0.015714285714285715
3 0.5719047619047619 0.26607142857142857 0.010476190476190476 0.009285714285714286
3 0.5904761904761905 0.19392857142857142 0.005714285714285714 0.005
3 0.5871428571428572 0.18535714285714286 0.004761904761904762 0.005
3 0.5176190476190476 0.15714285714285714 0.002857142857142857 0.002857142857142857
3 0.550952380952381 0.19892857142857143 0.006666666666666666 0.005
3 0.5576190476190476 0.2367857142857143 0.010476190476190476 0.007857142857142858
3 0.5319047619047619 0.16642857142857143 0.002857142857142857 0.002857142857142857
3 0.5071428571428571 0.1475 0.002857142857142857 0.002142857142857143
3 0.6642857142857143 0.4614285714285714 0.025714285714285714 0.03
3 0.29333333333333333 0.3457142857142857 0.04 0.012857142857142857
3 0.3047619047619048 0.3514285714285714 0.030476190476190476 0.012857142857142857
3 0.37952380952380954 0.2957142857142857 0.02761904761904762 0.01
3 0.37857142857142856 0.29178571428571426 0.025714285714285714 0.0064285714285714285
3 0.38333333333333336 0.2867857142857143 0.025714285714285714 0.007857142857142858
3 0.3861904761904762 0.28214285714285714 0.02761904761904762 0.008571428571428572
4 0.4004761904761905 0.2982142857142857 0.021904761904761906 0.012142857142857143
