3 0.839467005076142 0.4032142857142857 0.031725888324873094 0.030714285714285715
3 1.0355329949238579 0.3375 0.03045685279187817 0.02642857142857143
3 0.9137055837563451 0.07535714285714286 0.015228426395939085 0.012142857142857143
3 0.9111675126903552 0.0275 0.015228426395939085 0.009285714285714286
3 0.9720812182741116 0.03214285714285714 0.01015228426395939 0.008571428571428572
3 0.8807106598984771 0.032857142857142856 0.012690355329949238 0.008571428571428572
3 0.8838832487309644 0.020714285714285713 0.011421319796954314 0.007142857142857143
3 0.8616751269035532 0.2342857142857143 0.02284263959390863 0.018571428571428572
3 0.9746192893401014 0.015357142857142857 0.017766497461928932 0.010714285714285714
3 0.6928934010152283 0.18321428571428572 0.04314720812182741 0.015
3 0.6986040609137055 0.17642857142857143 0.031725888324873094 0.011428571428571429
3 0.14086294416243653 0.4810714285714286 0.053299492385786795 0.04071428571428572
3 0.424492385786802 0.5253571428571429 0.06472081218274112 0.04071428571428572
3 0.907994923857868 0.48642857142857143 0.03426395939086294 0.041428571428571426
5 0.6890862944162436 0.42857142857142855 0.053299492385786795 0.05857142857142857
5 0.8565989847715736 0.27714285714285714 0.025380710659898477 0.024285714285714285
5 0.8610406091370558 0.17035714285714285 0.019035532994923856 0.019285714285714285
5 0.8800761421319796 0.06321428571428571 0.013959390862944161 0.013571428571428571
5 0.8845177664974618 0.009285714285714286 0.0076142131979695426 0.007142857142857143
5 0.6878172588832486 0.16107142857142856 0.04060913705583756 0.017857142857142856
8 0.9359137055837563 0.3325 0.04187817258883248 0.07785714285714286
8 0.7461928934010151 0.2867857142857143 0.050761421319796954 0.07071428571428572
4 0.7189086294416243 0.2675 0.026649746192893398 0.02214285714285714
8 0.8623096446700507 0.017142857142857144 0.019035532994923856 0.02142857142857143
5 0.8261421319796953 0.20392857142857143 0.032994923857868015 0.035
8 1.0983502538071066 0.5257142857142857 0.08248730964467005 0.07142857142857142
