3 0.5971428571428572 0.5957142857142858 0.10285714285714286 0.054285714285714284
9 0.4638095238095238 0.6192857142857143 0.022857142857142857 0.047142857142857146
1 0.4638095238095238 0.6121428571428571 0.022857142857142857 0.02142857142857143
9 0.41095238095238096 0.5717857142857142 0.02761904761904762 0.03214285714285714
9 0.35904761904761906 0.5296428571428572 0.017142857142857144 0.030714285714285715
1 0.35619047619047617 0.5246428571428572 0.017142857142857144 0.019285714285714285
5 0.47333333333333333 0.4175 0.047619047619047616 0.065
4 0.5285714285714286 0.42178571428571426 0.05523809523809524 0.062142857142857146
6 0.4695238095238095 0.3442857142857143 0.02857142857142857 0.03857142857142857
9 0.4195238095238095 0.34 0.01619047619047619 0.03
1 0.4180952380952381 0.3375 0.017142857142857144 0.019285714285714285
9 0.32857142857142857 0.30642857142857144 0.04 0.02
1 0.3442857142857143 0.2425 0.014285714285714285 0.010714285714285714
1 0.35904761904761906 0.23785714285714285 0.013333333333333332 0.012857142857142857
1 0.31285714285714283 0.2332142857142857 0.014285714285714285 0.012142857142857143
1 0.36095238095238097 0.21642857142857141 0.01904761904761905 0.01
3 0.5042857142857143 0.032857142857142856 0.035238095238095235 0.037142857142857144
3 0.4980952380952381 0.07857142857142857 0.03619047619047619 0.03857142857142857
4 0.5 0.11571428571428571 0.03619047619047619 0.047142857142857146
4 0.49952380952380954 0.1692857142857143 0.037142857142857144 0.06
6 0.48095238095238096 0.24035714285714285 0.01904761904761905 0.027857142857142858
9 0.47285714285714286 0.2642857142857143 0.01619047619047619 0.022857142857142857
9 0.4795238095238095 0.3125 0.014285714285714285 0.023571428571428573
4 0.5066666666666667 0.2957142857142857 0.045714285714285714 0.06
3 0.518095238095238 0.35214285714285715 0.05142857142857143 0.05857142857142857
9 0.49714285714285716 0.21357142857142858 0.03619047619047619 0.014285714285714285
4 0.5414285714285715 0.5257142857142857 0.04857142857142857 0.06714285714285714
2 0.8371428571428572 0.6685714285714286 0.047619047619047616 0.02142857142857143
1 0.8366666666666667 0.6642857142857143 0.021904761904761906 0.02
3 0.809047619047619 0.4860714285714286 0.07142857142857142 0.085
3 0.96 0.48178571428571426 0.07428571428571429 0.07642857142857143
3 1.0576190476190477 0.4735714285714286 0.11714285714285715 0.047142857142857146
3 1.311904761904762 0.54 0.040952380952380955 0.07571428571428572
5 1.1438095238095238 0.4114285714285714 0.09333333333333334 0.1
3 1.213809523809524 0.35928571428571426 0.08476190476190476 0.06714285714285714
3 1.0233333333333334 0.24928571428571428 0.058095238095238096 0.04857142857142857
3 1.1257142857142857 0.24321428571428572 0.06666666666666667 0.052142857142857144
3 1.0695238095238095 0.1575 0.06285714285714286 0.045
3 0.9666666666666667 0.08964285714285715 0.049523809523809526 0.045
4 1.0795238095238096 0.13035714285714287 0.07523809523809524 0.04071428571428572
3 1.0747619047619048 0.10392857142857143 0.07333333333333333 0.03642857142857143
4 1.109047619047619 0.09035714285714286 0.08476190476190476 0.03785714285714286
3 1.1 0.061785714285714284 0.0838095238095238 0.030714285714285715
9 0.8457142857142858 0.28035714285714286 0.01904761904761905 0.029285714285714286
9 0.7923809523809524 0.10178571428571428 0.015238095238095238 0.025
9 0.7561904761904762 0.1 0.015238095238095238 0.024285714285714285
3 0.6204761904761905 0.09607142857142857 0.039047619047619046 0.05357142857142857
3 0.8866666666666667 0.05285714285714286 0.08190476190476191 0.03857142857142857
