3 0.45904761904761904 0.26321428571428573 0.08 0.03214285714285714
3 0.5685714285714286 0.24571428571428572 0.08761904761904762 0.03142857142857143
3 0.7457142857142857 0.22071428571428572 0.07238095238095238 0.02857142857142857
3 0.6090476190476191 0.47964285714285715 0.07714285714285714 0.03642857142857143
3 0.6376190476190476 0.5089285714285714 0.07904761904761905 0.039285714285714285
3 0.6714285714285714 0.5517857142857143 0.06857142857142857 0.062142857142857146
3 0.7038095238095238 0.5746428571428571 0.06095238095238095 0.05785714285714286
3 0.7361904761904762 0.595 0.0761904761904762 0.05857142857142857
3 0.7366666666666667 0.4232142857142857 0.05619047619047619 0.055
3 0.810952380952381 0.47785714285714287 0.05238095238095238 0.047142857142857146
3 0.8990476190476191 0.495 0.07809523809523809 0.047142857142857146
4 0.9185714285714286 0.46964285714285714 0.08095238095238096 0.04357142857142857
3 0.7933333333333333 0.34285714285714286 0.05523809523809524 0.04
3 0.8466666666666667 0.345 0.0419047619047619 0.05
3 0.8585714285714285 0.21464285714285714 0.07714285714285714 0.030714285714285715
