3 0.57 0.43535714285714283 0.07333333333333333 0.027857142857142858
3 0.6880952380952381 0.6614285714285715 0.09047619047619047 0.07428571428571429
3 0.4461904761904762 0.6364285714285715 0.08285714285714285 0.055714285714285716
3 0.259047619047619 0.5946428571428571 0.09333333333333334 0.047857142857142855
3 0.3919047619047619 0.4182142857142857 0.058095238095238096 0.02642857142857143
3 0.35333333333333333 0.38357142857142856 0.04 0.022857142857142857
3 0.30333333333333334 0.39071428571428574 0.035238095238095235 0.024285714285714285
3 0.2633333333333333 0.3492857142857143 0.02761904761904762 0.02142857142857143
3 0.2714285714285714 0.3167857142857143 0.02857142857142857 0.017857142857142856
3 0.24523809523809523 0.29428571428571426 0.023809523809523808 0.018571428571428572
3 0.22666666666666666 0.31 0.024761904761904763 0.02
3 0.2280952380952381 0.2767857142857143 0.021904761904761906 0.016428571428571428
3 0.23285714285714285 0.3657142857142857 0.029523809523809525 0.025714285714285714
3 0.19380952380952382 0.37107142857142855 0.03142857142857143 0.027857142857142858
3 0.19904761904761906 0.32392857142857145 0.026666666666666665 0.020714285714285713
3 0.16095238095238096 0.31357142857142856 0.022857142857142857 0.018571428571428572
3 0.1719047619047619 0.3314285714285714 0.02761904761904762 0.02
3 0.18285714285714286 0.3507142857142857 0.02857142857142857 0.02
3 0.22380952380952382 0.34714285714285714 0.022857142857142857 0.022857142857142857
3 0.19380952380952382 0.31107142857142855 0.021904761904761906 0.013571428571428571
3 0.18095238095238095 0.3 0.022857142857142857 0.017142857142857144
3 0.1461904761904762 0.28714285714285714 0.018095238095238095 0.017142857142857144
3 0.17047619047619048 0.2839285714285714 0.022857142857142857 0.016428571428571428
3 0.13476190476190475 0.17035714285714285 0.02 0.015
3 0.17238095238095238 0.13964285714285715 0.013333333333333332 0.009285714285714286
3 0.12476190476190477 0.15178571428571427 0.011428571428571429 0.010714285714285714
3 0.14095238095238094 0.1432142857142857 0.015238095238095238 0.010714285714285714
3 0.87 0.4725 0.07714285714285714 0.027857142857142858
3 0.8580952380952381 0.405 0.07238095238095238 0.02
3 0.9333333333333333 0.425 0.07809523809523809 0.022857142857142857
3 1.2319047619047618 0.4725 0.09238095238095238 0.02642857142857143
3 1.2061904761904763 0.43 0.09047619047619047 0.022857142857142857
3 1.0552380952380953 0.4225 0.08 0.02214285714285714
3 0.960952380952381 0.4082142857142857 0.07238095238095238 0.023571428571428573
3 1.227142857142857 0.4142857142857143 0.09047619047619047 0.022857142857142857
3 1.0704761904761906 0.40714285714285714 0.07809523809523809 0.022857142857142857
3 0.3252380952380952 0.2692857142857143 0.02 0.014285714285714285
3 0.6090476190476191 0.7264285714285714 0.08476190476190476 0.041428571428571426
9 1.019047619047619 0.6028571428571429 0.045714285714285714 0.014285714285714285
1 1.020952380952381 0.5971428571428572 0.024761904761904763 0.018571428571428572
1 0.49047619047619045 0.49214285714285716 0.017142857142857144 0.014285714285714285
9 0.4942857142857143 0.5014285714285714 0.024761904761904763 0.018571428571428572
