4 1.2190476190476192 0.6728571428571428 0.09904761904761905 0.045714285714285714
1 0.5871428571428572 0.505 0.010476190476190476 0.012857142857142857
6 0.5914285714285714 0.5110714285714286 0.030476190476190476 0.013571428571428571
3 0.6057142857142858 0.5435714285714286 0.06666666666666667 0.03
3 0.5371428571428571 0.5228571428571429 0.06285714285714286 0.03
9 0.14238095238095239 0.34785714285714286 0.023809523809523808 0.01
4 0.17142857142857143 0.35535714285714287 0.03428571428571429 0.017857142857142856
4 0.21476190476190476 0.43642857142857144 0.05238095238095238 0.027142857142857142
5 0.15904761904761905 0.4117857142857143 0.07428571428571429 0.030714285714285715
5 0.9128571428571428 0.7010714285714286 0.18 0.095
