3 0.27095238095238094 0.6867857142857143 0.19714285714285715 0.125
3 1.078095238095238 0.6710714285714285 0.18285714285714286 0.15642857142857142
3 1.0152380952380953 0.5092857142857142 0.14285714285714285 0.11714285714285715
3 0.9557142857142857 0.3917857142857143 0.09238095238095238 0.085
3 0.4280952380952381 0.49178571428571427 0.1457142857142857 0.12785714285714286
3 0.5009523809523809 0.3975 0.08952380952380952 0.08785714285714286
3 0.5585714285714286 0.3407142857142857 0.08857142857142856 0.06285714285714286
3 0.9547619047619048 0.33107142857142857 0.08285714285714285 0.065
4 0.9247619047619048 0.27714285714285714 0.11238095238095239 0.06
3 0.6009523809523809 0.285 0.0761904761904762 0.05142857142857143
3 0.6395238095238095 0.24821428571428572 0.06 0.04071428571428572
3 0.6780952380952381 0.21857142857142858 0.0380952380952381 0.02857142857142857
3 0.9233333333333333 0.24964285714285714 0.05047619047619047 0.03357142857142857
3 0.9242857142857143 0.22142857142857142 0.040952380952380955 0.03571428571428571
3 0.7023809523809523 0.1982142857142857 0.04857142857142857 0.035
3 0.6823809523809524 0.18357142857142858 0.06952380952380953 0.03428571428571429
3 0.6238095238095238 0.16964285714285715 0.07238095238095238 0.02642857142857143
3 0.6952380952380952 0.16071428571428573 0.07428571428571429 0.02142857142857143
3 0.6190476190476191 0.15535714285714286 0.06476190476190476 0.023571428571428573
3 0.7295238095238096 0.1575 0.06095238095238095 0.019285714285714285
3 0.7642857142857142 0.15214285714285714 0.05619047619047619 0.018571428571428572
3 0.7766666666666666 0.14714285714285713 0.06190476190476191 0.02
3 0.7842857142857143 0.14 0.05047619047619047 0.018571428571428572
3 0.7947619047619048 0.1332142857142857 0.04666666666666667 0.017857142857142856
3 0.8019047619047619 0.1275 0.047619047619047616 0.017857142857142856
3 0.8085714285714286 0.12285714285714286 0.0380952380952381 0.015714285714285715
3 0.8204761904761905 0.12071428571428572 0.040952380952380955 0.015714285714285715
3 0.8233333333333334 0.11642857142857142 0.04476190476190476 0.014285714285714285
3 0.8242857142857143 0.11464285714285714 0.039047619047619046 0.017857142857142856
3 0.8328571428571429 0.11142857142857143 0.040952380952380955 0.014285714285714285
3 0.8333333333333334 0.10785714285714286 0.04 0.018571428571428572
3 0.8385714285714285 0.10571428571428572 0.039047619047619046 0.017142857142857144
3 0.8514285714285714 0.10071428571428571 0.0380952380952381 0.011428571428571429
4 0.8580952380952381 0.09321428571428571 0.049523809523809526 0.016428571428571428
3 0.87 0.09107142857142857 0.037142857142857144 0.012142857142857143
3 0.8766666666666667 0.08928571428571429 0.035238095238095235 0.012857142857142857
3 0.8761904761904762 0.08678571428571429 0.03428571428571429 0.015
3 0.8785714285714286 0.08571428571428572 0.040952380952380955 0.014285714285714285
3 0.8857142857142857 0.08214285714285714 0.02857142857142857 0.011428571428571429
3 0.8904761904761904 0.08071428571428571 0.026666666666666665 0.011428571428571429
3 0.8976190476190476 0.07571428571428572 0.03333333333333333 0.01
3 0.9038095238095238 0.07321428571428572 0.024761904761904763 0.010714285714285714
3 0.9085714285714286 0.06928571428571428 0.022857142857142857 0.008571428571428572
3 0.9128571428571428 0.06785714285714285 0.018095238095238095 0.008571428571428572
3 0.9142857142857143 0.06678571428571428 0.01904761904761905 0.007857142857142858
3 0.9176190476190477 0.065 0.02 0.008571428571428572
3 0.9271428571428572 0.05857142857142857 0.02 0.01
3 0.99 0.05285714285714286 0.012380952380952381 0.007142857142857143
3 0.9761904761904762 0.05821428571428571 0.013333333333333332 0.007857142857142858
3 0.9847619047619047 0.062142857142857146 0.013333333333333332 0.008571428571428572
3 0.981904761904762 0.06464285714285714 0.011428571428571429 0.0064285714285714285
3 0.9761904761904762 0.06928571428571428 0.011428571428571429 0.007142857142857143
4 0.9728571428571429 0.07678571428571429 0.023809523809523808 0.010714285714285714
3 0.9652380952380952 0.08321428571428571 0.014285714285714285 0.007857142857142858
3 0.9628571428571429 0.0875 0.015238095238095238 0.007857142857142858
3 0.9614285714285714 0.08964285714285715 0.014285714285714285 0.007857142857142858
3 0.9619047619047619 0.09357142857142857 0.017142857142857144 0.008571428571428572
3 0.9552380952380952 0.09821428571428571 0.01904761904761905 0.009285714285714286
3 0.9347619047619048 0.13357142857142856 0.02761904761904762 0.02
3 0.9571428571428572 0.10857142857142857 0.03428571428571429 0.012857142857142857
3 0.9404761904761905 0.11107142857142857 0.03142857142857143 0.012142857142857143
3 0.9376190476190476 0.11857142857142858 0.03333333333333333 0.014285714285714285
3 0.9328571428571428 0.12428571428571429 0.037142857142857144 0.014285714285714285
3 0.9247619047619048 0.14642857142857144 0.04 0.018571428571428572
3 0.9285714285714286 0.15214285714285714 0.030476190476190476 0.02142857142857143
3 0.9604761904761905 0.16607142857142856 0.07714285714285714 0.023571428571428573
3 0.9985714285714286 0.18678571428571428 0.08095238095238096 0.029285714285714286
3 0.8952380952380953 0.18214285714285713 0.07809523809523809 0.027142857142857142
1 0.9185714285714286 0.09035714285714286 0.006666666666666666 0.010714285714285714
2 0.9176190476190477 0.09285714285714286 0.004761904761904762 0.01
3 0.9223809523809524 0.20142857142857143 0.04666666666666667 0.024285714285714285
