3 0.5828571428571429 0.7146428571428571 0.05333333333333333 0.06642857142857143
3 0.5733333333333334 0.615 0.05714285714285714 0.08857142857142856
3 0.5704761904761905 0.5275 0.05714285714285714 0.085
3 0.5719047619047619 0.43357142857142855 0.040952380952380955 0.07142857142857142
3 0.5719047619047619 0.33964285714285714 0.039047619047619046 0.060714285714285714
3 0.5661904761904762 0.2775 0.039047619047619046 0.055
3 0.5647619047619048 0.21714285714285714 0.030476190476190476 0.045714285714285714
3 0.5657142857142857 0.18178571428571427 0.02857142857142857 0.02642857142857143
3 0.5652380952380952 0.155 0.025714285714285714 0.02
3 0.6238095238095238 0.17785714285714285 0.030476190476190476 0.047142857142857146
3 0.7376190476190476 0.2664285714285714 0.039047619047619046 0.04857142857142857
3 0.6547619047619048 0.0175 0.029523809523809525 0.027857142857142858
9 0.74 0.17357142857142857 0.011428571428571429 0.018571428571428572
1 0.7404761904761905 0.17 0.010476190476190476 0.014285714285714285
3 1.0195238095238095 0.03214285714285714 0.023809523809523808 0.03
3 0.8271428571428572 0.004285714285714286 0.06380952380952382 0.01
3 0.8314285714285714 0.013214285714285715 0.05714285714285714 0.015
3 0.829047619047619 0.03 0.054285714285714284 0.015714285714285715
3 0.8466666666666667 0.04214285714285714 0.05142857142857143 0.018571428571428572
3 0.85 0.06035714285714286 0.06380952380952382 0.017857142857142856
3 0.8547619047619047 0.07857142857142857 0.058095238095238096 0.018571428571428572
3 0.8685714285714285 0.095 0.06095238095238095 0.015714285714285715
3 0.8704761904761905 0.10821428571428571 0.06285714285714286 0.016428571428571428
3 0.8795238095238095 0.12464285714285714 0.07333333333333333 0.025
3 0.8952380952380953 0.14642857142857144 0.07428571428571429 0.02857142857142857
3 0.8947619047619048 0.16964285714285715 0.06952380952380953 0.023571428571428573
3 0.9071428571428571 0.19178571428571428 0.06952380952380953 0.02214285714285714
3 0.919047619047619 0.21071428571428572 0.06857142857142857 0.027142857142857142
3 0.93 0.23892857142857143 0.07523809523809524 0.027857142857142858
3 0.9404761904761905 0.26 0.08285714285714285 0.03
3 0.9452380952380952 0.2860714285714286 0.08666666666666667 0.03214285714285714
3 0.949047619047619 0.31607142857142856 0.09047619047619047 0.03214285714285714
4 0.9680952380952381 0.3439285714285714 0.08095238095238096 0.03214285714285714
3 0.9714285714285714 0.38035714285714284 0.08952380952380952 0.03642857142857143
3 0.9795238095238096 0.41678571428571426 0.09428571428571429 0.03214285714285714
3 0.9952380952380953 0.4492857142857143 0.09714285714285714 0.03571428571428571
3 0.8461904761904762 0.55 0.04857142857142857 0.07
3 0.8790476190476191 0.7014285714285714 0.06476190476190476 0.09571428571428571
3 1.0476190476190477 0.014642857142857143 0.024761904761904763 0.016428571428571428
4 1.1261904761904762 0.2725 0.04476190476190476 0.052142857142857144
3 1.1276190476190475 0.30892857142857144 0.08190476190476191 0.04071428571428572
3 1.0095238095238095 0.495 0.10476190476190476 0.04428571428571428
3 1.0280952380952382 0.5385714285714286 0.10952380952380952 0.04285714285714286
3 1.05 0.5778571428571428 0.11333333333333333 0.045714285714285714
3 1.0666666666666667 0.6178571428571429 0.10666666666666666 0.045714285714285714
3 1.0752380952380953 0.67 0.13142857142857142 0.05285714285714286
3 1.110952380952381 0.7232142857142857 0.13047619047619047 0.05071428571428571
3 1.260952380952381 0.5242857142857142 0.07238095238095238 0.08428571428571428
3 1.3033333333333332 0.6264285714285714 0.058095238095238096 0.08428571428571428
