3 0.6766666666666666 0.6835714285714286 0.1361904761904762 0.13142857142857142
3 1.2114285714285715 0.4589285714285714 0.22285714285714286 0.07357142857142857
3 0.7266666666666667 0.4610714285714286 0.14476190476190476 0.095
3 0.7042857142857143 0.38 0.08095238095238096 0.07571428571428572
3 1.1538095238095238 0.40464285714285714 0.2123809523809524 0.06642857142857143
3 1.1314285714285715 0.3578571428571429 0.2 0.05714285714285714
3 1.1447619047619049 0.3367857142857143 0.14666666666666667 0.047857142857142855
3 1.1904761904761905 0.3125 0.17333333333333334 0.055
3 1.23 0.26964285714285713 0.1457142857142857 0.05071428571428571
3 1.049047619047619 0.22642857142857142 0.06761904761904762 0.04857142857142857
3 0.9833333333333333 0.21571428571428572 0.08095238095238096 0.041428571428571426
3 0.6338095238095238 0.32071428571428573 0.15142857142857144 0.06285714285714286
3 0.5980952380952381 0.24464285714285713 0.13142857142857142 0.045
3 0.7095238095238096 0.22 0.05904761904761905 0.047142857142857146
3 0.7071428571428572 0.19035714285714286 0.05047619047619047 0.03785714285714286
3 0.7071428571428572 0.16285714285714287 0.05047619047619047 0.02857142857142857
4 0.7014285714285714 0.1367857142857143 0.08095238095238096 0.035
3 0.6885714285714286 0.12607142857142858 0.03619047619047619 0.020714285714285713
4 0.6928571428571428 0.11142857142857143 0.035238095238095235 0.027142857142857142
3 0.6742857142857143 0.10214285714285715 0.030476190476190476 0.022857142857142857
3 0.6719047619047619 0.08821428571428572 0.025714285714285714 0.015
3 0.6833333333333333 0.06714285714285714 0.029523809523809525 0.02142857142857143
3 0.638095238095238 0.014642857142857143 0.02095238095238095 0.015
3 0.6695238095238095 0.02214285714285714 0.022857142857142857 0.014285714285714285
3 0.7061904761904761 0.03357142857142857 0.023809523809523808 0.015714285714285715
5 0.7442857142857143 0.045 0.037142857142857144 0.025714285714285714
3 0.8004761904761905 0.16964285714285715 0.05047619047619047 0.04928571428571429
3 0.8080952380952381 0.0725 0.03142857142857143 0.019285714285714285
3 0.8185714285714286 0.08642857142857142 0.04285714285714286 0.02142857142857143
3 0.8485714285714285 0.10035714285714285 0.0380952380952381 0.025
3 0.8642857142857143 0.11035714285714286 0.039047619047619046 0.020714285714285713
3 0.8785714285714286 0.12607142857142858 0.04476190476190476 0.02642857142857143
3 0.9061904761904762 0.1432142857142857 0.04666666666666667 0.02642857142857143
3 0.9319047619047619 0.16214285714285714 0.05238095238095238 0.03571428571428571
3 0.9533333333333334 0.185 0.06095238095238095 0.032857142857142856
3 0.6661904761904762 0.08 0.02761904761904762 0.015714285714285715
3 0.2480952380952381 0.18357142857142858 0.09428571428571429 0.032857142857142856
3 1.260952380952381 0.5885714285714285 0.14285714285714285 0.09
