4 0.6980952380952381 0.6307142857142857 0.045714285714285714 0.07571428571428572
4 0.99 0.6546428571428572 0.058095238095238096 0.06357142857142857
8 0.6704761904761904 0.1075 0.015238095238095238 0.020714285714285713
8 0.6571428571428571 0.18464285714285714 0.02095238095238095 0.03357142857142857
8 0.6819047619047619 0.22178571428571428 0.017142857142857144 0.016428571428571428
8 0.7685714285714286 0.245 0.01904761904761905 0.018571428571428572
8 0.6685714285714286 0.28714285714285714 0.01904761904761905 0.018571428571428572
8 0.6752380952380952 0.12928571428571428 0.007619047619047619 0.008571428571428572
5 0.6938095238095238 0.085 0.014285714285714285 0.014285714285714285
3 0.7095238095238096 0.07357142857142857 0.007619047619047619 0.005714285714285714
3 0.7128571428571429 0.0825 0.006666666666666666 0.0064285714285714285
3 0.6485714285714286 0.10107142857142858 0.009523809523809525 0.0064285714285714285
3 0.6647619047619048 0.1442857142857143 0.009523809523809525 0.01
5 0.7019047619047619 0.10642857142857143 0.011428571428571429 0.011428571428571429
5 0.6428571428571429 0.14964285714285713 0.009523809523809525 0.010714285714285714
5 0.7542857142857143 0.08678571428571429 0.03238095238095238 0.020714285714285713
4 0.9119047619047619 0.4432142857142857 0.035238095238095235 0.03642857142857143
3 1.0323809523809524 0.47 0.047619047619047616 0.04
3 1.002857142857143 0.42857142857142855 0.0380952380952381 0.03571428571428571
1 0.5614285714285714 0.6346428571428572 0.010476190476190476 0.013571428571428571
2 0.560952380952381 0.6425 0.005714285714285714 0.020714285714285713
