3 0.7080952380952381 0.3989285714285714 0.002857142857142857 0.002142857142857143
3 0.7028571428571428 0.3989285714285714 0.0038095238095238095 0.0035714285714285713
3 0.6966666666666667 0.3985714285714286 0.002857142857142857 0.002857142857142857
4 0.6961904761904761 0.3975 0.0038095238095238095 0.0035714285714285713
3 0.7004761904761905 0.3985714285714286 0.002857142857142857 0.0014285714285714286
3 0.7133333333333334 0.3989285714285714 0.0038095238095238095 0.002142857142857143
3 0.7123809523809523 0.3964285714285714 0.0038095238095238095 0.0014285714285714286
3 0.7242857142857143 0.4039285714285714 0.002857142857142857 0.002142857142857143
3 0.7352380952380952 0.4017857142857143 0.0038095238095238095 0.002142857142857143
3 0.7161904761904762 0.40714285714285714 0.0038095238095238095 0.002857142857142857
3 0.7247619047619047 0.40785714285714286 0.0038095238095238095 0.002857142857142857
3 0.7323809523809524 0.4085714285714286 0.0038095238095238095 0.002857142857142857
4 0.7328571428571429 0.4142857142857143 0.004761904761904762 0.004285714285714286
3 0.7095238095238096 0.41535714285714287 0.005714285714285714 0.0035714285714285713
3 0.7376190476190476 0.41928571428571426 0.004761904761904762 0.004285714285714286
3 0.7266666666666667 0.42178571428571426 0.005714285714285714 0.0035714285714285713
4 0.7133333333333334 0.4225 0.005714285714285714 0.005
3 0.7004761904761905 0.4257142857142857 0.006666666666666666 0.004285714285714286
3 0.7080952380952381 0.42964285714285716 0.008571428571428572 0.0035714285714285713
3 0.7233333333333334 0.42714285714285716 0.004761904761904762 0.005714285714285714
3 0.729047619047619 0.4307142857142857 0.006666666666666666 0.004285714285714286
3 0.7314285714285714 0.43714285714285717 0.007619047619047619 0.005714285714285714
5 0.758095238095238 0.4235714285714286 0.005714285714285714 0.005714285714285714
3 0.7195238095238096 0.44142857142857145 0.008571428571428572 0.005714285714285714
5 0.6980952380952381 0.44035714285714284 0.011428571428571429 0.0064285714285714285
4 0.6847619047619048 0.43785714285714283 0.009523809523809525 0.005714285714285714
3 0.6761904761904762 0.45 0.011428571428571429 0.007142857142857143
3 0.6952380952380952 0.44892857142857145 0.011428571428571429 0.0064285714285714285
3 0.7042857142857143 0.4585714285714286 0.012380952380952381 0.007142857142857143
3 0.6642857142857143 0.4639285714285714 0.014285714285714285 0.007857142857142858
3 0.6495238095238095 0.4789285714285714 0.017142857142857144 0.009285714285714286
3 0.6657142857142857 0.4875 0.015238095238095238 0.010714285714285714
3 0.5366666666666666 0.4764285714285714 0.02 0.011428571428571429
3 0.5457142857142857 0.5385714285714286 0.03238095238095238 0.018571428571428572
3 0.6138095238095238 0.5575 0.029523809523809525 0.02214285714285714
4 0.6138095238095238 0.6025 0.03333333333333333 0.03214285714285714
3 0.4828571428571429 0.5835714285714285 0.0419047619047619 0.027142857142857142
8 0.69 0.5721428571428572 0.04857142857142857 0.06714285714285714
3 0.6180952380952381 0.6464285714285715 0.045714285714285714 0.03428571428571429
3 0.5057142857142857 0.635 0.04380952380952381 0.03
3 0.43857142857142856 0.6239285714285714 0.054285714285714284 0.03785714285714286
3 0.37666666666666665 0.6657142857142857 0.07333333333333333 0.05142857142857143
3 0.4280952380952381 0.7135714285714285 0.07142857142857142 0.04857142857142857
3 0.5238095238095238 0.6839285714285714 0.05904761904761905 0.04357142857142857
3 0.5733333333333334 0.7125 0.06095238095238095 0.05357142857142857
3 0.6438095238095238 0.7275 0.05333333333333333 0.04357142857142857
3 0.2833333333333333 0.7292857142857143 0.09428571428571429 0.04
3 1.1642857142857144 0.5235714285714286 0.03142857142857143 0.012857142857142857
3 1.1195238095238096 0.5167857142857143 0.03142857142857143 0.012142857142857143
3 1.052857142857143 0.5075 0.03142857142857143 0.016428571428571428
3 0.9680952380952381 0.4992857142857143 0.035238095238095235 0.015714285714285715
3 0.9471428571428572 0.49642857142857144 0.02761904761904762 0.014285714285714285
3 0.9138095238095238 0.4875 0.03333333333333333 0.012142857142857143
3 0.8914285714285715 0.4828571428571429 0.030476190476190476 0.008571428571428572
5 0.8733333333333333 0.4735714285714286 0.03428571428571429 0.017142857142857144
