3 0.8166243654822335 0.4707142857142857 0.10025380710659898 0.025714285714285714
3 0.7988578680203045 0.3117857142857143 0.07994923857868019 0.020714285714285713
3 0.8064720812182741 0.2710714285714286 0.0748730964467005 0.017857142857142856
3 0.8185279187817258 0.20607142857142857 0.07868020304568528 0.017857142857142856
3 1.1535532994923856 0.2671428571428571 0.07614213197969542 0.02
3 0.7988578680203045 0.17785714285714285 0.06725888324873096 0.017142857142857144
3 0.8007614213197969 0.16035714285714286 0.07106598984771573 0.016428571428571428
3 0.8007614213197969 0.13714285714285715 0.05837563451776649 0.017142857142857144
3 0.8032994923857867 0.07714285714285714 0.06345177664974619 0.015714285714285715
3 0.8052030456852791 0.055714285714285716 0.052030456852791875 0.014285714285714285
3 0.8007614213197969 0.016785714285714286 0.048223350253807105 0.015
3 0.8026649746192893 0.03464285714285714 0.04441624365482233 0.013571428571428571
3 0.8007614213197969 0.045714285714285714 0.048223350253807105 0.014285714285714285
3 0.8052030456852791 0.23964285714285713 0.07233502538071065 0.017857142857142856
4 0.7944162436548222 0.3578571428571429 0.08629441624365482 0.024285714285714285
5 0.8090101522842639 0.10928571428571429 0.03426395939086294 0.032857142857142856
3 1.0463197969543145 0.03214285714285714 0.052030456852791875 0.014285714285714285
3 1.046954314720812 0.04357142857142857 0.053299492385786795 0.014285714285714285
3 1.0539340101522843 0.05285714285714286 0.052030456852791875 0.015714285714285715
3 1.0615482233502538 0.065 0.05456852791878172 0.015714285714285715
3 1.0761421319796953 0.08571428571428572 0.055837563451776644 0.017142857142857144
3 1.0799492385786802 0.09857142857142857 0.05837563451776649 0.015714285714285715
3 1.134517766497462 0.03 0.04060913705583756 0.02
3 1.1618020304568526 0.024285714285714285 0.04441624365482233 0.02
3 1.2315989847715736 0.0225 0.04695431472081218 0.016428571428571428
6 1.3197969543147208 0.011428571428571429 0.027918781725888322 0.015714285714285715
1 0.8883248730964466 0.33035714285714285 0.015228426395939085 0.010714285714285714
9 0.8908629441624365 0.3314285714285714 0.017766497461928932 0.02
