3 0.25047619047619046 0.5521428571428572 0.13142857142857142 0.06142857142857143
3 0.8023809523809524 0.29178571428571426 0.058095238095238096 0.06928571428571428
3 0.8633333333333333 0.30892857142857144 0.054285714285714284 0.06642857142857143
3 0.9185714285714286 0.3275 0.06380952380952382 0.07071428571428572
3 0.9766666666666667 0.3460714285714286 0.06 0.06928571428571428
3 1.0304761904761905 0.36142857142857143 0.06666666666666667 0.07571428571428572
3 1.0938095238095238 0.38 0.06190476190476191 0.07285714285714286
3 1.1523809523809523 0.3967857142857143 0.05142857142857143 0.07785714285714286
3 1.2147619047619047 0.41285714285714287 0.054285714285714284 0.08285714285714285
3 1.197142857142857 0.29392857142857143 0.11238095238095239 0.047857142857142855
3 0.8819047619047619 0.20714285714285716 0.09904761904761905 0.047142857142857146
3 0.22238095238095237 0.4471428571428571 0.13428571428571429 0.06428571428571428
3 0.5442857142857143 0.10678571428571429 0.08476190476190476 0.04071428571428572
3 0.43761904761904763 0.07964285714285714 0.08476190476190476 0.04357142857142857
3 0.6542857142857142 0.14714285714285713 0.08571428571428572 0.032857142857142856
3 0.7723809523809524 0.17785714285714285 0.10095238095238095 0.04428571428571428
3 0.14809523809523809 0.04928571428571429 0.08095238095238096 0.055714285714285716
3 0.06619047619047619 0.3892857142857143 0.10952380952380952 0.08285714285714285
4 1.2161904761904763 0.17642857142857143 0.05523809523809524 0.06285714285714286
3 1.3161904761904761 0.44392857142857145 0.03238095238095238 0.06928571428571428
3 1.2961904761904761 0.32607142857142857 0.07238095238095238 0.062142857142857146
3 1.3 0.054642857142857146 0.06476190476190476 0.04071428571428572
3 1.3052380952380953 0.08535714285714285 0.054285714285714284 0.04214285714285714
3 1.2971428571428572 0.09714285714285714 0.07047619047619047 0.04285714285714286
3 1.2971428571428572 0.12964285714285714 0.07047619047619047 0.05071428571428571
4 1.29 0.2275 0.08285714285714285 0.045
1 0.8561904761904762 0.08821428571428572 0.017142857142857144 0.017857142857142856
1 0.830952380952381 0.08821428571428572 0.012380952380952381 0.010714285714285714
1 0.8457142857142858 0.08428571428571428 0.005714285714285714 0.007142857142857143
1 0.8323809523809523 0.08142857142857143 0.009523809523809525 0.012857142857142857
1 0.8085714285714286 0.08392857142857142 0.011428571428571429 0.012142857142857143
9 1.29 0.14214285714285715 0.05238095238095238 0.017142857142857144
9 1.276190476190476 0.15214285714285714 0.04380952380952381 0.02142857142857143
