5 0.24619047619047618 0.7346428571428572 0.05238095238095238 0.02642857142857143
5 0.42857142857142855 0.5610714285714286 0.03428571428571429 0.04642857142857143
5 0.520952380952381 0.45 0.04380952380952381 0.018571428571428572
5 0.5114285714285715 0.3489285714285714 0.026666666666666665 0.029285714285714286
5 0.550952380952381 0.28 0.01619047619047619 0.015714285714285715
5 0.46285714285714286 0.24714285714285714 0.01904761904761905 0.017142857142857144
5 0.5185714285714286 0.20857142857142857 0.02 0.022857142857142857
5 0.49333333333333335 0.22 0.011428571428571429 0.01
5 0.02619047619047619 0.4514285714285714 0.03333333333333333 0.027142857142857142
5 0.07571428571428572 0.19607142857142856 0.037142857142857144 0.010714285714285714
5 0.24476190476190476 0.14357142857142857 0.013333333333333332 0.007142857142857143
5 0.24095238095238095 0.14035714285714285 0.022857142857142857 0.015
5 0.22952380952380952 0.13785714285714284 0.02095238095238095 0.017142857142857144
5 0.22428571428571428 0.1367857142857143 0.025714285714285714 0.017857142857142856
3 0.3242857142857143 0.6792857142857143 0.03333333333333333 0.012857142857142857
3 0.36428571428571427 0.6628571428571428 0.023809523809523808 0.025714285714285714
3 0.28714285714285714 0.6492857142857142 0.021904761904761906 0.022857142857142857
4 0.3061904761904762 0.4521428571428571 0.01619047619047619 0.012857142857142857
3 0.5361904761904762 0.38821428571428573 0.02095238095238095 0.009285714285714286
3 0.5347619047619048 0.38285714285714284 0.021904761904761906 0.008571428571428572
3 0.5376190476190477 0.3775 0.02 0.0064285714285714285
3 0.540952380952381 0.3675 0.017142857142857144 0.007857142857142858
3 0.5619047619047619 0.29892857142857143 0.01904761904761905 0.007857142857142858
3 0.43142857142857144 0.12857142857142856 0.011428571428571429 0.004285714285714286
3 0.570952380952381 0.15678571428571428 0.006666666666666666 0.005
3 0.5814285714285714 0.11142857142857143 0.004761904761904762 0.004285714285714286
3 0.589047619047619 0.12357142857142857 0.006666666666666666 0.004285714285714286
3 0.5866666666666667 0.12785714285714286 0.005714285714285714 0.004285714285714286
3 0.5819047619047619 0.13071428571428573 0.005714285714285714 0.004285714285714286
8 0.5647619047619048 0.12464285714285714 0.011428571428571429 0.010714285714285714
8 0.6457142857142857 0.04071428571428572 0.007619047619047619 0.007142857142857143
