4 0.34835025380710655 0.405 0.08756345177664974 0.08428571428571428
4 0.6770304568527918 0.4392857142857143 0.06472081218274112 0.06714285714285714
4 1.023477157360406 0.48428571428571426 0.07741116751269035 0.08857142857142856
4 0.9612944162436547 0.4675 0.06979695431472081 0.09071428571428572
4 0.8851522842639593 0.4692857142857143 0.07233502538071065 0.08714285714285715
4 0.8153553299492385 0.4607142857142857 0.07741116751269035 0.08857142857142856
4 0.9720812182741116 0.22857142857142856 0.07106598984771573 0.08
4 1.404187817258883 0.2596428571428571 0.07741116751269035 0.08357142857142857
4 1.3191624365482233 0.4810714285714286 0.15862944162436546 0.047857142857142855
5 1.5228426395939085 0.16214285714285714 0.12944162436548223 0.11
5 1.7385786802030456 0.18642857142857142 0.07360406091370558 0.10285714285714286
4 1.7347715736040608 0.29928571428571427 0.08121827411167512 0.08857142857142856
3 1.7322335025380708 0.4442857142857143 0.08629441624365482 0.045714285714285714
3 1.7277918781725887 0.49 0.09517766497461928 0.04428571428571428
3 1.4238578680203045 0.5503571428571429 0.1446700507614213 0.02214285714285714
3 1.274746192893401 0.5410714285714285 0.14086294416243653 0.04071428571428572
3 1.0038071065989846 0.5428571428571428 0.06598984771573603 0.037142857142857144
3 0.7823604060913705 0.5317857142857143 0.08248730964467005 0.05357142857142857
3 0.4098984771573604 0.026785714285714284 0.08121827411167512 0.055
3 0.4892131979695431 0.027857142857142858 0.08502538071065989 0.05714285714285714
3 0.5634517766497461 0.03428571428571429 0.08121827411167512 0.07
3 0.407994923857868 0.24678571428571427 0.06725888324873096 0.07357142857142857
3 0.41370558375634514 0.4057142857142857 0.08121827411167512 0.07714285714285714
3 0.7512690355329948 0.44821428571428573 0.05837563451776649 0.07357142857142857
3 1.3401015228426394 0.4 0.1446700507614213 0.04428571428571428
3 1.3280456852791878 0.4367857142857143 0.12309644670050761 0.04214285714285714
3 1.4682741116751268 0.49392857142857144 0.14720812182741116 0.047857142857142855
3 1.4758883248730963 0.27 0.07106598984771573 0.07857142857142857
3 1.6065989847715734 0.2932142857142857 0.08121827411167512 0.07642857142857143
3 1.6770304568527918 0.2932142857142857 0.0748730964467005 0.07928571428571428
3 0.5348984771573604 0.26357142857142857 0.0748730964467005 0.08142857142857143
3 0.5678934010152283 0.18678571428571428 0.07741116751269035 0.07214285714285715
3 0.6338832487309645 0.19 0.06979695431472081 0.08857142857142856
3 0.5964467005076142 0.27464285714285713 0.07106598984771573 0.08357142857142857
4 1.0856598984771573 0.33071428571428574 0.08248730964467005 0.08571428571428572
3 1.0050761421319796 0.3246428571428571 0.08121827411167512 0.08642857142857142
3 0.9359137055837563 0.3107142857142857 0.05456852791878172 0.08
3 0.873730964467005 0.30357142857142855 0.08502538071065989 0.08142857142857143
3 0.7404822335025381 0.2857142857142857 0.07994923857868019 0.06714285714285714
3 0.6713197969543147 0.28 0.07868020304568528 0.08285714285714285
3 0.7049492385786802 0.19714285714285715 0.06979695431472081 0.07714285714285714
3 0.7703045685279187 0.2042857142857143 0.06598984771573603 0.07571428571428572
3 0.8369289340101522 0.21607142857142858 0.06472081218274112 0.075
3 0.9029187817258882 0.22178571428571428 0.06725888324873096 0.07357142857142857
3 1.0418781725888324 0.24107142857142858 0.06598984771573603 0.07928571428571428
3 1.1173857868020303 0.24821428571428572 0.06979695431472081 0.08214285714285714
3 0.6802030456852791 0.0475 0.07614213197969542 0.07785714285714286
3 0.7544416243654821 0.052142857142857144 0.06218274111675126 0.07428571428571429
3 0.8197969543147208 0.06142857142857143 0.06091370558375634 0.07714285714285714
3 0.890228426395939 0.061785714285714284 0.07994923857868019 0.08214285714285714
3 0.9498730964467005 0.07285714285714286 0.0748730964467005 0.08857142857142856
3 1.0228426395939085 0.08178571428571428 0.07360406091370558 0.08214285714285714
3 1.0951776649746192 0.08892857142857143 0.07360406091370558 0.07642857142857143
3 1.1795685279187815 0.08857142857142856 0.07233502538071065 0.07285714285714286
