3 0.7161904761904762 0.6953571428571429 0.03238095238095238 0.04928571428571429
3 0.7061904761904761 0.6425 0.02761904761904762 0.04214285714285714
3 0.6257142857142857 0.5960714285714286 0.022857142857142857 0.03642857142857143
3 0.6971428571428572 0.6060714285714286 0.024761904761904763 0.030714285714285715
3 0.6223809523809524 0.5621428571428572 0.023809523809523808 0.03
3 0.6857142857142857 0.5389285714285714 0.017142857142857144 0.02214285714285714
3 0.6780952380952381 0.5075 0.022857142857142857 0.025
3 0.5804761904761905 0.485 0.039047619047619046 0.012857142857142857
3 0.5771428571428572 0.45964285714285713 0.03619047619047619 0.012142857142857143
3 0.5785714285714286 0.4382142857142857 0.039047619047619046 0.012142857142857143
3 0.5766666666666667 0.4278571428571429 0.03333333333333333 0.01
3 0.5776190476190476 0.4210714285714286 0.03142857142857143 0.009285714285714286
3 0.5766666666666667 0.3917857142857143 0.025714285714285714 0.010714285714285714
3 0.6195238095238095 0.4182142857142857 0.01619047619047619 0.020714285714285713
3 0.6004761904761905 0.39071428571428574 0.014285714285714285 0.017142857142857144
3 0.5961904761904762 0.2892857142857143 0.009523809523809525 0.008571428571428572
3 0.5976190476190476 0.2814285714285714 0.006666666666666666 0.005714285714285714
3 0.6214285714285714 0.3003571428571429 0.01619047619047619 0.007857142857142858
3 0.5980952380952381 0.3125 0.009523809523809525 0.012142857142857143
3 0.6342857142857142 0.34535714285714286 0.011428571428571429 0.013571428571428571
5 0.6519047619047619 0.7189285714285715 0.02761904761904762 0.060714285714285714
5 0.5957142857142858 0.5067857142857143 0.04476190476190476 0.02214285714285714
5 0.5747619047619048 0.3632142857142857 0.029523809523809525 0.016428571428571428
5 0.5771428571428572 0.37642857142857145 0.024761904761904763 0.011428571428571429
5 0.5976190476190476 0.3389285714285714 0.012380952380952381 0.019285714285714285
5 0.6785714285714286 0.4496428571428571 0.04476190476190476 0.019285714285714285
9 0.6823809523809524 0.6639285714285714 0.012380952380952381 0.019285714285714285
9 0.6657142857142857 0.5864285714285714 0.009523809523809525 0.014285714285714285
9 0.6933333333333334 0.5721428571428572 0.022857142857142857 0.011428571428571429
9 0.6961904761904761 0.5846428571428571 0.024761904761904763 0.009285714285714286
9 0.6395238095238095 0.4632142857142857 0.006666666666666666 0.010714285714285714
9 0.6442857142857142 0.4446428571428571 0.006666666666666666 0.009285714285714286
9 0.6347619047619047 0.6307142857142857 0.012380952380952381 0.014285714285714285
9 0.6185714285714285 0.63 0.012380952380952381 0.015714285714285715
9 0.6171428571428571 0.6435714285714286 0.011428571428571429 0.015714285714285715
9 0.63 0.6442857142857142 0.014285714285714285 0.014285714285714285
9 0.6204761904761905 0.7139285714285715 0.023809523809523808 0.015
1 0.6904761904761905 0.7157142857142857 0.007619047619047619 0.014285714285714285
9 0.7161904761904762 0.725 0.030476190476190476 0.012857142857142857
9 0.7238095238095238 0.7392857142857143 0.030476190476190476 0.018571428571428572
