3 0.3993333333333333 0.73675 0.06 0.0235
3 0.3426666666666667 0.7095 0.036 0.027
9 0.316 0.74275 0.018666666666666665 0.0125
9 0.317 0.7232500000000001 0.016666666666666666 0.0145
6 0.27499999999999997 0.678 0.03133333333333333 0.02
1 0.31566666666666665 0.71975 0.012666666666666666 0.0125
4 0.266 0.6545 0.04666666666666666 0.029
9 0.211 0.65 0.011333333333333332 0.013000000000000001
1 0.21133333333333332 0.647 0.009333333333333332 0.009000000000000001
4 0.22666666666666666 0.626 0.03733333333333333 0.027
1 0.178 0.6225 0.009333333333333332 0.012
2 0.179 0.6255000000000001 0.011333333333333332 0.01
3 0.18966666666666665 0.60375 0.04066666666666666 0.025500000000000002
3 0.155 0.58 0.04466666666666667 0.026000000000000002
3 0.122 0.5565 0.034666666666666665 0.021
2 0.11 0.57725 0.013333333333333332 0.0115
1 0.10866666666666666 0.5755 0.008 0.011
3 0.08533333333333333 0.5327500000000001 0.036 0.021500000000000002
2 0.034333333333333334 0.5285 0.01 0.011
1 0.034333333333333334 0.52525 0.008666666666666666 0.0105
3 0.06233333333333333 0.51475 0.035333333333333335 0.0205
3 0.036 0.4985 0.032 0.02
2 0.5683333333333334 0.44125000000000003 0.011333333333333332 0.0075
2 0.5906666666666667 0.45125 0.012 0.0075
3 0.23099999999999998 0.303 0.028666666666666667 0.009000000000000001
3 0.21533333333333332 0.30125 0.026666666666666665 0.0095
3 0.204 0.29775 0.026666666666666665 0.0085
3 0.15333333333333332 0.28775 0.028 0.0075
