3 1.0285714285714285 0.7117857142857142 0.07809523809523809 0.075
3 0.9619047619047619 0.7021428571428572 0.08 0.09428571428571429
3 0.9004761904761904 0.6817857142857143 0.07904761904761905 0.105
3 0.830952380952381 0.6707142857142857 0.07904761904761905 0.11571428571428571
4 1.2809523809523808 0.6614285714285715 0.10285714285714286 0.06571428571428571
3 1.2090476190476191 0.6367857142857143 0.1380952380952381 0.07357142857142857
3 1.1338095238095238 0.6053571428571428 0.10571428571428572 0.062142857142857146
3 1.032857142857143 0.5725 0.1438095238095238 0.06357142857142857
3 0.9585714285714285 0.5514285714285714 0.10571428571428572 0.055714285714285716
3 0.8657142857142857 0.5278571428571428 0.12 0.055714285714285716
3 0.7866666666666666 0.5060714285714286 0.12380952380952381 0.06642857142857143
3 0.7066666666666667 0.48178571428571426 0.11238095238095239 0.062142857142857146
3 0.6385714285714286 0.45357142857142857 0.12285714285714286 0.06142857142857143
3 1.2228571428571429 0.5075 0.12380952380952381 0.056428571428571425
3 1.0638095238095238 0.4657142857142857 0.1180952380952381 0.05142857142857143
3 0.9266666666666666 0.4278571428571429 0.10857142857142857 0.04857142857142857
3 0.8047619047619048 0.39464285714285713 0.10666666666666666 0.05071428571428571
3 0.6814285714285714 0.35714285714285715 0.09619047619047619 0.047142857142857146
3 0.5566666666666666 0.32142857142857145 0.10571428571428572 0.04857142857142857
4 0.5642857142857143 0.43464285714285716 0.11523809523809524 0.05928571428571429
3 0.4219047619047619 0.3964285714285714 0.1219047619047619 0.06285714285714286
3 0.47285714285714286 0.5432142857142858 0.08666666666666667 0.08642857142857142
3 0.35095238095238096 0.3732142857142857 0.11714285714285715 0.055
3 0.30952380952380953 0.2714285714285714 0.11619047619047619 0.032857142857142856
3 1.1919047619047618 0.43464285714285716 0.11333333333333333 0.047857142857142855
3 1.0357142857142858 0.3942857142857143 0.11523809523809524 0.04857142857142857
5 0.888095238095238 0.3467857142857143 0.11333333333333333 0.04928571428571429
4 0.7733333333333333 0.32 0.08952380952380952 0.05
3 0.6657142857142857 0.2932142857142857 0.09904761904761905 0.047857142857142855
3 1.002857142857143 0.30607142857142855 0.10095238095238095 0.04642857142857143
5 1.2619047619047619 0.3582142857142857 0.14095238095238094 0.06642857142857143
3 0.6842857142857143 0.22428571428571428 0.10571428571428572 0.047142857142857146
3 0.5471428571428572 0.26535714285714285 0.10761904761904761 0.05071428571428571
3 0.4461904761904762 0.2960714285714286 0.0980952380952381 0.04928571428571429
3 0.24428571428571427 0.2292857142857143 0.09619047619047619 0.05285714285714286
3 0.14809523809523809 0.2 0.1 0.05142857142857143
4 0.16904761904761906 0.31 0.09428571428571429 0.047142857142857146
3 0.10380952380952381 0.2953571428571429 0.11047619047619048 0.055
3 0.04904761904761905 0.2839285714285714 0.1 0.05785714285714286
3 0.05285714285714286 0.18 0.08666666666666667 0.041428571428571426
3 0.3657142857142857 0.21428571428571427 0.09142857142857143 0.04428571428571428
3 0.4780952380952381 0.16642857142857143 0.09523809523809523 0.045714285714285714
3 0.64 0.6067857142857143 0.0761904761904762 0.10071428571428571
3 0.5942857142857143 0.5867857142857142 0.0761904761904762 0.09785714285714285
3 0.4095238095238095 0.5285714285714286 0.08190476190476191 0.09142857142857143
3 0.36714285714285716 0.5110714285714286 0.08285714285714285 0.09214285714285714
3 0.3138095238095238 0.4975 0.07714285714285714 0.08928571428571429
3 0.1757142857142857 0.44142857142857145 0.09047619047619047 0.08571428571428572
