3 0.8790476190476191 0.7214285714285714 0.05523809523809524 0.055714285714285716
3 0.9242857142857143 0.6621428571428571 0.037142857142857144 0.04
3 1.0057142857142858 0.67 0.045714285714285714 0.04428571428571428
3 1.1890476190476191 0.7010714285714286 0.07333333333333333 0.047857142857142855
3 0.93 0.6017857142857143 0.03142857142857143 0.030714285714285715
3 0.9709523809523809 0.5982142857142857 0.03333333333333333 0.027857142857142858
3 1.052857142857143 0.58 0.037142857142857144 0.022857142857142857
3 1.0685714285714285 0.5610714285714286 0.030476190476190476 0.017857142857142856
3 1.0366666666666666 0.5235714285714286 0.025714285714285714 0.014285714285714285
3 0.9547619047619048 0.5367857142857143 0.021904761904761906 0.017857142857142856
3 0.9185714285714286 0.5503571428571429 0.023809523809523808 0.017857142857142856
3 0.9180952380952381 0.5253571428571429 0.01904761904761905 0.015
3 0.9476190476190476 0.5160714285714286 0.022857142857142857 0.016428571428571428
3 0.9161904761904762 0.5053571428571428 0.01904761904761905 0.013571428571428571
3 0.9423809523809524 0.5014285714285714 0.018095238095238095 0.012857142857142857
3 0.9738095238095238 0.4907142857142857 0.018095238095238095 0.011428571428571429
5 1.0052380952380953 0.49142857142857144 0.023809523809523808 0.018571428571428572
5 0.9623809523809523 0.4725 0.012380952380952381 0.007857142857142858
3 0.9333333333333333 0.48464285714285715 0.015238095238095238 0.010714285714285714
3 0.9280952380952381 0.4789285714285714 0.012380952380952381 0.010714285714285714
4 0.9276190476190476 0.4707142857142857 0.013333333333333332 0.008571428571428572
3 0.909047619047619 0.47035714285714286 0.012380952380952381 0.009285714285714286
3 0.9047619047619048 0.4635714285714286 0.011428571428571429 0.007142857142857143
3 0.89 0.4632142857142857 0.014285714285714285 0.009285714285714286
3 0.9157142857142857 0.49178571428571427 0.012380952380952381 0.010714285714285714
3 0.9847619047619047 0.4585714285714286 0.013333333333333332 0.008571428571428572
3 0.96 0.44642857142857145 0.007619047619047619 0.005714285714285714
3 0.9471428571428572 0.44785714285714284 0.010476190476190476 0.007142857142857143
3 0.9380952380952381 0.43535714285714283 0.011428571428571429 0.0064285714285714285
3 0.92 0.43142857142857144 0.011428571428571429 0.007142857142857143
3 0.9104761904761904 0.42464285714285716 0.009523809523809525 0.005
3 0.8923809523809524 0.4175 0.009523809523809525 0.005
8 0.9285714285714286 0.4207142857142857 0.02095238095238095 0.008571428571428572
3 0.38904761904761903 0.5778571428571428 0.05238095238095238 0.02142857142857143
3 0.35428571428571426 0.5760714285714286 0.047619047619047616 0.02214285714285714
3 0.3295238095238095 0.5728571428571428 0.049523809523809526 0.02142857142857143
3 0.3019047619047619 0.5692857142857143 0.049523809523809526 0.02142857142857143
3 0.4461904761904762 0.5460714285714285 0.03142857142857143 0.019285714285714285
3 0.4185714285714286 0.5435714285714286 0.035238095238095235 0.02
3 0.38857142857142857 0.5435714285714286 0.045714285714285714 0.017142857142857144
3 0.36333333333333334 0.5403571428571429 0.04285714285714286 0.017857142857142856
3 0.3319047619047619 0.5396428571428571 0.039047619047619046 0.019285714285714285
3 0.30952380952380953 0.5375 0.0380952380952381 0.015
3 0.2861904761904762 0.5346428571428572 0.037142857142857144 0.016428571428571428
3 0.2580952380952381 0.5328571428571428 0.04 0.015714285714285715
3 0.23285714285714285 0.5307142857142857 0.037142857142857144 0.017142857142857144
3 0.2661904761904762 0.5675 0.05047619047619047 0.020714285714285713
3 0.23809523809523808 0.5639285714285714 0.04 0.020714285714285713
3 0.19333333333333333 0.5721428571428572 0.05714285714285714 0.017142857142857144
3 0.20142857142857143 0.5632142857142857 0.04857142857142857 0.016428571428571428
3 0.18666666666666668 0.5603571428571429 0.05333333333333333 0.017857142857142856
3 0.15666666666666668 0.5571428571428572 0.05238095238095238 0.018571428571428572
3 0.12714285714285714 0.5546428571428571 0.05238095238095238 0.02214285714285714
3 0.19952380952380952 0.5292857142857142 0.029523809523809525 0.018571428571428572
3 0.17142857142857143 0.5264285714285715 0.030476190476190476 0.015714285714285715
3 0.1457142857142857 0.5257142857142857 0.022857142857142857 0.014285714285714285
3 0.12428571428571429 0.5225 0.02761904761904762 0.016428571428571428
3 0.0980952380952381 0.5214285714285715 0.03238095238095238 0.015714285714285715
3 0.0719047619047619 0.5203571428571429 0.025714285714285714 0.015
3 0.047619047619047616 0.5189285714285714 0.030476190476190476 0.015
3 0.02619047619047619 0.5167857142857143 0.025714285714285714 0.013571428571428571
3 0.02 0.5357142857142857 0.0419047619047619 0.015714285714285715
3 0.030952380952380953 0.5507142857142857 0.037142857142857144 0.017142857142857144
3 0.008571428571428572 0.5139285714285714 0.01904761904761905 0.012142857142857143
3 0.47333333333333333 0.5492857142857143 0.03619047619047619 0.017142857142857144
