3 0.727 0.31875000000000003 0.06733333333333333 0.0335
3 1.0633333333333332 0.66325 0.09999999999999999 0.1225
3 1.0733333333333333 0.55125 0.08266666666666667 0.0805
3 1.0726666666666667 0.48025 0.076 0.0685
3 1.0203333333333333 0.3635 0.05533333333333333 0.038
4 0.774 0.2485 0.08533333333333333 0.025
4 0.8643333333333333 0.233 0.07133333333333333 0.029
4 0.9676666666666667 0.23750000000000002 0.05933333333333333 0.029
3 0.6496666666666666 0.2455 0.07133333333333333 0.023
4 0.522 0.2325 0.07866666666666666 0.027
4 0.42333333333333334 0.228 0.08 0.027
3 0.8526666666666667 0.14300000000000002 0.03333333333333333 0.013000000000000001
4 0.9083333333333333 0.12775 0.020666666666666667 0.0145
3 0.8503333333333333 0.10975 0.018 0.0095
3 0.8533333333333333 0.10225000000000001 0.026666666666666665 0.0095
3 0.883 0.09975 0.016666666666666666 0.0115
3 0.284 0.23 0.05733333333333333 0.021
3 0.78 0.1235 0.024 0.01
3 0.783 0.13575 0.03133333333333333 0.0135
