3 0.3238095238095238 0.6260714285714286 0.10476190476190476 0.055
3 0.7819047619047619 0.6710714285714285 0.07238095238095238 0.10928571428571429
3 0.6580952380952381 0.42214285714285715 0.049523809523809526 0.07
9 0.6742857142857143 0.5196428571428572 0.024761904761904763 0.045
1 0.6738095238095239 0.5064285714285715 0.01619047619047619 0.015714285714285715
3 0.7961904761904762 0.30785714285714283 0.04380952380952381 0.06857142857142857
3 0.6876190476190476 0.36 0.05714285714285714 0.05285714285714286
3 0.7095238095238096 0.28785714285714287 0.05333333333333333 0.054285714285714284
3 0.7338095238095238 0.23964285714285713 0.05619047619047619 0.05357142857142857
3 0.7638095238095238 0.19035714285714286 0.0419047619047619 0.04357142857142857
3 0.8328571428571429 0.045714285714285714 0.029523809523809525 0.03142857142857143
3 0.8204761904761905 0.0725 0.029523809523809525 0.03642857142857143
3 0.7804761904761904 0.14464285714285716 0.04476190476190476 0.03785714285714286
3 0.8004761904761905 0.1075 0.039047619047619046 0.035
3 0.9242857142857143 0.42428571428571427 0.05619047619047619 0.07142857142857142
3 0.9257142857142857 0.51 0.07047619047619047 0.07571428571428572
3 0.949047619047619 0.29214285714285715 0.04857142857142857 0.05285714285714286
3 0.840952380952381 0.16642857142857143 0.05714285714285714 0.03428571428571429
3 0.9642857142857143 0.13785714285714284 0.02761904761904762 0.032857142857142856
3 0.8480952380952381 0.008571428571428572 0.021904761904761906 0.018571428571428572
9 0.9714285714285714 0.09642857142857143 0.03238095238095238 0.018571428571428572
9 0.9709523809523809 0.04607142857142857 0.025714285714285714 0.017857142857142856
8 0.5876190476190476 0.4517857142857143 0.10666666666666666 0.15357142857142858
3 0.8961904761904762 0.6907142857142857 0.08190476190476191 0.10571428571428572
