9 0.014333333333333333 0.026000000000000002 0.026 0.02
1 0.013333333333333332 0.02125 0.024 0.0235
1 0.11266666666666666 0.0375 0.014666666666666666 0.014
2 0.165 0.10350000000000001 0.022 0.027
4 0.30466666666666664 0.11025 0.07466666666666666 0.0605
1 0.144 0.1405 0.030666666666666665 0.028
9 0.14766666666666667 0.148 0.02333333333333333 0.025
1 0.08133333333333333 0.23925000000000002 0.025333333333333333 0.0195
1 0.10833333333333332 0.23600000000000002 0.02733333333333333 0.014
2 0.135 0.23675000000000002 0.026 0.025500000000000002
9 0.13566666666666666 0.2545 0.035333333333333335 0.039
1 0.312 0.168 0.024 0.023
1 0.33566666666666667 0.1515 0.022 0.014
1 0.32566666666666666 0.42675 0.022 0.0205
9 0.3313333333333333 0.43175 0.025333333333333333 0.0385
9 0.17633333333333331 0.36575 0.046 0.0285
9 0.06633333333333333 0.42825 0.03933333333333333 0.0245
4 0.16166666666666665 0.52825 0.106 0.1515
1 0.35033333333333333 0.68125 0.03 0.0245
1 0.417 0.5625 0.03 0.025
3 0.417 0.08175 0.07533333333333334 0.051500000000000004
9 0.486 0.051000000000000004 0.022666666666666665 0.026000000000000002
1 0.5563333333333333 0.0585 0.014 0.023
1 0.5653333333333334 0.05525 0.013333333333333332 0.0235
1 0.6183333333333333 0.0855 0.016666666666666666 0.023
2 0.594 0.064 0.022666666666666665 0.027
2 0.6213333333333333 0.0765 0.021333333333333333 0.025
4 0.569 0.26375 0.08333333333333333 0.0755
9 0.489 0.45725 0.02733333333333333 0.0305
5 0.6086666666666667 0.40325 0.156 0.0945
4 0.8526666666666667 0.00875 0.042666666666666665 0.0185
3 0.889 0.00425 0.04466666666666667 0.0095
3 0.6746666666666666 0.157 0.10533333333333333 0.063
3 0.7453333333333333 0.19925 0.12266666666666666 0.0445
3 0.8143333333333334 0.1005 0.094 0.048
4 0.7876666666666666 0.25275000000000003 0.12466666666666666 0.0675
2 0.8356666666666667 0.2295 0.03933333333333333 0.022
2 0.8656666666666666 0.24625 0.03933333333333333 0.0245
2 0.8953333333333333 0.26075 0.04 0.0345
9 0.8906666666666666 0.29325 0.050666666666666665 0.0225
2 0.8986666666666666 0.19225 0.04666666666666666 0.0155
9 0.8886666666666666 0.34975 0.044 0.0275
3 0.9013333333333333 0.062 0.08399999999999999 0.041
5 1.001 0.6115 0.16066666666666665 0.131
2 1.062 0.37725000000000003 0.05333333333333333 0.021500000000000002
2 1.0883333333333334 0.34575 0.02733333333333333 0.0185
2 1.1416666666666666 0.3695 0.04066666666666666 0.029
3 1.0673333333333332 0.42375 0.07333333333333333 0.0525
3 1.1456666666666666 0.70675 0.17666666666666667 0.0855
3 1.1196666666666666 0.46525 0.15933333333333333 0.0735
9 1.2169999999999999 0.48475 0.043333333333333335 0.0395
2 1.2433333333333334 0.42925 0.042666666666666665 0.0315
9 1.2863333333333333 0.43825000000000003 0.03266666666666666 0.0415
