5 0.22238095238095237 0.6964285714285714 0.12476190476190477 0.10571428571428572
5 0.1957142857142857 0.6714285714285714 0.14761904761904762 0.13714285714285715
5 0.4919047619047619 0.6035714285714285 0.12285714285714286 0.1457142857142857
5 0.49476190476190474 0.5171428571428571 0.14952380952380953 0.15714285714285714
5 0.43333333333333335 0.4782142857142857 0.06476190476190476 0.11214285714285714
5 0.4776190476190476 0.7014285714285714 0.12095238095238095 0.09571428571428571
3 0.08238095238095237 0.175 0.018095238095238095 0.011428571428571429
3 0.056666666666666664 0.17642857142857143 0.023809523809523808 0.008571428571428572
3 0.060476190476190475 0.1717857142857143 0.02 0.007857142857142858
3 0.07476190476190477 0.16892857142857143 0.02 0.010714285714285714
3 0.008571428571428572 0.1992857142857143 0.01904761904761905 0.01
3 0.6914285714285714 0.31392857142857145 0.01904761904761905 0.020714285714285713
3 0.6571428571428571 0.0225 0.005714285714285714 0.005
3 0.7590476190476191 0.01892857142857143 0.005714285714285714 0.005
4 0.8019047619047619 0.09964285714285714 0.02095238095238095 0.009285714285714286
4 0.7047619047619048 0.011785714285714287 0.007619047619047619 0.0035714285714285713
9 0.68 0.2742857142857143 0.005714285714285714 0.011428571428571429
9 0.6966666666666667 0.2717857142857143 0.006666666666666666 0.010714285714285714
9 0.7114285714285714 0.2717857142857143 0.005714285714285714 0.009285714285714286
9 1.23 0.22321428571428573 0.014285714285714285 0.007857142857142858
9 0.7233333333333334 0.23392857142857143 0.012380952380952381 0.007857142857142858
2 0.6333333333333333 0.37214285714285716 0.007619047619047619 0.014285714285714285
9 0.6447619047619048 0.6660714285714285 0.009523809523809525 0.027857142857142858
9 0.9671428571428572 0.6957142857142857 0.018095238095238095 0.024285714285714285
9 0.9285714285714286 0.6885714285714286 0.03238095238095238 0.012857142857142857
9 0.9242857142857143 0.6739285714285714 0.029523809523809525 0.013571428571428571
9 0.9204761904761904 0.6635714285714286 0.025714285714285714 0.012857142857142857
9 0.9152380952380952 0.6521428571428571 0.030476190476190476 0.014285714285714285
9 0.910952380952381 0.6392857142857142 0.029523809523809525 0.012857142857142857
9 0.8990476190476191 0.6146428571428572 0.03238095238095238 0.012142857142857143
9 0.8985714285714286 0.6035714285714285 0.03142857142857143 0.014285714285714285
9 0.9295238095238095 0.6017857142857143 0.02857142857142857 0.012142857142857143
9 0.9557142857142857 0.5932142857142857 0.035238095238095235 0.012142857142857143
9 0.9485714285714286 0.5839285714285715 0.02857142857142857 0.013571428571428571
9 0.9238095238095239 0.5928571428571429 0.024761904761904763 0.011428571428571429
9 0.8923809523809524 0.5960714285714286 0.03428571428571429 0.017857142857142856
9 0.9166666666666666 0.5853571428571429 0.02761904761904762 0.015
9 0.8942857142857142 0.5828571428571429 0.03238095238095238 0.018571428571428572
1 0.6971428571428572 0.2710714285714286 0.0038095238095238095 0.007857142857142858
1 0.68 0.2739285714285714 0.0038095238095238095 0.009285714285714286
1 0.7114285714285714 0.2714285714285714 0.0038095238095238095 0.007142857142857143
1 0.6333333333333333 0.37 0.005714285714285714 0.01
1 0.6447619047619048 0.6614285714285715 0.005714285714285714 0.011428571428571429
1 0.7261904761904762 0.23357142857142857 0.004761904761904762 0.005714285714285714
1 1.2328571428571429 0.22357142857142856 0.006666666666666666 0.007142857142857143
6 1.0476190476190477 0.22035714285714286 0.024761904761904763 0.010714285714285714
