2 0.09142857142857143 0.17357142857142857 0.03238095238095238 0.014285714285714285
9 0.20142857142857143 0.085 0.02 0.018571428571428572
9 0.2061904761904762 0.10035714285714285 0.025714285714285714 0.015
9 0.19904761904761906 0.11428571428571428 0.03238095238095238 0.014285714285714285
9 0.18666666666666668 0.1357142857142857 0.0419047619047619 0.014285714285714285
1 0.16380952380952382 0.14857142857142858 0.02095238095238095 0.014285714285714285
3 0.07523809523809524 0.2025 0.0838095238095238 0.025
5 0.0880952380952381 0.22964285714285715 0.12476190476190477 0.045
4 0.18 0.1975 0.07238095238095238 0.03214285714285714
9 0.03857142857142857 0.26321428571428573 0.035238095238095235 0.013571428571428571
3 0.2876190476190476 0.3032142857142857 0.06285714285714286 0.05785714285714286
3 0.3271428571428571 0.37142857142857144 0.05047619047619047 0.06285714285714286
2 0.2480952380952381 0.07035714285714285 0.01619047619047619 0.019285714285714285
3 0.29095238095238096 0.0425 0.06571428571428571 0.04071428571428572
6 0.3395238095238095 0.08714285714285715 0.03333333333333333 0.037142857142857144
6 0.3157142857142857 0.12107142857142857 0.037142857142857144 0.03214285714285714
9 0.37666666666666665 0.16071428571428573 0.023809523809523808 0.018571428571428572
1 0.3742857142857143 0.15821428571428572 0.017142857142857144 0.013571428571428571
3 0.4438095238095238 0.018214285714285714 0.03428571428571429 0.03785714285714286
4 0.5423809523809524 0.006071428571428571 0.029523809523809525 0.013571428571428571
5 0.5738095238095238 0.047857142857142855 0.04285714285714286 0.06142857142857143
5 0.43857142857142856 0.18035714285714285 0.04857142857142857 0.06785714285714285
4 0.5138095238095238 0.24035714285714285 0.08095238095238096 0.030714285714285715
2 0.6780952380952381 0.20142857142857143 0.030476190476190476 0.011428571428571429
1 0.679047619047619 0.1982142857142857 0.011428571428571429 0.013571428571428571
4 0.6619047619047619 0.23857142857142857 0.07428571428571429 0.03142857142857143
3 0.7952380952380952 0.21071428571428572 0.08571428571428572 0.03
4 1.0052380952380953 0.21 0.08095238095238096 0.03
1 0.7185714285714285 0.31464285714285717 0.014285714285714285 0.009285714285714286
4 0.6028571428571429 0.5717857142857142 0.045714285714285714 0.075
3 0.38333333333333336 0.6796428571428571 0.06 0.09214285714285714
9 0.3076190476190476 0.6971428571428572 0.022857142857142857 0.03428571428571429
1 0.30666666666666664 0.6978571428571428 0.02095238095238095 0.014285714285714285
4 0.2195238095238095 0.5167857142857143 0.05619047619047619 0.085
9 0.09904761904761905 0.7110714285714286 0.026666666666666665 0.039285714285714285
