1 0.741904761904762 0.2667857142857143 0.009523809523809525 0.0064285714285714285
2 0.36 0.26785714285714285 0.01904761904761905 0.011428571428571429
9 0.7438095238095238 0.2692857142857143 0.024761904761904763 0.008571428571428572
1 1.049047619047619 0.2710714285714286 0.018095238095238095 0.013571428571428571
5 0.9871428571428571 0.19107142857142856 0.02 0.007857142857142858
4 0.9657142857142857 0.19 0.017142857142857144 0.005714285714285714
3 0.940952380952381 0.18892857142857142 0.017142857142857144 0.0064285714285714285
3 0.9157142857142857 0.18785714285714286 0.021904761904761906 0.007142857142857143
3 0.8914285714285715 0.18571428571428572 0.02095238095238095 0.007142857142857143
3 0.9523809523809523 0.18857142857142858 0.015238095238095238 0.005714285714285714
3 0.8661904761904762 0.18535714285714286 0.01619047619047619 0.0064285714285714285
3 0.8228571428571428 0.18285714285714286 0.015238095238095238 0.005714285714285714
