3 0.839047619047619 0.4542857142857143 0.11619047619047619 0.09
3 0.8690476190476191 0.35285714285714287 0.06571428571428571 0.05
3 0.4785714285714286 0.3464285714285714 0.1380952380952381 0.054285714285714284
3 0.5295238095238095 0.30785714285714283 0.13904761904761906 0.03857142857142857
3 0.3952380952380952 0.32071428571428573 0.14666666666666667 0.04
3 0.8985714285714286 0.27964285714285714 0.04666666666666667 0.030714285714285715
3 0.660952380952381 0.2357142857142857 0.0761904761904762 0.02142857142857143
3 0.49047619047619045 0.23785714285714285 0.05904761904761905 0.017142857142857144
3 0.7947619047619048 0.22428571428571428 0.037142857142857144 0.017142857142857144
3 0.8185714285714286 0.21642857142857141 0.039047619047619046 0.018571428571428572
3 0.8480952380952381 0.2092857142857143 0.037142857142857144 0.02
3 0.8819047619047619 0.20357142857142857 0.0380952380952381 0.015714285714285715
3 0.9404761904761905 0.22107142857142856 0.04857142857142857 0.017857142857142856
3 1.1195238095238096 0.19607142857142856 0.04476190476190476 0.010714285714285714
