3 0.5357142857142857 0.7232142857142857 0.16476190476190475 0.052142857142857144
4 0.2680952380952381 0.7342857142857143 0.15904761904761905 0.03
3 0.2219047619047619 0.48892857142857143 0.16 0.07785714285714286
3 0.3504761904761905 0.2925 0.09142857142857143 0.105
4 0.5147619047619048 0.17821428571428571 0.09619047619047619 0.10214285714285715
3 0.820952380952381 0.24071428571428571 0.09904761904761905 0.11428571428571428
3 0.9061904761904762 0.26071428571428573 0.09619047619047619 0.11285714285714285
3 0.9842857142857143 0.2857142857142857 0.0980952380952381 0.10714285714285714
3 1.0376190476190477 0.12071428571428572 0.14952380952380953 0.06428571428571428
3 0.6880952380952381 0.053214285714285714 0.13047619047619047 0.06928571428571428
3 1.2523809523809524 0.3335714285714286 0.10666666666666666 0.11857142857142858
9 0.8976190476190476 0.185 0.05047619047619047 0.03428571428571429
2 0.9771428571428571 0.2125 0.047619047619047616 0.02642857142857143
2 1.0433333333333332 0.23107142857142857 0.05238095238095238 0.02642857142857143
3 0.6880952380952381 0.2032142857142857 0.07904761904761905 0.08071428571428571
3 0.6147619047619047 0.19357142857142856 0.09047619047619047 0.1
9 1.2966666666666666 0.2417857142857143 0.054285714285714284 0.03214285714285714
1 0.19428571428571428 0.2742857142857143 0.030476190476190476 0.02
1 0.039523809523809524 0.2767857142857143 0.05619047619047619 0.019285714285714285
2 0.2061904761904762 0.2757142857142857 0.05619047619047619 0.02142857142857143
2 0.04047619047619048 0.2825 0.05047619047619047 0.035
