3 0.349 0.5955 0.09 0.032
3 0.44666666666666666 0.67725 0.09866666666666667 0.0305
4 0.45266666666666666 0.545 0.036 0.047
3 0.45966666666666667 0.4815 0.03666666666666667 0.051000000000000004
4 0.43366666666666664 0.42 0.054 0.026000000000000002
4 0.565 0.38725 0.06333333333333332 0.0205
3 0.6046666666666667 0.586 0.08266666666666667 0.031
4 0.635 0.70225 0.049999999999999996 0.0845
4 0.6986666666666667 0.5925 0.08 0.028
4 0.7903333333333333 0.58475 0.08066666666666666 0.0335
3 1.2976666666666665 0.5535 0.06999999999999999 0.032
