3 0.9181472081218274 0.31607142857142856 0.05456852791878172 0.060714285714285714
3 0.9524111675126903 0.26142857142857145 0.05964467005076142 0.04857142857142857
3 1.030456852791878 0.3107142857142857 0.06345177664974619 0.047142857142857146
3 1.0609137055837563 0.2642857142857143 0.053299492385786795 0.04428571428571428
3 1.015228426395939 0.4739285714285714 0.06852791878172589 0.06785714285714285
3 0.2182741116751269 0.44035714285714284 0.07360406091370558 0.060714285714285714
3 0.28172588832487305 0.4203571428571429 0.07360406091370558 0.055
3 0.37246192893401014 0.40464285714285714 0.11040609137055837 0.047857142857142855
3 0.3959390862944162 0.2710714285714286 0.08375634517766496 0.03642857142857143
3 0.49048223350253806 0.25142857142857145 0.10532994923857868 0.03571428571428571
3 0.1782994923857868 0.3067857142857143 0.11548223350253806 0.035
3 1.5615482233502538 0.48928571428571427 0.10279187817258882 0.07571428571428572
3 1.5761421319796953 0.41714285714285715 0.06852791878172589 0.06428571428571428
3 1.3096446700507614 0.23035714285714284 0.10152284263959391 0.03642857142857143
3 1.5685279187817258 0.16392857142857142 0.04314720812182741 0.03357142857142857
3 1.5678934010152283 0.12392857142857143 0.03934010152284264 0.03357142857142857
3 1.565989847715736 0.08678571428571429 0.04314720812182741 0.030714285714285715
3 1.5672588832487309 0.026785714285714284 0.03807106598984771 0.025
3 1.5736040609137054 0.054285714285714284 0.050761421319796954 0.037142857142857144
3 1.5691624365482233 0.0067857142857142855 0.03680203045685279 0.015
4 1.5285532994923856 0.2425 0.06472081218274112 0.05071428571428571
3 0.37373096446700504 0.37607142857142856 0.12309644670050761 0.05071428571428571
3 0.35342639593908626 0.35428571428571426 0.12563451776649745 0.041428571428571426
3 0.5545685279187816 0.3107142857142857 0.09137055837563451 0.055714285714285716
3 0.6586294416243654 0.23535714285714285 0.07106598984771573 0.04642857142857143
3 0.697969543147208 0.2642857142857143 0.09644670050761421 0.03
3 0.7201776649746192 0.24928571428571428 0.09263959390862943 0.03
3 0.7430203045685279 0.22714285714285715 0.07741116751269035 0.02857142857142857
3 0.7081218274111675 0.19785714285714287 0.07360406091370558 0.047142857142857146
3 0.6529187817258882 0.2025 0.07233502538071065 0.04214285714285714
3 0.6135786802030456 0.18214285714285713 0.08248730964467005 0.041428571428571426
3 0.16941624365482233 0.2864285714285714 0.11548223350253806 0.037142857142857144
3 0.3826142131979695 0.2517857142857143 0.09263959390862943 0.03785714285714286
3 0.3692893401015228 0.23714285714285716 0.09390862944162436 0.03142857142857143
3 0.4777918781725888 0.2332142857142857 0.08502538071065989 0.029285714285714286
3 0.46510152284263956 0.21607142857142858 0.09517766497461928 0.03214285714285714
3 0.35215736040609136 0.22 0.09517766497461928 0.047142857142857146
3 0.45050761421319796 0.1982142857142857 0.09390862944162436 0.03785714285714286
3 0.5958121827411167 0.16642857142857143 0.08502538071065989 0.041428571428571426
3 0.7138324873096447 0.15964285714285714 0.0748730964467005 0.03357142857142857
9 1.3623096446700507 0.10607142857142857 0.013959390862944161 0.017857142857142856
3 1.2880710659898476 0.08285714285714285 0.048223350253807105 0.02857142857142857
3 0.7772842639593908 0.19785714285714287 0.08502538071065989 0.022857142857142857
3 0.7753807106598984 0.16714285714285715 0.06598984771573603 0.032857142857142856
5 0.7906091370558375 0.13178571428571428 0.09644670050761421 0.047857142857142855
3 0.14022842639593908 0.3514285714285714 0.09010152284263959 0.037142857142857144
