3 0.4980952380952381 0.6885714285714286 0.2876190476190476 0.12142857142857143
3 0.5214285714285715 0.565 0.2695238095238095 0.16285714285714287
3 0.9228571428571428 0.49857142857142855 0.13142857142857142 0.1657142857142857
3 0.88 0.3339285714285714 0.09142857142857143 0.10357142857142858
5 0.8447619047619047 0.23785714285714285 0.0838095238095238 0.09285714285714286
3 0.8095238095238095 0.06285714285714286 0.10285714285714286 0.04285714285714286
4 0.7928571428571428 0.019285714285714285 0.09619047619047619 0.03428571428571429
4 0.8166666666666667 0.012142857142857143 0.08857142857142856 0.024285714285714285
4 0.5752380952380952 0.30107142857142855 0.17523809523809525 0.08214285714285714
3 0.59 0.24392857142857144 0.15714285714285714 0.06357142857142857
3 0.5957142857142858 0.19678571428571429 0.12476190476190477 0.05357142857142857
3 0.6128571428571429 0.15464285714285714 0.12285714285714286 0.05071428571428571
3 0.6066666666666667 0.12714285714285714 0.10285714285714286 0.041428571428571426
3 0.6147619047619047 0.09821428571428571 0.10761904761904761 0.03785714285714286
4 0.6176190476190476 0.07571428571428572 0.09619047619047619 0.03428571428571429
3 0.45714285714285713 0.010357142857142856 0.08 0.02214285714285714
3 0.51 0.035 0.054285714285714284 0.03857142857142857
4 0.5266666666666666 0.08607142857142858 0.05523809523809524 0.04357142857142857
4 0.4623809523809524 0.09142857142857143 0.06190476190476191 0.05857142857142857
3 0.3761904761904762 0.07785714285714286 0.10857142857142857 0.03857142857142857
3 0.3628571428571429 0.10107142857142858 0.11238095238095239 0.04071428571428572
3 0.34476190476190477 0.12428571428571429 0.12380952380952381 0.04285714285714286
3 0.3142857142857143 0.14785714285714285 0.1180952380952381 0.05
4 0.18619047619047618 0.1432142857142857 0.08857142857142856 0.07642857142857143
3 0.32857142857142857 0.035 0.07428571428571429 0.045714285714285714
3 0.29 0.07392857142857143 0.06952380952380953 0.04214285714285714
3 0.0980952380952381 0.21464285714285714 0.11238095238095239 0.06785714285714285
3 0.2795238095238095 0.24821428571428572 0.10761904761904761 0.085
3 0.37238095238095237 0.365 0.12571428571428572 0.11142857142857143
3 0.1657142857142857 0.32107142857142856 0.09714285714285714 0.09928571428571428
3 0.039047619047619046 0.3025 0.08 0.09785714285714285
9 0.9928571428571429 0.22464285714285714 0.02761904761904762 0.04071428571428572
2 1.2880952380952382 0.5510714285714285 0.07714285714285714 0.029285714285714286
