4 0.4038095238095238 0.5464285714285714 0.08190476190476191 0.02857142857142857
3 0.48857142857142855 0.6285714285714286 0.047619047619047616 0.03571428571428571
3 0.5519047619047619 0.6864285714285714 0.04285714285714286 0.03857142857142857
3 0.5961904761904762 0.6575 0.03238095238095238 0.035
3 0.04238095238095238 0.32285714285714284 0.039047619047619046 0.027142857142857142
3 0.12095238095238095 0.3560714285714286 0.030476190476190476 0.027857142857142858
3 0.15095238095238095 0.3675 0.02761904761904762 0.025
3 0.1680952380952381 0.3732142857142857 0.029523809523809525 0.025
3 0.1019047619047619 0.3485714285714286 0.030476190476190476 0.03
3 0.2623809523809524 0.41928571428571426 0.037142857142857144 0.03
4 0.35285714285714287 0.27035714285714285 0.035238095238095235 0.03642857142857143
3 0.42238095238095236 0.2953571428571429 0.03142857142857143 0.02214285714285714
3 0.43285714285714283 0.30642857142857144 0.03333333333333333 0.02857142857142857
3 0.44285714285714284 0.3175 0.03238095238095238 0.025
3 0.48714285714285716 0.31392857142857145 0.040952380952380955 0.025
3 0.5266666666666666 0.2867857142857143 0.02095238095238095 0.025
3 0.5385714285714286 0.4164285714285714 0.035238095238095235 0.027142857142857142
9 0.68 0.37285714285714283 0.04 0.03428571428571429
5 0.689047619047619 0.45571428571428574 0.04857142857142857 0.03857142857142857
4 0.7214285714285714 0.4810714285714286 0.029523809523809525 0.025
4 0.7380952380952381 0.47285714285714286 0.03428571428571429 0.02857142857142857
4 0.78 0.5257142857142857 0.03428571428571429 0.027142857142857142
4 0.8585714285714285 0.5946428571428571 0.04285714285714286 0.035
4 0.8985714285714286 0.6310714285714286 0.03333333333333333 0.027857142857142858
4 0.809047619047619 0.6778571428571428 0.05619047619047619 0.045714285714285714
3 0.9371428571428572 0.665 0.04 0.04
3 0.9823809523809524 0.7110714285714286 0.040952380952380955 0.03785714285714286
9 0.8361904761904762 0.4925 0.01904761904761905 0.007857142857142858
3 0.9838095238095238 0.4542857142857143 0.017142857142857144 0.03
3 1.006190476190476 0.4657142857142857 0.02 0.02857142857142857
4 0.9395238095238095 0.43607142857142855 0.01619047619047619 0.02214285714285714
3 1.0438095238095237 0.42964285714285716 0.04 0.013571428571428571
3 1.0309523809523808 0.4160714285714286 0.039047619047619046 0.013571428571428571
3 1.0376190476190477 0.4032142857142857 0.040952380952380955 0.015
3 1.0295238095238095 0.3896428571428571 0.03619047619047619 0.013571428571428571
3 1.0219047619047619 0.37464285714285717 0.04 0.015
3 0.9280952380952381 0.3942857142857143 0.039047619047619046 0.017142857142857144
3 0.8847619047619047 0.3871428571428571 0.04380952380952381 0.018571428571428572
3 0.8404761904761905 0.3775 0.039047619047619046 0.017857142857142856
3 0.8238095238095238 0.3525 0.01904761904761905 0.02214285714285714
3 0.8485714285714285 0.35642857142857143 0.017142857142857144 0.022857142857142857
3 0.8714285714285714 0.36178571428571427 0.01904761904761905 0.025
3 0.8885714285714286 0.3632142857142857 0.01904761904761905 0.025
3 0.9061904761904762 0.36607142857142855 0.02 0.02642857142857143
3 0.9266666666666666 0.3675 0.01904761904761905 0.025
3 0.9519047619047619 0.37392857142857144 0.02 0.027857142857142858
9 0.7128571428571429 0.4203571428571429 0.02 0.012142857142857143
