5 0.5695238095238095 0.48642857142857143 0.10476190476190476 0.09428571428571429
5 0.5628571428571428 0.5560714285714285 0.030476190476190476 0.029285714285714286
5 0.29285714285714287 0.25 0.037142857142857144 0.024285714285714285
5 0.18 0.21321428571428572 0.013333333333333332 0.012142857142857143
3 0.3061904761904762 0.30142857142857143 0.014285714285714285 0.011428571428571429
3 0.31047619047619046 0.29178571428571426 0.013333333333333332 0.009285714285714286
5 0.08476190476190476 0.13785714285714284 0.011428571428571429 0.007142857142857143
5 0.09523809523809523 0.14107142857142857 0.007619047619047619 0.007857142857142858
3 0.09476190476190476 0.16035714285714286 0.008571428571428572 0.0064285714285714285
3 0.10380952380952381 0.16535714285714287 0.005714285714285714 0.0035714285714285713
3 0.11761904761904762 0.17642857142857143 0.006666666666666666 0.004285714285714286
3 0.13047619047619047 0.18178571428571427 0.007619047619047619 0.005
3 0.14904761904761904 0.19285714285714287 0.006666666666666666 0.005714285714285714
3 0.18523809523809523 0.20857142857142857 0.008571428571428572 0.007142857142857143
3 0.2057142857142857 0.2225 0.009523809523809525 0.005
5 0.11571428571428571 0.15428571428571428 0.006666666666666666 0.005714285714285714
5 0.13285714285714287 0.16142857142857142 0.01619047619047619 0.01
3 0.9014285714285715 0.42892857142857144 0.03333333333333333 0.017857142857142856
3 0.92 0.4225 0.03428571428571429 0.019285714285714285
3 0.8538095238095238 0.3939285714285714 0.02761904761904762 0.015
3 0.9257142857142857 0.3796428571428571 0.02857142857142857 0.013571428571428571
