5 0.8661904761904762 0.39357142857142857 0.1457142857142857 0.09714285714285714
3 0.6942857142857143 0.5007142857142857 0.10666666666666666 0.07142857142857142
3 0.5519047619047619 0.5353571428571429 0.06380952380952382 0.04071428571428572
3 0.53 0.5653571428571429 0.06571428571428571 0.04928571428571429
3 0.4980952380952381 0.5471428571428572 0.05523809523809524 0.03857142857142857
4 0.42095238095238097 0.5867857142857142 0.05904761904761905 0.04642857142857143
3 0.4247619047619048 0.6060714285714286 0.06095238095238095 0.04357142857142857
3 0.4038095238095238 0.5796428571428571 0.049523809523809526 0.039285714285714285
3 0.4176190476190476 0.5525 0.04666666666666667 0.03642857142857143
4 0.35333333333333333 0.6542857142857142 0.06285714285714286 0.045714285714285714
4 0.3566666666666667 0.6146428571428572 0.05047619047619047 0.04214285714285714
1 0.32571428571428573 0.6114285714285714 0.007619047619047619 0.01
4 0.26095238095238094 0.6992857142857143 0.06476190476190476 0.047142857142857146
3 0.3047619047619048 0.6610714285714285 0.05523809523809524 0.039285714285714285
3 0.24666666666666667 0.675 0.05333333333333333 0.03857142857142857
3 0.19142857142857142 0.7153571428571428 0.05333333333333333 0.03214285714285714
3 0.19333333333333333 0.7392857142857143 0.06095238095238095 0.02
3 0.1738095238095238 0.7364285714285714 0.05238095238095238 0.025714285714285714
3 0.03857142857142857 0.7403571428571428 0.029523809523809525 0.017857142857142856
3 0.06142857142857143 0.7321428571428571 0.03333333333333333 0.027142857142857142
3 0.08333333333333333 0.7210714285714286 0.025714285714285714 0.023571428571428573
3 0.1419047619047619 0.685 0.0380952380952381 0.03428571428571429
3 0.2019047619047619 0.6789285714285714 0.045714285714285714 0.039285714285714285
3 0.22857142857142856 0.6646428571428571 0.049523809523809526 0.04357142857142857
3 0.23523809523809525 0.64 0.030476190476190476 0.024285714285714285
3 0.26761904761904765 0.63 0.02857142857142857 0.025714285714285714
3 0.28 0.64 0.0380952380952381 0.025714285714285714
5 0.25333333333333335 0.5842857142857143 0.06285714285714286 0.04857142857142857
3 0.29428571428571426 0.5585714285714286 0.03428571428571429 0.022857142857142857
4 0.38 0.53 0.03619047619047619 0.027142857142857142
3 0.3461904761904762 0.5239285714285714 0.02761904761904762 0.016428571428571428
4 0.40095238095238095 0.5010714285714286 0.03428571428571429 0.025
3 0.4514285714285714 0.42964285714285716 0.01904761904761905 0.016428571428571428
3 0.4461904761904762 0.4589285714285714 0.035238095238095235 0.019285714285714285
3 0.45571428571428574 0.4471428571428571 0.029523809523809525 0.017142857142857144
3 0.4742857142857143 0.42964285714285716 0.03428571428571429 0.020714285714285713
3 0.490952380952381 0.4092857142857143 0.02761904761904762 0.018571428571428572
3 0.5019047619047619 0.3989285714285714 0.026666666666666665 0.015
3 0.4866666666666667 0.4857142857142857 0.03238095238095238 0.032857142857142856
3 0.5176190476190476 0.4664285714285714 0.029523809523809525 0.032857142857142856
3 0.5480952380952381 0.44535714285714284 0.029523809523809525 0.03214285714285714
3 0.5847619047619048 0.4210714285714286 0.030476190476190476 0.030714285714285715
3 0.5061904761904762 0.45785714285714285 0.02761904761904762 0.02857142857142857
3 0.5380952380952381 0.43714285714285717 0.026666666666666665 0.025714285714285714
3 0.5680952380952381 0.4132142857142857 0.02761904761904762 0.02642857142857143
3 0.5985714285714285 0.39535714285714285 0.02761904761904762 0.02642857142857143
3 0.61 0.3717857142857143 0.023809523809523808 0.02214285714285714
3 0.5842857142857143 0.39035714285714285 0.02 0.019285714285714285
3 0.6176190476190476 0.35464285714285715 0.018095238095238095 0.017857142857142856
3 0.6090476190476191 0.37107142857142855 0.023809523809523808 0.02214285714285714
3 0.6042857142857143 0.35892857142857143 0.018095238095238095 0.017857142857142856
3 0.5661904761904762 0.39107142857142857 0.018095238095238095 0.017857142857142856
3 0.5795238095238096 0.3725 0.018095238095238095 0.017857142857142856
3 0.55 0.39535714285714285 0.018095238095238095 0.017857142857142856
3 0.5623809523809524 0.3796428571428571 0.018095238095238095 0.017857142857142856
3 0.5519047619047619 0.4117857142857143 0.018095238095238095 0.017857142857142856
8 0.5233333333333333 0.42 0.05238095238095238 0.04857142857142857
3 0.5728571428571428 0.36392857142857143 0.014285714285714285 0.016428571428571428
3 0.59 0.34 0.012380952380952381 0.011428571428571429
3 0.5995238095238096 0.3392857142857143 0.014285714285714285 0.017142857142857144
3 0.6271428571428571 0.33785714285714286 0.018095238095238095 0.015714285714285715
3 0.6128571428571429 0.3432142857142857 0.018095238095238095 0.017857142857142856
8 0.5866666666666667 0.3560714285714286 0.024761904761904763 0.023571428571428573
3 0.6357142857142857 0.3225 0.018095238095238095 0.016428571428571428
3 0.6447619047619048 0.31107142857142855 0.017142857142857144 0.013571428571428571
3 0.6171428571428571 0.33321428571428574 0.017142857142857144 0.013571428571428571
3 0.6133333333333333 0.3246428571428571 0.015238095238095238 0.012142857142857143
3 0.6076190476190476 0.3196428571428571 0.015238095238095238 0.012142857142857143
3 0.6180952380952381 0.31285714285714283 0.013333333333333332 0.01
3 0.6247619047619047 0.3192857142857143 0.013333333333333332 0.014285714285714285
3 0.6328571428571429 0.3092857142857143 0.014285714285714285 0.014285714285714285
3 0.6485714285714286 0.3007142857142857 0.011428571428571429 0.011428571428571429
3 0.6409523809523809 0.2957142857142857 0.011428571428571429 0.011428571428571429
3 0.6238095238095238 0.305 0.011428571428571429 0.011428571428571429
3 0.6228571428571429 0.29428571428571426 0.011428571428571429 0.011428571428571429
3 0.6323809523809524 0.29178571428571426 0.011428571428571429 0.010714285714285714
3 0.6438095238095238 0.28785714285714287 0.011428571428571429 0.008571428571428572
3 0.6533333333333333 0.2925 0.011428571428571429 0.007857142857142858
3 0.6580952380952381 0.2839285714285714 0.011428571428571429 0.009285714285714286
3 0.660952380952381 0.2767857142857143 0.011428571428571429 0.009285714285714286
4 0.5514285714285714 0.34285714285714286 0.030476190476190476 0.015714285714285715
3 0.589047619047619 0.31214285714285717 0.02 0.012857142857142857
3 0.589047619047619 0.30107142857142855 0.01619047619047619 0.010714285714285714
3 0.5238095238095238 0.3682142857142857 0.03619047619047619 0.020714285714285713
