9 0.7303333333333333 0.644 0.022 0.041
1 0.7306666666666667 0.65075 0.018666666666666665 0.0165
1 0.73 0.63675 0.022666666666666665 0.0195
5 0.8303333333333333 0.57425 0.122 0.0815
4 0.7646666666666666 0.513 0.05733333333333333 0.067
5 0.568 0.68575 0.07733333333333334 0.1275
5 0.5836666666666667 0.56275 0.056666666666666664 0.0985
9 0.713 0.47450000000000003 0.014 0.025
1 0.7143333333333333 0.46900000000000003 0.015333333333333332 0.015
9 0.5696666666666667 0.4645 0.022 0.026000000000000002
1 0.5743333333333334 0.441 0.014 0.016
3 0.6593333333333333 0.39975 0.04 0.0445
1 0.726 0.39475 0.017333333333333333 0.021500000000000002
5 0.7103333333333333 0.3695 0.043333333333333335 0.048
1 0.6056666666666667 0.3815 0.014 0.02
9 0.6046666666666667 0.38525 0.016 0.0195
4 0.5376666666666666 0.3825 0.09266666666666666 0.038
1 0.633 0.3545 0.012666666666666666 0.015
9 0.6323333333333333 0.3605 0.012666666666666666 0.018000000000000002
3 0.5933333333333333 0.34500000000000003 0.036 0.037
9 0.6113333333333333 0.32375 0.012 0.0155
1 0.6116666666666667 0.32075 0.012666666666666666 0.0165
1 0.573 0.31725000000000003 0.011333333333333332 0.0155
5 0.5643333333333334 0.30925 0.07133333333333333 0.025500000000000002
9 0.6733333333333333 0.3235 0.010666666666666666 0.017
1 0.6743333333333333 0.3235 0.008666666666666666 0.011
1 0.6733333333333333 0.319 0.010666666666666666 0.012
3 0.5353333333333333 0.2795 0.030666666666666665 0.027
9 0.616 0.28175 0.009333333333333332 0.0145
1 0.617 0.279 0.01 0.015
2 0.6566666666666666 0.27925 0.008 0.0135
1 0.6573333333333333 0.2765 0.009333333333333332 0.015
5 0.6883333333333334 0.26825 0.02733333333333333 0.0285
1 0.576 0.2735 0.010666666666666666 0.011
3 0.5926666666666667 0.2445 0.024 0.022
6 0.631 0.23 0.012666666666666666 0.013000000000000001
1 0.63 0.22525 0.006666666666666666 0.0075
9 0.645 0.22625 0.008666666666666666 0.0115
1 0.6456666666666666 0.224 0.008666666666666666 0.011
3 0.661 0.22175 0.020666666666666667 0.0155
3 0.5936666666666667 0.2275 0.022 0.019
2 0.528 0.2675 0.018666666666666665 0.013000000000000001
3 0.6246666666666666 0.198 0.018666666666666665 0.016
9 0.5966666666666667 0.19925 0.006666666666666666 0.0105
1 0.597 0.19775 0.008666666666666666 0.0105
3 0.5993333333333333 0.1285 0.012 0.009000000000000001
4 0.5566666666666666 0.1885 0.017333333333333333 0.018000000000000002
4 0.5576666666666666 0.17125 0.016666666666666666 0.0165
4 0.5673333333333334 0.15775 0.014666666666666666 0.0145
4 0.5556666666666666 0.151 0.028666666666666667 0.014
4 0.5469999999999999 0.145 0.026 0.012
3 0.5293333333333333 0.13925 0.029333333333333333 0.0095
3 0.5026666666666666 0.147 0.026666666666666665 0.009000000000000001
3 0.4933333333333333 0.14175000000000001 0.028 0.0095
8 0.636 0.1275 0.017333333333333333 0.012
3 0.6826666666666666 0.1365 0.030666666666666665 0.009000000000000001
3 0.721 0.13925 0.018 0.0095
4 0.6826666666666666 0.1835 0.016 0.016
4 0.6693333333333333 0.16525 0.024 0.0135
3 0.6066666666666667 0.115 0.012 0.009000000000000001
3 0.633 0.111 0.011333333333333332 0.007
