3 0.7771428571428571 0.5492857142857143 0.08761904761904762 0.12142857142857143
3 0.10095238095238095 0.39071428571428574 0.12761904761904763 0.09571428571428571
3 0.27666666666666667 0.465 0.14 0.11428571428571428
3 0.3647619047619048 0.37392857142857144 0.10285714285714286 0.09071428571428572
2 0.15333333333333332 0.5010714285714286 0.06285714285714286 0.027857142857142858
2 0.16333333333333333 0.49607142857142855 0.06380952380952382 0.025
4 0.9952380952380953 0.4617857142857143 0.06095238095238095 0.085
5 1.0038095238095237 0.6125 0.10095238095238095 0.16214285714285714
4 1.0904761904761904 0.3867857142857143 0.06857142857142857 0.09214285714285714
3 1.1166666666666667 0.5985714285714285 0.09238095238095238 0.13714285714285715
3 1.1957142857142857 0.5532142857142857 0.10380952380952381 0.125
3 1.0966666666666667 0.475 0.07523809523809524 0.09285714285714286
3 1.0104761904761905 0.3792857142857143 0.06857142857142857 0.08
3 0.9280952380952381 0.4039285714285714 0.07523809523809524 0.08928571428571429
4 0.8404761904761905 0.11285714285714285 0.04476190476190476 0.041428571428571426
4 1.0038095238095237 0.1375 0.045714285714285714 0.05357142857142857
4 1.2866666666666666 0.34785714285714286 0.09142857142857143 0.05714285714285714
3 1.009047619047619 0.185 0.04857142857142857 0.047142857142857146
3 1.0633333333333332 0.18928571428571428 0.04857142857142857 0.04428571428571428
3 1.0571428571428572 0.14535714285714285 0.04380952380952381 0.04071428571428572
3 1.0776190476190477 0.11607142857142858 0.0980952380952381 0.035
3 1.1133333333333333 0.15785714285714286 0.05142857142857143 0.05857142857142857
3 1.2038095238095239 0.27285714285714285 0.12 0.045714285714285714
3 1.198095238095238 0.24535714285714286 0.13142857142857142 0.04214285714285714
3 1.2247619047619047 0.21285714285714286 0.10476190476190476 0.03857142857142857
3 1.2061904761904763 0.18214285714285713 0.09428571428571429 0.04285714285714286
3 1.1985714285714286 0.15392857142857141 0.11523809523809524 0.039285714285714285
3 1.1876190476190476 0.125 0.09904761904761905 0.037142857142857144
3 1.1723809523809523 0.08821428571428572 0.08952380952380952 0.030714285714285715
3 1.159047619047619 0.07142857142857142 0.0838095238095238 0.027142857142857142
4 0.97 0.01892857142857143 0.035238095238095235 0.03357142857142857
3 1.2704761904761905 0.31035714285714283 0.12380952380952381 0.05071428571428571
1 1.0966666666666667 0.25035714285714283 0.023809523809523808 0.025
2 1.0938095238095238 0.255 0.012380952380952381 0.03
3 1.0823809523809524 0.030357142857142857 0.07714285714285714 0.03357142857142857
3 1.121904761904762 0.02214285714285714 0.09714285714285714 0.03
3 1.0985714285714285 0.008571428571428572 0.07904761904761905 0.018571428571428572
3 1.0180952380952382 0.009285714285714286 0.03619047619047619 0.02
1 0.5514285714285714 0.24464285714285713 0.02095238095238095 0.030714285714285715
9 0.49333333333333335 0.23607142857142857 0.03619047619047619 0.025
3 0.5185714285714286 0.2057142857142857 0.07142857142857142 0.06
4 0.559047619047619 0.16035714285714286 0.05904761904761905 0.056428571428571425
4 0.6904761904761905 0.025357142857142856 0.0380952380952381 0.039285714285714285
8 0.7742857142857142 0.018571428571428572 0.06857142857142857 0.03857142857142857
3 0.7147619047619047 0.011428571428571429 0.03333333333333333 0.024285714285714285
