3 0.9604761904761905 0.6539285714285714 0.1895238095238095 0.19071428571428573
3 0.5585714285714286 0.6575 0.2180952380952381 0.18357142857142858
3 0.10952380952380952 0.37285714285714283 0.22095238095238096 0.07857142857142857
4 0.8852380952380953 0.2814285714285714 0.06952380952380953 0.09
3 0.6595238095238095 0.355 0.09047619047619047 0.07857142857142857
3 0.5504761904761905 0.35035714285714287 0.10857142857142857 0.09642857142857143
3 0.2823809523809524 0.26571428571428574 0.16666666666666666 0.06
3 0.5995238095238096 0.27035714285714285 0.08285714285714285 0.08214285714285714
3 0.3157142857142857 0.23857142857142857 0.15523809523809523 0.05714285714285714
3 0.3823809523809524 0.20464285714285715 0.1361904761904762 0.055
3 0.5114285714285715 0.1792857142857143 0.10476190476190476 0.03857142857142857
3 0.7176190476190476 0.22 0.07142857142857142 0.05285714285714286
3 0.7452380952380953 0.16642857142857143 0.06190476190476191 0.04285714285714286
3 0.9047619047619048 0.165 0.05523809523809524 0.04285714285714286
3 0.48142857142857143 0.16107142857142856 0.09047619047619047 0.029285714285714286
3 0.5066666666666667 0.13964285714285715 0.11619047619047619 0.03214285714285714
3 0.679047619047619 0.1732142857142857 0.07047619047619047 0.05928571428571429
9 1.1928571428571428 0.44357142857142856 0.08666666666666667 0.047142857142857146
3 0.6928571428571428 0.1357142857142857 0.039047619047619046 0.03571428571428571
3 0.6933333333333334 0.11714285714285715 0.04 0.018571428571428572
3 0.7042857142857143 0.0975 0.035238095238095235 0.02642857142857143
3 0.7433333333333333 0.09464285714285714 0.039047619047619046 0.027857142857142858
3 0.7552380952380953 0.13857142857142857 0.0419047619047619 0.037142857142857144
3 0.6933333333333334 0.062142857142857146 0.030476190476190476 0.02142857142857143
3 0.6942857142857143 0.03428571428571429 0.026666666666666665 0.018571428571428572
3 0.6295238095238095 0.04928571428571429 0.024761904761904763 0.02142857142857143
4 0.6238095238095238 0.06392857142857143 0.024761904761904763 0.025
3 0.6166666666666667 0.08107142857142857 0.03142857142857143 0.025
3 0.6114285714285714 0.10821428571428571 0.0419047619047619 0.035
3 0.9533333333333334 0.14464285714285716 0.08190476190476191 0.029285714285714286
3 0.950952380952381 0.1325 0.07714285714285714 0.030714285714285715
3 0.9404761904761905 0.12642857142857142 0.09047619047619047 0.032857142857142856
3 0.919047619047619 0.11928571428571429 0.09904761904761905 0.027142857142857142
3 0.9204761904761904 0.10821428571428571 0.09238095238095238 0.029285714285714286
3 0.8861904761904762 0.0875 0.08476190476190476 0.020714285714285713
3 0.8714285714285714 0.08035714285714286 0.0761904761904762 0.02214285714285714
3 0.8704761904761905 0.07821428571428571 0.06857142857142857 0.02214285714285714
3 0.8519047619047619 0.06285714285714286 0.06571428571428571 0.018571428571428572
3 0.8328571428571429 0.056428571428571425 0.058095238095238096 0.015714285714285715
3 0.8314285714285714 0.05142857142857143 0.06666666666666667 0.02142857142857143
3 0.8176190476190476 0.04071428571428572 0.05047619047619047 0.014285714285714285
3 0.8071428571428572 0.03428571428571429 0.058095238095238096 0.015714285714285715
3 0.7942857142857143 0.026071428571428572 0.047619047619047616 0.012142857142857143
3 0.7904761904761904 0.03214285714285714 0.04380952380952381 0.014285714285714285
2 1.1023809523809525 0.5967857142857143 0.058095238095238096 0.08071428571428571
2 1.2233333333333334 0.5767857142857142 0.09238095238095238 0.07357142857142857
2 1.2428571428571429 0.5710714285714286 0.10095238095238095 0.062142857142857146
9 1.2819047619047619 0.5671428571428572 0.10095238095238095 0.08
