3 1.0513959390862944 0.35714285714285715 0.049492385786802026 0.04285714285714286
3 0.8883248730964466 0.49892857142857144 0.050761421319796954 0.05071428571428571
3 0.8813451776649746 0.2546428571428571 0.031725888324873094 0.020714285714285713
5 0.8299492385786802 0.2342857142857143 0.04568527918781726 0.04428571428571428
3 0.8775380710659898 0.19607142857142856 0.024111675126903553 0.016428571428571428
3 0.8362944162436547 0.17107142857142857 0.02284263959390863 0.013571428571428571
3 0.8749999999999999 0.15142857142857144 0.021573604060913704 0.014285714285714285
9 0.8420050761421319 0.13214285714285715 0.011421319796954314 0.01
3 0.9187817258883249 0.10714285714285714 0.017766497461928932 0.012857142857142857
3 0.8699238578680203 0.0975 0.019035532994923856 0.012142857142857143
3 0.6986040609137055 0.5228571428571429 0.04441624365482233 0.03857142857142857
3 0.7208121827411167 0.44 0.04060913705583756 0.037142857142857144
8 0.7195431472081217 0.3732142857142857 0.06345177664974619 0.07357142857142857
8 0.7480964467005076 0.2875 0.049492385786802026 0.052142857142857144
8 0.6573604060913705 0.2671428571428571 0.05837563451776649 0.04
3 0.5596446700507614 0.4882142857142857 0.04568527918781726 0.039285714285714285
8 0.5958121827411167 0.41285714285714287 0.06979695431472081 0.05857142857142857
8 0.5177664974619289 0.4382142857142857 0.08883248730964466 0.09071428571428572
8 0.5095177664974619 0.5446428571428571 0.06979695431472081 0.03357142857142857
8 0.4416243654822335 0.52 0.13959390862944163 0.08285714285714285
8 0.5685279187817258 0.36178571428571427 0.08883248730964466 0.06642857142857143
8 0.5196700507614213 0.3578571428571429 0.06979695431472081 0.06857142857142857
8 0.6224619289340101 0.30214285714285716 0.05710659898477157 0.05
8 0.574238578680203 0.30107142857142855 0.0748730964467005 0.05785714285714286
8 0.6357868020304568 0.25142857142857145 0.07868020304568528 0.041428571428571426
3 0.7760152284263959 0.17535714285714285 0.029187817258883246 0.016428571428571428
3 0.7468274111675126 0.15892857142857142 0.019035532994923856 0.015
3 0.7766497461928933 0.11928571428571429 0.015228426395939085 0.01
8 0.7671319796954315 0.09821428571428571 0.021573604060913704 0.015
8 0.7944162436548222 0.08821428571428572 0.02030456852791878 0.02214285714285714
3 0.7766497461928933 0.08321428571428571 0.012690355329949238 0.009285714285714286
3 0.7499999999999999 0.06892857142857142 0.02284263959390863 0.010714285714285714
4 0.8648477157360406 0.07285714285714286 0.019035532994923856 0.008571428571428572
3 0.9086294416243654 0.0575 0.02030456852791878 0.009285714285714286
3 0.8534263959390862 0.06 0.016497461928934008 0.008571428571428572
3 0.833756345177665 0.04857142857142857 0.012690355329949238 0.007142857142857143
3 0.8604060913705583 0.04535714285714286 0.017766497461928932 0.007857142857142858
3 0.8020304568527918 0.03892857142857143 0.017766497461928932 0.007857142857142858
3 0.8077411167512689 0.029285714285714286 0.016497461928934008 0.007142857142857143
3 0.772208121827411 0.03642857142857143 0.021573604060913704 0.008571428571428572
8 0.8483502538071065 0.027857142857142858 0.03680203045685279 0.02
3 0.772208121827411 0.018214285714285714 0.016497461928934008 0.0064285714285714285
4 0.7449238578680203 0.025714285714285714 0.02030456852791878 0.008571428571428572
4 0.6922588832487309 0.0175 0.016497461928934008 0.009285714285714286
3 0.7233502538071065 0.0125 0.017766497461928932 0.0064285714285714285
3 0.6789340101522842 0.009642857142857142 0.017766497461928932 0.005
4 0.6275380710659898 0.01107142857142857 0.019035532994923856 0.007857142857142858
5 0.6903553299492385 0.07071428571428572 0.017766497461928932 0.012857142857142857
5 0.6751269035532994 0.07071428571428572 0.01015228426395939 0.011428571428571429
5 0.6586294416243654 0.06892857142857142 0.012690355329949238 0.007857142857142858
5 0.6459390862944162 0.07035714285714285 0.012690355329949238 0.012142857142857143
5 0.6307106598984771 0.07 0.012690355329949238 0.01
5 0.6135786802030456 0.07 0.013959390862944161 0.012857142857142857
5 0.5856598984771573 0.07107142857142858 0.021573604060913704 0.012142857142857143
5 0.5666243654822335 0.08035714285714286 0.019035532994923856 0.012142857142857143
3 0.6630710659898477 0.08785714285714286 0.016497461928934008 0.008571428571428572
5 0.6148477157360406 0.09428571428571429 0.029187817258883246 0.008571428571428572
5 0.6281725888324873 0.08 0.02030456852791878 0.007142857142857143
3 0.625 0.08678571428571429 0.011421319796954314 0.005
4 0.6085025380710659 0.08571428571428572 0.013959390862944161 0.007142857142857143
4 0.5615482233502538 0.002857142857142857 0.019035532994923856 0.005714285714285714
9 0.6078680203045684 0.0075 0.01015228426395939 0.0064285714285714285
3 0.7728426395939085 0.03 0.017766497461928932 0.007142857142857143
3 1.0475888324873095 0.09035714285714286 0.031725888324873094 0.010714285714285714
3 0.9714467005076142 0.08178571428571428 0.024111675126903553 0.009285714285714286
