3 0.840952380952381 0.44357142857142856 0.11047619047619048 0.06142857142857143
3 1.0142857142857142 0.5425 0.12571428571428572 0.07785714285714286
3 1.2452380952380953 0.4642857142857143 0.08476190476190476 0.055714285714285716
3 1.1195238095238096 0.38142857142857145 0.07714285714285714 0.05
3 0.9566666666666667 0.3610714285714286 0.07523809523809524 0.03785714285714286
3 0.40904761904761905 0.3610714285714286 0.04476190476190476 0.03642857142857143
3 0.2923809523809524 0.30142857142857143 0.05904761904761905 0.025714285714285714
3 0.1838095238095238 0.3717857142857143 0.07428571428571429 0.04214285714285714
3 0.7390476190476191 0.2646428571428571 0.026666666666666665 0.02642857142857143
3 0.7833333333333333 0.26857142857142857 0.02761904761904762 0.025714285714285714
3 0.8219047619047619 0.26785714285714285 0.03428571428571429 0.025714285714285714
3 0.6247619047619047 0.265 0.03428571428571429 0.025714285714285714
3 0.5371428571428571 0.25107142857142856 0.02095238095238095 0.02214285714285714
3 0.8657142857142857 0.2692857142857143 0.03619047619047619 0.027142857142857142
3 0.6685714285714286 0.2646428571428571 0.02857142857142857 0.03214285714285714
3 0.1976190476190476 0.25821428571428573 0.039047619047619046 0.02214285714285714
3 0.24952380952380954 0.27964285714285714 0.047619047619047616 0.02214285714285714
3 0.14761904761904762 0.22857142857142856 0.03238095238095238 0.02
3 0.09047619047619047 0.2032142857142857 0.030476190476190476 0.016428571428571428
4 0.14285714285714285 0.33714285714285713 0.06285714285714286 0.045714285714285714
3 0.10238095238095238 0.31785714285714284 0.04857142857142857 0.03142857142857143
3 0.08619047619047619 0.2914285714285714 0.05047619047619047 0.03142857142857143
3 0.019523809523809523 0.2792857142857143 0.040952380952380955 0.032857142857142856
3 0.1823809523809524 0.24464285714285713 0.039047619047619046 0.020714285714285713
3 0.12476190476190477 0.21392857142857144 0.03238095238095238 0.017857142857142856
3 0.4204761904761905 0.3171428571428571 0.06761904761904762 0.02857142857142857
3 0.3738095238095238 0.29714285714285715 0.05238095238095238 0.024285714285714285
3 0.6071428571428571 0.3246428571428571 0.08666666666666667 0.035
3 0.5642857142857143 0.3157142857142857 0.07714285714285714 0.03142857142857143
3 0.55 0.30428571428571427 0.07714285714285714 0.03142857142857143
3 0.5133333333333333 0.29178571428571426 0.07428571428571429 0.02642857142857143
3 0.4666666666666667 0.2767857142857143 0.07428571428571429 0.02642857142857143
3 0.42095238095238097 0.2575 0.06476190476190476 0.02642857142857143
3 0.24904761904761905 0.24571428571428572 0.06761904761904762 0.02
3 0.8961904761904762 0.32107142857142856 0.08190476190476191 0.023571428571428573
3 0.9661904761904762 0.30857142857142855 0.06 0.025714285714285714
3 1.0647619047619048 0.2817857142857143 0.05142857142857143 0.023571428571428573
3 1.1061904761904762 0.2664285714285714 0.04666666666666667 0.02142857142857143
3 1.1533333333333333 0.2525 0.045714285714285714 0.019285714285714285
3 1.1866666666666668 0.24464285714285713 0.04 0.02214285714285714
3 1.2119047619047618 0.23642857142857143 0.03142857142857143 0.024285714285714285
3 1.1361904761904762 0.3275 0.06476190476190476 0.030714285714285715
3 1.1257142857142857 0.30392857142857144 0.05523809523809524 0.025
3 1.289047619047619 0.30607142857142855 0.054285714285714284 0.030714285714285715
5 1.2123809523809523 0.3242857142857143 0.11238095238095239 0.06714285714285714
8 1.3038095238095238 0.2525 0.05523809523809524 0.052142857142857144
1 0.27095238095238094 0.45607142857142857 0.023809523809523808 0.02642857142857143
9 0.2757142857142857 0.4642857142857143 0.04476190476190476 0.03428571428571429
3 0.5757142857142857 0.2621428571428571 0.03142857142857143 0.022857142857142857
3 0.032857142857142856 0.1707142857142857 0.023809523809523808 0.012857142857142857
3 0.017619047619047618 0.1667857142857143 0.02 0.012142857142857143
3 0.006190476190476191 0.15535714285714286 0.014285714285714285 0.010714285714285714
3 0.020476190476190478 0.15321428571428572 0.02761904761904762 0.009285714285714286
3 0.03238095238095238 0.15571428571428572 0.024761904761904763 0.011428571428571429
3 0.04380952380952381 0.15821428571428572 0.02857142857142857 0.013571428571428571
3 0.06333333333333334 0.16535714285714287 0.035238095238095235 0.015
3 0.07428571428571429 0.1717857142857143 0.03238095238095238 0.013571428571428571
3 0.0880952380952381 0.17821428571428571 0.039047619047619046 0.013571428571428571
3 0.09857142857142857 0.18214285714285713 0.039047619047619046 0.011428571428571429
3 0.11047619047619048 0.1875 0.04 0.012142857142857143
3 0.08095238095238096 0.19392857142857142 0.030476190476190476 0.012142857142857143
3 0.15333333333333332 0.14 0.024761904761904763 0.008571428571428572
3 0.14952380952380953 0.14464285714285716 0.017142857142857144 0.010714285714285714
3 0.1619047619047619 0.14821428571428572 0.01904761904761905 0.012142857142857143
3 0.22476190476190477 0.16785714285714284 0.03428571428571429 0.012857142857142857
3 0.24761904761904763 0.17821428571428571 0.0419047619047619 0.013571428571428571
3 0.29619047619047617 0.18714285714285714 0.045714285714285714 0.012857142857142857
3 0.1261904761904762 0.1957142857142857 0.037142857142857144 0.014285714285714285
3 0.1357142857142857 0.2007142857142857 0.04285714285714286 0.015714285714285715
3 0.1676190476190476 0.21357142857142858 0.05142857142857143 0.015714285714285715
3 0.20857142857142857 0.2282142857142857 0.05714285714285714 0.013571428571428571
3 0.23238095238095238 0.23857142857142857 0.05142857142857143 0.015714285714285715
3 0.42857142857142855 0.2675 0.06285714285714286 0.020714285714285713
2 0.5904761904761905 0.24928571428571428 0.022857142857142857 0.014285714285714285
9 0.5671428571428572 0.24857142857142858 0.021904761904761906 0.012857142857142857
3 0.7023809523809523 0.26571428571428574 0.025714285714285714 0.02142857142857143
2 0.659047619047619 0.325 0.013333333333333332 0.014285714285714285
6 0.6461904761904762 0.33035714285714285 0.029523809523809525 0.017857142857142856
3 0.9014285714285715 0.26357142857142857 0.02761904761904762 0.02
3 1.26 0.22285714285714286 0.02857142857142857 0.018571428571428572
3 1.2342857142857142 0.23107142857142857 0.02857142857142857 0.020714285714285713
3 1.3147619047619048 0.22857142857142856 0.035238095238095235 0.017142857142857144
