3 1.166243654822335 0.48428571428571426 0.09390862944162436 0.03571428571428571
3 0.706218274111675 0.4828571428571429 0.04187817258883248 0.047142857142857146
3 0.5526649746192893 0.4967857142857143 0.052030456852791875 0.04928571428571429
3 0.7379441624365481 0.19428571428571428 0.029187817258883246 0.027142857142857142
3 0.9003807106598984 0.16035714285714286 0.029187817258883246 0.03214285714285714
3 0.9682741116751268 0.26142857142857145 0.035532994923857864 0.032857142857142856
3 1.034263959390863 0.3157142857142857 0.06091370558375634 0.03142857142857143
3 1.571700507614213 0.29964285714285716 0.0748730964467005 0.02214285714285714
3 1.6738578680203045 0.2960714285714286 0.07360406091370558 0.020714285714285713
3 0.7963197969543147 0.5339285714285714 0.03934010152284264 0.055
3 1.7563451776649746 0.28464285714285714 0.03807106598984771 0.020714285714285713
4 1.313451776649746 0.31892857142857145 0.08883248730964466 0.027857142857142858
4 1.4708121827411167 0.30857142857142855 0.08883248730964466 0.025714285714285714
3 0.9473350253807106 0.38321428571428573 0.04187817258883248 0.04642857142857143
4 0.8623096446700507 0.4810714285714286 0.03934010152284264 0.056428571428571425
3 0.8045685279187816 0.005 0.025380710659898477 0.01
