5 0.8783333333333333 0.01625 0.041999999999999996 0.0335
3 0.88 0.05 0.04133333333333333 0.02
3 0.888 0.06175 0.04666666666666666 0.021500000000000002
4 0.9069999999999999 0.0675 0.054 0.026000000000000002
5 0.9156666666666666 0.08 0.07666666666666666 0.036000000000000004
4 0.873 0.0995 0.062 0.027
3 0.9349999999999999 0.101 0.056666666666666664 0.019
3 0.8856666666666666 0.1145 0.05533333333333333 0.021
3 0.9026666666666666 0.12675 0.06 0.0225
3 0.9156666666666666 0.14075000000000001 0.05533333333333333 0.0195
3 0.9263333333333333 0.15575 0.06066666666666667 0.021500000000000002
3 0.9846666666666666 0.14250000000000002 0.06 0.021
3 1.003 0.161 0.06333333333333332 0.026000000000000002
3 1.027 0.186 0.056666666666666664 0.031
3 0.36633333333333334 0.0275 0.022 0.021
4 0.36733333333333335 0.043750000000000004 0.021333333333333333 0.0245
3 0.36566666666666664 0.065 0.022 0.023
5 0.43966666666666665 0.037 0.06733333333333333 0.031
4 0.45399999999999996 0.066 0.042666666666666665 0.02
9 0.33 0.10675 0.02 0.0105
3 0.36366666666666664 0.127 0.026 0.029
3 0.37066666666666664 0.1905 0.029333333333333333 0.033
3 0.36933333333333335 0.24525 0.030666666666666665 0.0365
3 0.5463333333333333 0.25075000000000003 0.038 0.0385
3 0.5793333333333334 0.24575 0.036 0.043500000000000004
3 0.6143333333333333 0.243 0.035333333333333335 0.042
2 0.41466666666666663 0.3425 0.012 0.019
1 0.416 0.343 0.014666666666666666 0.013000000000000001
3 0.11 0.4425 0.10933333333333332 0.042
3 0.269 0.4045 0.08066666666666666 0.046
3 0.5153333333333333 0.34625 0.076 0.029500000000000002
3 0.88 0.31575000000000003 0.072 0.0275
3 1.299 0.3065 0.06733333333333333 0.029
3 0.7883333333333333 0.40925 0.08733333333333333 0.035500000000000004
4 0.8036666666666666 0.47200000000000003 0.09666666666666666 0.044
3 1.164 0.4035 0.07066666666666667 0.039
1 0.9106666666666666 0.48075 0.013333333333333332 0.0135
1 0.9256666666666666 0.48075 0.01 0.0085
1 0.9089999999999999 0.46875 0.014 0.0125
1 0.9299999999999999 0.4665 0.014666666666666666 0.015
1 1.0633333333333332 0.5710000000000001 0.008 0.009000000000000001
