8 0.07428571428571429 0.11 0.10666666666666666 0.022857142857142857
8 0.039523809523809524 0.08964285714285715 0.08095238095238096 0.023571428571428573
8 0.03666666666666667 0.06464285714285714 0.07523809523809524 0.029285714285714286
5 0.05523809523809524 0.052142857142857144 0.05142857142857143 0.02
5 0.043333333333333335 0.028214285714285713 0.06952380952380953 0.023571428571428573
5 0.2833333333333333 0.05071428571428571 0.03142857142857143 0.04
5 0.3061904761904762 0.045714285714285714 0.029523809523809525 0.03857142857142857
3 0.32571428571428573 0.030714285714285715 0.022857142857142857 0.02857142857142857
3 0.34095238095238095 0.02142857142857143 0.017142857142857144 0.02142857142857143
3 0.3880952380952381 0.008571428571428572 0.021904761904761906 0.018571428571428572
3 0.38142857142857145 0.15642857142857142 0.01619047619047619 0.025714285714285714
3 0.09238095238095238 0.3414285714285714 0.03619047619047619 0.02
3 0.09666666666666666 0.35964285714285715 0.03333333333333333 0.017857142857142856
3 0.17142857142857143 0.34785714285714286 0.0419047619047619 0.012857142857142857
3 0.16952380952380952 0.36392857142857143 0.03619047619047619 0.013571428571428571
3 0.26095238095238094 0.3514285714285714 0.01904761904761905 0.027142857142857142
3 0.05523809523809524 0.4675 0.04380952380952381 0.015
3 0.08428571428571428 0.5110714285714286 0.04476190476190476 0.013571428571428571
3 0.23333333333333334 0.48678571428571427 0.0380952380952381 0.013571428571428571
3 0.24476190476190476 0.545 0.02095238095238095 0.03
4 0.2838095238095238 0.5589285714285714 0.0419047619047619 0.013571428571428571
3 0.33 0.5528571428571428 0.018095238095238095 0.025714285714285714
3 0.3304761904761905 0.5875 0.017142857142857144 0.027857142857142858
3 0.3157142857142857 0.6467857142857143 0.02 0.029285714285714286
3 0.4061904761904762 0.5646428571428571 0.037142857142857144 0.015
3 0.3995238095238095 0.5960714285714286 0.035238095238095235 0.015
3 0.4 0.6103571428571428 0.0380952380952381 0.013571428571428571
3 0.3933333333333333 0.625 0.04 0.012857142857142857
3 0.39476190476190476 0.6396428571428572 0.040952380952380955 0.013571428571428571
3 0.39380952380952383 0.6667857142857143 0.040952380952380955 0.015
3 0.39 0.6832142857142857 0.035238095238095235 0.015
3 0.3852380952380952 0.7371428571428571 0.039047619047619046 0.017142857142857144
3 0.4714285714285714 0.7028571428571428 0.02095238095238095 0.03142857142857143
3 0.46476190476190476 0.7382142857142857 0.01904761904761905 0.02214285714285714
3 0.8752380952380953 0.07535714285714286 0.02095238095238095 0.02642857142857143
3 0.8942857142857142 0.05785714285714286 0.02095238095238095 0.027142857142857142
3 0.9157142857142857 0.06285714285714286 0.01619047619047619 0.025714285714285714
3 0.9347619047619048 0.06321428571428571 0.018095238095238095 0.025
3 0.7428571428571429 0.4942857142857143 0.0380952380952381 0.014285714285714285
3 0.7585714285714286 0.5382142857142858 0.018095238095238095 0.029285714285714286
3 0.82 0.4657142857142857 0.03619047619047619 0.014285714285714285
5 0.8542857142857143 0.4932142857142857 0.13714285714285715 0.02642857142857143
3 0.7866666666666666 0.6060714285714286 0.01904761904761905 0.03214285714285714
3 0.7838095238095238 0.6389285714285714 0.01904761904761905 0.030714285714285715
3 0.7457142857142857 0.6607142857142857 0.017142857142857144 0.027142857142857142
3 0.6857142857142857 0.6942857142857143 0.015238095238095238 0.03
3 0.7657142857142857 0.7114285714285714 0.01904761904761905 0.03
3 0.7961904761904762 0.7017857142857142 0.030476190476190476 0.020714285714285713
3 1.128095238095238 0.5157142857142857 0.039047619047619046 0.014285714285714285
3 1.2357142857142858 0.5567857142857143 0.039047619047619046 0.013571428571428571
3 1.2823809523809524 0.5614285714285714 0.037142857142857144 0.012857142857142857
3 1.181904761904762 0.5992857142857143 0.01904761904761905 0.025714285714285714
3 1.1204761904761904 0.5528571428571428 0.037142857142857144 0.014285714285714285
3 1.0685714285714285 0.5503571428571429 0.03619047619047619 0.013571428571428571
2 0.09619047619047619 0.41785714285714287 0.022857142857142857 0.007142857142857143
9 0.33 0.495 0.02 0.005714285714285714
9 0.3576190476190476 0.5139285714285714 0.014285714285714285 0.0064285714285714285
9 0.4666666666666667 0.5839285714285715 0.009523809523809525 0.013571428571428571
9 0.7171428571428572 0.4682142857142857 0.007619047619047619 0.012142857142857143
9 0.6142857142857143 0.5035714285714286 0.015238095238095238 0.005714285714285714
9 0.6519047619047619 0.5139285714285714 0.01619047619047619 0.009285714285714286
9 0.689047619047619 0.5282142857142857 0.014285714285714285 0.007857142857142858
9 0.77 0.5139285714285714 0.010476190476190476 0.012142857142857143
9 0.8219047619047619 0.5282142857142857 0.007619047619047619 0.012142857142857143
9 0.878095238095238 0.5357142857142857 0.015238095238095238 0.004285714285714286
9 1.0366666666666666 0.5332142857142858 0.012380952380952381 0.005
9 0.9371428571428572 0.5310714285714285 0.013333333333333332 0.005
9 0.729047619047619 0.7214285714285714 0.008571428571428572 0.014285714285714285
3 0.71 0.7432142857142857 0.012380952380952381 0.012142857142857143
