3 1.0044416243654821 0.5375 0.03680203045685279 0.03785714285714286
3 1.1008883248730963 0.5457142857142857 0.03680203045685279 0.03142857142857143
3 1.0850253807106598 0.49607142857142855 0.032994923857868015 0.030714285714285715
9 1.049492385786802 0.5064285714285715 0.017766497461928932 0.02
9 1.0285532994923856 0.5089285714285714 0.019035532994923856 0.017857142857142856
9 1.009517766497462 0.48714285714285716 0.016497461928934008 0.018571428571428572
9 1.024746192893401 0.4860714285714286 0.016497461928934008 0.017857142857142856
3 1.0602791878172588 0.24678571428571427 0.03680203045685279 0.039285714285714285
8 1.1757614213197969 0.22 0.052030456852791875 0.05
8 1.1370558375634516 0.16 0.050761421319796954 0.05
8 0.7709390862944162 0.23214285714285715 0.0748730964467005 0.08714285714285715
3 1.03743654822335 0.02857142857142857 0.031725888324873094 0.032857142857142856
3 1.1383248730964466 0.10285714285714286 0.032994923857868015 0.037142857142857144
3 1.4181472081218274 0.2889285714285714 0.06218274111675126 0.016428571428571428
3 1.522208121827411 0.3225 0.06725888324873096 0.019285714285714285
8 1.688451776649746 0.2785714285714286 0.09517766497461928 0.024285714285714285
