3 0.474 0.68025 0.07866666666666666 0.1305
3 0.484 0.45625 0.04666666666666666 0.0625
3 0.48733333333333334 0.39925 0.04133333333333333 0.0555
3 0.492 0.34875 0.03733333333333333 0.0415
3 0.5036666666666666 0.29925 0.04066666666666666 0.0425
3 0.5036666666666666 0.24475 0.03 0.0315
3 0.647 0.41600000000000004 0.048666666666666664 0.063
3 0.8243333333333333 0.28625 0.066 0.0265
3 0.82 0.27025 0.07333333333333333 0.0245
3 0.8099999999999999 0.2575 0.07066666666666667 0.025
3 0.6046666666666667 0.19725 0.04666666666666666 0.0225
3 0.5853333333333333 0.17225000000000001 0.029333333333333333 0.0235
3 0.5783333333333334 0.1295 0.022 0.019
4 0.638 0.1105 0.032 0.017
3 0.8163333333333334 0.20350000000000001 0.043333333333333335 0.019
3 0.573 0.09875 0.016666666666666666 0.0135
3 1.151 0.6725 0.158 0.077
3 1.2693333333333332 0.66025 0.12666666666666665 0.11850000000000001
3 1.2449999999999999 0.54875 0.12066666666666666 0.0955
3 1.3016666666666665 0.545 0.062 0.08600000000000001
3 0.13899999999999998 0.5605 0.09133333333333334 0.095
1 0.33166666666666667 0.40825 0.019333333333333334 0.0175
1 0.35366666666666663 0.40325 0.011333333333333332 0.0165
1 0.35966666666666663 0.39275 0.016666666666666666 0.0115
1 0.3443333333333333 0.39075 0.014 0.0175
1 0.33366666666666667 0.4055 0.011333333333333332 0.009000000000000001
1 0.324 0.4 0.010666666666666666 0.015
5 0.5226666666666666 0.01 0.014666666666666666 0.018000000000000002
3 0.46366666666666667 0.08925 0.03266666666666666 0.0105
3 0.38966666666666666 0.09125 0.03 0.0125
3 0.379 0.10775 0.038 0.0125
3 0.2753333333333333 0.11675 0.03333333333333333 0.0115
3 0.30466666666666664 0.1045 0.034666666666666665 0.011
3 0.23166666666666666 0.11950000000000001 0.03666666666666667 0.012
3 0.13 0.128 0.048 0.014
3 0.06666666666666667 0.1325 0.048 0.016
3 0.017666666666666667 0.1375 0.03666666666666667 0.014
3 0.043 0.1265 0.046 0.014
4 0.09433333333333332 0.11825000000000001 0.03933333333333333 0.0155
4 0.13999999999999999 0.11525 0.03866666666666667 0.0135
3 0.19566666666666666 0.112 0.043333333333333335 0.016
3 0.249 0.10875 0.03933333333333333 0.0125
4 0.27399999999999997 0.08700000000000001 0.02 0.014
