3 0.8028571428571428 0.2567857142857143 0.03238095238095238 0.016428571428571428
3 0.7423809523809524 0.2785714285714286 0.039047619047619046 0.017142857142857144
3 0.6485714285714286 0.30785714285714283 0.047619047619047616 0.02142857142857143
3 0.5919047619047619 0.3435714285714286 0.04857142857142857 0.024285714285714285
3 0.49666666666666665 0.3578571428571429 0.05619047619047619 0.024285714285714285
3 0.4742857142857143 0.38142857142857145 0.06285714285714286 0.03
3 0.3380952380952381 0.4332142857142857 0.0761904761904762 0.03642857142857143
3 0.36 0.4060714285714286 0.07047619047619047 0.035
3 0.17809523809523808 0.4692857142857143 0.08952380952380952 0.04285714285714286
9 0.638095238095238 0.6467857142857143 0.04 0.02214285714285714
9 0.6714285714285714 0.6978571428571428 0.049523809523809526 0.018571428571428572
9 0.6657142857142857 0.6828571428571428 0.045714285714285714 0.015714285714285715
9 0.7514285714285714 0.7339285714285714 0.049523809523809526 0.023571428571428573
9 0.6804761904761905 0.7303571428571428 0.04666666666666667 0.02214285714285714
1 0.6376190476190476 0.6378571428571429 0.014285714285714285 0.02142857142857143
1 0.6452380952380953 0.6371428571428571 0.01619047619047619 0.02142857142857143
1 0.6685714285714286 0.6742857142857143 0.02095238095238095 0.02142857142857143
1 0.6757142857142857 0.6921428571428572 0.021904761904761906 0.02142857142857143
1 0.7547619047619047 0.7264285714285714 0.012380952380952381 0.018571428571428572
1 0.7642857142857142 0.7285714285714285 0.02 0.017142857142857144
1 0.6852380952380952 0.7253571428571428 0.01619047619047619 0.019285714285714285
3 0.9171428571428571 0.21964285714285714 0.01904761904761905 0.010714285714285714
