3 1.2101113172541744 0.032881002087682666 0.049165120593692026 0.01774530271398747
3 1.2824675324675325 0.025574112734864297 0.043599257884972174 0.01774530271398747
3 1.2602040816326532 0.07828810020876827 0.049165120593692026 0.020876826722338204
3 1.313543599257885 0.07306889352818371 0.05009276437847866 0.019832985386221292
3 1.37569573283859 0.012004175365344467 0.05009276437847866 0.012526096033402922
9 1.339517625231911 0.02453027139874739 0.027829313543599257 0.006263048016701461
9 1.3919294990723563 0.03183716075156576 0.02319109461966605 0.009394572025052192
3 1.4564007421150278 0.09525052192066805 0.0575139146567718 0.01826722338204593
3 1.5111317254174397 0.1109081419624217 0.0575139146567718 0.020354906054279746
3 1.7115027829313545 0.0842901878914405 0.0686456400742115 0.015135699373695197
9 1.6808905380333952 0.13778705636743213 0.029684601113172542 0.012526096033402922
2 1.6692949907235621 0.09707724425887264 0.01948051948051948 0.005219206680584551
4 1.7040816326530612 0.20328810020876825 0.04823747680890538 0.032881002087682666
3 0.9647495361781077 0.2990605427974948 0.0686456400742115 0.03653444676409186
3 0.8993506493506493 0.2685281837160751 0.07699443413729128 0.03496868475991649
3 0.4114100185528757 0.18658663883089768 0.03432282003710575 0.02661795407098121
5 0.4225417439703154 0.2038100208768267 0.06957328385899815 0.02661795407098121
3 0.48283858998144713 0.24504175365344466 0.08070500927643785 0.02661795407098121
3 0.5037105751391465 0.26591858037578286 0.0927643784786642 0.02974947807933194
3 0.36363636363636365 0.03157620041753653 0.06493506493506494 0.017223382045929016
3 0.174860853432282 0.19467640918580373 0.039888682745825604 0.027139874739039664
3 0.5742115027829313 0.33115866388308973 0.07792207792207792 0.04018789144050104
3 1.452226345083488 0.4937369519832985 0.0862708719851577 0.05949895615866388
3 1.511595547309833 0.5190501043841336 0.07699443413729128 0.05271398747390396
3 1.5834879406307978 0.5328810020876826 0.08348794063079777 0.050104384133611686
5 1.2551020408163265 0.40892484342379953 0.21150278293135436 0.10177453027139874
