3 0.7804568527918782 0.3339285714285714 0.025380710659898477 0.019285714285714285
3 0.8807106598984771 0.4064285714285714 0.025380710659898477 0.02857142857142857
3 0.708756345177665 0.47535714285714287 0.029187817258883246 0.029285714285714286
3 0.8730964467005076 0.29285714285714287 0.02284263959390863 0.02142857142857143
3 0.7753807106598984 0.2092857142857143 0.015228426395939085 0.012857142857142857
3 0.824238578680203 0.2042857142857143 0.013959390862944161 0.01
3 0.833756345177665 0.15928571428571428 0.012690355329949238 0.01
3 0.7874365482233502 0.15178571428571427 0.013959390862944161 0.009285714285714286
3 0.8699238578680203 0.15714285714285714 0.013959390862944161 0.011428571428571429
3 0.8350253807106598 0.14035714285714285 0.012690355329949238 0.007857142857142858
3 0.822969543147208 0.07107142857142858 0.008883248730964466 0.005
3 0.8090101522842639 0.06035714285714286 0.008883248730964466 0.0064285714285714285
3 0.8032994923857867 0.07892857142857143 0.01015228426395939 0.0064285714285714285
3 0.8401015228426395 0.08857142857142856 0.01015228426395939 0.007142857142857143
3 0.8692893401015228 0.11142857142857143 0.012690355329949238 0.01
3 0.9060913705583755 0.10892857142857143 0.01015228426395939 0.009285714285714286
3 0.881979695431472 0.06892857142857142 0.012690355329949238 0.0064285714285714285
3 0.8781725888324873 0.04285714285714286 0.01015228426395939 0.007142857142857143
3 0.8293147208121827 0.03428571428571429 0.008883248730964466 0.005714285714285714
3 0.8724619289340101 0.0032142857142857142 0.006345177664974619 0.005
3 0.83248730964467 0.004285714285714286 0.01015228426395939 0.005714285714285714
3 0.7607868020304568 0.2710714285714286 0.016497461928934008 0.019285714285714285
3 0.9327411167512689 0.5164285714285715 0.03045685279187817 0.03428571428571429
3 0.7461928934010151 0.5439285714285714 0.032994923857868015 0.035
4 0.83248730964467 0.054642857142857146 0.01015228426395939 0.007857142857142858
4 0.840736040609137 0.03321428571428572 0.008883248730964466 0.0064285714285714285
4 0.8889593908629441 0.0975 0.011421319796954314 0.009285714285714286
4 0.8889593908629441 0.13392857142857142 0.013959390862944161 0.012142857142857143
3 0.7994923857868019 0.095 0.012690355329949238 0.01
4 0.7994923857868019 0.23857142857142857 0.017766497461928932 0.015714285714285715
4 0.9219543147208121 0.36 0.029187817258883246 0.02857142857142857
4 0.8261421319796953 0.385 0.03807106598984771 0.025714285714285714
3 0.815989847715736 0.12107142857142857 0.012690355329949238 0.015
