9 0.2727272727272727 0.5260960334029227 0.04267161410018553 0.025052192066805843
2 0.9735621521335808 0.55401878914405 0.02319109461966605 0.015135699373695197
9 0.9619666048237477 0.5052192066805845 0.03896103896103896 0.016701461377870562
9 0.9438775510204082 0.43632567849686843 0.03246753246753247 0.013569937369519832
9 0.9457328385899815 0.3877870563674321 0.0287569573283859 0.010438413361169102
9 0.9359925788497218 0.3838726513569937 0.03896103896103896 0.012004175365344467
9 0.9262523191094619 0.3755219206680584 0.041743970315398886 0.016179540709812108
9 0.9230055658627088 0.35568893528183715 0.03339517625231911 0.013048016701461376
9 1.0482374768089053 0.4337160751565762 0.020408163265306124 0.018789144050104383
9 0.9267161410018553 0.3504697286012526 0.04452690166975881 0.010960334029227557
9 0.9406307977736549 0.30662839248434237 0.03153988868274583 0.008872651356993735
9 0.9596474953617811 0.3032359081419624 0.03246753246753247 0.011482254697286011
9 0.985621521335807 0.293580375782881 0.012059369202226345 0.014091858037578286
2 0.910482374768089 0.3076722338204593 0.02504638218923933 0.012004175365344467
6 1.0102040816326532 0.31419624217118997 0.029684601113172542 0.024008350730688934
6 1.1284786641929498 0.32254697286012524 0.04730983302411874 0.01774530271398747
9 0.9109461966604824 0.2664405010438413 0.020408163265306124 0.012004175365344467
9 0.9401669758812616 0.2737473903966597 0.021335807050092765 0.010960334029227557
4 1.0538033395176252 0.2781837160751566 0.03153988868274583 0.022964509394572022
9 0.8988868274582561 0.25052192066805845 0.020408163265306124 0.008350730688935281
9 0.8961038961038961 0.24660751565762 0.020408163265306124 0.009916492693110646
2 1.0630797773654916 0.2643528183716075 0.022263450834879406 0.007828810020876827
2 1.067717996289425 0.2575678496868476 0.01855287569573284 0.006784968684759916
6 1.1252319109461966 0.25574112734864296 0.03339517625231911 0.012526096033402922
6 1.1294063079777366 0.2948851774530271 0.05102040816326531 0.014613778705636741
6 1.12708719851577 0.2904488517745302 0.0463821892393321 0.015135699373695197
6 1.1187384044526902 0.28418580375782876 0.04823747680890538 0.012004175365344467
6 1.1159554730983303 0.2781837160751566 0.04267161410018553 0.012526096033402922
6 1.1103896103896105 0.27322546972860123 0.0463821892393321 0.010960334029227557
6 1.1071428571428572 0.2682672233820459 0.041743970315398886 0.010438413361169102
6 1.103896103896104 0.26591858037578286 0.04452690166975881 0.009916492693110646
6 1.099721706864564 0.26122129436325675 0.043599257884972174 0.009916492693110646
4 0.8942486085343229 0.19598121085594988 0.05194805194805195 0.01826722338204593
2 0.8724489795918368 0.1894572025052192 0.013914656771799629 0.006263048016701461
4 0.9188311688311689 0.16936325678496866 0.02319109461966605 0.01826722338204593
9 0.8807977736549165 0.16283924843423797 0.0176252319109462 0.0073068893528183704
1 0.9564007421150278 0.17040709812108557 0.00927643784786642 0.007828810020876827
9 0.9564007421150278 0.17223382045929017 0.011131725417439703 0.008350730688935281
9 0.987012987012987 0.17379958246346552 0.016697588126159554 0.008350730688935281
4 0.9777365491651206 0.16701461377870563 0.022263450834879406 0.014613778705636741
4 0.9703153988868275 0.15657620041753653 0.02411873840445269 0.013569937369519832
9 0.87708719851577 0.15474947807933193 0.015769944341372914 0.006784968684759916
9 0.862708719851577 0.1591858037578288 0.00927643784786642 0.0073068893528183704
9 0.8701298701298702 0.15187891440501042 0.012987012987012988 0.006263048016701461
2 0.8743042671614101 0.14561586638830895 0.013914656771799629 0.006263048016701461
4 0.8705936920222634 0.13804801670146136 0.03432282003710575 0.010960334029227557
3 0.9531539888682746 0.13700417536534445 0.021335807050092765 0.009916492693110646
9 0.8608534322820037 0.12943632567849686 0.016697588126159554 0.0073068893528183704
9 0.8645640074211502 0.12447807933194154 0.016697588126159554 0.006784968684759916
6 0.9114100185528757 0.12421711899791231 0.012059369202226345 0.011482254697286011
6 0.8622448979591837 0.11743215031315239 0.02504638218923933 0.008350730688935281
6 0.864100185528757 0.10855949895615866 0.01948051948051948 0.005219206680584551
3 0.9267161410018553 0.10751565762004174 0.014842300556586271 0.009394572025052192
6 0.9443413729128015 0.1062108559498956 0.012987012987012988 0.008872651356993735
1 0.9044526901669759 0.10307933194154488 0.0055658627087198514 0.006784968684759916
6 0.9049165120593692 0.10360125260960333 0.010204081632653062 0.006784968684759916
3 0.901669758812616 0.09629436325678496 0.01855287569573284 0.008872651356993735
9 0.8664192949907236 0.10412317327766178 0.011131725417439703 0.004697286012526096
9 0.8580705009276438 0.09890396659707723 0.016697588126159554 0.0057411273486430055
3 0.87569573283859 0.09342379958246345 0.014842300556586271 0.008350730688935281
3 0.8636363636363636 0.08481210855949894 0.03339517625231911 0.007828810020876827
3 1.0064935064935066 0.07150313152400835 0.025974025974025976 0.008350730688935281
1 0.8687384044526901 0.011221294363256784 0.0027829313543599257 0.0026096033402922755
1 0.8803339517625232 0.015657620041753653 0.0018552875695732839 0.0031315240083507304
9 0.8798701298701299 0.016179540709812108 0.00463821892393321 0.0031315240083507304
9 0.8692022263450835 0.012526096033402922 0.0037105751391465678 0.0020876826722338203
3 1.2597402597402598 0.2909707724425887 0.0705009276437848 0.02139874739039666
9 1.1637291280148423 0.3914405010438413 0.039888682745825604 0.014613778705636741
3 1.224025974025974 0.42353862212943627 0.10296846011131726 0.02766179540709812
9 1.278756957328386 0.46189979123173275 0.036178107606679034 0.012526096033402922
6 1.2852504638218925 0.5292275574112735 0.06771799628942486 0.016701461377870562
1 1.7421150278293136 0.293580375782881 0.016697588126159554 0.009916492693110646
1 1.75 0.2927974947807933 0.012059369202226345 0.008350730688935281
9 1.735621521335807 0.2862734864300626 0.012987012987012988 0.013048016701461376
9 1.7059369202226344 0.2685281837160751 0.025974025974025976 0.009916492693110646
6 1.6335807050092765 0.26383089770354906 0.03339517625231911 0.016179540709812108
1 1.570500927643785 0.28105427974947805 0.011131725417439703 0.007828810020876827
1 1.5783858998144713 0.2805323590814196 0.012059369202226345 0.006784968684759916
1 1.5686456400742115 0.2760960334029227 0.012987012987012988 0.009394572025052192
6 1.570964749536178 0.2807933194154488 0.0287569573283859 0.013569937369519832
5 1.5700371057513915 0.22990605427974944 0.06586270871985157 0.01826722338204593
6 1.5125231910946197 0.19284968684759915 0.0287569573283859 0.008872651356993735
1 1.4387755102040816 0.1782359081419624 0.011131725417439703 0.008872651356993735
6 1.4332096474953617 0.180062630480167 0.020408163265306124 0.009394572025052192
1 1.4086270871985158 0.1638830897703549 0.010204081632653062 0.0073068893528183704
1 1.3919294990723563 0.16466597077244258 0.010204081632653062 0.006784968684759916
5 1.327922077922078 0.16362212943632568 0.05844155844155844 0.025574112734864297
3 1.3191094619666048 0.12082463465553235 0.03339517625231911 0.013048016701461376
6 1.2537105751391466 0.10386221294363256 0.012059369202226345 0.0073068893528183704
6 1.2064007421150278 0.11403966597077243 0.0176252319109462 0.008872651356993735
6 1.1307977736549166 0.054018789144050096 0.012987012987012988 0.007828810020876827
9 1.141465677179963 0.04906054279749478 0.006493506493506494 0.0031315240083507304
5 1.027365491651206 0.02322546972860125 0.01948051948051948 0.009916492693110646
1 1.0296846011131726 0.03079331941544885 0.0037105751391465678 0.0041753653444676405
9 1.030148423005566 0.031315240083507306 0.00463821892393321 0.0041753653444676405
3 1.0626159554730983 0.022964509394572022 0.010204081632653062 0.005219206680584551
5 1.0139146567717996 0.011221294363256784 0.012987012987012988 0.007828810020876827
4 1.0176252319109462 0.0057411273486430055 0.016697588126159554 0.0041753653444676405
4 1.0171614100185529 0.004697286012526096 0.013914656771799629 0.006263048016701461
