3 0.4014285714285714 0.08357142857142857 0.19904761904761906 0.07
4 0.4957142857142857 0.205 0.1761904761904762 0.08142857142857143
1 0.36952380952380953 0.43107142857142855 0.0380952380952381 0.02642857142857143
1 0.9980952380952381 0.34285714285714286 0.03619047619047619 0.025714285714285714
1 0.9971428571428571 0.30785714285714283 0.03428571428571429 0.02857142857142857
1 0.9719047619047619 0.2592857142857143 0.04857142857142857 0.027142857142857142
1 0.8395238095238096 0.2714285714285714 0.035238095238095235 0.037142857142857144
1 1.0285714285714285 0.1467857142857143 0.030476190476190476 0.045
9 1.0285714285714285 0.22892857142857143 0.07428571428571429 0.029285714285714286
9 0.8342857142857143 0.2757142857142857 0.06285714285714286 0.04857142857142857
9 1.0266666666666666 0.14642857142857144 0.07238095238095238 0.03142857142857143
1 0.23476190476190475 0.5496428571428571 0.07333333333333333 0.025
1 0.23095238095238096 0.5721428571428572 0.06 0.027142857142857142
