3 0.03571428571428571 0.43285714285714283 0.07333333333333333 0.03
3 0.14476190476190476 0.4232142857142857 0.0380952380952381 0.012142857142857143
4 0.5085714285714286 0.3960714285714286 0.049523809523809526 0.023571428571428573
3 0.6695238095238095 0.4564285714285714 0.06666666666666667 0.02857142857142857
3 0.6142857142857143 0.4807142857142857 0.045714285714285714 0.03
3 0.6814285714285714 0.54 0.03333333333333333 0.04
3 0.6695238095238095 0.6232142857142857 0.04380952380952381 0.04928571428571429
3 0.6323809523809524 0.7157142857142857 0.047619047619047616 0.06571428571428571
3 0.9076190476190477 0.6382142857142857 0.045714285714285714 0.05785714285714286
3 0.8585714285714285 0.585 0.04666666666666667 0.054285714285714284
3 0.9033333333333333 0.5535714285714286 0.037142857142857144 0.037142857142857144
3 0.7971428571428572 0.4853571428571429 0.03428571428571429 0.035
3 0.8842857142857142 0.49 0.035238095238095235 0.03142857142857143
3 0.8809523809523809 0.4642857142857143 0.03428571428571429 0.02857142857142857
3 0.8728571428571429 0.4382142857142857 0.03142857142857143 0.02642857142857143
3 0.8885714285714286 0.4164285714285714 0.02857142857142857 0.024285714285714285
3 0.8685714285714285 0.265 0.022857142857142857 0.017142857142857144
