4 0.32571428571428573 0.4710714285714286 0.23047619047619047 0.07785714285714286
3 1.276190476190476 0.07642857142857143 0.06666666666666667 0.054285714285714284
3 0.5128571428571429 0.3382142857142857 0.07333333333333333 0.08928571428571429
3 0.33476190476190476 0.2825 0.08095238095238096 0.08214285714285714
3 0.13095238095238096 0.2125 0.1 0.07642857142857143
3 0.36952380952380953 0.1992857142857143 0.07238095238095238 0.07
3 0.29523809523809524 0.20964285714285713 0.06666666666666667 0.08071428571428571
4 0.6780952380952381 0.2667857142857143 0.08 0.11071428571428571
3 0.4519047619047619 0.1825 0.06571428571428571 0.075
3 0.35095238095238096 0.12857142857142856 0.14952380952380953 0.041428571428571426
4 0.2985714285714286 0.08392857142857142 0.14 0.055
3 0.08952380952380952 0.49214285714285716 0.18095238095238095 0.06
3 0.06285714285714286 0.6425 0.12761904761904763 0.08357142857142857
3 1.2866666666666666 0.009642857142857142 0.08190476190476191 0.020714285714285713
2 0.20238095238095238 0.06642857142857143 0.018095238095238095 0.022857142857142857
2 0.13047619047619047 0.14714285714285713 0.026666666666666665 0.015714285714285715
9 0.024761904761904763 0.3289285714285714 0.05142857142857143 0.02214285714285714
2 0.018095238095238095 0.28 0.0380952380952381 0.03
