6 0.6377551020408163 0.4018789144050104 0.043599257884972174 0.033402922755741124
6 0.6822820037105751 0.3802192066805845 0.041743970315398886 0.03496868475991649
6 0.48840445269016697 0.3627348643006263 0.09740259740259741 0.027139874739039664
6 0.615491651205937 0.37004175365344466 0.08441558441558442 0.030271398747390394
6 0.6331168831168831 0.38152400835073064 0.05658627087198516 0.030271398747390394
6 0.5282931354359925 0.31497912317327764 0.07699443413729128 0.019311064718162838
9 0.48144712430426717 0.316544885177453 0.03710575139146568 0.02139874739039666
9 0.46382189239332094 0.34133611691022964 0.04452690166975881 0.01774530271398747
6 0.551948051948052 0.3055845511482254 0.10946196660482375 0.02766179540709812
4 1.6929499072356216 0.5135699373695198 0.16512059369202226 0.08663883089770354
9 1.6539888682745827 0.41910229645093944 0.03710575139146568 0.032359081419624215
3 1.4461966604823748 0.388830897703549 0.16697588126159554 0.03653444676409186
2 1.2713358070500929 0.40031315240083504 0.043599257884972174 0.027139874739039664
1 1.1377551020408163 0.4230167014613778 0.0287569573283859 0.02139874739039666
1 1.141465677179963 0.4305845511482254 0.021335807050092765 0.018789144050104383
9 1.1391465677179964 0.42797494780793316 0.029684601113172542 0.029227557411273482
6 1.4299628942486085 0.32489561586638827 0.08812615955473098 0.022442588726513567
6 1.4216141001855287 0.3209812108559499 0.07884972170686456 0.024008350730688934
6 1.4141929499072357 0.31497912317327764 0.0640074211502783 0.019311064718162838
6 1.3947124304267162 0.2987995824634655 0.05844155844155844 0.016179540709812108
6 1.385899814471243 0.2927974947807933 0.07421150278293136 0.01774530271398747
6 1.37291280148423 0.2873173277661795 0.0686456400742115 0.015135699373695197
6 1.3390538033395176 0.28392484342379953 0.06215213358070501 0.01774530271398747
9 1.2764378478664193 0.2836638830897703 0.03896103896103896 0.014091858037578286
8 1.2908163265306123 0.2606993736951983 0.19573283858998144 0.04227557411273486
3 1.1539888682745825 0.23903966597077242 0.05009276437847866 0.021920668058455113
5 1.2578849721706864 0.24034446764091855 0.10575139146567718 0.02453027139874739
9 1.299165120593692 0.22651356993736949 0.0287569573283859 0.012526096033402922
4 1.2388682745825603 0.21868475991649267 0.06957328385899815 0.021920668058455113
9 0.8961038961038961 0.2862734864300626 0.020408163265306124 0.019311064718162838
1 0.8965677179962894 0.2807933194154488 0.01948051948051948 0.01774530271398747
3 0.7217068645640075 0.22781837160751564 0.07606679035250465 0.01826722338204593
1 0.6813543599257885 0.2142484342379958 0.015769944341372914 0.007828810020876827
9 0.6813543599257885 0.20015657620041752 0.02319109461966605 0.010960334029227557
9 1.199443413729128 0.16544885177453025 0.020408163265306124 0.0073068893528183704
3 1.1451762523191096 0.16049060542797494 0.05473098330241188 0.010960334029227557
6 1.1637291280148423 0.15657620041753653 0.0287569573283859 0.008350730688935281
9 1.1609461966604824 0.15318371607515657 0.0176252319109462 0.0057411273486430055
3 1.062152133580705 0.14848643006263046 0.025974025974025976 0.013048016701461376
4 0.988404452690167 0.15292275574112732 0.02504638218923933 0.016701461377870562
3 0.8613172541743971 0.15866388308977034 0.05102040816326531 0.011482254697286011
9 0.7217068645640075 0.17614822546972858 0.01855287569573284 0.008872651356993735
1 0.7379406307977736 0.16910229645093944 0.010204081632653062 0.010438413361169102
9 0.7680890538033396 0.15762004175365343 0.016697588126159554 0.009394572025052192
9 0.8246753246753247 0.1299582463465553 0.011131725417439703 0.0073068893528183704
4 0.8548237476808905 0.11403966597077243 0.021335807050092765 0.013048016701461376
4 0.9239332096474954 0.11143006263048015 0.03153988868274583 0.009916492693110646
3 0.8891465677179963 0.1270876826722338 0.04730983302411874 0.009916492693110646
6 0.9072356215213359 0.13830897703549058 0.027829313543599257 0.009394572025052192
4 0.8891465677179963 0.13987473903966596 0.036178107606679034 0.0073068893528183704
3 0.8872912801484231 0.1440501043841336 0.049165120593692026 0.008350730688935281
3 0.8817254174397031 0.1490083507306889 0.05102040816326531 0.009916492693110646
3 0.8761595547309833 0.15292275574112732 0.049165120593692026 0.011482254697286011
9 0.9276437847866419 0.1649269311064718 0.022263450834879406 0.008350730688935281
1 0.9628942486085343 0.15866388308977034 0.00927643784786642 0.009394572025052192
6 0.9642857142857143 0.1610125260960334 0.012059369202226345 0.010960334029227557
1 0.9517625231910947 0.11038622129436325 0.0055658627087198514 0.0036534446764091852
1 0.9661410018552876 0.10673277661795406 0.006493506493506494 0.004697286012526096
6 0.9526901669758813 0.11143006263048015 0.0074211502782931356 0.0057411273486430055
6 0.9661410018552876 0.10751565762004174 0.008348794063079777 0.006263048016701461
3 1.0097402597402598 0.08742171189979123 0.012059369202226345 0.0057411273486430055
5 0.9911873840445269 0.08324634655532358 0.012059369202226345 0.008872651356993735
3 1.0862708719851577 0.0947286012526096 0.029684601113172542 0.008872651356993735
2 1.0097402597402598 0.08350730688935282 0.00463821892393321 0.0041753653444676405
6 1.0111317254174397 0.0767223382045929 0.0055658627087198514 0.0041753653444676405
1 1.0106679035250463 0.07593945720250521 0.0027829313543599257 0.0026096033402922755
1 0.9865491651205938 0.06915448851774529 0.0027829313543599257 0.0026096033402922755
1 0.9902597402597403 0.06680584551148225 0.0027829313543599257 0.0020876826722338203
9 0.9865491651205938 0.06993736951983298 0.00463821892393321 0.0020876826722338203
9 0.9907235621521336 0.06706680584551147 0.0037105751391465678 0.0026096033402922755
