3 1.315989847715736 0.2621428571428571 0.11167512690355329 0.02142857142857143
3 0.3166243654822335 0.24714285714285714 0.10532994923857868 0.024285714285714285
3 0.3293147208121827 0.0925 0.10279187817258882 0.02642857142857143
3 1.306472081218274 0.06571428571428571 0.10279187817258882 0.027142857142857142
3 1.174492385786802 0.31785714285714284 0.10786802030456852 0.04
3 1.0285532994923856 0.4125 0.07994923857868019 0.065
4 1.0875634517766497 0.2839285714285714 0.10659898477157359 0.039285714285714285
4 1.2315989847715736 0.4689285714285714 0.06725888324873096 0.075
4 1.4365482233502538 0.15928571428571428 0.13197969543147206 0.03142857142857143
8 0.5552030456852791 0.2617857142857143 0.2880710659898477 0.05785714285714286
8 1.6852791878172588 0.25642857142857145 0.18020304568527917 0.041428571428571426
3 1.7620558375634516 0.1275 0.026649746192893398 0.027857142857142858
3 1.4060913705583755 0.2882142857142857 0.12182741116751268 0.025
3 0.7081218274111675 0.24035714285714285 0.09898477157360405 0.023571428571428573
