3 0.550952380952381 0.6596428571428572 0.11142857142857143 0.125
3 0.611904761904762 0.5121428571428571 0.08285714285714285 0.10857142857142857
3 0.7342857142857143 0.5953571428571428 0.09333333333333334 0.12642857142857142
3 0.6404761904761904 0.4257142857142857 0.06190476190476191 0.07428571428571429
3 1.0533333333333332 0.4257142857142857 0.08 0.06571428571428571
3 1.0914285714285714 0.5339285714285714 0.09904761904761905 0.09071428571428572
3 1.198095238095238 0.5096428571428572 0.10285714285714286 0.08214285714285714
3 1.1628571428571428 0.6689285714285714 0.14095238095238094 0.13642857142857143
3 1.2752380952380953 0.6692857142857143 0.11428571428571428 0.13428571428571429
3 1.2704761904761905 0.26785714285714285 0.12380952380952381 0.06428571428571428
3 1.1042857142857143 0.2532142857142857 0.09428571428571429 0.04642857142857143
3 0.7357142857142858 0.24535714285714286 0.04666666666666667 0.039285714285714285
3 0.7433333333333333 0.28964285714285715 0.06571428571428571 0.04642857142857143
4 0.7957142857142857 0.19392857142857142 0.04476190476190476 0.03214285714285714
5 0.8509523809523809 0.25357142857142856 0.06761904761904762 0.07285714285714286
1 0.8176190476190476 0.30607142857142855 0.02 0.020714285714285713
2 0.8176190476190476 0.31464285714285717 0.02 0.015
3 0.8576190476190476 0.22607142857142856 0.04476190476190476 0.035
3 0.7457142857142857 0.17357142857142857 0.06095238095238095 0.024285714285714285
2 1.1847619047619047 0.20142857142857143 0.011428571428571429 0.015714285714285715
1 1.1695238095238096 0.14607142857142857 0.013333333333333332 0.015
1 1.2438095238095237 0.15357142857142858 0.009523809523809525 0.012857142857142857
1 1.2671428571428571 0.1492857142857143 0.008571428571428572 0.012857142857142857
1 1.309047619047619 0.15178571428571427 0.008571428571428572 0.015
1 1.3047619047619048 0.15035714285714286 0.007619047619047619 0.013571428571428571
9 1.3 0.15607142857142858 0.01904761904761905 0.013571428571428571
9 1.2647619047619048 0.15464285714285714 0.013333333333333332 0.012142857142857143
9 1.2395238095238095 0.15785714285714286 0.01619047619047619 0.012857142857142857
2 1.1685714285714286 0.14785714285714285 0.013333333333333332 0.01
1 1.1766666666666667 0.10214285714285715 0.010476190476190476 0.011428571428571429
9 1.1761904761904762 0.10571428571428572 0.01904761904761905 0.008571428571428572
3 1.302857142857143 0.12 0.05904761904761905 0.02
4 1.262857142857143 0.08071428571428571 0.045714285714285714 0.018571428571428572
3 1.1461904761904762 0.08892857142857143 0.054285714285714284 0.016428571428571428
3 1.0885714285714285 0.11285714285714285 0.024761904761904763 0.017142857142857144
3 1.0409523809523809 0.11642857142857142 0.024761904761904763 0.02
3 1.0347619047619048 0.13464285714285715 0.06 0.017857142857142856
5 0.9971428571428571 0.11107142857142857 0.049523809523809526 0.039285714285714285
3 0.9571428571428572 0.10607142857142857 0.03428571428571429 0.023571428571428573
3 0.9180952380952381 0.10928571428571429 0.03238095238095238 0.015714285714285715
6 0.9138095238095238 0.12607142857142858 0.03142857142857143 0.020714285714285713
1 0.7380952380952381 0.11892857142857143 0.009523809523809525 0.010714285714285714
9 0.7385714285714285 0.12285714285714286 0.012380952380952381 0.008571428571428572
8 0.8661904761904762 0.08464285714285714 0.12857142857142856 0.023571428571428573
3 0.10666666666666666 0.14821428571428572 0.05714285714285714 0.013571428571428571
3 0.15285714285714286 0.15321428571428572 0.05619047619047619 0.012142857142857143
3 0.13857142857142857 0.165 0.058095238095238096 0.015714285714285715
3 0.20761904761904762 0.14714285714285713 0.05714285714285714 0.014285714285714285
3 0.23666666666666666 0.15892857142857142 0.058095238095238096 0.016428571428571428
3 0.30428571428571427 0.15571428571428572 0.058095238095238096 0.015714285714285715
3 0.36523809523809525 0.13892857142857143 0.05047619047619047 0.016428571428571428
3 0.38904761904761903 0.15571428571428572 0.054285714285714284 0.017142857142857144
3 0.4714285714285714 0.15857142857142856 0.05523809523809524 0.02
4 0.5695238095238095 0.14785714285714285 0.05714285714285714 0.02
1 0.7795238095238095 0.08464285714285714 0.006666666666666666 0.007857142857142858
9 0.7790476190476191 0.08785714285714286 0.005714285714285714 0.007142857142857143
2 0.10666666666666666 0.3582142857142857 0.03428571428571429 0.012142857142857143
2 0.09666666666666666 0.3475 0.035238095238095235 0.015
2 0.08190476190476191 0.3342857142857143 0.04380952380952381 0.014285714285714285
2 0.06095238095238095 0.32107142857142856 0.045714285714285714 0.019285714285714285
2 0.04285714285714286 0.29214285714285715 0.045714285714285714 0.018571428571428572
2 0.034761904761904765 0.2760714285714286 0.040952380952380955 0.016428571428571428
2 0.029523809523809525 0.26071428571428573 0.03428571428571429 0.012857142857142857
2 0.029047619047619048 0.2507142857142857 0.02761904761904762 0.01
2 0.028095238095238097 0.24035714285714285 0.025714285714285714 0.009285714285714286
4 0.055714285714285716 0.4614285714285714 0.11333333333333333 0.06
3 0.0380952380952381 0.43107142857142855 0.07428571428571429 0.035
3 0.02619047619047619 0.4060714285714286 0.04857142857142857 0.03357142857142857
3 1.3 0.5346428571428572 0.06476190476190476 0.08642857142857142
