9 0.4727157360406091 0.007142857142857143 0.019035532994923856 0.005714285714285714
1 0.47144670050761417 0.006071428571428571 0.008883248730964466 0.0064285714285714285
3 0.8172588832487309 0.009642857142857142 0.02030456852791878 0.020714285714285713
3 0.7791878172588832 0.08392857142857142 0.02030456852791878 0.02214285714285714
3 0.9175126903553299 0.10821428571428571 0.025380710659898477 0.029285714285714286
3 0.9016497461928933 0.18321428571428572 0.024111675126903553 0.027857142857142858
8 0.8121827411167513 0.12357142857142857 0.025380710659898477 0.04857142857142857
4 0.907994923857868 0.25357142857142856 0.024111675126903553 0.037142857142857144
3 0.7645939086294415 0.2042857142857143 0.024111675126903553 0.02857142857142857
3 0.8007614213197969 0.2571428571428571 0.025380710659898477 0.027142857142857142
3 0.7893401015228426 0.4057142857142857 0.027918781725888322 0.03571428571428571
3 0.7366751269035532 0.5210714285714285 0.031725888324873094 0.04214285714285714
3 0.8521573604060914 0.5296428571428572 0.03426395939086294 0.04357142857142857
3 0.9593908629441623 0.5010714285714286 0.03045685279187817 0.04214285714285714
5 0.9048223350253807 0.4203571428571429 0.035532994923857864 0.06357142857142857
1 1.2906091370558375 0.0275 0.005076142131979695 0.0035714285714285713
1 1.2607868020304567 0.02892857142857143 0.011421319796954314 0.0064285714285714285
9 1.2588832487309645 0.030714285714285715 0.017766497461928932 0.004285714285714286
9 1.28743654822335 0.03 0.013959390862944161 0.005714285714285714
