8 0.026015228426395937 0.4785714285714286 0.05456852791878172 0.06714285714285714
8 0.049492385786802026 0.4828571428571429 0.06091370558375634 0.06285714285714286
8 0.06789340101522842 0.5110714285714286 0.04441624365482233 0.04357142857142857
1 0.09581218274111675 0.14964285714285713 0.013959390862944161 0.005
1 0.013324873096446699 0.17142857142857143 0.013959390862944161 0.004285714285714286
4 0.19923857868020303 0.3607142857142857 0.02284263959390863 0.02
4 0.18591370558375633 0.39071428571428574 0.024111675126903553 0.022857142857142857
3 0.17195431472081216 0.4164285714285714 0.026649746192893398 0.02142857142857143
3 0.5799492385786802 0.4025 0.02284263959390863 0.02214285714285714
5 0.5444162436548223 0.39285714285714285 0.03045685279187817 0.027142857142857142
4 0.6281725888324873 0.3757142857142857 0.04060913705583756 0.011428571428571429
3 0.5215736040609137 0.29714285714285715 0.02030456852791878 0.02142857142857143
3 0.5653553299492385 0.27214285714285713 0.021573604060913704 0.022857142857142857
4 0.6129441624365481 0.2835714285714286 0.025380710659898477 0.022857142857142857
4 0.5913705583756345 0.2792857142857143 0.025380710659898477 0.022857142857142857
5 0.5850253807106599 0.19714285714285715 0.048223350253807105 0.05857142857142857
5 0.6110406091370558 0.1375 0.03934010152284264 0.04214285714285714
4 0.649746192893401 0.21928571428571428 0.03045685279187817 0.02142857142857143
4 0.6573604060913705 0.2042857142857143 0.03045685279187817 0.022857142857142857
4 0.6605329949238579 0.18535714285714286 0.031725888324873094 0.025
4 0.6675126903553299 0.16892857142857143 0.025380710659898477 0.020714285714285713
3 0.6757614213197969 0.15464285714285714 0.029187817258883246 0.02214285714285714
4 0.6802030456852791 0.1357142857142857 0.032994923857868015 0.022857142857142857
3 0.7131979695431472 0.08 0.035532994923857864 0.01
3 0.714467005076142 0.06821428571428571 0.035532994923857864 0.009285714285714286
4 0.7163705583756345 0.056428571428571425 0.03934010152284264 0.01
3 0.7258883248730964 0.035 0.027918781725888322 0.01
3 0.7220812182741116 0.022857142857142857 0.03807106598984771 0.01
3 0.7214467005076142 0.002142857142857143 0.03680203045685279 0.005714285714285714
4 0.8071065989847716 0.0075 0.015228426395939085 0.016428571428571428
4 0.7804568527918782 0.017857142857142856 0.015228426395939085 0.018571428571428572
3 0.9225888324873096 0.053214285714285714 0.015228426395939085 0.020714285714285713
3 0.8083756345177664 0.06392857142857143 0.015228426395939085 0.020714285714285713
4 0.7760152284263959 0.07607142857142857 0.016497461928934008 0.017857142857142856
4 0.8134517766497461 0.11 0.015228426395939085 0.02142857142857143
4 1.0932741116751268 0.037142857142857144 0.019035532994923856 0.022857142857142857
3 1.142766497461929 0.025 0.019035532994923856 0.025714285714285714
4 1.173223350253807 0.18392857142857144 0.021573604060913704 0.023571428571428573
4 0.7696700507614213 0.12714285714285714 0.019035532994923856 0.024285714285714285
3 0.9612944162436547 0.17964285714285713 0.021573604060913704 0.023571428571428573
3 0.7658629441624365 0.21071428571428572 0.016497461928934008 0.02
4 0.8191624365482233 0.18214285714285713 0.016497461928934008 0.022857142857142857
3 0.8274111675126903 0.245 0.017766497461928932 0.022857142857142857
4 0.7696700507614213 0.2692857142857143 0.019035532994923856 0.022857142857142857
4 0.8071065989847716 0.2910714285714286 0.015228426395939085 0.02214285714285714
4 0.8343908629441624 0.30642857142857144 0.016497461928934008 0.022857142857142857
9 0.9765228426395939 0.31214285714285717 0.008883248730964466 0.011428571428571429
3 1.03997461928934 0.3717857142857143 0.021573604060913704 0.025
4 0.9238578680203045 0.41892857142857143 0.017766497461928932 0.02642857142857143
4 0.8420050761421319 0.46214285714285713 0.019035532994923856 0.022857142857142857
4 0.8388324873096447 0.5521428571428572 0.02030456852791878 0.018571428571428572
3 0.9232233502538071 0.48 0.016497461928934008 0.022857142857142857
3 0.8153553299492385 0.5139285714285714 0.016497461928934008 0.023571428571428573
3 0.7760152284263959 0.5435714285714286 0.021573604060913704 0.024285714285714285
5 1.0190355329949239 0.5489285714285714 0.027918781725888322 0.025
3 1.4873096446700507 0.5553571428571429 0.025380710659898477 0.012142857142857143
4 1.4447969543147208 0.5014285714285714 0.03680203045685279 0.024285714285714285
4 1.397208121827411 0.4710714285714286 0.03045685279187817 0.020714285714285713
8 1.3680203045685277 0.44107142857142856 0.048223350253807105 0.039285714285714285
3 1.29251269035533 0.44785714285714284 0.024111675126903553 0.022857142857142857
3 1.3343908629441623 0.40464285714285714 0.029187817258883246 0.025
3 1.3071065989847714 0.3682142857142857 0.027918781725888322 0.025
4 1.284263959390863 0.3364285714285714 0.027918781725888322 0.024285714285714285
8 1.2614213197969542 0.29464285714285715 0.04060913705583756 0.03785714285714286
1 1.6446700507614211 0.23607142857142857 0.012690355329949238 0.005
1 1.645939086294416 0.23142857142857143 0.0076142131979695426 0.002857142857142857
1 1.6522842639593907 0.2342857142857143 0.0076142131979695426 0.004285714285714286
1 1.6548223350253806 0.23857142857142857 0.01015228426395939 0.004285714285714286
9 1.4739847715736039 0.2592857142857143 0.016497461928934008 0.007142857142857143
9 1.4118020304568526 0.2839285714285714 0.013959390862944161 0.0064285714285714285
