3 0.2693333333333333 0.003 0.012 0.006
3 0.2523333333333333 0.0105 0.014 0.008
3 0.245 0.01575 0.011333333333333332 0.0075
3 0.236 0.0225 0.016 0.007
3 0.22333333333333333 0.02925 0.017333333333333333 0.0075
3 0.18266666666666667 0.03925 0.02 0.0055
3 0.17133333333333334 0.0555 0.016 0.009000000000000001
2 0.19233333333333333 0.05775 0.004666666666666666 0.0045000000000000005
1 0.19133333333333333 0.05575 0.004 0.006500000000000001
3 0.16566666666666666 0.0855 0.016666666666666666 0.01
3 0.06066666666666667 0.11225 0.025333333333333333 0.0135
9 0.09033333333333333 0.09575 0.004666666666666666 0.006500000000000001
1 0.312 0.17425000000000002 0.005333333333333333 0.0085
4 0.20533333333333334 0.16825 0.021333333333333333 0.0155
3 0.16933333333333334 0.17475000000000002 0.030666666666666665 0.0145
4 0.145 0.244 0.024666666666666667 0.021
3 0.025333333333333333 0.15525 0.025333333333333333 0.0145
3 0.013 0.182 0.02733333333333333 0.017
3 0.3113333333333333 0.382 0.07333333333333333 0.022
3 0.4116666666666666 0.35050000000000003 0.06066666666666667 0.021
3 0.4063333333333333 0.379 0.06733333333333333 0.02
3 0.483 0.3765 0.06466666666666666 0.023
3 0.5666666666666667 0.372 0.06533333333333333 0.021
3 0.6516666666666666 0.334 0.057999999999999996 0.019
5 0.7946666666666666 0.28825 0.072 0.0285
5 0.7846666666666666 0.26075 0.048 0.025500000000000002
3 0.7213333333333333 0.44675000000000004 0.03333333333333333 0.0375
3 0.9483333333333333 0.45975 0.04733333333333333 0.0425
3 0.8026666666666666 0.34375 0.056 0.0185
1 0.865 0.28 0.006 0.007
1 0.8653333333333333 0.2725 0.006666666666666666 0.009000000000000001
1 0.878 0.274 0.012 0.011
3 0.9199999999999999 0.28725 0.05333333333333333 0.0195
3 1.1796666666666666 0.27475 0.054 0.0175
1 1.1413333333333333 0.2495 0.008 0.011
3 1.2546666666666666 0.33475 0.05466666666666666 0.0155
3 1.2746666666666666 0.52125 0.076 0.0545
3 1.191 0.522 0.07266666666666667 0.051000000000000004
3 1.2923333333333333 0.678 0.08066666666666666 0.079
5 1.273 0.177 0.033999999999999996 0.023
