9 0.43476190476190474 0.6171428571428571 0.037142857142857144 0.024285714285714285
3 0.8195238095238095 0.4067857142857143 0.04857142857142857 0.03785714285714286
3 0.8433333333333334 0.37714285714285717 0.039047619047619046 0.03142857142857143
3 0.8271428571428572 0.34785714285714286 0.040952380952380955 0.03142857142857143
9 0.8166666666666667 0.32035714285714284 0.010476190476190476 0.015
9 1.286190476190476 0.42678571428571427 0.012380952380952381 0.017857142857142856
3 1.269047619047619 0.21035714285714285 0.037142857142857144 0.016428571428571428
3 1.2752380952380953 0.19642857142857142 0.03238095238095238 0.015714285714285715
3 1.2190476190476192 0.09678571428571428 0.024761904761904763 0.015
3 1.1742857142857144 0.053214285714285714 0.026666666666666665 0.013571428571428571
3 1.11 0.03428571428571429 0.029523809523809525 0.011428571428571429
3 1.081904761904762 0.024642857142857143 0.022857142857142857 0.012142857142857143
3 1.0614285714285714 0.018571428571428572 0.023809523809523808 0.014285714285714285
3 1.0347619047619048 0.012857142857142857 0.021904761904761906 0.012857142857142857
4 1.0142857142857142 0.005714285714285714 0.01904761904761905 0.011428571428571429
4 0.9961904761904762 0.0032142857142857142 0.017142857142857144 0.007857142857142858
