3 0.32571428571428573 0.1682142857142857 0.07047619047619047 0.10642857142857143
3 0.3352380952380952 0.28785714285714287 0.07428571428571429 0.11285714285714285
4 0.49476190476190474 0.18714285714285714 0.06 0.09714285714285714
3 0.5961904761904762 0.1175 0.06285714285714286 0.10357142857142858
3 0.6033333333333334 0.4235714285714286 0.06952380952380953 0.11285714285714285
3 0.7166666666666667 0.33964285714285714 0.06380952380952382 0.10928571428571429
3 0.7414285714285714 0.4585714285714286 0.07142857142857142 0.11142857142857143
3 0.34095238095238095 0.5439285714285714 0.07428571428571429 0.12214285714285714
3 0.6228571428571429 0.7175 0.06476190476190476 0.06357142857142857
9 0.8828571428571429 0.35928571428571426 0.05523809523809524 0.02857142857142857
9 0.8857142857142857 0.3392857142857143 0.05523809523809524 0.02
2 0.9619047619047619 0.3410714285714286 0.03619047619047619 0.030714285714285715
9 0.8666666666666667 0.15321428571428572 0.06095238095238095 0.027857142857142858
9 0.8614285714285714 0.12714285714285714 0.05047619047619047 0.022857142857142857
