3 0.5519047619047619 0.3867857142857143 0.040952380952380955 0.03357142857142857
3 0.6042857142857143 0.33035714285714285 0.025714285714285714 0.023571428571428573
3 0.6276190476190476 0.29642857142857143 0.022857142857142857 0.02
3 0.6857142857142857 0.16285714285714287 0.011428571428571429 0.007142857142857143
3 0.679047619047619 0.15 0.009523809523809525 0.007142857142857143
3 0.6680952380952381 0.14035714285714285 0.010476190476190476 0.007857142857142858
3 0.67 0.12785714285714286 0.008571428571428572 0.005714285714285714
3 0.6761904761904762 0.10571428571428572 0.009523809523809525 0.005714285714285714
3 0.6604761904761904 0.08928571428571429 0.006666666666666666 0.004285714285714286
3 0.6490476190476191 0.07892857142857143 0.006666666666666666 0.005
9 0.7776190476190477 0.515 0.021904761904761906 0.02142857142857143
1 0.7785714285714286 0.5128571428571429 0.014285714285714285 0.012857142857142857
1 0.7342857142857143 0.6242857142857143 0.02095238095238095 0.017142857142857144
1 0.910952380952381 0.5496428571428571 0.01619047619047619 0.015
9 0.7352380952380952 0.6228571428571429 0.01904761904761905 0.032857142857142856
1 0.12761904761904763 0.6275 0.026666666666666665 0.015
1 0.2019047619047619 0.5475 0.015238095238095238 0.012142857142857143
1 0.20809523809523808 0.5142857142857142 0.018095238095238095 0.011428571428571429
1 0.15523809523809523 0.6021428571428571 0.017142857142857144 0.012857142857142857
1 0.18666666666666668 0.4925 0.011428571428571429 0.007857142857142858
1 0.1980952380952381 0.4992857142857143 0.015238095238095238 0.01
9 1.249047619047619 0.39964285714285713 0.029523809523809525 0.017857142857142856
