3 0.34285714285714286 0.2764285714285714 0.14666666666666667 0.06714285714285714
3 0.4438095238095238 0.15321428571428572 0.05523809523809524 0.06642857142857143
3 0.5761904761904761 0.21678571428571428 0.06095238095238095 0.09071428571428572
2 0.3385714285714286 0.1792857142857143 0.04285714285714286 0.022857142857142857
9 0.3385714285714286 0.16357142857142856 0.035238095238095235 0.011428571428571429
9 0.35714285714285715 0.1525 0.02857142857142857 0.02214285714285714
2 0.4757142857142857 0.10785714285714286 0.04476190476190476 0.02142857142857143
3 0.6471428571428571 0.2860714285714286 0.07523809523809524 0.09928571428571428
3 0.5385714285714286 0.07428571428571429 0.05047619047619047 0.05714285714285714
3 0.6057142857142858 0.09892857142857144 0.047619047619047616 0.05928571428571429
3 0.6090476190476191 0.048214285714285716 0.040952380952380955 0.04214285714285714
3 0.5566666666666666 0.04 0.04666666666666667 0.04428571428571428
3 0.611904761904762 0.0175 0.040952380952380955 0.03642857142857143
3 0.5638095238095238 0.008928571428571428 0.0419047619047619 0.019285714285714285
3 0.4247619047619048 0.3732142857142857 0.08952380952380952 0.125
3 0.5776190476190476 0.39321428571428574 0.08476190476190476 0.13642857142857143
4 0.16666666666666666 0.5803571428571429 0.22666666666666666 0.10642857142857143
3 0.1980952380952381 0.4942857142857143 0.23047619047619047 0.08142857142857143
3 0.24 0.42428571428571427 0.21904761904761905 0.06857142857142857
3 0.38952380952380955 0.6782142857142857 0.16380952380952382 0.1407142857142857
5 0.670952380952381 0.58 0.13047619047619047 0.2742857142857143
8 0.8709523809523809 0.0175 0.07523809523809524 0.03642857142857143
3 0.9076190476190477 0.08214285714285714 0.06285714285714286 0.05
3 1.0038095238095237 0.05607142857142857 0.06857142857142857 0.04214285714285714
3 0.969047619047619 0.02214285714285714 0.04857142857142857 0.03571428571428571
3 0.9928571428571429 0.11142857142857143 0.06761904761904762 0.04857142857142857
3 1.0457142857142858 0.09678571428571428 0.0761904761904762 0.04357142857142857
3 1.0847619047619048 0.1492857142857143 0.08761904761904762 0.05714285714285714
3 1.15 0.22 0.10571428571428572 0.06571428571428571
3 1.25 0.3339285714285714 0.12857142857142856 0.09071428571428572
