3 0.13263358778625953 0.709585121602289 0.11641221374045801 0.07439198855507868
3 0.13024809160305342 0.5815450643776824 0.10019083969465649 0.13447782546494993
3 0.5276717557251909 0.6834763948497854 0.1965648854961832 0.11659513590844063
3 0.5 0.6033619456366237 0.21564885496183206 0.10515021459227468
3 0.4833015267175572 0.5411301859799714 0.1784351145038168 0.08082975679542204
3 0.4375 0.4459942775393419 0.15171755725190839 0.06652360515021459
3 0.1450381679389313 0.449928469241774 0.11068702290076335 0.09298998569384835
3 0.41698473282442744 0.40915593705293274 0.14694656488549618 0.06723891273247497
3 0.39217557251908397 0.37768240343347637 0.13740458015267176 0.055793991416309016
3 0.3912213740458015 0.3472818311874106 0.12022900763358778 0.05078683834048641
3 0.3640267175572519 0.3251072961373391 0.11736641221374046 0.04935622317596566
3 0.8196564885496183 0.30686695278969955 0.08396946564885496 0.05722460658082976
3 1.2018129770992365 0.43383404864091557 0.14026717557251908 0.08226037195994278
3 1.041030534351145 0.3444206008583691 0.10687022900763359 0.06223175965665236
3 0.916030534351145 0.275035765379113 0.08396946564885496 0.04935622317596566
3 0.5124045801526718 0.15486409155937053 0.04961832061068702 0.033619456366237484
3 0.4775763358778626 0.12625178826895564 0.027671755725190837 0.02646638054363376
3 1.0529580152671756 0.2929184549356223 0.0715648854961832 0.05078683834048641
3 1.0157442748091603 0.14377682403433475 0.06011450381679389 0.024320457796852647
3 1.083969465648855 0.16952789699570817 0.07061068702290076 0.031473533619456366
3 0.6607824427480916 0.27145922746781115 0.06393129770992366 0.056509298998569386
1 0.12213740458015267 0.3158082975679542 0.026717557251908396 0.019313304721030045
2 0.12118320610687022 0.3090128755364807 0.04961832061068702 0.01859799713876967
9 0.2633587786259542 0.35550786838340487 0.02099236641221374 0.031473533619456366
2 0.1855916030534351 0.30472103004291845 0.02194656488549618 0.024320457796852647
2 0.1894083969465649 0.28934191702432044 0.025763358778625952 0.017882689556509297
2 0.21421755725190839 0.2753934191702432 0.03148854961832061 0.020028612303290415
2 0.3196564885496183 0.3082975679542203 0.03435114503816794 0.022889842632331903
3 0.07967557251908397 0.010371959942775393 0.03148854961832061 0.01072961373390558
3 0.08015267175572519 0.005007153075822604 0.02862595419847328 0.010014306151645207
3 0.09637404580152671 0.03934191702432046 0.02862595419847328 0.01859799713876967
3 0.1827290076335878 0.0890557939914163 0.029580152671755722 0.022174535050071532
3 0.11450381679389313 0.11587982832618025 0.061068702290076333 0.024320457796852647
3 0.08158396946564885 0.08869814020028613 0.029580152671755722 0.02145922746781116
3 0.08587786259541984 0.07474964234620887 0.03244274809160305 0.020743919885550785
3 0.17891221374045801 0.07188841201716738 0.027671755725190837 0.017882689556509297
3 0.1765267175572519 0.06044349070100143 0.02480916030534351 0.017882689556509297
3 0.16841603053435114 0.028254649499284693 0.025763358778625952 0.016452074391988557
3 0.16364503816793893 0.019313304721030045 0.03721374045801527 0.01430615164520744
3 0.16889312977099236 0.014663805436337624 0.019083969465648856 0.012160228898426323
3 0.16555343511450382 0.011444921316165951 0.016221374045801526 0.015736766809728183
3 0.10543893129770993 0.020028612303290415 0.023854961832061067 0.015736766809728183
3 0.11641221374045801 0.06831187410586552 0.02862595419847328 0.022174535050071532
3 0.17986641221374045 0.10515021459227468 0.03148854961832061 0.02575107296137339
3 0.3105916030534351 0.1255364806866953 0.07347328244274809 0.017882689556509297
4 0.16793893129770993 0.005007153075822604 0.01717557251908397 0.011444921316165951
4 0.17080152671755724 0.0407725321888412 0.022900763358778626 0.01859799713876967
4 0.2791030534351145 0.10515021459227468 0.05629770992366412 0.02575107296137339
4 0.2189885496183206 0.12696709585121602 0.05820610687022901 0.04935622317596566
2 0.353530534351145 0.2510729613733906 0.025763358778625952 0.012875536480686695
2 0.41459923664122134 0.2986409155937053 0.025763358778625952 0.019313304721030045
2 0.4360687022900763 0.2800429184549356 0.02862595419847328 0.016452074391988557
2 0.3888358778625954 0.2811158798283262 0.029580152671755722 0.015736766809728183
2 0.3506679389312977 0.29506437768240346 0.03148854961832061 0.007868383404864092
2 0.3692748091603053 0.27467811158798283 0.030534351145038167 0.01859799713876967
2 0.416030534351145 0.2678826895565093 0.03435114503816794 0.017882689556509297
9 0.3559160305343511 0.2829041487839771 0.04961832061068702 0.017882689556509297
9 0.4451335877862595 0.2510729613733906 0.04484732824427481 0.022889842632331903
1 0.4465648854961832 0.24713876967095852 0.019083969465648856 0.012160228898426323
1 0.5209923664122137 0.24892703862660945 0.01717557251908397 0.02145922746781116
9 0.5720419847328244 0.34298998569384836 0.03530534351145038 0.02646638054363376
2 0.5901717557251909 0.3773247496423462 0.020038167938931296 0.02503576537911302
2 0.6145038167938931 0.4041487839771102 0.03244274809160305 0.031473533619456366
2 0.6817748091603053 0.3605150214592275 0.03912213740458015 0.01859799713876967
2 0.6803435114503816 0.34513590844062947 0.03816793893129771 0.02646638054363376
2 0.6560114503816794 0.32224606580829757 0.027671755725190837 0.02646638054363376
2 0.6350190839694656 0.3168812589413448 0.033396946564885496 0.02575107296137339
2 0.6059160305343512 0.2771816881258941 0.022900763358778626 0.02503576537911302
2 0.5362595419847328 0.29542203147353363 0.03816793893129771 0.012875536480686695
2 0.5305343511450381 0.2918454935622318 0.03244274809160305 0.017167381974248927
2 0.5295801526717557 0.2696709585121602 0.02862595419847328 0.01859799713876967
2 0.4823473282442748 0.25643776824034337 0.033396946564885496 0.01072961373390558
2 0.5749045801526718 0.275035765379113 0.027671755725190837 0.017882689556509297
2 0.5553435114503816 0.32474964234620884 0.03625954198473282 0.024320457796852647
2 0.6145038167938931 0.3032904148783977 0.03435114503816794 0.01430615164520744
9 0.575381679389313 0.2603719599427754 0.03625954198473282 0.015736766809728183
9 0.7313931297709924 0.4138054363376252 0.025763358778625952 0.033619456366237484
2 0.5458015267175572 0.31223175965665234 0.03625954198473282 0.015021459227467811
2 0.46612595419847325 0.23247496423462088 0.03721374045801527 0.011444921316165951
3 0.5834923664122137 0.1988555078683834 0.06011450381679389 0.047210300429184546
2 0.5209923664122137 0.20278969957081544 0.02099236641221374 0.017882689556509297
2 0.5033396946564885 0.1938483547925608 0.025763358778625952 0.017167381974248927
2 0.7619274809160305 0.44027181688125894 0.03530534351145038 0.03791130185979971
1 0.9976145038167938 0.6952789699570815 0.033396946564885496 0.030042918454935622
2 0.9904580152671756 0.7110157367668097 0.07633587786259542 0.045779685264663805
2 0.8587786259541984 0.5246781115879828 0.047709923664122134 0.0407725321888412
2 0.911736641221374 0.5618741058655222 0.029580152671755722 0.030758226037195996
8 1.032442748091603 0.4302575107296137 0.33396946564885494 0.21530758226037197
3 1.2948473282442747 0.434549356223176 0.07442748091603053 0.07224606580829757
3 1.2361641221374045 0.18311874105865522 0.07347328244274809 0.02861230329041488
3 1.295324427480916 0.20314735336194564 0.06583969465648855 0.022889842632331903
4 1.2705152671755724 0.2371244635193133 0.12309160305343511 0.06652360515021459
3 0.8134541984732824 0.07188841201716738 0.04866412213740458 0.019313304721030045
4 0.7213740458015266 0.04542203147353362 0.04389312977099236 0.022174535050071532
3 0.6536259541984732 0.02503576537911302 0.02862595419847328 0.015736766809728183
3 0.6087786259541984 0.01251788268955651 0.022900763358778626 0.012160228898426323
3 0.6049618320610687 0.044706723891273246 0.03244274809160305 0.015021459227467811
