3 0.8868274582560297 0.48147181628392477 0.1150278293135436 0.04853862212943632
3 0.8789424860853432 0.4347599164926931 0.08256029684601113 0.04801670146137787
3 0.9948979591836735 0.40788100208768263 0.09925788497217068 0.04018789144050104
4 0.7639146567717996 0.4665970772442588 0.11781076066790352 0.051148225469728595
9 0.9397031539888683 0.3956158663883089 0.02411873840445269 0.01774530271398747
9 1.1971243042671613 0.3212421711899791 0.030612244897959183 0.010960334029227557
2 0.6901669758812616 0.4501565762004175 0.016697588126159554 0.020354906054279746
3 1.2592764378478665 0.33324634655532354 0.09183673469387756 0.0360125260960334
3 1.4202226345083488 0.2834029227557411 0.04823747680890538 0.028183716075156573
4 1.3376623376623378 0.30949895615866385 0.0686456400742115 0.028183716075156573
8 1.579313543599258 0.3460334029227557 0.16975881261595546 0.07933194154488517
8 1.7291280148423005 0.30062630480167013 0.09090909090909091 0.07411273486430062
9 0.7360853432282004 0.4405010438413361 0.039888682745825604 0.019832985386221292
9 1.2722634508348794 0.3092379958246346 0.03246753246753247 0.013048016701461376
9 1.2973098330241188 0.3003653444676409 0.021335807050092765 0.017223382045929016
9 1.4545454545454546 0.26226513569937365 0.03339517625231911 0.013048016701461376
9 1.4350649350649352 0.25469728601252606 0.016697588126159554 0.014613778705636741
9 0.9707792207792207 0.388830897703549 0.030612244897959183 0.016701461377870562
9 0.7175324675324676 0.4444154488517745 0.02319109461966605 0.01826722338204593
9 1.2564935064935066 0.29070981210855945 0.02504638218923933 0.008350730688935281
9 1.273191094619666 0.2881002087682672 0.013914656771799629 0.0073068893528183704
1 1.2578849721706864 0.2849686847599165 0.011131725417439703 0.008350730688935281
1 1.2717996289424862 0.2813152400835073 0.011131725417439703 0.009394572025052192
9 0.33441558441558444 0.5276617954070981 0.07328385899814471 0.026096033402922752
9 0.3274582560296846 0.5198329853862212 0.06679035250463822 0.027139874739039664
