8 0.7335025380710659 0.3525 0.2182741116751269 0.03785714285714286
8 0.6833756345177664 0.4082142857142857 0.22715736040609136 0.05071428571428571
8 0.6491116751269035 0.2960714285714286 0.20939086294416243 0.039285714285714285
8 0.6554568527918782 0.25892857142857145 0.20685279187817257 0.045
8 0.6541878172588832 0.21857142857142858 0.20685279187817257 0.045714285714285714
8 0.6656091370558375 0.17892857142857144 0.20685279187817257 0.045
8 0.6795685279187816 0.1425 0.19416243654822332 0.04214285714285714
5 0.697969543147208 0.10785714285714286 0.18274111675126903 0.037142857142857144
5 0.8185279187817258 0.12928571428571428 0.050761421319796954 0.08857142857142856
5 0.8026649746192893 0.27785714285714286 0.06472081218274112 0.10285714285714286
5 0.8864213197969543 0.28714285714285714 0.06472081218274112 0.11142857142857143
5 0.9606598984771573 0.2710714285714286 0.06345177664974619 0.11214285714285714
5 1.1040609137055837 0.355 0.08375634517766496 0.11857142857142858
5 1.0799492385786802 0.21571428571428572 0.07360406091370558 0.13857142857142857
5 1.001269035532995 0.12857142857142856 0.06598984771573603 0.09142857142857143
5 0.9403553299492385 0.135 0.055837563451776644 0.09
5 0.8813451776649746 0.15642857142857142 0.06218274111675126 0.1457142857142857
8 1.1738578680203045 0.2907142857142857 0.09390862944162436 0.12857142857142856
5 0.6478426395939085 0.5182142857142857 0.2449238578680203 0.05071428571428571
8 0.6338832487309645 0.4639285714285714 0.2347715736040609 0.04357142857142857
3 1.0196700507614211 0.36 0.04187817258883248 0.05714285714285714
