5 0.4828571428571429 0.7160714285714286 0.06285714285714286 0.02642857142857143
5 0.5223809523809524 0.41678571428571426 0.01619047619047619 0.02214285714285714
5 0.47285714285714286 0.5292857142857142 0.03333333333333333 0.04428571428571428
5 0.1742857142857143 0.23142857142857143 0.017142857142857144 0.008571428571428572
5 0.16952380952380952 0.2275 0.02857142857142857 0.017857142857142856
5 0.15666666666666668 0.22535714285714287 0.025714285714285714 0.019285714285714285
5 0.14952380952380953 0.22392857142857142 0.026666666666666665 0.020714285714285713
5 0.4847619047619048 0.2814285714285714 0.015238095238095238 0.015714285714285715
5 0.5042857142857143 0.26321428571428573 0.012380952380952381 0.010714285714285714
5 0.4866666666666667 0.31464285714285717 0.022857142857142857 0.027857142857142858
3 0.5047619047619047 0.5942857142857143 0.02857142857142857 0.012857142857142857
3 0.5033333333333333 0.5846428571428571 0.029523809523809525 0.012142857142857143
3 0.5095238095238095 0.575 0.02857142857142857 0.01
3 0.5152380952380953 0.5567857142857143 0.02857142857142857 0.010714285714285714
4 0.3595238095238095 0.4492857142857143 0.014285714285714285 0.011428571428571429
3 0.5471428571428572 0.24428571428571427 0.006666666666666666 0.005714285714285714
4 0.5061904761904762 0.2525 0.008571428571428572 0.0064285714285714285
3 0.559047619047619 0.21142857142857144 0.007619047619047619 0.004285714285714286
3 0.5633333333333334 0.2075 0.006666666666666666 0.005
3 0.39 0.21035714285714285 0.012380952380952381 0.005
3 0.5661904761904762 0.2025 0.006666666666666666 0.005
8 0.5657142857142857 0.17285714285714285 0.009523809523809525 0.01
5 0.6138095238095238 0.235 0.01619047619047619 0.007142857142857143
4 0.6304761904761905 0.2357142857142857 0.011428571428571429 0.004285714285714286
3 0.6847619047619048 0.23535714285714285 0.013333333333333332 0.005
3 0.7738095238095238 0.22607142857142856 0.008571428571428572 0.0064285714285714285
3 0.7733333333333333 0.2342857142857143 0.009523809523809525 0.004285714285714286
3 0.8157142857142857 0.235 0.010476190476190476 0.004285714285714286
3 0.7833333333333333 0.22892857142857143 0.006666666666666666 0.0064285714285714285
3 0.8638095238095238 0.2332142857142857 0.011428571428571429 0.005
3 0.8804761904761905 0.23464285714285715 0.010476190476190476 0.005
4 0.8814285714285715 0.22964285714285715 0.014285714285714285 0.005
4 0.8957142857142857 0.23107142857142857 0.010476190476190476 0.005
3 0.8542857142857143 0.22964285714285715 0.011428571428571429 0.005
3 0.8890476190476191 0.2092857142857143 0.004761904761904762 0.004285714285714286
3 0.8904761904761904 0.20642857142857143 0.007619047619047619 0.004285714285714286
5 1.1361904761904762 0.2275 0.02857142857142857 0.010714285714285714
3 0.5766666666666667 0.1625 0.004761904761904762 0.005
8 0.6333333333333333 0.09964285714285714 0.005714285714285714 0.0064285714285714285
3 0.6180952380952381 0.11392857142857143 0.005714285714285714 0.005
