3 0.34904761904761905 0.6171428571428571 0.37238095238095237 0.16
3 0.30428571428571427 0.465 0.32285714285714284 0.13142857142857142
3 0.27 0.355 0.27904761904761904 0.11714285714285715
3 0.1457142857142857 0.18428571428571427 0.17333333333333334 0.07428571428571429
3 0.9023809523809524 0.5571428571428572 0.2619047619047619 0.2342857142857143
3 0.9661904761904762 0.42392857142857143 0.2180952380952381 0.16071428571428573
3 0.9276190476190476 0.2825 0.18857142857142858 0.09928571428571428
3 1.1238095238095238 0.2932142857142857 0.21142857142857144 0.10642857142857143
3 0.9728571428571429 0.19857142857142857 0.17238095238095238 0.08
4 0.741904761904762 0.2596428571428571 0.17714285714285713 0.12785714285714286
4 0.6761904761904762 0.33714285714285713 0.19238095238095237 0.15285714285714286
3 0.5190476190476191 0.2342857142857143 0.18095238095238095 0.08857142857142856
3 0.6123809523809524 0.16642857142857143 0.1180952380952381 0.09714285714285714
3 0.47523809523809524 0.13964285714285715 0.10857142857142857 0.08071428571428571
3 0.4176190476190476 0.07178571428571429 0.07523809523809524 0.05785714285714286
1 0.3457142857142857 0.16714285714285715 0.02857142857142857 0.02857142857142857
2 0.34476190476190477 0.17714285714285713 0.03238095238095238 0.037142857142857144
3 0.5328571428571428 0.10214285714285715 0.10761904761904761 0.07285714285714286
3 0.49047619047619045 0.05857142857142857 0.08571428571428572 0.05285714285714286
3 0.28904761904761905 0.08035714285714286 0.08285714285714285 0.060714285714285714
3 0.14047619047619048 0.08071428571428571 0.1761904761904762 0.05857142857142857
3 0.14095238095238094 0.05285714285714286 0.16 0.05
3 0.10333333333333333 0.03678571428571428 0.15904761904761905 0.039285714285714285
3 0.11619047619047619 0.017857142857142856 0.14666666666666667 0.037142857142857144
3 0.25761904761904764 0.03642857142857143 0.07904761904761905 0.05285714285714286
3 0.3576190476190476 0.023214285714285715 0.07333333333333333 0.04642857142857143
3 0.4257142857142857 0.019285714285714285 0.0761904761904762 0.04
8 0.7195238095238096 0.11607142857142858 0.3038095238095238 0.1992857142857143
3 0.8680952380952381 0.13 0.09619047619047619 0.06428571428571428
3 0.7509523809523809 0.07107142857142858 0.09428571428571429 0.04642857142857143
3 0.6680952380952381 0.024642857142857143 0.08857142857142856 0.04214285714285714
5 0.7757142857142857 0.022857142857142857 0.09619047619047619 0.03571428571428571
3 0.9080952380952381 0.08571428571428572 0.15142857142857144 0.04428571428571428
3 0.9771428571428571 0.10964285714285714 0.1657142857142857 0.04928571428571429
3 1.032857142857143 0.1425 0.1819047619047619 0.05928571428571429
4 1.1595238095238096 0.18142857142857144 0.17809523809523808 0.07142857142857142
