9 1.0714285714285714 0.47464285714285714 0.0380952380952381 0.023571428571428573
3 0.8414285714285714 0.11964285714285715 0.025714285714285714 0.010714285714285714
5 0.8128571428571428 0.11535714285714285 0.03333333333333333 0.019285714285714285
1 0.6385714285714286 0.24285714285714285 0.010476190476190476 0.014285714285714285
2 0.638095238095238 0.24535714285714286 0.01904761904761905 0.012142857142857143
3 0.15047619047619049 0.24071428571428571 0.0380952380952381 0.024285714285714285
3 0.07952380952380952 0.18428571428571427 0.02761904761904762 0.015714285714285715
3 0.058095238095238096 0.16785714285714284 0.03238095238095238 0.024285714285714285
9 0.1180952380952381 0.185 0.015238095238095238 0.01
1 0.11666666666666667 0.18107142857142858 0.008571428571428572 0.009285714285714286
1 0.11428571428571428 0.17964285714285713 0.009523809523809525 0.009285714285714286
4 0.02142857142857143 0.11892857142857143 0.025714285714285714 0.015
3 0.30095238095238097 0.41928571428571426 0.05714285714285714 0.05
3 0.6023809523809524 0.0975 0.023809523809523808 0.010714285714285714
