3 0.77 0.5696428571428571 0.12095238095238095 0.125
3 0.7623809523809524 0.40785714285714286 0.1 0.09
3 0.36952380952380953 0.37142857142857144 0.15047619047619049 0.06857142857142857
3 0.4204761904761905 0.21892857142857142 0.10380952380952381 0.03785714285714286
3 0.9566666666666667 0.19035714285714286 0.04285714285714286 0.035
3 1.0066666666666666 0.16857142857142857 0.04 0.03142857142857143
3 0.8909523809523809 0.1717857142857143 0.05047619047619047 0.039285714285714285
3 0.7447619047619047 0.1682142857142857 0.05142857142857143 0.035
3 0.8033333333333333 0.1725 0.04666666666666667 0.03785714285714286
3 1.0195238095238095 0.12535714285714286 0.029523809523809525 0.027857142857142858
3 0.9447619047619048 0.11178571428571428 0.03619047619047619 0.025
3 1.029047619047619 0.0775 0.029523809523809525 0.023571428571428573
3 1.0038095238095237 0.048928571428571425 0.022857142857142857 0.015
3 1.022857142857143 0.02857142857142857 0.022857142857142857 0.017142857142857144
3 1.0609523809523809 0.008571428571428572 0.015238095238095238 0.015714285714285715
3 1.109047619047619 0.024642857142857143 0.023809523809523808 0.012142857142857143
3 0.9052380952380953 0.055357142857142855 0.03333333333333333 0.023571428571428573
3 0.023809523809523808 0.1775 0.049523809523809526 0.03785714285714286
3 0.0919047619047619 0.6653571428571429 0.1838095238095238 0.15785714285714286
3 0.4276190476190476 0.6989285714285715 0.18285714285714286 0.10071428571428571
3 1.0433333333333332 0.0032142857142857142 0.01619047619047619 0.007857142857142858
3 0.9404761904761905 0.2717857142857143 0.05047619047619047 0.04357142857142857
3 1.0814285714285714 0.3517857142857143 0.08666666666666667 0.056428571428571425
1 0.12714285714285714 0.15678571428571428 0.02 0.023571428571428573
2 0.12380952380952381 0.16107142857142856 0.02095238095238095 0.020714285714285713
2 0.17285714285714285 0.15928571428571428 0.014285714285714285 0.014285714285714285
1 0.17238095238095238 0.15035714285714286 0.011428571428571429 0.016428571428571428
1 0.4676190476190476 0.1475 0.015238095238095238 0.013571428571428571
1 0.4523809523809524 0.1632142857142857 0.017142857142857144 0.017857142857142856
1 0.4642857142857143 0.18214285714285713 0.018095238095238095 0.022857142857142857
2 0.45904761904761904 0.1717857142857143 0.030476190476190476 0.012142857142857143
9 0.46714285714285714 0.1875 0.039047619047619046 0.016428571428571428
6 0.46190476190476193 0.15428571428571428 0.045714285714285714 0.018571428571428572
8 0.6480952380952381 0.17464285714285716 0.14 0.09928571428571428
3 0.9 0.2317857142857143 0.047619047619047616 0.04214285714285714
8 1.0761904761904761 0.095 0.045714285714285714 0.06142857142857143
1 1.1495238095238096 0.18357142857142858 0.009523809523809525 0.017142857142857144
9 1.149047619047619 0.19107142857142856 0.018095238095238095 0.019285714285714285
1 1.1690476190476191 0.23464285714285715 0.02 0.020714285714285713
1 1.1723809523809523 0.23785714285714285 0.01904761904761905 0.018571428571428572
1 1.161904761904762 0.285 0.022857142857142857 0.022857142857142857
9 1.1695238095238096 0.24071428571428571 0.01904761904761905 0.02
2 1.1638095238095238 0.2953571428571429 0.022857142857142857 0.025
1 1.2614285714285713 0.3975 0.01619047619047619 0.03642857142857143
9 1.256190476190476 0.3992857142857143 0.05904761904761905 0.024285714285714285
3 0.8347619047619048 0.1525 0.040952380952380955 0.02642857142857143
3 0.8585714285714285 0.13178571428571428 0.037142857142857144 0.02642857142857143
4 0.878095238095238 0.11392857142857143 0.0380952380952381 0.03214285714285714
3 0.8971428571428571 0.10071428571428571 0.03238095238095238 0.02142857142857143
3 0.9080952380952381 0.08714285714285715 0.03142857142857143 0.02142857142857143
3 0.9285714285714286 0.07642857142857143 0.024761904761904763 0.022857142857142857
3 0.9428571428571428 0.065 0.02857142857142857 0.02
3 0.9476190476190476 0.053214285714285714 0.030476190476190476 0.023571428571428573
3 0.9638095238095238 0.04214285714285714 0.026666666666666665 0.018571428571428572
3 0.9809523809523809 0.030357142857142857 0.022857142857142857 0.017857142857142856
3 0.9890476190476191 0.02214285714285714 0.023809523809523808 0.014285714285714285
3 0.9942857142857143 0.015 0.02095238095238095 0.012857142857142857
3 1.0033333333333334 0.009285714285714286 0.02 0.012857142857142857
3 1.0133333333333334 0.0035714285714285713 0.02095238095238095 0.008571428571428572
4 1.1752380952380952 0.038214285714285715 0.02857142857142857 0.025
