3 0.025714285714285714 0.07428571428571429 0.05333333333333333 0.027142857142857142
3 0.12476190476190477 0.065 0.07428571428571429 0.03
5 0.2338095238095238 0.04178571428571429 0.11142857142857143 0.055
5 0.4942857142857143 0.05107142857142857 0.10095238095238095 0.065
5 0.4033333333333333 0.06535714285714286 0.07523809523809524 0.035
2 0.1895238095238095 0.115 0.03238095238095238 0.015714285714285715
2 0.3547619047619048 0.12 0.012380952380952381 0.02142857142857143
1 0.4866666666666667 0.13285714285714287 0.013333333333333332 0.011428571428571429
1 0.6376190476190476 0.29428571428571426 0.014285714285714285 0.012857142857142857
9 0.6385714285714286 0.29714285714285715 0.014285714285714285 0.024285714285714285
4 0.5161904761904762 0.4707142857142857 0.049523809523809526 0.07285714285714286
5 0.43 0.57 0.14952380952380953 0.05
5 0.43761904761904763 0.6153571428571428 0.16857142857142857 0.05357142857142857
2 0.38571428571428573 0.6496428571428572 0.0380952380952381 0.013571428571428571
2 0.4480952380952381 0.6714285714285714 0.037142857142857144 0.018571428571428572
3 0.5271428571428571 0.6753571428571429 0.07904761904761905 0.056428571428571425
3 0.8438095238095238 0.7328571428571429 0.05714285714285714 0.03142857142857143
4 0.92 0.6692857142857143 0.07047619047619047 0.09714285714285714
3 0.7280952380952381 0.5596428571428571 0.054285714285714284 0.09071428571428572
3 0.83 0.5192857142857142 0.058095238095238096 0.08
3 0.8471428571428572 0.43607142857142855 0.05619047619047619 0.07928571428571428
3 0.6942857142857143 0.36464285714285716 0.04380952380952381 0.06785714285714285
3 0.8123809523809524 0.31857142857142856 0.05714285714285714 0.07428571428571429
3 0.7409523809523809 0.24321428571428572 0.04380952380952381 0.060714285714285714
5 0.77 0.17892857142857144 0.04476190476190476 0.06642857142857143
4 0.7357142857142858 0.12428571428571429 0.05047619047619047 0.045714285714285714
3 0.6904761904761905 0.09571428571428571 0.0380952380952381 0.037142857142857144
3 0.76 0.025357142857142856 0.06857142857142857 0.04071428571428572
3 0.8628571428571429 0.0064285714285714285 0.06857142857142857 0.014285714285714285
1 0.8547619047619047 0.11928571428571429 0.012380952380952381 0.014285714285714285
1 0.9347619047619048 0.025714285714285714 0.012380952380952381 0.011428571428571429
1 1.0433333333333332 0.014285714285714285 0.012380952380952381 0.012857142857142857
5 0.9914285714285714 0.029642857142857144 0.05714285714285714 0.060714285714285714
5 1.1638095238095238 0.019285714285714285 0.1219047619047619 0.04
