3 0.02857142857142857 0.24571428571428572 0.05714285714285714 0.03428571428571429
3 0.019523809523809523 0.20642857142857143 0.039047619047619046 0.027142857142857142
3 0.15666666666666668 0.23357142857142857 0.07714285714285714 0.03
3 0.14 0.18928571428571428 0.05142857142857143 0.02142857142857143
3 0.15857142857142856 0.41535714285714287 0.07523809523809524 0.06785714285714285
3 0.5833333333333334 0.7096428571428571 0.12476190476190477 0.07928571428571428
3 0.379047619047619 0.5196428571428572 0.1219047619047619 0.08928571428571429
3 0.41714285714285715 0.3914285714285714 0.13333333333333333 0.04428571428571428
3 0.7452380952380953 0.34285714285714286 0.06 0.05
3 0.21666666666666667 0.355 0.09619047619047619 0.047142857142857146
3 0.25523809523809526 0.31107142857142855 0.08190476190476191 0.04071428571428572
3 0.2119047619047619 0.29642857142857143 0.09428571428571429 0.05142857142857143
4 0.1738095238095238 0.285 0.09238095238095238 0.05
1 0.15428571428571428 0.25642857142857145 0.017142857142857144 0.014285714285714285
9 0.15476190476190477 0.2625 0.021904761904761906 0.013571428571428571
4 0.11666666666666667 0.16892857142857143 0.04476190476190476 0.023571428571428573
3 0.25857142857142856 0.12964285714285714 0.03142857142857143 0.016428571428571428
3 0.17952380952380953 0.12821428571428573 0.04666666666666667 0.012142857142857143
3 0.18761904761904763 0.12392857142857143 0.04 0.012142857142857143
3 0.19238095238095237 0.12321428571428572 0.03619047619047619 0.013571428571428571
3 0.1980952380952381 0.12214285714285714 0.03428571428571429 0.012857142857142857
3 0.2361904761904762 0.11214285714285714 0.03619047619047619 0.011428571428571429
3 0.24714285714285714 0.10642857142857143 0.035238095238095235 0.01
3 0.26142857142857145 0.10214285714285715 0.02761904761904762 0.01
3 0.26571428571428574 0.09821428571428571 0.026666666666666665 0.007857142857142858
3 0.28523809523809524 0.16142857142857142 0.04476190476190476 0.014285714285714285
3 0.30714285714285716 0.15357142857142858 0.04857142857142857 0.014285714285714285
3 0.31 0.14464285714285716 0.039047619047619046 0.013571428571428571
3 0.31857142857142856 0.13642857142857143 0.039047619047619046 0.014285714285714285
3 0.27285714285714285 0.25821428571428573 0.07333333333333333 0.030714285714285715
3 0.3180952380952381 0.2592857142857143 0.07428571428571429 0.032857142857142856
3 0.3295238095238095 0.2785714285714286 0.07428571428571429 0.03142857142857143
3 0.3514285714285714 0.29428571428571426 0.07809523809523809 0.045714285714285714
3 0.3976190476190476 0.22964285714285715 0.06190476190476191 0.027857142857142858
3 0.3961904761904762 0.25035714285714283 0.06476190476190476 0.029285714285714286
3 0.4338095238095238 0.26 0.06 0.032857142857142856
4 0.4919047619047619 0.23035714285714284 0.04857142857142857 0.03214285714285714
3 0.42904761904761907 0.19285714285714287 0.07142857142857142 0.024285714285714285
3 0.6395238095238095 0.23607142857142857 0.054285714285714284 0.029285714285714286
3 0.5466666666666666 0.20785714285714285 0.047619047619047616 0.022857142857142857
3 0.5719047619047619 0.19 0.039047619047619046 0.02142857142857143
3 0.5585714285714286 0.16785714285714284 0.039047619047619046 0.022857142857142857
3 0.6214285714285714 0.1492857142857143 0.03333333333333333 0.017142857142857144
4 0.6195238095238095 0.17464285714285716 0.03333333333333333 0.019285714285714285
3 0.6357142857142857 0.1657142857142857 0.029523809523809525 0.02
3 0.6623809523809524 0.15464285714285714 0.029523809523809525 0.017857142857142856
3 0.680952380952381 0.14607142857142857 0.026666666666666665 0.013571428571428571
3 0.6957142857142857 0.1392857142857143 0.025714285714285714 0.014285714285714285
8 0.6528571428571428 0.11714285714285715 0.05238095238095238 0.02857142857142857
3 0.690952380952381 0.11928571428571429 0.023809523809523808 0.011428571428571429
3 0.7104761904761905 0.13178571428571428 0.02095238095238095 0.007857142857142858
3 0.7261904761904762 0.12714285714285714 0.018095238095238095 0.01
3 0.7338095238095238 0.12071428571428572 0.02 0.01
4 0.7466666666666667 0.11178571428571428 0.017142857142857144 0.017857142857142856
3 0.7552380952380953 0.10214285714285715 0.015238095238095238 0.011428571428571429
3 0.7723809523809524 0.10535714285714286 0.022857142857142857 0.010714285714285714
3 0.7838095238095238 0.0975 0.013333333333333332 0.009285714285714286
3 0.7609523809523809 0.09321428571428571 0.017142857142857144 0.010714285714285714
3 0.7690476190476191 0.09821428571428571 0.01619047619047619 0.013571428571428571
4 0.7195238095238096 0.095 0.04476190476190476 0.027142857142857142
3 0.6847619047619048 0.08142857142857143 0.01904761904761905 0.011428571428571429
3 0.6857142857142857 0.09285714285714286 0.02095238095238095 0.012857142857142857
3 0.7595238095238095 0.0725 0.012380952380952381 0.009285714285714286
3 0.8114285714285714 0.0675 0.013333333333333332 0.009285714285714286
3 0.8333333333333334 0.07071428571428572 0.013333333333333332 0.007142857142857143
3 0.8457142857142858 0.05928571428571429 0.009523809523809525 0.005714285714285714
3 0.8633333333333333 0.05857142857142857 0.010476190476190476 0.007142857142857143
3 0.8814285714285715 0.06857142857142857 0.012380952380952381 0.008571428571428572
3 0.861904761904762 0.075 0.009523809523809525 0.005714285714285714
3 0.8857142857142857 0.05821428571428571 0.011428571428571429 0.0064285714285714285
3 0.9014285714285715 0.05035714285714286 0.008571428571428572 0.0064285714285714285
3 0.9104761904761904 0.05071428571428571 0.009523809523809525 0.005714285714285714
3 0.9185714285714286 0.04178571428571429 0.006666666666666666 0.0035714285714285713
1 0.8285714285714286 0.1275 0.005714285714285714 0.0064285714285714285
9 0.8280952380952381 0.13035714285714287 0.006666666666666666 0.0064285714285714285
3 0.7004761904761905 0.07857142857142857 0.012380952380952381 0.007142857142857143
3 0.7104761904761905 0.07714285714285714 0.01904761904761905 0.01
3 0.7447619047619047 0.09785714285714285 0.015238095238095238 0.01
4 0.8761904761904762 0.15607142857142858 0.0419047619047619 0.017857142857142856
3 0.8842857142857142 0.14607142857142857 0.021904761904761906 0.010714285714285714
3 0.8942857142857142 0.13357142857142856 0.017142857142857144 0.014285714285714285
3 0.9166666666666666 0.12392857142857143 0.03142857142857143 0.013571428571428571
3 0.9042857142857142 0.11571428571428571 0.018095238095238095 0.01
3 0.9057142857142857 0.11035714285714286 0.011428571428571429 0.007857142857142858
3 0.9138095238095238 0.10464285714285715 0.012380952380952381 0.009285714285714286
1 0.8985714285714286 0.10142857142857142 0.006666666666666666 0.007142857142857143
2 0.9 0.10535714285714286 0.009523809523809525 0.0064285714285714285
1 0.7723809523809524 0.25142857142857145 0.011428571428571429 0.012857142857142857
2 0.7742857142857142 0.2575 0.017142857142857144 0.012142857142857143
1 0.7914285714285715 0.23214285714285715 0.009523809523809525 0.011428571428571429
2 0.7938095238095239 0.23785714285714285 0.01619047619047619 0.012857142857142857
3 0.9247619047619048 0.5153571428571428 0.16 0.06928571428571428
3 0.9247619047619048 0.4514285714285714 0.14857142857142858 0.05
3 0.9295238095238095 0.4010714285714286 0.12571428571428572 0.05071428571428571
3 0.9257142857142857 0.3582142857142857 0.10666666666666666 0.03642857142857143
3 0.9123809523809524 0.3142857142857143 0.10476190476190476 0.03428571428571429
3 1.0247619047619048 0.3475 0.05714285714285714 0.07214285714285715
3 1.0995238095238096 0.5335714285714286 0.0980952380952381 0.10428571428571429
3 1.14 0.6689285714285714 0.15428571428571428 0.16071428571428573
4 1.159047619047619 0.46964285714285714 0.08761904761904762 0.08785714285714286
3 1.210952380952381 0.5746428571428571 0.12476190476190477 0.11214285714285714
3 1.2871428571428571 0.5746428571428571 0.08857142857142856 0.12642857142857142
4 1.138095238095238 0.3821428571428571 0.07428571428571429 0.06428571428571428
3 1.1257142857142857 0.33714285714285713 0.06095238095238095 0.03857142857142857
4 1.1095238095238096 0.29892857142857143 0.06095238095238095 0.04642857142857143
3 1.0947619047619048 0.2714285714285714 0.040952380952380955 0.03142857142857143
3 1.1271428571428572 0.24607142857142858 0.05047619047619047 0.03785714285714286
3 1.0971428571428572 0.21 0.0380952380952381 0.022857142857142857
3 1.0833333333333333 0.24357142857142858 0.039047619047619046 0.027142857142857142
3 1.0704761904761906 0.22857142857142856 0.030476190476190476 0.02
3 1.0652380952380953 0.21285714285714286 0.037142857142857144 0.024285714285714285
3 1.0552380952380953 0.19285714285714287 0.030476190476190476 0.02
3 1.0504761904761906 0.18 0.022857142857142857 0.015714285714285715
4 1.0504761904761906 0.1632142857142857 0.022857142857142857 0.020714285714285713
3 1.0466666666666666 0.15464285714285714 0.01904761904761905 0.012142857142857143
3 1.0452380952380953 0.14642857142857144 0.018095238095238095 0.011428571428571429
3 1.041904761904762 0.1375 0.01904761904761905 0.010714285714285714
3 1.0395238095238095 0.12964285714285714 0.014285714285714285 0.012142857142857143
3 1.0566666666666666 0.10892857142857143 0.014285714285714285 0.009285714285714286
3 1.036190476190476 0.11428571428571428 0.01904761904761905 0.012857142857142857
3 1.0385714285714285 0.10821428571428571 0.014285714285714285 0.009285714285714286
3 1.002857142857143 0.12178571428571429 0.0419047619047619 0.013571428571428571
3 1.0076190476190476 0.11321428571428571 0.02857142857142857 0.010714285714285714
3 0.9847619047619047 0.1125 0.022857142857142857 0.016428571428571428
3 1.0195238095238095 0.1075 0.02 0.010714285714285714
3 1.0838095238095238 0.11571428571428571 0.03428571428571429 0.012857142857142857
3 1.0904761904761904 0.12392857142857143 0.04 0.012142857142857143
3 1.1038095238095238 0.13178571428571428 0.045714285714285714 0.012142857142857143
4 1.1033333333333333 0.13642857142857143 0.039047619047619046 0.015714285714285715
3 1.1114285714285714 0.14357142857142857 0.05142857142857143 0.017142857142857144
3 1.1171428571428572 0.16428571428571428 0.030476190476190476 0.018571428571428572
3 1.141904761904762 0.1742857142857143 0.07047619047619047 0.014285714285714285
3 1.1461904761904762 0.17964285714285713 0.06190476190476191 0.015
3 1.1523809523809523 0.18428571428571427 0.05904761904761905 0.012857142857142857
3 1.160952380952381 0.19 0.06095238095238095 0.018571428571428572
3 1.1757142857142857 0.2025 0.06571428571428571 0.02214285714285714
3 1.1866666666666668 0.21214285714285713 0.06285714285714286 0.014285714285714285
3 1.1861904761904762 0.22071428571428572 0.08095238095238096 0.02
3 1.1942857142857144 0.23214285714285715 0.08190476190476191 0.02
3 1.2076190476190476 0.24571428571428572 0.09142857142857143 0.02142857142857143
3 1.2157142857142857 0.2625 0.09238095238095238 0.02214285714285714
3 1.2261904761904763 0.2760714285714286 0.10571428571428572 0.029285714285714286
3 1.2585714285714287 0.2889285714285714 0.10952380952380952 0.029285714285714286
3 1.2757142857142858 0.30785714285714283 0.09428571428571429 0.02857142857142857
3 1.2952380952380953 0.32571428571428573 0.07428571428571429 0.027142857142857142
3 1.2857142857142858 0.345 0.09333333333333334 0.02857142857142857
3 1.2961904761904761 0.3657142857142857 0.07238095238095238 0.03
3 0.9238095238095239 0.29642857142857143 0.10857142857142857 0.04285714285714286
3 0.97 0.25857142857142856 0.08666666666666667 0.03428571428571429
3 0.9514285714285714 0.24 0.08 0.025714285714285714
3 0.9523809523809523 0.21785714285714286 0.07238095238095238 0.022857142857142857
3 0.9466666666666667 0.21 0.05523809523809524 0.024285714285714285
3 0.9557142857142857 0.2007142857142857 0.058095238095238096 0.02142857142857143
3 0.9633333333333334 0.19214285714285714 0.058095238095238096 0.02142857142857143
3 0.9561904761904761 0.17821428571428571 0.05714285714285714 0.020714285714285713
3 0.9523809523809523 0.16464285714285715 0.06095238095238095 0.020714285714285713
3 0.9547619047619048 0.16107142857142856 0.06 0.020714285714285713
3 0.9647619047619047 0.14392857142857143 0.07238095238095238 0.02642857142857143
3 0.9395238095238095 0.09464285714285714 0.018095238095238095 0.010714285714285714
3 1.3009523809523809 0.39 0.06285714285714286 0.03571428571428571
