3 1.3692022263450836 0.3734342379958246 0.1521335807050093 0.03810020876826722
3 1.0320037105751392 0.22390396659707723 0.041743970315398886 0.024008350730688934
3 0.17207792207792208 0.4251043841336116 0.17346938775510204 0.04123173277661795
3 0.6753246753246753 0.3676931106471816 0.1410018552875696 0.03810020876826722
4 0.8715213358070502 0.3384655532359081 0.11595547309833024 0.050626304801670144
4 0.8089053803339518 0.27453027139874736 0.10575139146567718 0.027139874739039664
5 1.137291280148423 0.2038100208768267 0.06307977736549165 0.062108559498956155
2 1.0092764378478665 0.16910229645093944 0.00927643784786642 0.008350730688935281
9 0.9522263450834879 0.16988517745302711 0.01948051948051948 0.0057411273486430055
5 1.0092764378478665 0.14848643006263046 0.027829313543599257 0.019311064718162838
4 1.0473098330241188 0.1004697286012526 0.00927643784786642 0.007828810020876827
6 1.0644712430426717 0.1403966597077244 0.012059369202226345 0.010438413361169102
6 1.088126159554731 0.13987473903966596 0.012987012987012988 0.011482254697286011
5 1.1066790352504638 0.14431106471816282 0.01855287569573284 0.013048016701461376
2 1.0760667903525047 0.15422755741127347 0.00927643784786642 0.004697286012526096
5 1.044990723562152 0.06811064718162839 0.010204081632653062 0.007828810020876827
3 0.864100185528757 0.25574112734864296 0.0640074211502783 0.020876826722338204
3 0.7569573283858998 0.33324634655532354 0.12244897959183673 0.02766179540709812
4 0.7541743970315399 0.31158663883089766 0.09461966604823747 0.018789144050104383
3 1.465213358070501 0.28966597077244255 0.11410018552875696 0.025052192066805843
