3 0.9549492385786801 0.5064285714285715 0.05710659898477157 0.05
3 0.8267766497461928 0.41678571428571426 0.052030456852791875 0.05071428571428571
3 0.8007614213197969 0.3192857142857143 0.048223350253807105 0.041428571428571426
3 0.8559644670050761 0.31607142857142856 0.04695431472081218 0.04214285714285714
3 0.9524111675126903 0.33714285714285713 0.04187817258883248 0.04285714285714286
3 1.0088832487309645 0.3275 0.04314720812182741 0.05071428571428571
3 0.9999999999999999 0.2725 0.04568527918781726 0.03357142857142857
3 0.8565989847715736 0.11892857142857143 0.053299492385786795 0.02642857142857143
3 0.8895939086294415 0.1407142857142857 0.050761421319796954 0.037142857142857144
3 0.23984771573604058 0.2017857142857143 0.08629441624365482 0.03214285714285714
3 0.24175126903553298 0.24928571428571428 0.04187817258883248 0.032857142857142856
3 0.14911167512690354 0.2714285714285714 0.09517766497461928 0.03428571428571429
3 0.1351522842639594 0.2317857142857143 0.09263959390862943 0.035
3 0.03807106598984771 0.26 0.07360406091370558 0.02857142857142857
3 0.08883248730964466 0.32 0.055837563451776644 0.03428571428571429
3 0.5133248730964467 0.11678571428571428 0.03680203045685279 0.030714285714285715
3 0.2182741116751269 0.04357142857142857 0.03045685279187817 0.02
9 0.3623096446700507 0.047857142857142855 0.03680203045685279 0.011428571428571429
9 0.40038071065989844 0.04214285714285714 0.03680203045685279 0.011428571428571429
