3 1.6841372912801484 0.02218162839248434 0.021335807050092765 0.012004175365344467
3 1.7323747680890538 0.03053235908141962 0.02319109461966605 0.009916492693110646
3 1.6549165120593692 0.019832985386221292 0.022263450834879406 0.010438413361169102
3 1.693413729128015 0.12447807933194154 0.045454545454545456 0.01826722338204593
3 1.338126159554731 0.12395615866388308 0.045454545454545456 0.01826722338204593
3 1.407699443413729 0.14457202505219205 0.05287569573283859 0.018789144050104383
3 1.4698515769944343 0.15866388308977034 0.05102040816326531 0.018789144050104383
3 1.3214285714285714 0.16649269311064716 0.0640074211502783 0.018789144050104383
2 1.0927643784786643 0.18580375782881 0.020408163265306124 0.006263048016701461
3 1.1637291280148423 0.20015657620041752 0.05287569573283859 0.022442588726513567
5 1.1600185528756957 0.29305845511482254 0.0640074211502783 0.03496868475991649
4 1.1215213358070502 0.28288100208768263 0.05380333951762523 0.031315240083507306
3 1.088126159554731 0.27453027139874736 0.061224489795918366 0.030271398747390394
3 1.0570500927643784 0.26304801670146133 0.06215213358070501 0.027139874739039664
3 1.1034322820037106 0.24295407098121083 0.05844155844155844 0.02453027139874739
3 1.2031539888682745 0.2685281837160751 0.061224489795918366 0.02974947807933194
3 1.3265306122448979 0.3963987473903966 0.0705009276437848 0.04436325678496868
3 0.9346011131725418 0.36195198329853856 0.08070500927643785 0.03810020876826722
3 0.687847866419295 0.46607515657620036 0.08998144712430427 0.04279749478079332
3 0.8260667903525046 0.46189979123173275 0.10111317254174397 0.04697286012526095
3 0.7560296846011132 0.39953027139874736 0.08905380333951762 0.03183716075156576
3 0.62569573283859 0.3183716075156576 0.06586270871985157 0.024008350730688934
