1 0.939 0.12 0.015333333333333332 0.014
4 0.871 0.2445 0.02733333333333333 0.035
4 0.9443333333333332 0.4545 0.04066666666666666 0.054
4 0.9966666666666666 0.5327500000000001 0.07733333333333334 0.0365
4 0.8996666666666666 0.61375 0.03933333333333333 0.0695
4 0.6693333333333333 0.37425 0.05466666666666666 0.0455
4 0.581 0.353 0.04466666666666667 0.034
4 0.5743333333333334 0.72575 0.062 0.0475
4 0.7653333333333333 0.7145 0.04933333333333333 0.07
3 0.651 0.73175 0.051333333333333335 0.035500000000000004
3 0.717 0.71425 0.05266666666666667 0.07050000000000001
3 0.7423333333333333 0.63675 0.049999999999999996 0.0755
3 0.8416666666666667 0.60975 0.04466666666666667 0.0685
3 0.8203333333333334 0.52625 0.038 0.059500000000000004
3 0.7723333333333333 0.551 0.03933333333333333 0.062
3 0.7223333333333333 0.557 0.046 0.065
3 0.6926666666666667 0.659 0.050666666666666665 0.075
3 0.616 0.50825 0.08133333333333333 0.0265
3 0.8593333333333333 0.4655 0.056 0.054
3 1.1923333333333332 0.6095 0.08866666666666666 0.042
3 1.099 0.5690000000000001 0.09266666666666666 0.033
3 1.0623333333333334 0.61525 0.102 0.043500000000000004
3 0.8603333333333333 0.34625 0.05266666666666667 0.043500000000000004
3 0.8383333333333333 0.30075 0.035333333333333335 0.0425
3 0.8063333333333333 0.364 0.03666666666666667 0.049
3 0.764 0.45325 0.03866666666666667 0.0555
3 0.7216666666666667 0.43875000000000003 0.04066666666666666 0.0535
3 0.7563333333333333 0.338 0.049999999999999996 0.046
3 0.7013333333333334 0.3265 0.05466666666666666 0.04
3 0.6186666666666667 0.39775 0.06533333333333333 0.0375
3 0.5776666666666667 0.43775000000000003 0.06999999999999999 0.035500000000000004
3 0.5003333333333333 0.3875 0.062 0.035
3 0.4726666666666666 0.41550000000000004 0.06133333333333333 0.043000000000000003
4 0.542 0.36525 0.06 0.0375
4 0.7073333333333333 0.28875 0.029333333333333333 0.035500000000000004
4 0.7853333333333333 0.3085 0.048 0.041
3 0.6436666666666666 0.5975 0.057999999999999996 0.07
3 0.6336666666666666 0.3215 0.049999999999999996 0.046
3 0.5833333333333333 0.27375 0.042666666666666665 0.0385
3 0.6709999999999999 0.25325000000000003 0.051333333333333335 0.0345
3 0.6123333333333333 0.24475 0.04733333333333333 0.043500000000000004
3 0.6286666666666666 0.21275 0.04133333333333333 0.0335
3 0.5763333333333334 0.16525 0.04066666666666666 0.0345
3 0.482 0.1285 0.034666666666666665 0.031
3 0.5093333333333333 0.10250000000000001 0.03866666666666667 0.031
3 0.42133333333333334 0.062 0.034666666666666665 0.029
4 0.45766666666666667 0.05525 0.041999999999999996 0.0385
4 0.4373333333333333 0.03 0.03866666666666667 0.031
3 0.413 0.012 0.033999999999999996 0.025
1 0.35733333333333334 0.00725 0.012 0.0145
1 0.36133333333333334 0.01225 0.014666666666666666 0.0155
3 0.248 0.10325000000000001 0.04666666666666666 0.0245
4 0.204 0.08625000000000001 0.042666666666666665 0.0265
3 0.133 0.006500000000000001 0.035333333333333335 0.014
3 0.15366666666666667 0.014 0.041999999999999996 0.024
3 0.17133333333333334 0.0155 0.044 0.02
3 0.18266666666666667 0.025 0.03866666666666667 0.023
3 0.20099999999999998 0.033 0.04466666666666667 0.026000000000000002
3 0.218 0.03675 0.03333333333333333 0.0275
3 0.23466666666666666 0.046 0.04 0.028
1 0.45566666666666666 0.34675 0.012666666666666666 0.0155
1 0.7913333333333333 0.4335 0.009333333333333332 0.012
1 0.7973333333333333 0.43275 0.009333333333333332 0.0155
1 0.8029999999999999 0.44275000000000003 0.014 0.0175
6 0.7996666666666666 0.44275000000000003 0.03133333333333333 0.0315
9 1.14 0.19625 0.025333333333333333 0.0175
9 1.143 0.20725000000000002 0.020666666666666667 0.0135
9 1.163 0.20400000000000001 0.014 0.015
9 1.1583333333333332 0.28775 0.011333333333333332 0.0205
9 1.1763333333333332 0.2965 0.014 0.02
9 1.2096666666666667 0.23775000000000002 0.015333333333333332 0.0135
9 1.1803333333333332 0.26125 0.01 0.0175
9 1.195 0.27 0.026 0.011
9 1.2069999999999999 0.276 0.020666666666666667 0.012
9 1.2266666666666666 0.28025 0.025333333333333333 0.0095
6 1.2476666666666667 0.2885 0.03933333333333333 0.016
9 1.1986666666666665 0.29675 0.02 0.0145
9 1.214 0.304 0.021333333333333333 0.016
9 1.2213333333333334 0.30775 0.024 0.0155
9 1.2309999999999999 0.31625000000000003 0.022 0.0145
9 1.2409999999999999 0.32375 0.019333333333333334 0.0135
9 1.2493333333333332 0.33025 0.024 0.0145
9 1.258 0.33575 0.02 0.0135
9 1.2873333333333332 0.3525 0.022666666666666665 0.015
6 1.2703333333333333 0.34675 0.020666666666666667 0.0165
6 1.1326666666666667 0.26475 0.029333333333333333 0.0235
6 1.2826666666666666 0.28075 0.030666666666666665 0.0175
6 1.2466666666666666 0.262 0.03333333333333333 0.016
6 1.194 0.25425000000000003 0.030666666666666665 0.021500000000000002
6 1.2249999999999999 0.248 0.03 0.016
6 1.2266666666666666 0.36875 0.036 0.0315
4 1.149 0.36325 0.04733333333333333 0.0375
4 1.234 0.39725 0.06133333333333333 0.0475
4 1.296 0.4415 0.07333333333333333 0.05
5 1.1796666666666666 0.37625000000000003 0.06333333333333332 0.0425
1 1.246 0.51725 0.032 0.0125
1 1.2373333333333334 0.53225 0.022666666666666665 0.0115
1 1.2583333333333333 0.54975 0.019333333333333334 0.0105
9 1.1873333333333334 0.6815 0.024 0.026000000000000002
9 1.25 0.5505 0.036 0.011
1 0.8996666666666666 0.5265 0.014 0.012
6 0.8913333333333333 0.523 0.04933333333333333 0.031
1 0.7889999999999999 0.64425 0.014 0.0125
1 0.7879999999999999 0.652 0.014666666666666666 0.012
