3 0.1757142857142857 0.6892857142857143 0.32285714285714284 0.12
3 1.0514285714285714 0.6721428571428572 0.18476190476190477 0.15428571428571428
3 0.32761904761904764 0.5635714285714286 0.3295238095238095 0.10714285714285714
3 0.4004761904761905 0.48464285714285715 0.2885714285714286 0.08928571428571429
3 1.006190476190476 0.5375 0.1895238095238095 0.15071428571428572
3 0.5142857142857142 0.37035714285714283 0.20952380952380953 0.06642857142857143
3 1.0309523809523808 0.36 0.1019047619047619 0.09428571428571429
3 1.0152380952380953 0.2875 0.11619047619047619 0.056428571428571425
3 1.0142857142857142 0.23607142857142857 0.10095238095238095 0.06785714285714285
3 1.0576190476190477 0.18321428571428572 0.1 0.039285714285714285
3 0.5642857142857143 0.3314285714285714 0.1438095238095238 0.05142857142857143
3 0.5952380952380952 0.3057142857142857 0.16380952380952382 0.06285714285714286
3 0.6185714285714285 0.2814285714285714 0.14 0.055714285714285716
3 0.6619047619047619 0.2621428571428571 0.1619047619047619 0.047142857142857146
3 0.6957142857142857 0.23464285714285715 0.1361904761904762 0.04357142857142857
3 0.71 0.21214285714285713 0.11904761904761904 0.037142857142857144
3 0.74 0.19178571428571428 0.12380952380952381 0.04642857142857143
4 0.7471428571428571 0.16964285714285715 0.10380952380952381 0.03357142857142857
3 0.7614285714285715 0.15642857142857142 0.11333333333333333 0.03571428571428571
3 0.7947619047619048 0.14607142857142857 0.10571428571428572 0.035
3 0.8123809523809524 0.13178571428571428 0.08571428571428572 0.029285714285714286
4 0.8314285714285714 0.11464285714285714 0.10476190476190476 0.04357142857142857
3 0.8576190476190476 0.09607142857142857 0.07523809523809524 0.030714285714285715
3 0.8733333333333333 0.08571428571428572 0.08 0.025714285714285714
3 0.8757142857142857 0.07785714285714286 0.07142857142857142 0.024285714285714285
3 0.8847619047619047 0.07464285714285715 0.07428571428571429 0.020714285714285713
3 0.8838095238095238 0.06821428571428571 0.07428571428571429 0.017857142857142856
3 0.8961904761904762 0.05392857142857143 0.06476190476190476 0.02214285714285714
3 0.92 0.04928571428571429 0.05904761904761905 0.022857142857142857
3 0.9357142857142857 0.036071428571428574 0.05047619047619047 0.02214285714285714
3 0.9423809523809524 0.0275 0.05047619047619047 0.017857142857142856
3 0.9476190476190476 0.015 0.04380952380952381 0.017142857142857144
3 1.0509523809523809 0.13535714285714287 0.05238095238095238 0.039285714285714285
3 1.052857142857143 0.105 0.039047619047619046 0.025714285714285714
3 1.0538095238095238 0.08714285714285715 0.03333333333333333 0.02
3 1.0557142857142856 0.07357142857142857 0.03142857142857143 0.017142857142857144
3 1.0904761904761904 0.07071428571428572 0.06666666666666667 0.027142857142857142
4 1.0614285714285714 0.05107142857142857 0.05619047619047619 0.02214285714285714
3 1.0614285714285714 0.03642857142857143 0.025714285714285714 0.011428571428571429
3 1.0538095238095238 0.03142857142857143 0.03333333333333333 0.014285714285714285
3 1.0638095238095238 0.023571428571428573 0.024761904761904763 0.015714285714285715
3 1.062857142857143 0.016428571428571428 0.022857142857142857 0.014285714285714285
3 0.9676190476190476 0.005357142857142857 0.022857142857142857 0.012142857142857143
3 1.1314285714285715 0.14785714285714285 0.0419047619047619 0.02857142857142857
