1 0.44266666666666665 0.729 0.026666666666666665 0.041
2 0.44566666666666666 0.7302500000000001 0.03666666666666667 0.0385
2 0.29666666666666663 0.58825 0.05333333333333333 0.0305
3 0.37166666666666665 0.5175 0.05933333333333333 0.057
3 0.4053333333333333 0.465 0.044 0.039
3 0.42133333333333334 0.421 0.04 0.032
4 0.43966666666666665 0.3815 0.033999999999999996 0.027
1 0.4463333333333333 0.49075 0.015333333333333332 0.021500000000000002
2 0.447 0.5 0.016666666666666666 0.031
1 0.5013333333333333 0.49125 0.014666666666666666 0.0195
9 0.502 0.4975 0.014666666666666666 0.023
1 0.4983333333333333 0.47075 0.016666666666666666 0.0225
1 0.4963333333333333 0.47175 0.008666666666666666 0.0095
9 0.49966666666666665 0.47375 0.018 0.0205
3 0.5843333333333333 0.461 0.06733333333333333 0.034
1 0.5073333333333333 0.43575 0.010666666666666666 0.0125
1 0.507 0.43075 0.01 0.0135
9 0.5073333333333333 0.436 0.010666666666666666 0.016
1 0.4693333333333333 0.40800000000000003 0.012 0.015
6 0.471 0.41100000000000003 0.016666666666666666 0.023
1 0.5796666666666667 0.41525 0.008666666666666666 0.0095
9 0.5193333333333333 0.39875 0.014666666666666666 0.0165
2 0.5306666666666666 0.381 0.008 0.015
1 0.5086666666666666 0.36675 0.008 0.0155
2 0.5083333333333333 0.371 0.008666666666666666 0.013000000000000001
1 0.44866666666666666 0.35825 0.009333333333333332 0.0095
4 0.49866666666666665 0.34075 0.022666666666666665 0.0205
1 0.5186666666666666 0.3375 0.009333333333333332 0.014
2 0.518 0.3405 0.008 0.011
6 0.45566666666666666 0.34025 0.014 0.0125
2 0.477 0.3325 0.008666666666666666 0.012
1 0.489 0.3175 0.006 0.009000000000000001
6 0.48933333333333334 0.31925000000000003 0.010666666666666666 0.0115
2 0.4746666666666666 0.3155 0.014666666666666666 0.008
9 0.53 0.33075 0.008 0.0105
1 0.5186666666666666 0.32525 0.008 0.0125
9 0.519 0.32725 0.007333333333333333 0.0105
1 0.483 0.28550000000000003 0.006 0.007
1 0.5146666666666666 0.27225 0.005333333333333333 0.0085
9 0.514 0.274 0.005333333333333333 0.007
1 0.5276666666666666 0.27575 0.004666666666666666 0.0075
1 0.5283333333333333 0.2765 0.003333333333333333 0.007
9 0.528 0.27675 0.005333333333333333 0.0055
1 0.532 0.2645 0.004 0.007
9 0.532 0.266 0.005333333333333333 0.006
4 0.4953333333333333 0.27325 0.014666666666666666 0.0135
1 0.49966666666666665 0.26325 0.003333333333333333 0.0055
1 0.497 0.26275 0.003333333333333333 0.006500000000000001
9 0.4973333333333333 0.264 0.005333333333333333 0.006
1 0.519 0.263 0.003333333333333333 0.007
9 0.519 0.26425 0.004666666666666666 0.006500000000000001
1 0.507 0.2585 0.004666666666666666 0.007
2 0.507 0.26025 0.004666666666666666 0.006500000000000001
1 0.49666666666666665 0.25675 0.005333333333333333 0.006500000000000001
9 0.49666666666666665 0.25825 0.005333333333333333 0.0055
3 0.533 0.25575000000000003 0.022 0.0075
6 0.516 0.24925 0.013333333333333332 0.006500000000000001
1 0.5196666666666666 0.24825 0.004666666666666666 0.0055
3 0.714 0.47325 0.09999999999999999 0.0325
3 0.7736666666666666 0.526 0.102 0.034
6 0.7873333333333333 0.5740000000000001 0.18533333333333332 0.114
4 0.7026666666666667 0.651 0.07866666666666666 0.129
4 0.7706666666666666 0.43875000000000003 0.088 0.0325
4 0.8793333333333333 0.46025 0.096 0.0365
3 0.9069999999999999 0.515 0.10733333333333334 0.042
4 0.7513333333333333 0.3925 0.06799999999999999 0.031
2 0.819 0.37125 0.014 0.0165
2 0.8043333333333333 0.36125 0.01 0.0145
6 0.767 0.364 0.022 0.018000000000000002
6 0.771 0.35050000000000003 0.03 0.011
9 0.7726666666666666 0.34550000000000003 0.017333333333333333 0.009000000000000001
4 0.6353333333333333 0.368 0.026666666666666665 0.025
6 0.6213333333333333 0.33075 0.016 0.0155
4 0.6073333333333333 0.3095 0.016 0.018000000000000002
4 0.6186666666666667 0.28675 0.018666666666666665 0.0125
9 0.6503333333333333 0.28525 0.004666666666666666 0.006500000000000001
1 0.6763333333333333 0.28700000000000003 0.006 0.008
2 0.688 0.29225 0.004 0.0075
3 0.654 0.30425 0.04666666666666666 0.0125
4 0.6769999999999999 0.3135 0.03666666666666667 0.019
3 0.6756666666666666 0.3325 0.051333333333333335 0.017
9 0.697 0.32275 0.015333333333333332 0.0085
2 0.7106666666666667 0.3185 0.008 0.011
2 0.7036666666666667 0.3145 0.01 0.007
3 0.7076666666666667 0.343 0.05266666666666667 0.016
9 0.7313333333333333 0.34850000000000003 0.02 0.012
4 1.1623333333333332 0.35725 0.054 0.025500000000000002
6 1.0343333333333333 0.31375000000000003 0.03133333333333333 0.0175
6 1.0676666666666665 0.31725000000000003 0.02333333333333333 0.0105
6 1.0953333333333333 0.31675000000000003 0.030666666666666665 0.0105
4 1.0353333333333332 0.35000000000000003 0.042666666666666665 0.016
3 1.0146666666666666 0.3415 0.050666666666666665 0.018000000000000002
3 1.1843333333333332 0.25775 0.028666666666666667 0.0125
3 1.1093333333333333 0.26275 0.025333333333333333 0.0085
3 1.1096666666666666 0.25875 0.026 0.0105
