3 0.34523809523809523 0.2760714285714286 0.09619047619047619 0.11071428571428571
3 0.24857142857142858 0.4710714285714286 0.11619047619047619 0.13785714285714284
3 0.5842857142857143 0.49178571428571427 0.09619047619047619 0.1392857142857143
3 0.15476190476190477 0.6710714285714285 0.16095238095238096 0.15357142857142858
3 0.508095238095238 0.7064285714285714 0.0980952380952381 0.08142857142857143
9 0.8195238095238095 0.2117857142857143 0.040952380952380955 0.04071428571428572
1 0.820952380952381 0.19785714285714287 0.01904761904761905 0.027142857142857142
2 0.8485714285714285 0.27964285714285714 0.024761904761904763 0.05357142857142857
6 0.9961904761904762 0.13714285714285715 0.07047619047619047 0.03857142857142857
3 1.1528571428571428 0.13285714285714287 0.14952380952380953 0.06428571428571428
3 1.121904761904762 0.28714285714285714 0.15047619047619049 0.10571428571428572
3 1.0509523809523809 0.3325 0.14 0.10785714285714286
3 0.8033333333333333 0.44642857142857145 0.09238095238095238 0.12571428571428572
3 1.2895238095238095 0.1392857142857143 0.08 0.05142857142857143
9 1.0871428571428572 0.44535714285714284 0.05619047619047619 0.03357142857142857
9 1.1042857142857143 0.47928571428571426 0.06952380952380953 0.02857142857142857
8 0.8085714285714286 0.63 0.13142857142857142 0.2342857142857143
8 0.08285714285714285 0.06535714285714286 0.1676190476190476 0.10357142857142858
