3 1.1514285714285715 0.47 0.26285714285714284 0.08142857142857143
3 1.0352380952380953 0.6028571428571429 0.24571428571428572 0.15714285714285714
3 0.4957142857142857 0.5028571428571429 0.12285714285714286 0.14
3 0.628095238095238 0.43464285714285716 0.11333333333333333 0.08785714285714286
3 0.4928571428571429 0.3807142857142857 0.09238095238095238 0.08285714285714285
3 0.5819047619047619 0.33964285714285714 0.0761904761904762 0.05785714285714286
3 0.21333333333333332 0.45607142857142857 0.15047619047619049 0.11785714285714285
3 0.19238095238095237 0.3296428571428571 0.17904761904761904 0.055
3 0.20523809523809525 0.30142857142857143 0.16285714285714287 0.04428571428571428
3 0.3423809523809524 0.27071428571428574 0.07142857142857142 0.055714285714285716
3 0.37714285714285717 0.2292857142857143 0.05142857142857143 0.04428571428571428
3 0.3995238095238095 0.20714285714285716 0.039047619047619046 0.027142857142857142
3 0.40904761904761905 0.19107142857142856 0.037142857142857144 0.027857142857142858
3 0.36857142857142855 0.18285714285714286 0.05523809523809524 0.024285714285714285
3 0.37142857142857144 0.1725 0.06095238095238095 0.02214285714285714
3 0.4038095238095238 0.16 0.06095238095238095 0.018571428571428572
3 0.41523809523809524 0.15214285714285714 0.049523809523809526 0.015714285714285715
3 0.48857142857142855 0.2814285714285714 0.06095238095238095 0.05
3 0.5652380952380952 0.265 0.04857142857142857 0.03571428571428571
3 0.7152380952380952 0.28535714285714286 0.07047619047619047 0.04642857142857143
3 0.6533333333333333 0.22142857142857142 0.04380952380952381 0.03
4 0.6414285714285715 0.2 0.04476190476190476 0.022857142857142857
3 0.6257142857142857 0.18928571428571428 0.03238095238095238 0.025714285714285714
3 0.62 0.18071428571428572 0.03238095238095238 0.017142857142857144
3 0.6066666666666667 0.17285714285714285 0.03238095238095238 0.017142857142857144
3 0.5961904761904762 0.15785714285714286 0.03238095238095238 0.018571428571428572
3 0.6180952380952381 0.1492857142857143 0.05333333333333333 0.017142857142857144
3 0.6 0.1425 0.045714285714285714 0.019285714285714285
3 0.5571428571428572 0.23857142857142857 0.047619047619047616 0.025714285714285714
3 0.550952380952381 0.22 0.04285714285714286 0.025714285714285714
3 0.5414285714285715 0.19964285714285715 0.03142857142857143 0.02642857142857143
3 0.4880952380952381 0.2275 0.04285714285714286 0.025
3 0.4938095238095238 0.24928571428571428 0.054285714285714284 0.03571428571428571
3 0.5404761904761904 0.18535714285714286 0.035238095238095235 0.020714285714285713
3 0.5314285714285715 0.17464285714285716 0.03238095238095238 0.019285714285714285
3 0.5304761904761904 0.1632142857142857 0.03238095238095238 0.015
3 0.5204761904761904 0.15071428571428572 0.023809523809523808 0.017142857142857144
3 0.5166666666666667 0.13785714285714284 0.023809523809523808 0.015714285714285715
3 0.5152380952380953 0.12642857142857142 0.017142857142857144 0.011428571428571429
3 0.5133333333333333 0.11964285714285715 0.017142857142857144 0.009285714285714286
3 0.49 0.2092857142857143 0.04285714285714286 0.027142857142857142
3 0.4919047619047619 0.1875 0.03142857142857143 0.020714285714285713
3 0.49142857142857144 0.1682142857142857 0.03619047619047619 0.02214285714285714
3 0.49238095238095236 0.14785714285714285 0.022857142857142857 0.018571428571428572
3 0.49333333333333335 0.13107142857142856 0.02095238095238095 0.015
3 0.49238095238095236 0.12178571428571429 0.015238095238095238 0.012142857142857143
3 0.9123809523809524 0.3960714285714286 0.18095238095238095 0.06785714285714285
