5 0.3466666666666667 0.6389285714285714 0.15428571428571428 0.20214285714285715
5 0.5704761904761905 0.535 0.07047619047619047 0.1
5 0.48333333333333334 0.445 0.06761904761904762 0.07857142857142857
5 0.5257142857142857 0.38285714285714284 0.047619047619047616 0.05142857142857143
3 0.5852380952380952 0.3539285714285714 0.018095238095238095 0.016428571428571428
5 0.6085714285714285 0.42428571428571427 0.05523809523809524 0.08714285714285715
4 0.6647619047619048 0.5110714285714286 0.02857142857142857 0.03785714285714286
3 0.7604761904761905 0.5485714285714286 0.029523809523809525 0.04285714285714286
9 0.7985714285714286 0.5421428571428571 0.021904761904761906 0.02
2 0.7852380952380953 0.535 0.010476190476190476 0.012857142857142857
3 0.7542857142857143 0.5121428571428571 0.05333333333333333 0.03142857142857143
9 0.8171428571428572 0.5128571428571429 0.024761904761904763 0.02
9 0.820952380952381 0.5046428571428572 0.01904761904761905 0.019285714285714285
9 0.7585714285714286 0.49535714285714283 0.014285714285714285 0.012142857142857143
9 0.6657142857142857 0.4639285714285714 0.024761904761904763 0.012142857142857143
9 0.7633333333333333 0.43392857142857144 0.012380952380952381 0.013571428571428571
9 0.780952380952381 0.4125 0.022857142857142857 0.012142857142857143
9 0.8042857142857143 0.4307142857142857 0.02761904761904762 0.014285714285714285
4 0.7561904761904762 0.46214285714285713 0.024761904761904763 0.024285714285714285
5 0.6766666666666666 0.4035714285714286 0.029523809523809525 0.03142857142857143
5 0.7561904761904762 0.3360714285714286 0.02095238095238095 0.029285714285714286
5 0.6685714285714286 0.26321428571428573 0.02857142857142857 0.03785714285714286
5 0.6114285714285714 0.25285714285714284 0.022857142857142857 0.025714285714285714
5 0.6223809523809524 0.2367857142857143 0.025714285714285714 0.029285714285714286
5 0.7071428571428572 0.2575 0.014285714285714285 0.017857142857142856
5 0.7161904761904762 0.24035714285714285 0.015238095238095238 0.020714285714285713
3 0.7628571428571429 0.255 0.024761904761904763 0.01
9 0.7671428571428571 0.26357142857142857 0.01619047619047619 0.007142857142857143
5 0.7528571428571429 0.24107142857142858 0.025714285714285714 0.012142857142857143
5 0.7528571428571429 0.2357142857142857 0.035238095238095235 0.014285714285714285
3 0.7547619047619047 0.21142857142857144 0.021904761904761906 0.007142857142857143
3 0.7542857142857143 0.20642857142857143 0.02095238095238095 0.005714285714285714
3 0.7233333333333334 0.19892857142857143 0.018095238095238095 0.0064285714285714285
3 0.7271428571428571 0.18178571428571427 0.010476190476190476 0.0064285714285714285
9 0.6423809523809524 0.24107142857142858 0.004761904761904762 0.007857142857142858
9 0.6547619047619048 0.2175 0.004761904761904762 0.0064285714285714285
1 0.6552380952380953 0.21571428571428572 0.0038095238095238095 0.005714285714285714
5 0.6447619047619048 0.20785714285714285 0.01904761904761905 0.02
5 0.6576190476190477 0.18857142857142858 0.01619047619047619 0.018571428571428572
5 0.4795238095238095 0.3271428571428571 0.07904761904761905 0.02857142857142857
5 0.45095238095238094 0.3028571428571429 0.09238095238095238 0.025714285714285714
5 0.3738095238095238 0.3028571428571429 0.04476190476190476 0.017142857142857144
5 0.2904761904761905 0.32107142857142856 0.0838095238095238 0.02642857142857143
5 0.24333333333333335 0.29428571428571426 0.11714285714285715 0.03
5 0.11666666666666667 0.2885714285714286 0.12095238095238095 0.02857142857142857
4 0.047619047619047616 0.2910714285714286 0.026666666666666665 0.012142857142857143
3 0.017619047619047618 0.26 0.02761904761904762 0.012857142857142857
3 0.3047619047619048 0.24464285714285713 0.02095238095238095 0.009285714285714286
5 0.32 0.23785714285714285 0.02095238095238095 0.011428571428571429
3 0.42142857142857143 0.23035714285714284 0.029523809523809525 0.007857142857142858
4 0.4680952380952381 0.23607142857142857 0.02761904761904762 0.009285714285714286
3 0.4719047619047619 0.23285714285714285 0.023809523809523808 0.008571428571428572
3 0.41285714285714287 0.21035714285714285 0.02 0.007857142857142858
3 0.42857142857142855 0.2275 0.022857142857142857 0.007857142857142858
3 0.4338095238095238 0.22428571428571428 0.023809523809523808 0.007142857142857143
3 0.44 0.22035714285714286 0.02095238095238095 0.007857142857142858
3 0.44761904761904764 0.21892857142857142 0.022857142857142857 0.007857142857142858
3 0.4785714285714286 0.22964285714285715 0.025714285714285714 0.007857142857142858
3 0.4847619047619048 0.22535714285714287 0.024761904761904763 0.007857142857142858
3 0.4928571428571429 0.22178571428571428 0.025714285714285714 0.007857142857142858
3 0.5571428571428572 0.21071428571428572 0.022857142857142857 0.008571428571428572
3 0.04380952380952381 0.42214285714285715 0.04380952380952381 0.03
4 0.1 0.6046428571428571 0.0761904761904762 0.045
3 0.1419047619047619 0.7017857142857142 0.10857142857142857 0.03357142857142857
3 0.20714285714285716 0.7332142857142857 0.1 0.03214285714285714
3 0.11 0.735 0.09428571428571429 0.02857142857142857
3 0.439047619047619 0.42857142857142855 0.05523809523809524 0.015714285714285715
3 0.3976190476190476 0.445 0.06190476190476191 0.017142857142857144
3 0.3823809523809524 0.45785714285714285 0.058095238095238096 0.017142857142857144
3 0.3361904761904762 0.4967857142857143 0.05523809523809524 0.017857142857142856
4 0.34809523809523807 0.5139285714285714 0.03142857142857143 0.027857142857142858
3 0.3252380952380952 0.5085714285714286 0.040952380952380955 0.018571428571428572
3 0.27714285714285714 0.4942857142857143 0.05904761904761905 0.018571428571428572
3 0.26666666666666666 0.53 0.04380952380952381 0.018571428571428572
4 0.30142857142857143 0.5275 0.03333333333333333 0.035
4 0.20238095238095238 0.6753571428571429 0.06571428571428571 0.035
3 0.22952380952380952 0.6589285714285714 0.06285714285714286 0.027857142857142858
4 0.19285714285714287 0.6421428571428571 0.05238095238095238 0.037142857142857144
3 0.1838095238095238 0.6092857142857143 0.07809523809523809 0.03142857142857143
6 0.25047619047619046 0.6217857142857143 0.06476190476190476 0.02214285714285714
4 0.037142857142857144 0.7053571428571429 0.07428571428571429 0.03785714285714286
4 0.024761904761904763 0.7382142857142857 0.05142857142857143 0.02214285714285714
3 0.05333333333333333 0.6407142857142857 0.07428571428571429 0.05285714285714286
3 0.047619047619047616 0.5817857142857142 0.06666666666666667 0.02214285714285714
3 0.1 0.5632142857142857 0.08190476190476191 0.025
4 0.2638095238095238 0.5621428571428572 0.0761904761904762 0.03142857142857143
3 0.27904761904761904 0.5846428571428571 0.06095238095238095 0.02214285714285714
5 0.23952380952380953 0.5992857142857143 0.03333333333333333 0.037142857142857144
5 0.26666666666666666 0.605 0.05904761904761905 0.022857142857142857
5 0.19380952380952382 0.5889285714285715 0.07523809523809524 0.025
3 0.2138095238095238 0.57 0.08476190476190476 0.022857142857142857
5 0.1295238095238095 0.5767857142857142 0.06666666666666667 0.02214285714285714
