3 0.4828680203045685 0.47 0.10279187817258882 0.025714285714285714
3 0.8781725888324873 0.335 0.048223350253807105 0.05285714285714286
3 0.9631979695431472 0.3364285714285714 0.048223350253807105 0.06285714285714286
3 1.0406091370558375 0.33 0.050761421319796954 0.055714285714285716
3 0.5057106598984771 0.3517857142857143 0.04695431472081218 0.055
3 0.40736040609137053 0.35964285714285715 0.048223350253807105 0.055
3 0.34073604060913704 0.36678571428571427 0.05710659898477157 0.056428571428571425
3 0.2309644670050761 0.36857142857142855 0.053299492385786795 0.06
3 0.7925126903553299 0.2714285714285714 0.07741116751269035 0.04857142857142857
3 1.6091370558375633 0.3117857142857143 0.05837563451776649 0.060714285714285714
3 1.6878172588832485 0.31107142857142855 0.06598984771573603 0.060714285714285714
3 1.7449238578680202 0.30392857142857144 0.06091370558375634 0.056428571428571425
3 1.6154822335025378 0.21857142857142858 0.09898477157360405 0.03857142857142857
3 1.5513959390862944 0.11357142857142857 0.09010152284263959 0.054285714285714284
4 1.5818527918781724 0.1875 0.09517766497461928 0.047857142857142855
3 1.2347715736040608 0.16392857142857142 0.06091370558375634 0.05357142857142857
4 1.3426395939086293 0.28285714285714286 0.048223350253807105 0.05857142857142857
5 1.2810913705583755 0.2375 0.06218274111675126 0.060714285714285714
6 1.4549492385786802 0.01107142857142857 0.10786802030456852 0.023571428571428573
5 0.6897208121827411 0.3425 0.049492385786802026 0.062142857142857146
5 0.027918781725888322 0.37607142857142856 0.05837563451776649 0.08214285714285714
