3 0.20476190476190476 0.5246428571428572 0.07428571428571429 0.07357142857142857
3 0.3438095238095238 0.48964285714285716 0.049523809523809526 0.056428571428571425
3 0.4119047619047619 0.45821428571428574 0.040952380952380955 0.05071428571428571
3 0.35904761904761906 0.43 0.047619047619047616 0.04857142857142857
5 0.4257142857142857 0.38321428571428573 0.049523809523809526 0.056428571428571425
3 0.3761904761904762 0.36428571428571427 0.047619047619047616 0.04285714285714286
3 0.430952380952381 0.3342857142857143 0.039047619047619046 0.03142857142857143
3 1.0238095238095237 0.6921428571428572 0.1676190476190476 0.07
3 1.2014285714285715 0.6678571428571428 0.14952380952380953 0.06857142857142857
1 0.5652380952380952 0.2832142857142857 0.008571428571428572 0.010714285714285714
2 0.5652380952380952 0.2882142857142857 0.008571428571428572 0.010714285714285714
1 0.6185714285714285 0.6175 0.018095238095238095 0.027857142857142858
1 0.6342857142857142 0.5821428571428572 0.01904761904761905 0.027142857142857142
1 0.058095238095238096 0.6307142857142857 0.02095238095238095 0.018571428571428572
1 0.10904761904761905 0.57 0.023809523809523808 0.02142857142857143
1 0.11428571428571428 0.5457142857142857 0.022857142857142857 0.02142857142857143
1 0.8676190476190476 0.5682142857142857 0.01904761904761905 0.016428571428571428
1 0.88 0.5928571428571429 0.022857142857142857 0.025714285714285714
1 0.7552380952380953 0.5646428571428571 0.015238095238095238 0.017857142857142856
9 0.7547619047619047 0.5728571428571428 0.04476190476190476 0.012857142857142857
9 0.8628571428571429 0.5746428571428571 0.03619047619047619 0.012142857142857143
9 0.8690476190476191 0.5967857142857143 0.04857142857142857 0.015
9 0.6361904761904762 0.5832142857142857 0.04380952380952381 0.027857142857142858
9 0.6157142857142857 0.6225 0.04857142857142857 0.020714285714285713
9 0.05761904761904762 0.6328571428571429 0.035238095238095235 0.02142857142857143
9 0.11428571428571428 0.5767857142857142 0.02095238095238095 0.03357142857142857
9 0.11761904761904762 0.5557142857142857 0.021904761904761906 0.015714285714285715
