4 1.055 0.62875 0.142 0.2005
1 0.46099999999999997 0.466 0.038 0.039
1 0.421 0.45475 0.03266666666666666 0.0425
2 0.5539999999999999 0.43425 0.022666666666666665 0.043500000000000004
1 0.5536666666666666 0.42275 0.02333333333333333 0.0375
4 0.3343333333333333 0.45525 0.126 0.1315
4 0.308 0.324 0.144 0.077
4 0.29133333333333333 0.25 0.11466666666666667 0.051000000000000004
3 0.11166666666666666 0.26475 0.134 0.0415
3 0.25766666666666665 0.1915 0.11266666666666666 0.037
2 0.5256666666666666 0.1825 0.015333333333333332 0.023
1 0.5263333333333333 0.177 0.014 0.026000000000000002
3 1.127 0.18375 0.11133333333333333 0.0365
3 0.5626666666666666 0.115 0.036 0.035
3 0.5066666666666666 0.1105 0.03733333333333333 0.031
2 0.5926666666666667 0.06525 0.009333333333333332 0.0135
1 0.5923333333333333 0.06 0.007333333333333333 0.017
1 0.529 0.09775 0.01 0.0165
3 0.589 0.029500000000000002 0.024666666666666667 0.018000000000000002
3 0.571 0.006 0.022 0.013000000000000001
