3 0.06218274111675126 0.3335714285714286 0.07106598984771573 0.022857142857142857
3 0.15291878172588833 0.3682142857142857 0.0748730964467005 0.019285714285714285
4 0.14086294416243653 0.3982142857142857 0.07614213197969542 0.019285714285714285
4 0.13705583756345177 0.4235714285714286 0.08375634517766496 0.02142857142857143
4 0.3648477157360406 0.425 0.06725888324873096 0.04285714285714286
4 0.42195431472081213 0.42428571428571427 0.06725888324873096 0.041428571428571426
4 0.4860406091370558 0.4175 0.07360406091370558 0.04214285714285714
4 0.5456852791878172 0.4132142857142857 0.06345177664974619 0.03642857142857143
3 0.6008883248730964 0.4125 0.06725888324873096 0.03785714285714286
4 0.6643401015228426 0.4085714285714286 0.06979695431472081 0.04285714285714286
9 0.6878172588832486 0.4182142857142857 0.03045685279187817 0.013571428571428571
9 0.7296954314720812 0.4110714285714286 0.017766497461928932 0.023571428571428573
9 0.7550761421319796 0.4114285714285714 0.035532994923857864 0.008571428571428572
5 0.4035532994923858 0.3457142857142857 0.19289340101522842 0.03142857142857143
5 0.6173857868020304 0.3367857142857143 0.15355329949238578 0.027857142857142858
5 1.431472081218274 0.2689285714285714 0.18527918781725886 0.039285714285714285
5 1.432741116751269 0.30142857142857143 0.2182741116751269 0.03857142857142857
5 1.4029187817258881 0.3357142857142857 0.13071065989847716 0.03428571428571429
5 1.5615482233502538 0.28785714285714287 0.14086294416243653 0.03428571428571429
3 1.6503807106598984 0.2842857142857143 0.08248730964467005 0.017142857142857144
3 1.7252538071065988 0.2717857142857143 0.07741116751269035 0.029285714285714286
8 1.6986040609137054 0.3157142857142857 0.15355329949238578 0.047142857142857146
4 1.7030456852791878 0.3442857142857143 0.07614213197969542 0.024285714285714285
3 1.6618020304568526 0.45107142857142857 0.07741116751269035 0.02642857142857143
8 1.440989847715736 0.4689285714285714 0.20939086294416243 0.060714285714285714
4 1.2607868020304567 0.5539285714285714 0.07233502538071065 0.015
4 1.5012690355329947 0.385 0.07106598984771573 0.027142857142857142
4 1.4378172588832485 0.36607142857142855 0.07614213197969542 0.027857142857142858
4 1.3388324873096447 0.4139285714285714 0.07868020304568528 0.027857142857142858
3 1.28997461928934 0.395 0.0748730964467005 0.025714285714285714
4 1.181472081218274 0.4467857142857143 0.07868020304568528 0.029285714285714286
5 1.0526649746192893 0.4707142857142857 0.08248730964467005 0.03142857142857143
5 1.0050761421319796 0.4471428571428571 0.17258883248730963 0.05285714285714286
3 0.8718274111675126 0.4789285714285714 0.07614213197969542 0.025
3 0.9168781725888324 0.49964285714285717 0.06979695431472081 0.029285714285714286
3 0.8039340101522842 0.5135714285714286 0.06979695431472081 0.024285714285714285
3 0.7842639593908629 0.47464285714285714 0.07614213197969542 0.020714285714285713
3 0.8686548223350253 0.4089285714285714 0.04187817258883248 0.04357142857142857
3 0.906725888324873 0.4039285714285714 0.04187817258883248 0.04214285714285714
4 0.947969543147208 0.3985714285714286 0.04314720812182741 0.047142857142857146
3 1.0298223350253806 0.39464285714285713 0.03934010152284264 0.03357142857142857
3 1.0666243654822334 0.38392857142857145 0.04441624365482233 0.045
3 1.147208121827411 0.36892857142857144 0.04314720812182741 0.04357142857142857
3 1.1878172588832487 0.36428571428571427 0.04314720812182741 0.04
3 1.2290609137055837 0.3585714285714286 0.03934010152284264 0.037142857142857144
3 0.7081218274111675 0.545 0.07868020304568528 0.03142857142857143
3 0.6097715736040609 0.5478571428571428 0.07741116751269035 0.027142857142857142
3 0.3826142131979695 0.5510714285714285 0.08248730964467005 0.020714285714285713
3 0.2531725888324873 0.5560714285714285 0.05964467005076142 0.010714285714285714
9 0.33883248730964466 0.5317857142857143 0.03807106598984771 0.012142857142857143
1 0.3356598984771573 0.5314285714285715 0.019035532994923856 0.01
4 0.42512690355329946 0.5189285714285714 0.08121827411167512 0.023571428571428573
8 0.5615482233502538 0.5096428571428572 0.10786802030456852 0.035
