3 0.7656666666666666 0.7232500000000001 0.22733333333333333 0.0525
3 0.7486666666666666 0.63525 0.18 0.08750000000000001
3 0.7783333333333333 0.56925 0.21666666666666665 0.0805
3 0.7906666666666666 0.50975 0.19333333333333333 0.0725
3 0.8003333333333333 0.44725000000000004 0.146 0.0585
3 0.7889999999999999 0.366 0.126 0.06
3 0.8113333333333334 0.3395 0.13333333333333333 0.049
3 0.8116666666666666 0.31025 0.13933333333333334 0.043500000000000004
3 0.8096666666666666 0.28200000000000003 0.10866666666666666 0.039
4 0.5743333333333334 0.26025 0.06866666666666667 0.0625
3 0.8246666666666667 0.231 0.10266666666666667 0.032
6 0.2796666666666667 0.60375 0.03666666666666667 0.0505
9 0.2663333333333333 0.6105 0.03933333333333333 0.051000000000000004
9 0.42166666666666663 0.429 0.06066666666666667 0.03
9 0.474 0.37375 0.028 0.0305
9 0.521 0.25025000000000003 0.04066666666666666 0.0245
9 0.49866666666666665 0.268 0.034666666666666665 0.018000000000000002
3 0.532 0.2015 0.09733333333333333 0.031
3 0.621 0.15325 0.06733333333333333 0.0285
3 0.8333333333333333 0.21325 0.09066666666666666 0.0275
3 0.8283333333333333 0.20025 0.09933333333333333 0.0285
3 0.827 0.18225 0.09266666666666666 0.0325
3 0.8393333333333333 0.17025 0.088 0.0275
3 0.8416666666666667 0.15825 0.086 0.0235
3 0.846 0.14400000000000002 0.07733333333333334 0.023
3 0.8446666666666667 0.13425 0.07733333333333334 0.021500000000000002
3 0.837 0.1275 0.07533333333333334 0.018000000000000002
3 0.8483333333333333 0.116 0.06333333333333332 0.022
3 0.8456666666666667 0.108 0.06999999999999999 0.022
3 0.8393333333333333 0.092 0.06933333333333333 0.022
3 0.8473333333333333 0.08425 0.06266666666666666 0.0195
3 0.85 0.0785 0.06133333333333333 0.019
3 0.8516666666666667 0.07 0.05533333333333333 0.017
3 0.8536666666666667 0.0665 0.054 0.015
3 0.846 0.0605 0.06266666666666666 0.017
2 0.5433333333333333 0.16425 0.030666666666666665 0.0185
2 0.576 0.1585 0.028 0.02
9 0.504 0.18725 0.018666666666666665 0.0175
9 0.498 0.17875 0.032 0.0175
3 0.724 0.043750000000000004 0.03866666666666667 0.0175
3 0.7643333333333333 0.0235 0.04466666666666667 0.014
3 0.825 0.02425 0.04733333333333333 0.0135
3 0.7843333333333333 0.01975 0.02333333333333333 0.0145
3 0.7939999999999999 0.0055 0.04133333333333333 0.01
9 0.8089999999999999 0.00975 0.015333333333333332 0.0085
1 0.8089999999999999 0.00775 0.008666666666666666 0.0105
5 1.187 0.074 0.08066666666666666 0.062
3 1.2426666666666666 0.0635 0.03733333333333333 0.019
4 1.123 0.03425 0.03 0.0225
3 1.099 0.0205 0.024666666666666667 0.014
