8 1.1676190476190476 0.5489285714285714 0.3295238095238095 0.1392857142857143
8 1.3057142857142856 0.3007142857142857 0.05333333333333333 0.037142857142857144
8 1.2857142857142858 0.28214285714285714 0.09333333333333334 0.03428571428571429
4 1.0838095238095238 0.3475 0.12761904761904763 0.05357142857142857
3 1.2671428571428571 0.34035714285714286 0.11714285714285715 0.04071428571428572
3 0.7604761904761905 0.37107142857142855 0.13428571428571429 0.03642857142857143
3 0.5685714285714286 0.38571428571428573 0.1295238095238095 0.05
3 0.36523809523809525 0.3982142857142857 0.1361904761904762 0.04642857142857143
3 0.5242857142857142 0.31285714285714283 0.11714285714285715 0.03571428571428571
3 0.07380952380952381 0.37357142857142855 0.14761904761904762 0.04428571428571428
3 0.18285714285714286 0.33107142857142857 0.15047619047619049 0.04071428571428572
3 0.18047619047619048 0.4067857142857143 0.16476190476190475 0.04928571428571429
4 0.43285714285714283 0.3517857142857143 0.12666666666666668 0.056428571428571425
8 0.9971428571428571 0.31285714285714283 0.30095238095238097 0.08428571428571428
3 0.42904761904761907 0.13035714285714287 0.037142857142857144 0.03214285714285714
3 0.37142857142857144 0.13892857142857143 0.07809523809523809 0.027857142857142858
3 0.7114285714285714 0.18607142857142858 0.047619047619047616 0.04357142857142857
3 0.7523809523809524 0.18642857142857142 0.04 0.04
3 0.670952380952381 0.135 0.04476190476190476 0.037142857142857144
3 0.710952380952381 0.13642857142857143 0.039047619047619046 0.03142857142857143
3 0.7647619047619048 0.13 0.03619047619047619 0.032857142857142856
3 0.9547619047619048 0.18035714285714285 0.05619047619047619 0.047857142857142855
3 1.1004761904761904 0.16535714285714287 0.07523809523809524 0.02214285714285714
