3 0.3919047619047619 0.6553571428571429 0.32095238095238093 0.18785714285714286
3 1.069047619047619 0.40785714285714286 0.2714285714285714 0.12571428571428572
3 1.16 0.30857142857142855 0.24571428571428572 0.07571428571428572
3 0.9338095238095238 0.26785714285714285 0.19142857142857142 0.06714285714285714
3 0.6314285714285715 0.295 0.11428571428571428 0.08571428571428572
3 0.48428571428571426 0.3417857142857143 0.12857142857142856 0.11785714285714285
3 0.19142857142857142 0.30785714285714283 0.1676190476190476 0.09714285714285714
3 0.18285714285714286 0.22392857142857142 0.18666666666666668 0.045
3 0.19333333333333333 0.20285714285714285 0.18095238095238095 0.05
3 0.33714285714285713 0.18714285714285714 0.07047619047619047 0.054285714285714284
3 0.4876190476190476 0.2557142857142857 0.08952380952380952 0.06714285714285714
3 0.5861904761904762 0.2307142857142857 0.08095238095238096 0.05285714285714286
3 0.4847619047619048 0.19785714285714287 0.07047619047619047 0.04857142857142857
3 0.5576190476190476 0.18571428571428572 0.06190476190476191 0.03428571428571429
3 0.7247619047619047 0.19857142857142857 0.07238095238095238 0.037142857142857144
3 0.37142857142857144 0.16178571428571428 0.05904761904761905 0.035
3 0.39714285714285713 0.15285714285714286 0.04 0.027142857142857142
3 0.4095238095238095 0.1407142857142857 0.03238095238095238 0.025714285714285714
3 0.3619047619047619 0.1357142857142857 0.07047619047619047 0.02142857142857143
3 0.39714285714285713 0.11964285714285715 0.06666666666666667 0.02214285714285714
3 0.39904761904761904 0.11571428571428571 0.05904761904761905 0.022857142857142857
3 0.4380952380952381 0.11285714285714285 0.03619047619047619 0.02142857142857143
3 0.4919047619047619 0.1707142857142857 0.054285714285714284 0.03
3 0.550952380952381 0.16892857142857143 0.04857142857142857 0.029285714285714286
3 0.48523809523809525 0.15321428571428572 0.04666666666666667 0.030714285714285715
3 0.4880952380952381 0.13178571428571428 0.037142857142857144 0.019285714285714285
3 0.490952380952381 0.12071428571428572 0.03142857142857143 0.02
3 0.4928571428571429 0.11321428571428571 0.03142857142857143 0.016428571428571428
3 0.49 0.1025 0.023809523809523808 0.016428571428571428
3 0.55 0.15714285714285714 0.04285714285714286 0.022857142857142857
3 0.5404761904761904 0.1425 0.039047619047619046 0.020714285714285713
3 0.5333333333333333 0.12857142857142856 0.03238095238095238 0.014285714285714285
3 0.5271428571428571 0.12214285714285714 0.02761904761904762 0.017142857142857144
3 0.5190476190476191 0.11178571428571428 0.024761904761904763 0.016428571428571428
3 0.5147619047619048 0.10214285714285715 0.01619047619047619 0.01
4 0.650952380952381 0.14535714285714285 0.04285714285714286 0.025
3 0.628095238095238 0.14142857142857143 0.037142857142857144 0.018571428571428572
3 0.6152380952380953 0.13035714285714287 0.049523809523809526 0.023571428571428573
3 0.6090476190476191 0.11607142857142858 0.058095238095238096 0.017857142857142856
3 0.6547619047619048 0.16035714285714286 0.04666666666666667 0.03214285714285714
