1 0.14192949907235622 0.06863256784968684 0.016697588126159554 0.014091858037578286
1 0.41187384044526903 0.48173277661795405 0.04823747680890538 0.032359081419624215
1 0.6066790352504638 0.5026096033402923 0.04081632653061225 0.037578288100208766
1 0.6145640074211502 0.4947807933194154 0.03246753246753247 0.033402922755741124
9 0.41836734693877553 0.4853862212943632 0.09647495361781076 0.03444676409185803
9 0.6066790352504638 0.5109603340292275 0.03339517625231911 0.05427974947807933
9 0.5227272727272727 0.3856993736951983 0.0640074211502783 0.026096033402922752
9 0.5292207792207793 0.36743215031315235 0.06957328385899815 0.022964509394572022
1 0.5037105751391465 0.36064718162839243 0.029684601113172542 0.025052192066805843
6 0.5774582560296846 0.3155010438413361 0.11038961038961038 0.04331941544885177
6 0.7045454545454546 0.1933716075156576 0.07699443413729128 0.032881002087682666
6 0.7087198515769945 0.18502087682672233 0.0686456400742115 0.03183716075156576
1 0.7161410018552876 0.1944154488517745 0.02411873840445269 0.019311064718162838
1 0.6637291280148423 0.18084551148225467 0.012059369202226345 0.012004175365344467
6 0.7685528756957328 0.13778705636743213 0.06771799628942486 0.027139874739039664
6 0.7717996289424861 0.13308977035490605 0.061224489795918366 0.025052192066805843
6 0.7792207792207793 0.12552192066805845 0.0686456400742115 0.02453027139874739
6 0.7815398886827458 0.11743215031315239 0.06957328385899815 0.024008350730688934
6 0.8260667903525046 0.07437369519832984 0.049165120593692026 0.020354906054279746
6 0.827922077922078 0.06889352818371607 0.04730983302411874 0.019832985386221292
6 0.8427643784786643 0.06315240083507306 0.03432282003710575 0.015657620041753653
6 0.8418367346938775 0.06054279749478079 0.049165120593692026 0.020876826722338204
6 0.8585343228200372 0.05662839248434237 0.045454545454545456 0.01826722338204593
6 0.8492578849721707 0.05297494780793319 0.045454545454545456 0.020354906054279746
6 0.8631725417439703 0.044885177453027135 0.03803339517625232 0.018789144050104383
6 0.8585343228200372 0.04070981210855949 0.04730983302411874 0.018789144050104383
6 0.8956400742115028 0.02113778705636743 0.036178107606679034 0.014091858037578286
1 0.9035250463821892 0.02139874739039666 0.011131725417439703 0.009394572025052192
6 0.8840445269016698 0.018789144050104383 0.04267161410018553 0.014613778705636741
6 0.8877551020408163 0.012004175365344467 0.03896103896103896 0.01774530271398747
6 0.9211502782931354 0.013308977035490605 0.014842300556586271 0.009916492693110646
3 0.9461966604823748 0.009394572025052192 0.029684601113172542 0.016701461377870562
1 0.9225417439703154 0.04436325678496868 0.010204081632653062 0.014613778705636741
9 0.9230055658627088 0.04749478079331941 0.014842300556586271 0.014613778705636741
9 0.9735621521335808 0.04305845511482254 0.012059369202226345 0.013048016701461376
9 0.9925788497217068 0.054018789144050096 0.011131725417439703 0.013048016701461376
9 0.9902597402597403 0.04279749478079332 0.013914656771799629 0.012526096033402922
1 0.9735621521335808 0.04123173277661795 0.010204081632653062 0.013569937369519832
1 0.9888682745825603 0.04018789144050104 0.011131725417439703 0.013569937369519832
1 0.9916512059369202 0.051148225469728595 0.00927643784786642 0.013569937369519832
1 0.8868274582560297 0.07306889352818371 0.012987012987012988 0.014613778705636741
1 0.9698515769944341 0.10307933194154488 0.013914656771799629 0.020354906054279746
1 0.9007421150278293 0.11377870563674321 0.016697588126159554 0.016701461377870562
1 0.9573283858998145 0.15109603340292274 0.01855287569573284 0.019311064718162838
9 0.8863636363636364 0.0767223382045929 0.015769944341372914 0.013569937369519832
9 0.9703153988868275 0.10594989561586637 0.02411873840445269 0.015657620041753653
9 0.9002782931354361 0.11951983298538621 0.015769944341372914 0.016701461377870562
9 0.9591836734693878 0.15474947807933193 0.02411873840445269 0.020354906054279746
1 0.7189239332096475 0.2862734864300626 0.01855287569573284 0.02139874739039666
1 0.7198515769944341 0.2836638830897703 0.027829313543599257 0.02453027139874739
1 0.7282003710575139 0.28105427974947805 0.022263450834879406 0.01826722338204593
1 0.7750463821892394 0.3319415448851774 0.036178107606679034 0.029227557411273482
1 0.8353432282003711 0.26487473903966596 0.01948051948051948 0.023486430062630476
1 0.8872912801484231 0.2635699373695198 0.026901669758812616 0.020876826722338204
9 0.7221706864564007 0.2888830897703549 0.03432282003710575 0.032881002087682666
9 0.8362708719851577 0.2693110647181628 0.026901669758812616 0.027139874739039664
9 0.8868274582560297 0.2682672233820459 0.027829313543599257 0.029227557411273482
9 0.7787569573283859 0.3384655532359081 0.03246753246753247 0.03183716075156576
1 0.8158627087198516 0.4337160751565762 0.030612244897959183 0.032359081419624215
9 0.8181818181818182 0.438152400835073 0.03153988868274583 0.04123173277661795
9 1.2300556586270872 0.5399269311064717 0.03710575139146568 0.04331941544885177
9 1.728200371057514 0.45850730688935276 0.07792207792207792 0.05271398747390396
9 1.6391465677179964 0.42432150313152395 0.0927643784786642 0.033402922755741124
9 1.7170686456400743 0.4240605427974947 0.059369202226345084 0.05271398747390396
9 1.62708719851577 0.3898747390396659 0.07977736549165121 0.027139874739039664
9 1.6108534322820038 0.35777661795407095 0.05844155844155844 0.02974947807933194
9 1.5106679035250463 0.28679540709812107 0.06029684601113173 0.023486430062630476
9 1.4846938775510203 0.24138830897703548 0.06586270871985157 0.02453027139874739
2 1.2068645640074211 0.34551148225469724 0.04823747680890538 0.03549060542797494
1 1.1743970315398886 0.29827766179540705 0.014842300556586271 0.016179540709812108
1 1.2295918367346939 0.3079331941544885 0.036178107606679034 0.030271398747390394
1 1.2286641929499074 0.31158663883089766 0.0176252319109462 0.018789144050104383
9 1.2272727272727273 0.3147181628392484 0.03710575139146568 0.032359081419624215
2 1.2082560296846012 0.34577244258872647 0.04730983302411874 0.0360125260960334
1 1.1966604823747682 0.19311064718162838 0.02411873840445269 0.019832985386221292
6 1.1679035250463823 0.16257828810020875 0.07606679035250465 0.028705636743215027
9 1.1456400742115027 0.13126304801670144 0.04081632653061225 0.012004175365344467
3 0.9902597402597403 0.34159707724425886 0.19944341372912802 0.06106471816283924
9 1.0023191094619666 0.2228601252609603 0.05658627087198516 0.016701461377870562
6 1.0134508348794062 0.21477035490605426 0.06586270871985157 0.02139874739039666
6 1.0097402597402598 0.20459290187891438 0.07328385899814471 0.020876826722338204
6 1.0269016697588127 0.1677974947807933 0.08719851576994435 0.02974947807933194
6 1.034786641929499 0.11116910229645093 0.06586270871985157 0.025052192066805843
1 1.0357142857142858 0.05036534446764091 0.010204081632653062 0.009916492693110646
