3 0.6466666666666666 0.5917857142857142 0.049523809523809526 0.05357142857142857
3 0.5838095238095238 0.5632142857142857 0.05142857142857143 0.060714285714285714
3 0.5619047619047619 0.49357142857142855 0.0380952380952381 0.045714285714285714
3 0.5385714285714286 0.4471428571428571 0.03333333333333333 0.03857142857142857
3 0.47904761904761906 0.39285714285714285 0.02857142857142857 0.03428571428571429
3 0.3495238095238095 0.03892857142857143 0.011428571428571429 0.009285714285714286
3 0.33666666666666667 0.04857142857142857 0.010476190476190476 0.01
3 0.34095238095238095 0.07392857142857143 0.011428571428571429 0.007857142857142858
3 0.36047619047619045 0.08107142857142857 0.014285714285714285 0.010714285714285714
3 0.3414285714285714 0.08714285714285715 0.014285714285714285 0.01
3 0.3442857142857143 0.13107142857142856 0.01619047619047619 0.013571428571428571
3 0.36904761904761907 0.13428571428571429 0.01619047619047619 0.012857142857142857
3 0.39285714285714285 0.1332142857142857 0.014285714285714285 0.012142857142857143
3 0.3880952380952381 0.11964285714285715 0.014285714285714285 0.013571428571428571
3 0.36857142857142855 0.12142857142857143 0.015238095238095238 0.011428571428571429
9 0.4180952380952381 0.026785714285714284 0.0038095238095238095 0.0064285714285714285
9 0.2904761904761905 0.14892857142857144 0.009523809523809525 0.005
3 0.1419047619047619 0.21642857142857141 0.03619047619047619 0.015714285714285715
3 0.23142857142857143 0.3407142857142857 0.03428571428571429 0.032857142857142856
3 0.09523809523809523 0.2882142857142857 0.0380952380952381 0.027857142857142858
3 0.14238095238095239 0.30392857142857144 0.04476190476190476 0.02642857142857143
4 0.12238095238095238 0.3460714285714286 0.039047619047619046 0.03357142857142857
3 0.44333333333333336 0.27464285714285713 0.021904761904761906 0.02214285714285714
3 0.4471428571428571 0.2985714285714286 0.023809523809523808 0.024285714285714285
3 0.45666666666666667 0.3271428571428571 0.025714285714285714 0.03142857142857143
3 0.46714285714285714 0.35892857142857143 0.029523809523809525 0.030714285714285715
3 0.4766666666666667 0.27285714285714285 0.023809523809523808 0.02142857142857143
3 0.2938095238095238 0.4567857142857143 0.03333333333333333 0.04928571428571429
9 0.1357142857142857 0.4303571428571429 0.029523809523809525 0.017857142857142856
9 0.18761904761904763 0.38607142857142857 0.03428571428571429 0.012142857142857143
9 0.08666666666666667 0.41678571428571426 0.030476190476190476 0.013571428571428571
9 0.09380952380952381 0.3692857142857143 0.02 0.01
3 0.5785714285714286 0.42392857142857143 0.035238095238095235 0.039285714285714285
3 0.53 0.4085714285714286 0.03142857142857143 0.03571428571428571
3 0.5614285714285714 0.38107142857142856 0.03333333333333333 0.030714285714285715
3 0.5866666666666667 0.35285714285714287 0.03428571428571429 0.027142857142857142
3 0.5438095238095239 0.35035714285714287 0.02857142857142857 0.030714285714285715
3 0.5128571428571429 0.36464285714285716 0.029523809523809525 0.03357142857142857
3 0.4976190476190476 0.3289285714285714 0.029523809523809525 0.029285714285714286
3 0.5290476190476191 0.3221428571428571 0.029523809523809525 0.027142857142857142
3 0.5166666666666667 0.2953571428571429 0.029523809523809525 0.025
3 0.4847619047619048 0.29892857142857143 0.026666666666666665 0.025
3 0.5057142857142857 0.26607142857142857 0.022857142857142857 0.02214285714285714
9 0.5542857142857143 0.26285714285714284 0.009523809523809525 0.014285714285714285
9 0.5761904761904761 0.2671428571428571 0.005714285714285714 0.012857142857142857
9 0.5547619047619048 0.2307142857142857 0.006666666666666666 0.01
9 0.5404761904761904 0.23714285714285716 0.006666666666666666 0.007142857142857143
3 0.6304761904761905 0.1675 0.03428571428571429 0.012142857142857143
3 0.6261904761904762 0.16178571428571428 0.037142857142857144 0.012142857142857143
3 0.6828571428571428 0.16214285714285714 0.03619047619047619 0.012857142857142857
9 0.7119047619047619 0.3364285714285714 0.008571428571428572 0.011428571428571429
3 0.9176190476190477 0.51 0.05619047619047619 0.054285714285714284
1 0.4185714285714286 0.025357142857142856 0.002857142857142857 0.0035714285714285713
1 0.2904761904761905 0.14785714285714285 0.005714285714285714 0.004285714285714286
1 0.5547619047619048 0.2275 0.004761904761904762 0.0064285714285714285
1 0.5404761904761904 0.2357142857142857 0.004761904761904762 0.005714285714285714
1 0.5547619047619048 0.25892857142857145 0.006666666666666666 0.009285714285714286
1 0.5776190476190476 0.265 0.006666666666666666 0.008571428571428572
