5 1.021799628942486 0.09498956158663882 0.18831168831168832 0.11273486430062629
3 1.160482374768089 0.03705636743215031 0.07606679035250465 0.03653444676409186
5 1.2110389610389611 0.008611691022964508 0.06215213358070501 0.01826722338204593
6 1.6859925788497216 0.03914405010438413 0.05658627087198516 0.022964509394572022
6 1.5575139146567718 0.09655532359081419 0.07977736549165121 0.022964509394572022
6 1.5746753246753247 0.08794363256784968 0.06215213358070501 0.01826722338204593
6 1.5964749536178109 0.08637787056367431 0.0705009276437848 0.020354906054279746
9 1.3942486085343229 0.044885177453027135 0.01855287569573284 0.015657620041753653
6 1.4860853432282004 0.16466597077244258 0.09833024118738405 0.04123173277661795
9 1.4044526901669758 0.18502087682672233 0.0352504638218924 0.01826722338204593
6 1.6832096474953617 0.21737995824634654 0.04730983302411874 0.04018789144050104
4 1.4179035250463823 0.3770876826722338 0.08256029684601113 0.062108559498956155
3 0.7903525046382189 0.3196764091858037 0.10760667903525047 0.062108559498956155
3 0.9545454545454546 0.3896137787056367 0.0927643784786642 0.07045929018789143
3 1.0644712430426717 0.31497912317327764 0.13079777365491652 0.06002087682672233
9 1.1813543599257885 0.3564718162839248 0.043599257884972174 0.022964509394572022
9 1.2546382189239331 0.31393528183716074 0.04730983302411874 0.020354906054279746
4 1.1233766233766234 0.2750521920668058 0.11317254174397032 0.04697286012526095
4 1.216604823747681 0.22886221294363254 0.09740259740259741 0.04958246346555323
9 1.1303339517625233 0.21059498956158662 0.045454545454545456 0.016179540709812108
6 0.4424860853432282 0.409446764091858 0.061224489795918366 0.03392484342379958
2 0.5190166975881262 0.36847599164926925 0.041743970315398886 0.013569937369519832
9 0.41233766233766234 0.38152400835073064 0.05102040816326531 0.022964509394572022
3 0.661873840445269 0.2980167014613778 0.10853432282003711 0.0615866388308977
4 0.8038033395176253 0.23199373695198328 0.08812615955473098 0.04853862212943632
9 0.16233766233766234 0.4882567849686847 0.05380333951762523 0.02453027139874739
