3 0.4785714285714286 0.5935714285714285 0.14 0.20714285714285716
3 0.9938095238095238 0.5839285714285715 0.16857142857142857 0.16642857142857143
3 0.9395238095238095 0.425 0.14 0.12714285714285714
4 0.569047619047619 0.32 0.08285714285714285 0.10857142857142857
3 0.11523809523809524 0.42214285714285715 0.23238095238095238 0.08285714285714285
3 0.34476190476190477 0.22607142857142856 0.15047619047619049 0.04928571428571429
5 0.6804761904761905 0.22357142857142856 0.13428571428571429 0.07714285714285714
3 0.9133333333333333 0.23964285714285713 0.08952380952380952 0.06357142857142857
3 1.069047619047619 0.365 0.1819047619047619 0.07857142857142857
3 0.4757142857142857 0.15821428571428572 0.13238095238095238 0.04357142857142857
3 0.8214285714285714 0.15642857142857142 0.08666666666666667 0.041428571428571426
3 0.55 0.11857142857142858 0.06761904761904762 0.032857142857142856
3 0.74 0.10428571428571429 0.08571428571428572 0.03428571428571429
3 0.829047619047619 0.09357142857142857 0.06952380952380953 0.025714285714285714
3 0.9361904761904762 0.07 0.06476190476190476 0.02857142857142857
3 1.0147619047619048 0.08285714285714285 0.07333333333333333 0.03
3 1.0552380952380953 0.04928571428571429 0.06476190476190476 0.02857142857142857
4 1.1157142857142857 0.0425 0.05238095238095238 0.029285714285714286
3 1.1295238095238096 0.02035714285714286 0.05142857142857143 0.019285714285714285
3 1.0976190476190477 0.02 0.05047619047619047 0.02
3 1.078095238095238 0.016785714285714286 0.05333333333333333 0.02214285714285714
3 1.2223809523809523 0.05607142857142857 0.06 0.027857142857142858
3 1.11 0.17214285714285715 0.1380952380952381 0.04
3 1.160952380952381 0.1357142857142857 0.09333333333333334 0.03571428571428571
3 1.1690476190476191 0.1275 0.1019047619047619 0.04642857142857143
3 1.2166666666666666 0.11571428571428571 0.09428571428571429 0.03857142857142857
4 1.2333333333333334 0.10321428571428572 0.08190476190476191 0.04214285714285714
3 1.1952380952380952 0.08678571428571429 0.08190476190476191 0.027857142857142858
4 0.07238095238095238 0.4760714285714286 0.14666666666666667 0.11357142857142857
