1 0.0019035532994923856 0.010714285714285714 0.006345177664974619 0.01
1 0.04695431472081218 0.0275 0.0076142131979695426 0.007857142857142858
1 0.05964467005076142 0.013571428571428571 0.01015228426395939 0.008571428571428572
1 0.07296954314720812 0.011785714285714287 0.008883248730964466 0.007857142857142858
1 0.07360406091370558 0.015714285714285715 0.01015228426395939 0.007142857142857143
1 0.039974619289340096 0.013214285714285715 0.008883248730964466 0.009285714285714286
1 0.026649746192893398 0.0175 0.012690355329949238 0.009285714285714286
1 0.04695431472081218 0.015357142857142857 0.01015228426395939 0.007857142857142858
9 0.1630710659898477 0.11071428571428571 0.021573604060913704 0.014285714285714285
9 0.0025380710659898475 0.1632142857142857 0.0076142131979695426 0.013571428571428571
9 0.08692893401015228 0.14357142857142857 0.03426395939086294 0.012857142857142857
9 0.12119289340101522 0.14535714285714285 0.03426395939086294 0.012142857142857143
9 0.07360406091370558 0.15392857142857141 0.035532994923857864 0.016428571428571428
4 0.09073604060913705 0.16428571428571428 0.08502538071065989 0.032857142857142856
4 0.10850253807106598 0.1742857142857143 0.08756345177664974 0.03142857142857143
3 0.11611675126903552 0.18821428571428572 0.07741116751269035 0.027857142857142858
3 0.11167512690355329 0.21785714285714286 0.048223350253807105 0.03
3 0.2017766497461929 0.1975 0.07360406091370558 0.02214285714285714
3 0.1916243654822335 0.2125 0.08375634517766496 0.02642857142857143
4 0.14340101522842638 0.24678571428571427 0.04314720812182741 0.03214285714285714
9 0.21256345177664973 0.1825 0.04187817258883248 0.012142857142857143
9 0.2151015228426396 0.17607142857142857 0.03934010152284264 0.013571428571428571
3 0.12055837563451775 0.3289285714285714 0.05837563451776649 0.045
9 0.012055837563451776 0.4592857142857143 0.026649746192893398 0.027142857142857142
9 0.006345177664974619 0.48 0.015228426395939085 0.027142857142857142
9 0.021573604060913704 0.41464285714285715 0.04568527918781726 0.020714285714285713
9 0.021573604060913704 0.4007142857142857 0.04568527918781726 0.022857142857142857
9 0.015862944162436547 0.38535714285714284 0.03426395939086294 0.017857142857142856
3 1.0044416243654821 0.4142857142857143 0.06472081218274112 0.05
4 0.9593908629441623 0.31857142857142856 0.04568527918781726 0.03857142857142857
4 0.9397208121827411 0.2717857142857143 0.03680203045685279 0.03642857142857143
4 0.9156091370558375 0.21642857142857141 0.03934010152284264 0.04
4 0.8807106598984771 0.1742857142857143 0.04314720812182741 0.03428571428571429
4 0.7512690355329948 0.08678571428571429 0.06345177664974619 0.020714285714285713
3 0.8280456852791878 0.145 0.03934010152284264 0.02857142857142857
5 0.7011421319796953 0.05821428571428571 0.05710659898477157 0.03785714285714286
5 0.6503807106598984 0.024285714285714285 0.05710659898477157 0.037142857142857144
