4 0.23 0.31785714285714284 0.07714285714285714 0.04
5 0.4085714285714286 0.3053571428571429 0.13142857142857142 0.04928571428571429
3 0.40476190476190477 0.3271428571428571 0.05523809523809524 0.02
3 0.2623809523809524 0.33535714285714285 0.06190476190476191 0.02642857142857143
3 0.4533333333333333 0.5603571428571429 0.06857142857142857 0.047857142857142855
4 0.4138095238095238 0.385 0.14952380952380953 0.06285714285714286
4 0.92 0.27714285714285714 0.1580952380952381 0.05857142857142857
4 0.9961904761904762 0.2807142857142857 0.08190476190476191 0.03857142857142857
3 0.9138095238095238 0.25821428571428573 0.029523809523809525 0.010714285714285714
4 1.1095238095238096 0.18535714285714286 0.05714285714285714 0.02642857142857143
4 1.2057142857142857 0.17142857142857143 0.02857142857142857 0.014285714285714285
4 1.1961904761904762 0.18571428571428572 0.02857142857142857 0.015714285714285715
3 1.3147619047619048 0.15714285714285714 0.02 0.01
