1 0.8673469387755102 0.5498434237995824 0.027829313543599257 0.017223382045929016
9 0.8692022263450835 0.5501043841336116 0.025974025974025976 0.021920668058455113
6 0.9962894248608535 0.4885177453027139 0.03710575139146568 0.04175365344467641
6 0.7755102040816326 0.3144572025052192 0.04081632653061225 0.03183716075156576
6 0.7115027829313544 0.2627870563674321 0.05194805194805195 0.02139874739039666
6 0.7987012987012987 0.2372129436325678 0.03153988868274583 0.02139874739039666
3 0.8863636363636364 0.2528705636743215 0.041743970315398886 0.03183716075156576
3 1.0051020408163265 0.28757828810020875 0.05473098330241188 0.030271398747390394
5 0.9081632653061225 0.229384133611691 0.0463821892393321 0.02766179540709812
3 1.1164192949907237 0.4149269311064718 0.11595547309833024 0.04070981210855949
9 1.1215213358070502 0.4819937369519833 0.03339517625231911 0.025574112734864297
9 1.1205936920222634 0.5020876826722338 0.04452690166975881 0.016701461377870562
9 1.1349721706864564 0.5404488517745302 0.045454545454545456 0.015135699373695197
6 1.049165120593692 0.4864300626304801 0.03153988868274583 0.037578288100208766
3 0.949443413729128 0.13517745302713985 0.049165120593692026 0.010438413361169102
3 1.012987012987013 0.11821503131524007 0.02411873840445269 0.015135699373695197
9 1.082560296846011 0.18580375782881 0.014842300556586271 0.012526096033402922
9 1.0978664192949907 0.18971816283924842 0.010204081632653062 0.010960334029227557
9 1.1224489795918366 0.1951983298538622 0.012987012987012988 0.010438413361169102
9 1.1349721706864564 0.19650313152400833 0.012059369202226345 0.010960334029227557
2 1.1363636363636365 0.18345511482254695 0.011131725417439703 0.008872651356993735
6 1.0598330241187384 0.15657620041753653 0.02319109461966605 0.016701461377870562
1 1.0691094619666048 0.17040709812108557 0.012059369202226345 0.008872651356993735
9 1.0686456400742115 0.17327766179540707 0.011131725417439703 0.010438413361169102
9 1.018552875695733 0.14926931106471814 0.011131725417439703 0.009394572025052192
9 1.101113172541744 0.09994780793319415 0.0074211502782931356 0.007828810020876827
9 0.9359925788497218 0.12578288100208768 0.016697588126159554 0.0073068893528183704
9 0.9392393320964749 0.12265135699373694 0.015769944341372914 0.0073068893528183704
9 0.9526901669758813 0.11143006263048015 0.014842300556586271 0.006784968684759916
9 1.019016697588126 0.10699373695198329 0.012059369202226345 0.0073068893528183704
9 1.0 0.10412317327766178 0.016697588126159554 0.006784968684759916
6 0.9721706864564008 0.10073068893528182 0.03339517625231911 0.008350730688935281
6 0.9897959183673469 0.08324634655532358 0.025974025974025976 0.008872651356993735
1 1.019016697588126 0.08637787056367431 0.006493506493506494 0.0057411273486430055
6 0.9791280148423006 0.07646137787056366 0.015769944341372914 0.009916492693110646
5 1.0111317254174397 0.07828810020876827 0.022263450834879406 0.012526096033402922
5 1.032931354359926 0.07150313152400835 0.01948051948051948 0.014613778705636741
9 1.0500927643784788 0.0662839248434238 0.0055658627087198514 0.005219206680584551
9 1.0858070500927643 0.05506263048016701 0.006493506493506494 0.0057411273486430055
1 1.0858070500927643 0.05297494780793319 0.00463821892393321 0.0057411273486430055
1 1.1015769944341374 0.09812108559498955 0.006493506493506494 0.0073068893528183704
1 1.019016697588126 0.14665970772442588 0.008348794063079777 0.009394572025052192
9 1.1284786641929498 0.12917536534446764 0.010204081632653062 0.008872651356993735
6 1.1349721706864564 0.04123173277661795 0.008348794063079777 0.008350730688935281
9 1.1595547309833025 0.044885177453027135 0.00927643784786642 0.005219206680584551
9 1.1525974025974026 0.057411273486430055 0.010204081632653062 0.005219206680584551
9 1.2073283858998145 0.05558455114822546 0.008348794063079777 0.0057411273486430055
6 1.1507421150278294 0.033402922755741124 0.006493506493506494 0.005219206680584551
1 1.1683673469387754 0.03366388308977035 0.006493506493506494 0.004697286012526096
1 1.1623376623376624 0.026878914405010435 0.0055658627087198514 0.0057411273486430055
9 1.161873840445269 0.02740083507306889 0.00463821892393321 0.004697286012526096
4 1.12291280148423 0.020876826722338204 0.012059369202226345 0.008350730688935281
3 1.1029684601113172 0.027922755741127347 0.014842300556586271 0.006784968684759916
5 1.0728200371057515 0.022703549060542796 0.015769944341372914 0.009916492693110646
4 1.1192022263450836 0.014352818371607514 0.012059369202226345 0.007828810020876827
6 1.1423933209647497 0.015657620041753653 0.008348794063079777 0.0073068893528183704
8 1.0862708719851577 0.013048016701461376 0.0463821892393321 0.014613778705636741
9 1.1507421150278294 0.014613778705636741 0.00463821892393321 0.0041753653444676405
9 1.1331168831168832 0.010960334029227557 0.00463821892393321 0.0031315240083507304
9 1.1340445269016697 0.014091858037578286 0.00463821892393321 0.0041753653444676405
1 1.1512059369202226 0.013048016701461376 0.0037105751391465678 0.0031315240083507304
1 1.1340445269016697 0.013308977035490605 0.0027829313543599257 0.0036534446764091852
1 1.1335807050092765 0.009916492693110646 0.0037105751391465678 0.0041753653444676405
1 1.1266233766233766 0.004958246346555323 0.00463821892393321 0.0036534446764091852
6 1.1266233766233766 0.0060020876826722335 0.006493506493506494 0.0036534446764091852
3 1.1405380333951762 0.005480167014613778 0.012059369202226345 0.004697286012526096
6 1.1595547309833025 0.0026096033402922755 0.011131725417439703 0.006263048016701461
4 1.0885899814471243 0.003392484342379958 0.013914656771799629 0.0057411273486430055
