3 0.8084415584415584 0.5323590814196242 0.10296846011131726 0.03444676409185803
3 0.8325602968460112 0.470250521920668 0.10111317254174397 0.039665970772442584
3 0.5946196660482375 0.4796450939457202 0.10760667903525047 0.031315240083507306
6 0.5208719851576995 0.5284446764091858 0.06029684601113173 0.01826722338204593
3 0.8307050092764379 0.3549060542797494 0.08812615955473098 0.026096033402922752
9 0.537569573283859 0.2085073068893528 0.02319109461966605 0.010960334029227557
3 0.5640074211502784 0.16649269311064716 0.06679035250463822 0.01774530271398747
1 0.634508348794063 0.13308977035490605 0.012987012987012988 0.009394572025052192
3 0.6372912801484231 0.10882045929018788 0.0463821892393321 0.016179540709812108
3 1.0431354359925789 0.159446764091858 0.06215213358070501 0.01826722338204593
3 1.0408163265306123 0.14639874739039666 0.06307977736549165 0.017223382045929016
9 1.0097402597402598 0.28862212943632565 0.02504638218923933 0.0073068893528183704
1 1.0078849721706864 0.2860125260960334 0.008348794063079777 0.011482254697286011
9 0.975417439703154 0.28783924843423797 0.0287569573283859 0.010960334029227557
3 1.157699443413729 0.3288100208768267 0.0816326530612245 0.024008350730688934
9 1.0380333951762524 0.24321503131524005 0.03339517625231911 0.010438413361169102
3 1.1609461966604824 0.0041753653444676405 0.043599257884972174 0.009394572025052192
3 1.2156771799628943 0.005219206680584551 0.043599257884972174 0.011482254697286011
3 1.2717996289424862 0.0073068893528183704 0.04452690166975881 0.011482254697286011
3 1.3232838589981448 0.01069937369519833 0.043599257884972174 0.012004175365344467
3 1.2026901669758814 0.3990083507306889 0.09740259740259741 0.02766179540709812
3 1.2207792207792207 0.4237995824634655 0.09833024118738405 0.028183716075156573
3 1.2602040816326532 0.4538100208768267 0.10482374768089053 0.028705636743215027
3 0.021335807050092765 0.19467640918580373 0.04452690166975881 0.019832985386221292
3 0.02922077922077922 0.17954070981210854 0.06029684601113173 0.019832985386221292
3 0.05658627087198516 0.16831941544885176 0.0463821892393321 0.017223382045929016
