3 0.05486641221374046 0.703862660944206 0.1116412213740458 0.08583690987124463
6 0.03435114503816794 0.41523605150214593 0.06297709923664122 0.02646638054363376
9 0.012404580152671756 0.35371959942775394 0.02099236641221374 0.019313304721030045
9 0.446087786259542 0.23640915593705294 0.025763358778625952 0.015021459227467811
4 0.46564885496183206 0.26394849785407726 0.04389312977099236 0.027181688125894134
2 0.43225190839694655 0.4363376251788269 0.015267175572519083 0.022889842632331903
2 0.4942748091603053 0.4685264663805436 0.04007633587786259 0.02575107296137339
9 0.8520992366412213 0.5014306151645207 0.05725190839694656 0.02575107296137339
3 1.3148854961832062 0.47567954220314734 0.03435114503816794 0.08297567954220314
3 1.2552480916030533 0.34835479256080115 0.05057251908396947 0.045779685264663805
3 1.219942748091603 0.40379113018597995 0.06011450381679389 0.0536480686695279
3 1.1483778625954197 0.3229613733905579 0.04293893129770992 0.0407725321888412
3 1.157442748091603 0.296137339055794 0.03625954198473282 0.027181688125894134
3 1.200381679389313 0.20386266094420602 0.026717557251908396 0.017167381974248927
8 1.2504770992366412 0.25679542203147354 0.05820610687022901 0.07582260371959942
8 1.275763358778626 0.2013590844062947 0.03435114503816794 0.035050071530758224
4 1.1970419847328244 0.1834763948497854 0.02194656488549618 0.015021459227467811
4 1.2008587786259541 0.17882689556509299 0.01812977099236641 0.015736766809728183
3 1.2223282442748091 0.17024320457796852 0.019083969465648856 0.01859799713876967
3 1.2228053435114503 0.1605865522174535 0.01812977099236641 0.013590844062947067
3 1.2275763358778626 0.15450643776824036 0.016221374045801526 0.010014306151645207
4 1.2294847328244274 0.14377682403433475 0.016221374045801526 0.012875536480686695
3 1.2251908396946565 0.12303290414878398 0.015267175572519083 0.00715307582260372
3 1.2666984732824427 0.12017167381974249 0.008587786259541985 0.008583690987124463
3 1.2624045801526718 0.10479256080114449 0.009541984732824428 0.009298998569384835
3 1.2776717557251909 0.0994277539341917 0.007633587786259542 0.008583690987124463
3 1.2743320610687023 0.08655221745350501 0.006679389312977099 0.005722460658082976
3 1.1092557251908397 0.18741058655221746 0.01049618320610687 0.012875536480686695
3 1.1698473282442747 0.12947067238912732 0.02099236641221374 0.010014306151645207
