3 0.09137055837563451 0.4382142857142857 0.05837563451776649 0.016428571428571428
3 0.34517766497461927 0.4060714285714286 0.050761421319796954 0.027857142857142858
3 0.391497461928934 0.40785714285714286 0.049492385786802026 0.017142857142857144
3 0.4549492385786802 0.4017857142857143 0.052030456852791875 0.013571428571428571
3 0.5818527918781725 0.3964285714285714 0.049492385786802026 0.012857142857142857
3 0.6763959390862944 0.39964285714285713 0.050761421319796954 0.013571428571428571
5 0.758248730964467 0.4228571428571429 0.07233502538071065 0.018571428571428572
3 0.8293147208121827 0.42464285714285716 0.04695431472081218 0.016428571428571428
3 1.0678934010152283 0.3846428571428571 0.026649746192893398 0.027857142857142858
3 1.0266497461928934 0.17821428571428571 0.027918781725888322 0.03214285714285714
3 1.009517766497462 0.09285714285714286 0.029187817258883246 0.03
5 1.029187817258883 0.01607142857142857 0.032994923857868015 0.03357142857142857
5 1.2620558375634516 0.4828571428571429 0.11294416243654821 0.022857142857142857
3 1.3477157360406091 0.4825 0.050761421319796954 0.012142857142857143
3 1.41243654822335 0.48464285714285715 0.04568527918781726 0.010714285714285714
3 1.439720812182741 0.49857142857142855 0.05710659898477157 0.012857142857142857
3 1.3496192893401013 0.5153571428571428 0.05456852791878172 0.015
3 1.4003807106598984 0.5367857142857143 0.06218274111675126 0.016428571428571428
3 1.4619289340101522 0.5367857142857143 0.055837563451776644 0.015
3 1.523477157360406 0.5339285714285714 0.05456852791878172 0.016428571428571428
3 1.5869289340101522 0.5314285714285715 0.049492385786802026 0.014285714285714285
3 1.498730964467005 0.5164285714285715 0.048223350253807105 0.014285714285714285
3 1.6211928934010151 0.5107142857142857 0.05456852791878172 0.014285714285714285
3 1.6427664974619287 0.5282142857142857 0.05710659898477157 0.016428571428571428
4 1.7074873096446699 0.525 0.05964467005076142 0.015714285714285715
3 1.755710659898477 0.52 0.03934010152284264 0.015714285714285715
3 1.6865482233502538 0.47964285714285715 0.04060913705583756 0.017857142857142856
3 1.7417512690355328 0.47 0.05710659898477157 0.015714285714285715
