5 0.14666666666666667 0.4442857142857143 0.29523809523809524 0.16428571428571428
2 0.21761904761904763 0.3175 0.07142857142857142 0.029285714285714286
3 0.4238095238095238 0.3796428571428571 0.18095238095238095 0.08214285714285714
3 0.6476190476190476 0.30142857142857143 0.17142857142857143 0.07571428571428572
3 0.8123809523809524 0.2507142857142857 0.15428571428571428 0.07428571428571429
3 1.2385714285714287 0.39571428571428574 0.1819047619047619 0.11142857142857143
1 1.0123809523809524 0.29392857142857143 0.030476190476190476 0.04071428571428572
9 1.0071428571428571 0.29892857142857143 0.05619047619047619 0.03785714285714286
2 1.0676190476190477 0.35892857142857143 0.049523809523809526 0.045
4 0.9561904761904761 0.20035714285714284 0.14095238095238094 0.07928571428571428
4 1.08 0.16178571428571428 0.12571428571428572 0.060714285714285714
4 1.1890476190476191 0.12714285714285714 0.11523809523809524 0.054285714285714284
4 1.282857142857143 0.09571428571428571 0.09904761904761905 0.06285714285714286
4 0.8304761904761905 0.5032142857142857 0.2 0.09642857142857143
1 0.6719047619047619 0.5007142857142857 0.039047619047619046 0.03
1 0.6880952380952381 0.49785714285714283 0.04666666666666667 0.04285714285714286
9 0.6833333333333333 0.49857142857142855 0.07142857142857142 0.05714285714285714
3 0.48238095238095235 0.6457142857142857 0.2733333333333333 0.10285714285714286
3 0.13523809523809524 0.7085714285714285 0.2723809523809524 0.08
