3 0.7442893401015228 0.5357142857142857 0.03934010152284264 0.03428571428571429
3 0.6960659898477157 0.4767857142857143 0.04695431472081218 0.039285714285714285
3 0.7906091370558375 0.3678571428571429 0.035532994923857864 0.024285714285714285
3 0.8362944162436547 0.31392857142857145 0.03045685279187817 0.023571428571428573
3 0.8769035532994923 0.2692857142857143 0.035532994923857864 0.025714285714285714
3 0.9371827411167512 0.22892857142857143 0.024111675126903553 0.020714285714285713
3 0.9003807106598984 0.21642857142857141 0.024111675126903553 0.018571428571428572
8 0.9847715736040609 0.21 0.03045685279187817 0.05285714285714286
3 0.9282994923857867 0.17785714285714285 0.026649746192893398 0.017142857142857144
3 0.9200507614213197 0.11821428571428572 0.02284263959390863 0.013571428571428571
3 0.9175126903553299 0.06464285714285714 0.02030456852791878 0.012142857142857143
