3 0.7933333333333333 0.395 0.11466666666666667 0.073
3 0.8726666666666666 0.34175 0.08533333333333333 0.0665
3 1.018 0.24725 0.06533333333333333 0.0365
3 1.1513333333333333 0.212 0.052 0.032
3 1.0896666666666666 0.20425000000000001 0.046 0.0275
3 1.1306666666666667 0.17550000000000002 0.03866666666666667 0.022
3 1.151 0.1605 0.04066666666666666 0.024
3 1.1706666666666665 0.1505 0.030666666666666665 0.021
3 1.2753333333333332 0.134 0.032 0.019
3 1.1953333333333334 0.13225 0.03333333333333333 0.0185
3 1.21 0.124 0.025333333333333333 0.016
3 1.2206666666666666 0.1155 0.025333333333333333 0.013000000000000001
3 1.2313333333333334 0.108 0.029333333333333333 0.015
3 1.2389999999999999 0.10225000000000001 0.02333333333333333 0.0115
3 1.2476666666666667 0.09475 0.026 0.0145
3 1.258 0.0895 0.018666666666666665 0.012
3 1.265 0.084 0.02333333333333333 0.014
3 1.2753333333333332 0.08075 0.016 0.0095
3 0.9973333333333333 0.08750000000000001 0.032 0.014
8 1.0526666666666666 0.0485 0.030666666666666665 0.019
