1 0.6016666666666667 0.391 0.04466666666666667 0.044
1 0.6126666666666667 0.23475000000000001 0.04 0.0465
1 0.578 0.089 0.03333333333333333 0.039
1 0.5883333333333333 0.07925 0.024666666666666667 0.029500000000000002
1 0.5393333333333333 0.29725 0.03733333333333333 0.0375
9 0.5433333333333333 0.3025 0.04 0.07100000000000001
9 0.6206666666666667 0.253 0.026666666666666665 0.057
9 0.6053333333333333 0.40425 0.03333333333333333 0.0675
9 0.8223333333333334 0.40875 0.054 0.07050000000000001
9 0.5806666666666667 0.107 0.026666666666666665 0.066
1 0.8273333333333333 0.044 0.04666666666666666 0.039
1 0.8266666666666667 0.02775 0.04933333333333333 0.0405
1 0.871 0.33 0.038 0.043000000000000003
1 0.9576666666666667 0.607 0.07133333333333333 0.034
1 0.7336666666666667 0.653 0.026 0.021
1 0.774 0.54825 0.048 0.0425
9 0.779 0.554 0.062 0.082
1 0.5563333333333333 0.647 0.05266666666666667 0.046
9 0.5509999999999999 0.64275 0.033999999999999996 0.0955
2 0.3943333333333333 0.724 0.094 0.044
6 0.20033333333333334 0.29625 0.118 0.0845
6 0.181 0.177 0.134 0.052000000000000005
9 0.30666666666666664 0.1785 0.08133333333333333 0.034
9 0.08766666666666667 0.29075 0.09133333333333334 0.0395
