6 0.7221706864564007 0.4872129436325678 0.03246753246753247 0.02139874739039666
6 0.9526901669758813 0.4284968684759916 0.029684601113172542 0.025052192066805843
6 0.7657699443413729 0.3736951983298538 0.02319109461966605 0.021920668058455113
9 0.7694805194805195 0.386482254697286 0.01948051948051948 0.013048016701461376
1 0.9355287569573284 0.5237473903966596 0.02319109461966605 0.016179540709812108
1 0.9577922077922079 0.508089770354906 0.015769944341372914 0.010960334029227557
9 0.9397031539888683 0.467901878914405 0.016697588126159554 0.017223382045929016
1 0.988404452690167 0.3384655532359081 0.012059369202226345 0.009916492693110646
1 1.0111317254174397 0.3327244258872651 0.011131725417439703 0.008872651356993735
1 0.9346011131725418 0.3220250521920668 0.012059369202226345 0.0073068893528183704
1 0.9355287569573284 0.3183716075156576 0.012059369202226345 0.0073068893528183704
1 0.9573283858998145 0.30167014613778703 0.011131725417439703 0.010438413361169102
1 0.9749536178107607 0.29853862212943627 0.00927643784786642 0.009394572025052192
1 0.9429499072356216 0.3092379958246346 0.008348794063079777 0.006784968684759916
1 0.9392393320964749 0.30506263048016696 0.008348794063079777 0.0057411273486430055
1 0.9355287569573284 0.2815762004175365 0.010204081632653062 0.009916492693110646
1 0.911873840445269 0.27453027139874736 0.012987012987012988 0.009394572025052192
1 0.9304267161410019 0.3689979123173277 0.011131725417439703 0.008350730688935281
1 0.9332096474953618 0.36456158663883087 0.012987012987012988 0.007828810020876827
6 0.9564007421150278 0.33507306889352817 0.016697588126159554 0.01774530271398747
6 1.007421150278293 0.33324634655532354 0.027829313543599257 0.016179540709812108
6 0.8872912801484231 0.3134133611691023 0.01948051948051948 0.017223382045929016
9 0.9582560296846011 0.30375782881002084 0.011131725417439703 0.009394572025052192
9 0.975417439703154 0.3011482254697286 0.010204081632653062 0.010438413361169102
9 0.9165120593692022 0.28653444676409184 0.016697588126159554 0.010438413361169102
9 0.9369202226345084 0.28392484342379953 0.016697588126159554 0.009394572025052192
9 0.9573283858998145 0.26591858037578286 0.011131725417439703 0.009916492693110646
4 0.9448051948051949 0.23564718162839246 0.021335807050092765 0.01826722338204593
3 0.9795918367346939 0.2077244258872651 0.020408163265306124 0.012526096033402922
3 0.9749536178107607 0.19937369519832984 0.01855287569573284 0.011482254697286011
6 0.9318181818181819 0.1962421711899791 0.010204081632653062 0.009394572025052192
6 0.9257884972170687 0.22781837160751564 0.012987012987012988 0.009916492693110646
6 0.9044526901669759 0.2257306889352818 0.020408163265306124 0.008872651356993735
1 0.9318181818181819 0.19389352818371605 0.008348794063079777 0.0057411273486430055
9 0.9253246753246753 0.22390396659707723 0.008348794063079777 0.006263048016701461
6 0.9819109461966605 0.21764091858037576 0.021335807050092765 0.005219206680584551
6 0.9842300556586271 0.22129436325678495 0.014842300556586271 0.0073068893528183704
9 1.0055658627087198 0.21998956158663882 0.016697588126159554 0.006784968684759916
9 0.9976808905380334 0.22546972860125258 0.01948051948051948 0.006263048016701461
2 0.9860853432282004 0.22625260960334026 0.00927643784786642 0.0057411273486430055
2 0.9930426716141002 0.22703549060542796 0.010204081632653062 0.008350730688935281
1 0.9791280148423006 0.23277661795407095 0.008348794063079777 0.006263048016701461
1 0.9907235621521336 0.23382045929018785 0.0074211502782931356 0.006263048016701461
6 0.9921150278293136 0.2372129436325678 0.02504638218923933 0.009916492693110646
1 0.9179035250463822 0.23355949895615863 0.006493506493506494 0.006784968684759916
2 0.9179035250463822 0.2340814196242171 0.015769944341372914 0.0057411273486430055
1 0.9735621521335808 0.2312108559498956 0.006493506493506494 0.0073068893528183704
1 0.9689239332096475 0.23251565762004173 0.008348794063079777 0.006784968684759916
6 0.851113172541744 0.2332985386221294 0.0176252319109462 0.013569937369519832
6 1.0148423005565863 0.25469728601252606 0.022263450834879406 0.01774530271398747
