3 1.005710659898477 0.5139285714285714 0.08248730964467005 0.06357142857142857
5 0.9530456852791878 0.39321428571428574 0.07614213197969542 0.07071428571428572
4 1.0241116751269035 0.3817857142857143 0.055837563451776644 0.04928571428571429
3 0.8908629441624365 0.2675 0.032994923857868015 0.02642857142857143
3 0.7772842639593908 0.2517857142857143 0.04695431472081218 0.04928571428571429
4 0.7931472081218274 0.20785714285714285 0.035532994923857864 0.03428571428571429
3 0.9118020304568527 0.22892857142857143 0.031725888324873094 0.020714285714285713
3 0.7417512690355329 0.18464285714285714 0.021573604060913704 0.016428571428571428
4 0.7398477157360406 0.14642857142857144 0.027918781725888322 0.025714285714285714
3 0.7772842639593908 0.1382142857142857 0.021573604060913704 0.012142857142857143
3 0.8597715736040609 0.12964285714285714 0.021573604060913704 0.012142857142857143
3 0.7760152284263959 0.1125 0.019035532994923856 0.009285714285714286
3 0.7671319796954315 0.08321428571428571 0.019035532994923856 0.010714285714285714
3 0.7950507614213197 0.08964285714285715 0.019035532994923856 0.009285714285714286
3 1.2347715736040608 0.4139285714285714 0.06091370558375634 0.03785714285714286
3 1.1630710659898476 0.4092857142857143 0.03426395939086294 0.03142857142857143
3 1.1218274111675126 0.355 0.04060913705583756 0.024285714285714285
3 1.1034263959390862 0.3289285714285714 0.03934010152284264 0.027857142857142858
3 1.3451776649746192 0.3367857142857143 0.03807106598984771 0.027857142857142858
3 1.2036802030456852 0.19785714285714287 0.026649746192893398 0.017142857142857144
4 0.059010152284263956 0.455 0.06725888324873096 0.03571428571428571
4 0.24936548223350252 0.22178571428571428 0.03426395939086294 0.013571428571428571
3 0.2645939086294416 0.20785714285714285 0.03680203045685279 0.01
3 0.3356598984771573 0.20607142857142857 0.04187817258883248 0.012142857142857143
5 0.4168781725888325 0.1982142857142857 0.07994923857868019 0.027857142857142858
3 0.49302030456852786 0.16964285714285715 0.024111675126903553 0.010714285714285714
3 1.2417512690355328 0.27535714285714286 0.03426395939086294 0.020714285714285713
3 1.1351522842639592 0.17357142857142857 0.029187817258883246 0.012857142857142857
3 0.8172588832487309 0.07142857142857142 0.02030456852791878 0.01
3 0.8185279187817258 0.06107142857142857 0.02030456852791878 0.007857142857142858
3 0.8857868020304568 0.0475 0.017766497461928932 0.007857142857142858
3 0.8908629441624365 0.04071428571428572 0.02030456852791878 0.008571428571428572
3 0.9505076142131978 0.031785714285714285 0.02030456852791878 0.007857142857142858
3 0.9720812182741116 0.041428571428571426 0.02030456852791878 0.008571428571428572
4 0.9365482233502538 0.14607142857142857 0.027918781725888322 0.02214285714285714
8 1.0907360406091369 0.015 0.03934010152284264 0.014285714285714285
3 0.9879441624365481 0.022857142857142857 0.024111675126903553 0.007142857142857143
3 1.03997461928934 0.01607142857142857 0.026649746192893398 0.0064285714285714285
3 0.9232233502538071 0.10071428571428571 0.013959390862944161 0.008571428571428572
4 1.3483502538071066 0.06357142857142857 0.021573604060913704 0.011428571428571429
3 1.3623096446700507 0.07535714285714286 0.021573604060913704 0.009285714285714286
4 1.2931472081218274 0.08178571428571428 0.015228426395939085 0.007857142857142858
3 1.3197969543147208 0.11035714285714286 0.017766497461928932 0.009285714285714286
3 1.288705583756345 0.10821428571428571 0.019035532994923856 0.009285714285714286
3 1.2576142131979695 0.10607142857142857 0.025380710659898477 0.010714285714285714
3 1.2449238578680202 0.1925 0.02284263959390863 0.013571428571428571
3 1.322969543147208 0.08178571428571428 0.011421319796954314 0.0064285714285714285
3 1.3369289340101522 0.08214285714285714 0.008883248730964466 0.005714285714285714
3 1.4194162436548223 0.11107142857142857 0.019035532994923856 0.007857142857142858
3 1.398477157360406 0.10928571428571429 0.015228426395939085 0.008571428571428572
3 1.3794416243654821 0.10821428571428571 0.02030456852791878 0.009285714285714286
3 1.3401015228426394 0.11142857142857143 0.02030456852791878 0.011428571428571429
3 1.3851522842639592 0.09964285714285714 0.013959390862944161 0.0064285714285714285
3 1.4238578680203045 0.09857142857142857 0.017766497461928932 0.011428571428571429
3 1.4257614213197969 0.08928571428571429 0.013959390862944161 0.007142857142857143
3 1.3845177664974617 0.07321428571428572 0.012690355329949238 0.009285714285714286
8 1.391497461928934 0.0575 0.026649746192893398 0.017857142857142856
8 1.41497461928934 0.05857142857142857 0.032994923857868015 0.015714285714285715
8 1.4714467005076142 0.060714285714285714 0.03426395939086294 0.02
8 1.4879441624365481 0.06392857142857143 0.029187817258883246 0.019285714285714285
3 0.45875634517766495 0.27071428571428574 0.026649746192893398 0.017142857142857144
3 0.4689086294416243 0.25607142857142856 0.024111675126903553 0.015
3 0.506979695431472 0.255 0.026649746192893398 0.02142857142857143
3 0.12944162436548223 0.2075 0.048223350253807105 0.012142857142857143
3 0.10786802030456852 0.21357142857142858 0.048223350253807105 0.01
3 0.08312182741116751 0.22607142857142856 0.03934010152284264 0.010714285714285714
3 0.06725888324873096 0.21035714285714285 0.04314720812182741 0.009285714285714286
3 0.05393401015228426 0.21678571428571428 0.03680203045685279 0.0064285714285714285
3 0.04568527918781726 0.22178571428571428 0.04314720812182741 0.007857142857142858
3 0.03362944162436548 0.2275 0.03680203045685279 0.009285714285714286
3 0.019035532994923856 0.2367857142857143 0.032994923857868015 0.013571428571428571
5 0.623730964467005 0.2575 0.03680203045685279 0.04071428571428572
5 0.5647208121827411 0.24357142857142858 0.048223350253807105 0.03857142857142857
3 1.5380710659898476 0.10035714285714285 0.015228426395939085 0.009285714285714286
3 1.5120558375634516 0.11357142857142857 0.029187817258883246 0.014285714285714285
3 1.5355329949238576 0.11428571428571428 0.015228426395939085 0.012857142857142857
3 1.5184010152284262 0.12535714285714286 0.019035532994923856 0.010714285714285714
3 0.36738578680203043 0.2025 0.04695431472081218 0.012142857142857143
3 0.16751269035532992 0.2375 0.035532994923857864 0.010714285714285714
3 0.574238578680203 0.21107142857142858 0.049492385786802026 0.015
5 0.16941624365482233 0.35928571428571426 0.08248730964467005 0.047142857142857146
4 1.273477157360406 0.31464285714285717 0.04441624365482233 0.023571428571428573
4 0.8616751269035532 0.08571428571428572 0.017766497461928932 0.012857142857142857
3 1.1859137055837563 0.18714285714285714 0.031725888324873094 0.015714285714285715
5 1.2182741116751268 0.17964285714285713 0.032994923857868015 0.019285714285714285
5 1.2480964467005076 0.06392857142857143 0.049492385786802026 0.012142857142857143
5 1.2563451776649746 0.06107142857142857 0.04568527918781726 0.012142857142857143
5 1.2671319796954315 0.05892857142857143 0.04441624365482233 0.013571428571428571
5 1.2798223350253806 0.055357142857142855 0.04695431472081218 0.013571428571428571
5 1.28743654822335 0.05392857142857143 0.04695431472081218 0.015
5 1.3020304568527918 0.053214285714285714 0.04568527918781726 0.015
5 1.0774111675126903 0.08571428571428572 0.032994923857868015 0.015714285714285715
5 1.123730964467005 0.08857142857142856 0.029187817258883246 0.015714285714285715
5 1.1085025380710658 0.08785714285714286 0.03680203045685279 0.015714285714285715
5 1.1725888324873095 0.09142857142857143 0.032994923857868015 0.014285714285714285
5 1.1294416243654821 0.10392857142857143 0.035532994923857864 0.015
5 1.0913705583756343 0.10107142857142858 0.035532994923857864 0.015
5 1.0793147208121827 0.10285714285714286 0.04187817258883248 0.018571428571428572
5 1.0634517766497462 0.10392857142857143 0.04568527918781726 0.02214285714285714
4 1.4441624365482233 0.09 0.02030456852791878 0.012857142857142857
4 1.4511421319796953 0.07892857142857143 0.021573604060913704 0.010714285714285714
4 1.438451776649746 0.07928571428571428 0.021573604060913704 0.012857142857142857
4 1.4225888324873095 0.07821428571428571 0.025380710659898477 0.012142857142857143
