3 0.44 0.6510714285714285 0.1980952380952381 0.06785714285714285
3 0.4261904761904762 0.5710714285714286 0.19333333333333333 0.06642857142857143
3 0.2338095238095238 0.2525 0.08857142857142856 0.09357142857142857
3 0.4642857142857143 0.1742857142857143 0.15523809523809523 0.055714285714285716
3 0.4623809523809524 0.12071428571428572 0.1457142857142857 0.055714285714285716
3 0.46714285714285714 0.06821428571428571 0.15333333333333332 0.060714285714285714
3 0.27666666666666667 0.019285714285714285 0.06952380952380953 0.04
3 0.09904761904761905 0.24785714285714286 0.09714285714285714 0.11571428571428571
3 0.022857142857142857 0.18571428571428572 0.047619047619047616 0.11428571428571428
3 0.16047619047619047 0.5321428571428571 0.10952380952380952 0.1442857142857143
3 0.8980952380952381 0.7160714285714286 0.2019047619047619 0.06642857142857143
4 0.8623809523809524 0.6242857142857143 0.21047619047619048 0.06285714285714286
3 0.8771428571428571 0.33285714285714285 0.16952380952380952 0.05857142857142857
3 0.45904761904761904 0.34964285714285714 0.1619047619047619 0.062142857142857146
