3 0.7426666666666667 0.4385 0.052 0.029
4 0.9463333333333332 0.55025 0.086 0.0505
4 0.8656666666666666 0.506 0.07933333333333333 0.045
4 0.8049999999999999 0.46825 0.06066666666666667 0.0365
4 0.709 0.41300000000000003 0.04733333333333333 0.03
3 0.6739999999999999 0.3985 0.04 0.026000000000000002
3 0.596 0.376 0.03733333333333333 0.02
3 0.6133333333333333 0.361 0.032 0.017
3 0.5973333333333333 0.35000000000000003 0.021333333333333333 0.015
3 0.5866666666666667 0.34125 0.024 0.0145
3 0.5723333333333334 0.33125 0.03 0.0145
4 0.5573333333333333 0.32 0.021333333333333333 0.016
4 0.5449999999999999 0.3125 0.019333333333333334 0.016
5 0.5193333333333333 0.21125 0.010666666666666666 0.0075
3 0.5006666666666667 0.2265 0.009333333333333332 0.006
4 0.5266666666666666 0.29575 0.017333333333333333 0.0135
3 0.5203333333333333 0.291 0.015333333333333332 0.011
5 0.5123333333333333 0.279 0.016666666666666666 0.015
4 0.5066666666666666 0.269 0.013333333333333332 0.01
3 0.5053333333333333 0.26275 0.014666666666666666 0.0075
3 0.5066666666666666 0.24675 0.009333333333333332 0.006500000000000001
3 0.506 0.2405 0.014666666666666666 0.007
6 0.494 0.2685 0.005333333333333333 0.005
3 0.4503333333333333 0.272 0.014 0.008
3 0.45799999999999996 0.24875 0.010666666666666666 0.0075
3 0.4393333333333333 0.23025 0.008 0.0055
3 0.445 0.22925 0.007333333333333333 0.0055
3 0.40166666666666667 0.265 0.015333333333333332 0.009000000000000001
1 0.39466666666666667 0.33275 0.010666666666666666 0.0085
9 0.3943333333333333 0.33825 0.008666666666666666 0.0135
3 0.3443333333333333 0.2885 0.014 0.011
3 0.2613333333333333 0.43125 0.08266666666666667 0.0265
3 0.23133333333333334 0.40925 0.06933333333333333 0.0225
3 0.33066666666666666 0.39 0.030666666666666665 0.022
3 0.33766666666666667 0.3705 0.041999999999999996 0.019
3 0.33799999999999997 0.35825 0.04933333333333333 0.0205
3 0.3303333333333333 0.34750000000000003 0.026 0.015
3 0.3353333333333333 0.3115 0.026666666666666665 0.013000000000000001
3 0.33799999999999997 0.30425 0.018666666666666665 0.0115
4 0.22866666666666666 0.2895 0.04 0.015
3 0.19966666666666666 0.28500000000000003 0.02733333333333333 0.008
3 0.20466666666666666 0.281 0.028 0.011
3 0.20966666666666667 0.27925 0.03133333333333333 0.0105
3 0.21633333333333332 0.27575 0.03 0.0105
3 0.146 0.271 0.014666666666666666 0.009000000000000001
9 0.11866666666666666 0.28125 0.010666666666666666 0.006500000000000001
9 0.12866666666666665 0.27475 0.008 0.006500000000000001
5 0.21566666666666667 0.254 0.057999999999999996 0.014
5 0.15966666666666665 0.25425000000000003 0.043333333333333335 0.0125
