3 0.6647619047619048 0.24714285714285714 0.06476190476190476 0.04285714285714286
3 0.6142857142857143 0.2057142857142857 0.06095238095238095 0.03571428571428571
3 0.5333333333333333 0.19678571428571429 0.05904761904761905 0.03357142857142857
3 0.4819047619047619 0.22428571428571428 0.09523809523809523 0.03571428571428571
3 0.3842857142857143 0.2932142857142857 0.06380952380952382 0.055
3 0.31857142857142856 0.29464285714285715 0.07714285714285714 0.07214285714285715
3 0.7704761904761904 0.1725 0.06285714285714286 0.030714285714285715
3 0.9771428571428571 0.17214285714285715 0.06857142857142857 0.03428571428571429
3 1.0557142857142856 0.13964285714285715 0.06190476190476191 0.02642857142857143
3 0.6638095238095238 0.029285714285714286 0.030476190476190476 0.014285714285714285
3 0.6904761904761905 0.0475 0.030476190476190476 0.013571428571428571
4 0.5414285714285715 0.05607142857142857 0.039047619047619046 0.027857142857142858
3 0.9719047619047619 0.12571428571428572 0.06190476190476191 0.025714285714285714
3 0.9361904761904762 0.10571428571428572 0.05714285714285714 0.022857142857142857
3 1.009047619047619 0.10607142857142857 0.054285714285714284 0.020714285714285713
3 1.21 0.16107142857142856 0.07333333333333333 0.03214285714285714
3 1.101904761904762 0.13214285714285715 0.05523809523809524 0.022857142857142857
3 1.1942857142857144 0.12428571428571429 0.05142857142857143 0.02
3 1.1685714285714286 0.11714285714285715 0.05142857142857143 0.02
3 0.7047619047619048 0.36714285714285716 0.12 0.054285714285714284
3 0.7061904761904761 0.3325 0.11714285714285715 0.04214285714285714
3 0.8138095238095238 0.27285714285714285 0.09428571428571429 0.03428571428571429
3 0.7138095238095238 0.21964285714285714 0.08666666666666667 0.03214285714285714
3 0.7447619047619047 0.23642857142857143 0.08571428571428572 0.032857142857142856
3 0.7033333333333334 0.20607142857142857 0.08666666666666667 0.03214285714285714
3 0.6776190476190476 0.19214285714285714 0.06952380952380953 0.02857142857142857
3 0.6519047619047619 0.18107142857142858 0.07523809523809524 0.030714285714285715
3 0.6371428571428571 0.16857142857142857 0.06857142857142857 0.025714285714285714
3 0.6109523809523809 0.1575 0.07523809523809524 0.02642857142857143
3 0.5923809523809523 0.14464285714285716 0.06285714285714286 0.025
3 0.5761904761904761 0.13607142857142857 0.05523809523809524 0.025
3 0.5671428571428572 0.12892857142857142 0.06380952380952382 0.019285714285714285
3 0.5571428571428572 0.12 0.05904761904761905 0.018571428571428572
3 0.5447619047619048 0.11392857142857143 0.06666666666666667 0.019285714285714285
4 0.5133333333333333 0.09571428571428571 0.05333333333333333 0.02142857142857143
3 0.4942857142857143 0.08357142857142857 0.049523809523809526 0.02142857142857143
3 0.5119047619047619 0.045714285714285714 0.025714285714285714 0.015714285714285715
3 0.5247619047619048 0.0325 0.024761904761904763 0.015
4 0.4938095238095238 0.03464285714285714 0.02761904761904762 0.017857142857142856
3 0.48714285714285716 0.017142857142857144 0.02 0.014285714285714285
9 0.4080952380952381 0.22678571428571428 0.037142857142857144 0.019285714285714285
2 0.5357142857142857 0.1675 0.018095238095238095 0.016428571428571428
3 0.5019047619047619 0.2910714285714286 0.11619047619047619 0.04071428571428572
3 0.48523809523809525 0.2675 0.11904761904761904 0.03785714285714286
3 0.5704761904761905 0.3425 0.11619047619047619 0.04357142857142857
3 0.5680952380952381 0.38392857142857145 0.11523809523809524 0.04357142857142857
3 0.3904761904761905 0.3578571428571429 0.1219047619047619 0.04285714285714286
3 0.2280952380952381 0.3092857142857143 0.06190476190476191 0.06142857142857143
3 0.6109523809523809 0.005 0.018095238095238095 0.011428571428571429
4 0.69 0.02 0.023809523809523808 0.014285714285714285
3 0.6671428571428571 0.005 0.021904761904761906 0.011428571428571429
3 0.7414285714285714 0.03142857142857143 0.023809523809523808 0.014285714285714285
3 0.8152380952380952 0.055 0.03428571428571429 0.015714285714285715
3 0.8761904761904762 0.07071428571428572 0.0419047619047619 0.017142857142857144
3 0.7604761904761905 0.015714285714285715 0.03333333333333333 0.012857142857142857
3 0.7457142857142857 0.014285714285714285 0.03238095238095238 0.012857142857142857
5 0.8714285714285714 0.20964285714285713 0.08 0.052142857142857144
3 1.061904761904762 0.08821428571428572 0.049523809523809526 0.023571428571428573
