3 0.587 0.28675 0.02733333333333333 0.0135
3 0.5326666666666666 0.292 0.030666666666666665 0.018000000000000002
3 0.4983333333333333 0.30075 0.024666666666666667 0.0165
3 0.48833333333333334 0.325 0.04733333333333333 0.029
3 0.46199999999999997 0.37 0.06666666666666667 0.049
3 0.42533333333333334 0.45125 0.112 0.0905
3 0.5376666666666666 0.3045 0.026 0.022
3 0.5469999999999999 0.328 0.04466666666666667 0.031
3 0.52 0.34975 0.06533333333333333 0.0375
3 0.603 0.332 0.038 0.025
3 0.62 0.3405 0.032 0.031
3 0.659 0.32175 0.049999999999999996 0.0315
3 0.606 0.378 0.06266666666666666 0.05
3 0.701 0.353 0.07533333333333334 0.031
4 0.717 0.3935 0.10466666666666666 0.069
3 0.9446666666666667 0.39725 0.13733333333333334 0.0655
4 1.1126666666666667 0.44575000000000004 0.27599999999999997 0.1375
3 1.25 0.418 0.16533333333333333 0.076
