3 0.5069573283858998 0.010177453027139873 0.043599257884972174 0.02139874739039666
3 0.4972170686456401 0.08846555323590813 0.0686456400742115 0.022442588726513567
3 0.4962894248608534 0.12421711899791231 0.07235621521335807 0.024008350730688934
3 0.6558441558441559 0.04514613778705636 0.07235621521335807 0.02139874739039666
3 0.6702226345083488 0.06184759916492692 0.06771799628942486 0.020354906054279746
3 0.6711502782931354 0.08585594989561586 0.075139146567718 0.02139874739039666
3 0.6706864564007421 0.10412317327766178 0.07977736549165121 0.022442588726513567
3 0.666048237476809 0.12291231732776617 0.07792207792207792 0.02453027139874739
3 0.6683673469387755 0.14352818371607515 0.08256029684601113 0.022964509394572022
3 0.5194805194805195 0.2852296450939457 0.09461966604823747 0.02661795407098121
3 0.7073283858998145 0.3648225469728601 0.049165120593692026 0.04801670146137787
3 0.550556586270872 0.45511482254697283 0.09925788497217068 0.030271398747390394
3 0.7917439703153989 0.521920668058455 0.05287569573283859 0.056367432150313146
3 0.8562152133580705 0.5284446764091858 0.055658627087198514 0.06002087682672233
3 1.0222634508348794 0.5010438413361169 0.1038961038961039 0.032359081419624215
3 1.0807050092764379 0.4097077244258872 0.0463821892393321 0.056367432150313146
1 1.1521335807050093 0.3854384133611691 0.014842300556586271 0.008872651356993735
3 1.1396103896103895 0.3421189979123173 0.10111317254174397 0.032881002087682666
3 0.02411873840445269 0.5467118997912317 0.05009276437847866 0.02974947807933194
3 1.3274582560296846 0.030271398747390394 0.06679035250463822 0.03549060542797494
3 1.530148423005566 0.05506263048016701 0.07328385899814471 0.02139874739039666
3 1.540352504638219 0.07332985386221294 0.07884972170686456 0.02453027139874739
