3 0.8823809523809524 0.7192857142857143 0.20857142857142857 0.06
3 0.12857142857142856 0.5642857142857143 0.13714285714285715 0.04
4 0.34285714285714286 0.4975 0.1523809523809524 0.065
3 0.06714285714285714 0.3314285714285714 0.0980952380952381 0.025714285714285714
4 0.22047619047619046 0.3182142857142857 0.08095238095238096 0.025
3 0.3295238095238095 0.31035714285714283 0.07047619047619047 0.02214285714285714
3 0.2938095238095238 0.28285714285714286 0.06380952380952382 0.018571428571428572
3 0.037142857142857144 0.2960714285714286 0.0761904761904762 0.02214285714285714
3 0.14285714285714285 0.28714285714285714 0.06857142857142857 0.02
3 0.26761904761904765 0.27964285714285714 0.06476190476190476 0.019285714285714285
3 0.35428571428571426 0.2735714285714286 0.06285714285714286 0.017142857142857144
3 0.43857142857142856 0.26964285714285713 0.05619047619047619 0.016428571428571428
4 0.5166666666666667 0.26321428571428573 0.054285714285714284 0.019285714285714285
4 0.58 0.25892857142857145 0.045714285714285714 0.017857142857142856
3 0.6457142857142857 0.2546428571428571 0.047619047619047616 0.016428571428571428
3 0.015238095238095238 0.25857142857142856 0.026666666666666665 0.015714285714285715
3 0.12 0.25142857142857145 0.03428571428571429 0.014285714285714285
4 0.04857142857142857 0.25392857142857145 0.030476190476190476 0.020714285714285713
3 0.1538095238095238 0.24642857142857144 0.02 0.011428571428571429
3 0.19238095238095237 0.24892857142857142 0.03238095238095238 0.015
3 0.24142857142857144 0.24464285714285713 0.02 0.013571428571428571
4 0.2757142857142857 0.22357142857142856 0.03142857142857143 0.011428571428571429
3 0.32904761904761903 0.22071428571428572 0.018095238095238095 0.012857142857142857
9 0.7128571428571429 0.24892857142857142 0.010476190476190476 0.013571428571428571
9 0.7657142857142857 0.23464285714285715 0.009523809523809525 0.012142857142857143
3 0.9780952380952381 0.31642857142857145 0.06476190476190476 0.022857142857142857
3 1.0542857142857143 0.29285714285714287 0.047619047619047616 0.018571428571428572
8 0.7780952380952381 0.21142857142857144 0.06095238095238095 0.025714285714285714
8 0.5904761904761905 0.18321428571428572 0.045714285714285714 0.013571428571428571
3 0.4895238095238095 0.18464285714285714 0.030476190476190476 0.007857142857142858
3 0.5147619047619048 0.18071428571428572 0.023809523809523808 0.007142857142857143
3 0.5028571428571429 0.175 0.026666666666666665 0.007142857142857143
3 0.5680952380952381 0.17607142857142857 0.023809523809523808 0.007857142857142858
3 0.48904761904761906 0.17 0.02761904761904762 0.005714285714285714
3 0.4742857142857143 0.15607142857142858 0.022857142857142857 0.005
3 0.4338095238095238 0.16464285714285715 0.008571428571428572 0.005
1 0.7638095238095238 0.23285714285714285 0.007619047619047619 0.01
1 0.7123809523809523 0.24785714285714286 0.007619047619047619 0.012857142857142857
