3 0.2977736549165121 0.34133611691022964 0.08348794063079777 0.05323590814196242
4 0.5199443413729128 0.31706680584551145 0.10482374768089053 0.0360125260960334
6 0.10250463821892393 0.31419624217118997 0.045454545454545456 0.038622129436325675
6 0.9383116883116883 0.4196242171189979 0.026901669758812616 0.04070981210855949
3 0.8603896103896104 0.30949895615866385 0.08070500927643785 0.04906054279749478
3 0.7082560296846011 0.15892484342379956 0.09554730983302412 0.02453027139874739
6 0.6261595547309833 0.29618997912317324 0.0463821892393321 0.02974947807933194
6 0.6451762523191095 0.2640918580375783 0.02319109461966605 0.025052192066805843
2 0.6048237476808905 0.26330897703549055 0.027829313543599257 0.012004175365344467
9 0.6321892393320965 0.2283402922755741 0.015769944341372914 0.015135699373695197
4 1.0839517625231911 0.168580375782881 0.04730983302411874 0.020876826722338204
5 0.9202226345083488 0.15892484342379956 0.027829313543599257 0.02766179540709812
6 1.3775510204081634 0.5490605427974947 0.10760667903525047 0.025052192066805843
6 1.0069573283859 0.03679540709812108 0.0287569573283859 0.013048016701461376
8 0.7880333951762524 0.006524008350730688 0.0287569573283859 0.014091858037578286
1 0.9410946196660482 0.42145093945720247 0.0176252319109462 0.016179540709812108
