8 0.6504761904761904 0.3032142857142857 0.3180952380952381 0.3192857142857143
3 0.5666666666666667 0.09071428571428572 0.0838095238095238 0.08
3 0.6933333333333334 0.04428571428571428 0.0761904761904762 0.07
3 1.1352380952380952 0.12285714285714286 0.16 0.06
1 0.32095238095238093 0.03785714285714286 0.03238095238095238 0.03142857142857143
2 0.32285714285714284 0.05107142857142857 0.045714285714285714 0.027857142857142858
1 0.7685714285714286 0.18214285714285713 0.022857142857142857 0.037142857142857144
1 0.7423809523809524 0.14892857142857144 0.03142857142857143 0.03357142857142857
1 0.7676190476190476 0.06142857142857143 0.02857142857142857 0.025714285714285714
1 0.9347619047619048 0.14821428571428572 0.02761904761904762 0.04071428571428572
2 0.929047619047619 0.1575 0.03333333333333333 0.03357142857142857
2 0.7685714285714286 0.18607142857142858 0.024761904761904763 0.035
9 0.7447619047619047 0.15321428571428572 0.0419047619047619 0.03357142857142857
9 0.7652380952380953 0.06892857142857142 0.02761904761904762 0.029285714285714286
3 0.959047619047619 0.02035714285714286 0.0761904761904762 0.04214285714285714
3 1.1790476190476191 0.09642857142857143 0.14857142857142858 0.05857142857142857
3 1.18 0.061785714285714284 0.1295238095238095 0.04071428571428572
3 1.2066666666666668 0.044642857142857144 0.14476190476190476 0.045
3 1.2261904761904763 0.02035714285714286 0.12857142857142856 0.04071428571428572
3 1.2857142857142858 0.59 0.09333333333333334 0.10285714285714286
