3 0.20142857142857143 0.14392857142857143 0.039047619047619046 0.02642857142857143
3 0.17666666666666667 0.13 0.03142857142857143 0.025714285714285714
3 0.15476190476190477 0.11285714285714285 0.029523809523809525 0.02
3 0.13857142857142857 0.09857142857142857 0.035238095238095235 0.02
3 0.12285714285714286 0.08071428571428571 0.04 0.017142857142857144
3 0.11142857142857143 0.07107142857142858 0.02857142857142857 0.017857142857142856
3 0.10142857142857142 0.05785714285714286 0.029523809523809525 0.014285714285714285
3 0.0880952380952381 0.048214285714285716 0.021904761904761906 0.017857142857142856
3 0.07523809523809524 0.0325 0.022857142857142857 0.015
3 0.06333333333333334 0.023214285714285715 0.012380952380952381 0.013571428571428571
2 0.07857142857142857 0.02142857142857143 0.008571428571428572 0.008571428571428572
1 0.07571428571428572 0.0175 0.006666666666666666 0.007857142857142858
3 0.12476190476190477 0.008214285714285714 0.02095238095238095 0.015
3 0.14857142857142858 0.0225 0.024761904761904763 0.015
6 0.1461904761904762 0.02892857142857143 0.012380952380952381 0.015
3 0.18761904761904763 0.016785714285714286 0.026666666666666665 0.019285714285714285
3 0.24333333333333335 0.029285714285714286 0.04285714285714286 0.012857142857142857
3 0.2571428571428571 0.03535714285714286 0.04 0.015
3 0.29285714285714287 0.05285714285714286 0.040952380952380955 0.02
3 0.30428571428571427 0.05678571428571429 0.040952380952380955 0.013571428571428571
3 0.31333333333333335 0.06392857142857143 0.049523809523809526 0.013571428571428571
3 0.33476190476190476 0.07035714285714285 0.039047619047619046 0.015
4 0.36857142857142855 0.08285714285714285 0.03238095238095238 0.024285714285714285
3 0.42523809523809525 0.08607142857142858 0.05047619047619047 0.019285714285714285
3 0.21523809523809523 0.06714285714285714 0.02857142857142857 0.017142857142857144
9 0.24428571428571427 0.017142857142857144 0.010476190476190476 0.011428571428571429
9 0.25857142857142856 0.015357142857142857 0.010476190476190476 0.010714285714285714
4 0.19857142857142857 0.10178571428571428 0.037142857142857144 0.02642857142857143
3 0.2633333333333333 0.12392857142857143 0.03333333333333333 0.02214285714285714
3 0.2719047619047619 0.10607142857142857 0.035238095238095235 0.023571428571428573
3 0.3919047619047619 0.18535714285714286 0.04285714285714286 0.025
3 0.36523809523809525 0.16285714285714287 0.039047619047619046 0.024285714285714285
3 0.3261904761904762 0.14214285714285715 0.040952380952380955 0.022857142857142857
3 0.3019047619047619 0.12428571428571429 0.03619047619047619 0.02
3 0.38857142857142857 0.12 0.026666666666666665 0.02
3 0.4138095238095238 0.11571428571428571 0.035238095238095235 0.018571428571428572
3 0.4438095238095238 0.11071428571428571 0.03619047619047619 0.02
4 0.43952380952380954 0.20607142857142857 0.058095238095238096 0.03357142857142857
6 0.2619047619047619 0.21035714285714285 0.01904761904761905 0.015
5 0.24619047619047618 0.26321428571428573 0.06190476190476191 0.060714285714285714
3 0.30952380952380953 0.25607142857142856 0.0419047619047619 0.04357142857142857
5 0.1361904761904762 0.5157142857142857 0.2742857142857143 0.15857142857142856
4 0.04523809523809524 0.47928571428571426 0.09047619047619047 0.037142857142857144
3 0.4 0.41714285714285715 0.09714285714285714 0.05285714285714286
5 0.4076190476190476 0.3607142857142857 0.1295238095238095 0.07714285714285714
3 0.5052380952380953 0.4042857142857143 0.10571428571428572 0.047142857142857146
3 0.5757142857142857 0.29178571428571426 0.07904761904761905 0.04928571428571429
3 0.7014285714285714 0.315 0.07523809523809524 0.037142857142857144
3 0.8223809523809524 0.24428571428571427 0.06952380952380953 0.032857142857142856
3 0.7309523809523809 0.22357142857142856 0.06761904761904762 0.02857142857142857
4 0.49714285714285716 0.21964285714285714 0.06476190476190476 0.03357142857142857
9 0.6180952380952381 0.22071428571428572 0.02095238095238095 0.012857142857142857
1 0.6180952380952381 0.21571428571428572 0.013333333333333332 0.012857142857142857
4 0.6871428571428572 0.27785714285714286 0.08095238095238096 0.04428571428571428
4 0.93 0.26857142857142857 0.06190476190476191 0.04
4 0.9909523809523809 0.1675 0.058095238095238096 0.03357142857142857
4 1.1442857142857144 0.12035714285714286 0.04476190476190476 0.023571428571428573
3 0.9685714285714285 0.01892857142857143 0.02857142857142857 0.017857142857142856
3 1.1542857142857144 0.0067857142857142855 0.024761904761904763 0.012142857142857143
3 1.2804761904761905 0.029285714285714286 0.02 0.012857142857142857
3 1.3185714285714285 0.0125 0.018095238095238095 0.012142857142857143
3 1.2671428571428571 0.025 0.02 0.011428571428571429
3 1.2428571428571429 0.0225 0.026666666666666665 0.013571428571428571
3 1.2261904761904763 0.020714285714285713 0.025714285714285714 0.012857142857142857
3 1.2038095238095239 0.015357142857142857 0.026666666666666665 0.010714285714285714
3 1.1838095238095239 0.014285714285714285 0.02095238095238095 0.014285714285714285
3 1.230952380952381 0.0075 0.02 0.009285714285714286
3 1.210952380952381 0.005 0.021904761904761906 0.011428571428571429
8 1.2695238095238095 0.06392857142857143 0.08571428571428572 0.039285714285714285
3 1.2333333333333334 0.09535714285714286 0.0380952380952381 0.020714285714285713
5 1.289047619047619 0.08607142857142858 0.08666666666666667 0.05928571428571429
5 1.0947619047619048 0.45571428571428574 0.10761904761904761 0.09
3 1.1895238095238094 0.6889285714285714 0.14666666666666667 0.09785714285714285
