9 0.07142857142857142 0.6978571428571428 0.0419047619047619 0.011428571428571429
3 0.18523809523809523 0.7039285714285715 0.1019047619047619 0.045
3 0.2 0.66 0.09333333333333334 0.041428571428571426
4 0.20857142857142857 0.6246428571428572 0.07809523809523809 0.03785714285714286
5 0.4757142857142857 0.7407142857142857 0.09428571428571429 0.017142857142857144
5 0.4928571428571429 0.7089285714285715 0.10380952380952381 0.047857142857142855
3 0.4580952380952381 0.66 0.08761904761904762 0.037142857142857144
3 0.4576190476190476 0.6207142857142857 0.07904761904761905 0.03857142857142857
5 0.46 0.5882142857142857 0.07809523809523809 0.030714285714285715
9 0.6471428571428571 0.6235714285714286 0.018095238095238095 0.032857142857142856
1 0.6471428571428571 0.625 0.012380952380952381 0.015714285714285715
8 0.7333333333333333 0.705 0.08190476190476191 0.08857142857142856
3 0.7933333333333333 0.6753571428571429 0.05904761904761905 0.07357142857142857
3 0.9338095238095238 0.7382142857142857 0.08285714285714285 0.02214285714285714
5 0.7604761904761905 0.5403571428571429 0.06761904761904762 0.07071428571428572
3 0.6514285714285715 0.4607142857142857 0.0380952380952381 0.04285714285714286
4 0.5771428571428572 0.31214285714285717 0.024761904761904763 0.025714285714285714
5 0.23142857142857143 0.5078571428571429 0.10476190476190476 0.04428571428571428
3 0.2742857142857143 0.4407142857142857 0.07047619047619047 0.03
3 0.16428571428571428 0.43392857142857144 0.06571428571428571 0.02642857142857143
6 0.5376190476190477 0.16107142857142856 0.018095238095238095 0.017857142857142856
1 0.5385714285714286 0.16107142857142856 0.006666666666666666 0.012142857142857143
3 0.1838095238095238 0.365 0.03428571428571429 0.037142857142857144
3 0.22333333333333333 0.3560714285714286 0.03333333333333333 0.03642857142857143
4 0.2914285714285714 0.2910714285714286 0.05523809523809524 0.023571428571428573
3 0.29095238095238096 0.27964285714285714 0.04857142857142857 0.019285714285714285
4 0.44904761904761903 0.17035714285714285 0.04666666666666667 0.017857142857142856
3 0.4076190476190476 0.17535714285714285 0.03428571428571429 0.019285714285714285
5 0.43476190476190474 0.13357142857142856 0.05238095238095238 0.024285714285714285
5 0.32476190476190475 0.19392857142857142 0.024761904761904763 0.030714285714285715
3 0.20476190476190476 0.007857142857142858 0.015238095238095238 0.01
3 0.16333333333333333 0.07071428571428572 0.02 0.012857142857142857
3 0.2180952380952381 0.06964285714285715 0.017142857142857144 0.012142857142857143
3 0.22380952380952382 0.05857142857142857 0.015238095238095238 0.011428571428571429
3 0.2276190476190476 0.045 0.015238095238095238 0.014285714285714285
3 0.23523809523809525 0.03214285714285714 0.013333333333333332 0.011428571428571429
3 0.19428571428571428 0.0225 0.011428571428571429 0.010714285714285714
5 1.0542857142857143 0.15714285714285714 0.0419047619047619 0.024285714285714285
3 1.0852380952380953 0.15642857142857142 0.029523809523809525 0.015714285714285715
5 1.1014285714285714 0.15357142857142858 0.025714285714285714 0.014285714285714285
3 1.119047619047619 0.15107142857142858 0.030476190476190476 0.016428571428571428
3 0.9719047619047619 0.24 0.04285714285714286 0.017142857142857144
3 0.9585714285714285 0.2282142857142857 0.040952380952380955 0.016428571428571428
9 0.4928571428571429 0.0475 0.008571428571428572 0.009285714285714286
9 0.45904761904761904 0.032857142857142856 0.005714285714285714 0.008571428571428572
1 0.4585714285714286 0.031785714285714285 0.002857142857142857 0.0064285714285714285
1 0.49238095238095236 0.045714285714285714 0.0038095238095238095 0.005714285714285714
3 0.7538095238095238 0.10857142857142857 0.03333333333333333 0.011428571428571429
3 0.7466666666666667 0.10107142857142858 0.03428571428571429 0.012142857142857143
3 0.7371428571428571 0.0925 0.03238095238095238 0.012142857142857143
3 0.7185714285714285 0.08035714285714286 0.03333333333333333 0.010714285714285714
3 0.7157142857142857 0.07392857142857143 0.02761904761904762 0.009285714285714286
3 0.7052380952380952 0.0675 0.03142857142857143 0.010714285714285714
4 0.6666666666666666 0.05964285714285714 0.030476190476190476 0.012142857142857143
3 0.6895238095238095 0.03892857142857143 0.017142857142857144 0.010714285714285714
