5 0.021904761904761906 0.43107142857142855 0.045714285714285714 0.03214285714285714
5 0.029047619047619048 0.4014285714285714 0.06 0.03428571428571429
8 0.4633333333333333 0.6260714285714286 0.06761904761904762 0.17357142857142857
4 0.5357142857142857 0.45321428571428574 0.029523809523809525 0.04071428571428572
5 0.48523809523809525 0.43 0.05047619047619047 0.08142857142857143
5 0.7414285714285714 0.6728571428571428 0.08095238095238096 0.032857142857142856
5 0.7023809523809523 0.5585714285714286 0.08476190476190476 0.03
5 0.7128571428571429 0.5321428571428571 0.07333333333333333 0.02857142857142857
5 0.5085714285714286 0.18964285714285714 0.024761904761904763 0.04071428571428572
5 0.5233333333333333 0.11857142857142858 0.02 0.03142857142857143
3 0.5328571428571428 0.3653571428571429 0.023809523809523808 0.030714285714285715
3 0.5138095238095238 0.2767857142857143 0.018095238095238095 0.02214285714285714
3 0.5276190476190477 0.23214285714285715 0.01904761904761905 0.02
3 0.5352380952380953 0.1792857142857143 0.017142857142857144 0.018571428571428572
5 0.5366666666666666 0.0425 0.014285714285714285 0.017857142857142856
4 0.5219047619047619 0.055 0.011428571428571429 0.012857142857142857
3 0.5314285714285715 0.07678571428571429 0.011428571428571429 0.010714285714285714
3 0.5219047619047619 0.15714285714285714 0.015238095238095238 0.015714285714285715
4 0.7342857142857143 0.010357142857142856 0.015238095238095238 0.007857142857142858
4 0.7871428571428571 0.014642857142857143 0.01619047619047619 0.007857142857142858
4 0.7028571428571428 0.5017857142857143 0.05714285714285714 0.030714285714285715
3 0.7395238095238095 0.6396428571428572 0.07904761904761905 0.035
3 0.7347619047619047 0.6017857142857143 0.07904761904761905 0.030714285714285715
3 0.9666666666666667 0.5921428571428572 0.0838095238095238 0.03142857142857143
3 0.98 0.6267857142857143 0.08190476190476191 0.035
4 0.9952380952380953 0.6617857142857143 0.07809523809523809 0.035
9 1.0742857142857143 0.6085714285714285 0.03238095238095238 0.014285714285714285
9 1.0414285714285714 0.5632142857142857 0.029523809523809525 0.013571428571428571
9 0.9785714285714285 0.5175 0.029523809523809525 0.010714285714285714
9 0.98 0.5010714285714286 0.026666666666666665 0.015
9 0.960952380952381 0.4857142857142857 0.022857142857142857 0.011428571428571429
9 0.9233333333333333 0.47 0.02761904761904762 0.015714285714285715
9 0.920952380952381 0.4592857142857143 0.013333333333333332 0.015714285714285715
9 0.9676190476190476 0.46535714285714286 0.026666666666666665 0.010714285714285714
9 0.9438095238095238 0.45535714285714285 0.015238095238095238 0.019285714285714285
6 0.9433333333333334 0.42642857142857143 0.04285714285714286 0.014285714285714285
9 1.0052380952380953 0.4785714285714286 0.021904761904761906 0.008571428571428572
1 0.9771428571428571 0.5185714285714286 0.009523809523809525 0.014285714285714285
1 0.9628571428571429 0.49214285714285716 0.009523809523809525 0.01
2 0.9038095238095238 0.46214285714285713 0.009523809523809525 0.014285714285714285
2 0.9709523809523809 0.41285714285714287 0.02 0.008571428571428572
9 0.16 0.2925 0.01904761904761905 0.010714285714285714
9 0.26 0.24 0.009523809523809525 0.01
2 0.929047619047619 0.7385714285714285 0.006666666666666666 0.02142857142857143
9 0.878095238095238 0.3775 0.011428571428571429 0.019285714285714285
9 0.8985714285714286 0.3817857142857143 0.010476190476190476 0.019285714285714285
9 0.9828571428571429 0.37035714285714283 0.011428571428571429 0.015
1 0.8980952380952381 0.3796428571428571 0.009523809523809525 0.013571428571428571
1 0.8771428571428571 0.37607142857142856 0.009523809523809525 0.012142857142857143
9 0.9571428571428572 0.4521428571428571 0.013333333333333332 0.017142857142857144
9 0.9666666666666667 0.45071428571428573 0.015238095238095238 0.018571428571428572
1 0.8019047619047619 0.37357142857142855 0.009523809523809525 0.01
1 0.86 0.3142857142857143 0.007619047619047619 0.008571428571428572
