3 0.17857142857142858 0.5217857142857143 0.18571428571428572 0.11357142857142857
3 1.0314285714285714 0.6864285714285714 0.29333333333333333 0.12571428571428572
3 0.8933333333333333 0.5932142857142857 0.2 0.13214285714285715
3 0.770952380952381 0.5114285714285715 0.19142857142857142 0.12
3 0.6795238095238095 0.4325 0.15904761904761905 0.09642857142857143
3 0.1538095238095238 0.4107142857142857 0.14 0.10714285714285714
3 0.12333333333333334 0.3360714285714286 0.08285714285714285 0.07071428571428572
3 0.12523809523809523 0.2567857142857143 0.11333333333333333 0.04928571428571429
3 0.6157142857142857 0.3896428571428571 0.15523809523809523 0.07071428571428572
3 0.5680952380952381 0.3425 0.19714285714285715 0.056428571428571425
3 0.559047619047619 0.31142857142857144 0.15619047619047619 0.05
3 0.5304761904761904 0.2925 0.16 0.047857142857142855
3 0.5109523809523809 0.2710714285714286 0.15523809523809523 0.035
3 0.4719047619047619 0.2546428571428571 0.1438095238095238 0.047857142857142855
3 0.42857142857142855 0.22071428571428572 0.12761904761904763 0.03428571428571429
3 0.3919047619047619 0.205 0.12095238095238095 0.03571428571428571
3 0.3761904761904762 0.19 0.11238095238095239 0.032857142857142856
3 0.3961904761904762 0.18035714285714285 0.09333333333333334 0.029285714285714286
3 0.42904761904761907 0.16464285714285715 0.10571428571428572 0.029285714285714286
3 0.3385714285714286 0.13214285714285715 0.04476190476190476 0.03142857142857143
3 0.09333333333333334 0.22285714285714286 0.06476190476190476 0.04428571428571428
3 0.2947619047619048 0.12892857142857142 0.05238095238095238 0.02642857142857143
3 0.27 0.11714285714285715 0.04285714285714286 0.022857142857142857
3 0.2509523809523809 0.10214285714285715 0.04285714285714286 0.022857142857142857
3 0.2257142857142857 0.09321428571428571 0.0419047619047619 0.019285714285714285
3 0.20285714285714285 0.0825 0.0419047619047619 0.019285714285714285
3 0.1880952380952381 0.07428571428571429 0.039047619047619046 0.015714285714285715
3 0.17095238095238094 0.06892857142857142 0.040952380952380955 0.019285714285714285
3 0.1419047619047619 0.061785714285714284 0.0380952380952381 0.016428571428571428
3 0.12857142857142856 0.05142857142857143 0.022857142857142857 0.018571428571428572
5 0.06904761904761905 0.0325 0.06 0.027857142857142858
3 0.015714285714285715 0.025357142857142856 0.02761904761904762 0.015
3 0.008571428571428572 0.05392857142857143 0.017142857142857144 0.019285714285714285
4 0.022857142857142857 0.08535714285714285 0.03619047619047619 0.023571428571428573
4 0.041428571428571426 0.09821428571428571 0.06190476190476191 0.03357142857142857
3 0.049523809523809526 0.11678571428571428 0.04 0.025
3 0.05476190476190476 0.1275 0.04857142857142857 0.023571428571428573
3 0.06904761904761905 0.1475 0.05047619047619047 0.035
