4 0.613 0.3205 0.004666666666666666 0.003
3 0.6283333333333333 0.32425 0.004666666666666666 0.0035
3 0.6303333333333333 0.328 0.004666666666666666 0.003
3 0.6146666666666667 0.3265 0.004 0.003
3 0.6576666666666666 0.34175 0.006 0.0045000000000000005
3 0.6176666666666667 0.3395 0.006 0.004
5 0.62 0.34725 0.012 0.0145
5 0.6673333333333333 0.35275 0.016 0.0135
3 0.6749999999999999 0.3625 0.008666666666666666 0.006
5 0.6203333333333333 0.38125000000000003 0.012666666666666666 0.0145
4 0.632 0.4245 0.016 0.017
4 0.635 0.45525 0.019333333333333334 0.021500000000000002
3 0.652 0.4275 0.017333333333333333 0.014
3 0.6593333333333333 0.44275000000000003 0.02 0.0155
3 0.662 0.457 0.021333333333333333 0.017
3 0.7216666666666667 0.42425 0.022 0.0115
3 0.7166666666666667 0.41400000000000003 0.017333333333333333 0.01
3 0.7053333333333333 0.4005 0.014666666666666666 0.01
3 0.7113333333333333 0.40725 0.016 0.0105
3 0.771 0.37625000000000003 0.026 0.0075
3 0.771 0.38725 0.024666666666666667 0.0075
3 0.832 0.35725 0.022666666666666665 0.006500000000000001
3 0.8483333333333333 0.36325 0.02333333333333333 0.006500000000000001
3 0.861 0.36675 0.024666666666666667 0.006500000000000001
3 0.9023333333333333 0.36925 0.016666666666666666 0.0075
3 0.9173333333333333 0.37025 0.017333333333333333 0.0075
3 0.9263333333333333 0.3805 0.022 0.009000000000000001
3 0.945 0.383 0.019333333333333334 0.009000000000000001
4 0.9526666666666667 0.372 0.016 0.009000000000000001
3 0.9753333333333333 0.3735 0.014666666666666666 0.008
3 0.9886666666666666 0.37425 0.012 0.0075
3 1.011 0.377 0.015333333333333332 0.008
3 1.029 0.37675000000000003 0.012666666666666666 0.0085
3 1.0526666666666666 0.37625000000000003 0.012 0.0075
3 1.08 0.37975000000000003 0.02 0.0075
3 1.1016666666666666 0.38 0.016666666666666666 0.008
3 1.1713333333333333 0.3805 0.03333333333333333 0.009000000000000001
3 1.2303333333333333 0.37875000000000003 0.035333333333333335 0.0085
3 1.2523333333333333 0.392 0.035333333333333335 0.011
3 1.316 0.3905 0.03333333333333333 0.009000000000000001
3 1.317 0.37725000000000003 0.03 0.0085
4 1.3223333333333334 0.3725 0.020666666666666667 0.007
1 1.2776666666666667 0.40925 0.006 0.0075
3 1.2406666666666666 0.47325 0.05733333333333333 0.0165
3 1.158 0.47450000000000003 0.05466666666666666 0.018000000000000002
1 1.087 0.41825 0.004666666666666666 0.0055
1 0.9463333333333332 0.41100000000000003 0.006 0.007
1 0.9536666666666667 0.41350000000000003 0.003333333333333333 0.008
1 0.97 0.41425 0.005333333333333333 0.006500000000000001
1 0.9796666666666667 0.41500000000000004 0.006 0.007
1 1.0026666666666666 0.41325 0.009333333333333332 0.0085
1 1.0066666666666666 0.41025 0.004 0.006500000000000001
9 0.9646666666666667 0.47600000000000003 0.010666666666666666 0.012
1 0.9646666666666667 0.47275 0.009333333333333332 0.0165
1 0.847 0.71775 0.016666666666666666 0.029500000000000002
9 0.8456666666666667 0.7222500000000001 0.022 0.035500000000000004
4 0.4126666666666666 0.47725 0.04933333333333333 0.0245
3 0.22999999999999998 0.537 0.076 0.024
3 0.03866666666666667 0.66825 0.07866666666666666 0.0395
3 0.07266666666666667 0.49675 0.064 0.0205
3 0.8006666666666666 0.367 0.021333333333333333 0.007
3 0.7923333333333333 0.3645 0.024666666666666667 0.006
3 0.7876666666666666 0.362 0.022 0.006
3 0.7726666666666666 0.35625 0.02 0.006500000000000001
3 0.764 0.35175 0.025333333333333333 0.0055
3 0.7706666666666666 0.35325 0.02 0.0055
3 0.813 0.35275 0.022 0.006500000000000001
3 0.8089999999999999 0.34950000000000003 0.020666666666666667 0.005
3 0.8003333333333333 0.34825 0.019333333333333334 0.0075
3 0.7893333333333333 0.343 0.018666666666666665 0.005
3 0.7763333333333333 0.3385 0.018 0.004
3 0.7536666666666666 0.34725 0.018 0.0045000000000000005
3 0.7476666666666666 0.34575 0.019333333333333334 0.0055
3 0.772 0.33675 0.018666666666666665 0.0055
3 0.7656666666666666 0.336 0.020666666666666667 0.006
3 0.76 0.33175 0.017333333333333333 0.0055
