5 0.3102791878172589 0.4860714285714286 0.20431472081218272 0.10214285714285715
4 0.5545685279187816 0.3742857142857143 0.12436548223350252 0.06428571428571428
5 0.4010152284263959 0.32071428571428573 0.18274111675126903 0.10428571428571429
3 0.4511421319796954 0.25785714285714284 0.07994923857868019 0.03428571428571429
3 0.1548223350253807 0.16107142857142856 0.08883248730964466 0.039285714285714285
3 0.2246192893401015 0.115 0.06852791878172589 0.027142857142857142
8 0.8172588832487309 0.24821428571428572 0.12690355329949238 0.06357142857142857
3 0.9098984771573604 0.2342857142857143 0.04568527918781726 0.04285714285714286
3 0.9257614213197969 0.19321428571428573 0.0748730964467005 0.03642857142857143
5 1.046954314720812 0.13107142857142856 0.1446700507614213 0.075
3 1.0862944162436547 0.3289285714285714 0.11167512690355329 0.05357142857142857
4 1.1998730964467004 0.3653571428571429 0.12563451776649745 0.056428571428571425
3 1.3350253807106598 0.4067857142857143 0.13959390862944163 0.065
3 1.4815989847715736 0.4492857142857143 0.1383248730964467 0.06285714285714286
