4 0.5085714285714286 0.033928571428571426 0.05333333333333333 0.025
3 0.5352380952380953 0.08428571428571428 0.08190476190476191 0.022857142857142857
3 0.6228571428571429 0.13 0.049523809523809526 0.032857142857142856
3 0.6904761904761905 0.19285714285714287 0.03619047619047619 0.041428571428571426
3 0.6776190476190476 0.2739285714285714 0.04285714285714286 0.04928571428571429
3 0.6395238095238095 0.35678571428571426 0.04476190476190476 0.056428571428571425
4 0.6085714285714285 0.42464285714285716 0.05523809523809524 0.07071428571428572
4 0.7523809523809524 0.44 0.05142857142857143 0.08571428571428572
3 0.5833333333333334 0.5246428571428572 0.12285714285714286 0.075
5 0.5123809523809524 0.6289285714285714 0.10666666666666666 0.165
3 0.5023809523809524 0.7307142857142858 0.12095238095238095 0.037142857142857144
3 0.89 0.6617857142857143 0.06761904761904762 0.11214285714285714
3 0.9014285714285715 0.5464285714285714 0.06190476190476191 0.08714285714285715
5 0.9023809523809524 0.4025 0.06190476190476191 0.09214285714285714
3 0.9052380952380953 0.2857142857142857 0.04476190476190476 0.054285714285714284
3 0.8642857142857143 0.23714285714285716 0.04476190476190476 0.054285714285714284
3 0.9128571428571428 0.2042857142857143 0.035238095238095235 0.03857142857142857
3 0.9014285714285715 0.1392857142857143 0.035238095238095235 0.032857142857142856
3 0.9023809523809524 0.11071428571428571 0.03333333333333333 0.03
3 0.8957142857142857 0.08321428571428571 0.03333333333333333 0.030714285714285715
3 0.9157142857142857 0.056428571428571425 0.029523809523809525 0.027142857142857142
3 0.12857142857142856 0.06357142857142857 0.04380952380952381 0.015714285714285715
5 0.024761904761904763 0.06964285714285715 0.05142857142857143 0.027857142857142858
