3 0.40164974619289334 0.04535714285714286 0.11548223350253806 0.025
3 0.3394670050761421 0.21642857142857141 0.049492385786802026 0.06428571428571428
3 0.40545685279187815 0.21928571428571428 0.049492385786802026 0.06142857142857143
3 0.46700507614213194 0.21464285714285714 0.050761421319796954 0.05785714285714286
3 0.5374365482233502 0.21571428571428572 0.049492385786802026 0.06
3 0.6078680203045684 0.2557142857142857 0.048223350253807105 0.06142857142857143
3 0.6757614213197969 0.2546428571428571 0.049492385786802026 0.05785714285714286
3 0.7347715736040609 0.2567857142857143 0.04060913705583756 0.060714285714285714
3 0.8743654822335025 0.26535714285714285 0.04568527918781726 0.065
3 0.9390862944162436 0.2689285714285714 0.050761421319796954 0.06357142857142857
3 0.9321065989847716 0.32142857142857145 0.12309644670050761 0.02857142857142857
3 0.9111675126903552 0.3575 0.09898477157360405 0.02642857142857143
3 0.91497461928934 0.39035714285714285 0.11167512690355329 0.02642857142857143
3 0.6395939086294415 0.35214285714285715 0.053299492385786795 0.06428571428571428
3 0.7214467005076142 0.5103571428571428 0.06218274111675126 0.06357142857142857
3 0.5767766497461928 0.35035714285714287 0.04695431472081218 0.065
3 0.5120558375634517 0.35678571428571426 0.05710659898477157 0.06785714285714285
3 0.4555837563451776 0.3271428571428571 0.053299492385786795 0.06428571428571428
3 0.39213197969543145 0.34785714285714286 0.048223350253807105 0.05857142857142857
3 0.3280456852791878 0.35214285714285715 0.05456852791878172 0.06571428571428571
3 0.2531725888324873 0.355 0.05456852791878172 0.05857142857142857
3 0.19352791878172587 0.3417857142857143 0.052030456852791875 0.06785714285714285
3 0.1313451776649746 0.3432142857142857 0.05710659898477157 0.06785714285714285
3 0.06218274111675126 0.34464285714285714 0.05837563451776649 0.062142857142857146
3 0.015228426395939085 0.3557142857142857 0.032994923857868015 0.06285714285714286
4 0.8134517766497461 0.27071428571428574 0.04568527918781726 0.05142857142857143
4 1.009517766497462 0.25892857142857145 0.04187817258883248 0.060714285714285714
4 1.409263959390863 0.29714285714285715 0.05710659898477157 0.054285714285714284
3 1.2265228426395938 0.25642857142857145 0.049492385786802026 0.05857142857142857
3 1.171954314720812 0.3092857142857143 0.05456852791878172 0.055714285714285716
3 1.263959390862944 0.14821428571428572 0.10913705583756345 0.029285714285714286
3 1.6148477157360406 0.10285714285714286 0.11294416243654821 0.027142857142857142
3 1.631979695431472 0.22535714285714287 0.06598984771573603 0.065
3 1.5501269035532994 0.22392857142857142 0.05964467005076142 0.06642857142857143
3 1.6192893401015227 0.3682142857142857 0.048223350253807105 0.05928571428571429
3 1.5513959390862944 0.3678571428571429 0.049492385786802026 0.06
3 1.4708121827411167 0.36857142857142855 0.07360406091370558 0.05714285714285714
3 1.4809644670050761 0.30785714285714283 0.053299492385786795 0.054285714285714284
3 1.7151015228426394 0.22071428571428572 0.06218274111675126 0.06
3 1.4930203045685277 0.2225 0.05456852791878172 0.062142857142857146
5 1.3128172588832487 0.24428571428571427 0.07994923857868019 0.08285714285714285
5 1.4118020304568526 0.21321428571428572 0.1281725888324873 0.09357142857142857
6 1.696700507614213 0.1432142857142857 0.07614213197969542 0.017857142857142856
9 1.2690355329949237 0.37285714285714283 0.04314720812182741 0.012857142857142857
9 1.6700507614213196 0.38392857142857145 0.03045685279187817 0.005
9 1.6135786802030456 0.4546428571428571 0.04187817258883248 0.009285714285714286
6 1.1408629441624365 0.39571428571428574 0.06091370558375634 0.04285714285714286
