3 0.7371428571428571 0.023571428571428573 0.0761904761904762 0.04285714285714286
4 0.8257142857142857 0.031071428571428573 0.047619047619047616 0.052142857142857144
4 0.7257142857142858 0.011785714285714287 0.07809523809523809 0.025
5 0.36904761904761907 0.026071428571428572 0.10952380952380952 0.05357142857142857
3 0.37714285714285717 0.05607142857142857 0.08190476190476191 0.045
9 0.2976190476190476 0.07464285714285715 0.035238095238095235 0.016428571428571428
9 0.2833333333333333 0.06 0.03333333333333333 0.015714285714285715
9 0.2752380952380952 0.035 0.03428571428571429 0.012857142857142857
9 0.26476190476190475 0.02214285714285714 0.02095238095238095 0.02
3 0.8 0.34785714285714286 0.09523809523809523 0.037142857142857144
9 0.8171428571428572 0.39357142857142857 0.03619047619047619 0.02142857142857143
5 0.7804761904761904 0.4207142857142857 0.1019047619047619 0.05142857142857143
9 0.8047619047619048 0.5867857142857142 0.0380952380952381 0.013571428571428571
9 0.8047619047619048 0.6046428571428571 0.03619047619047619 0.013571428571428571
9 0.8057142857142857 0.6217857142857143 0.03619047619047619 0.017857142857142856
9 0.7628571428571429 0.6625 0.0419047619047619 0.013571428571428571
5 0.8066666666666666 0.6953571428571429 0.05904761904761905 0.10785714285714286
5 0.5538095238095239 0.5632142857142857 0.08285714285714285 0.22071428571428572
9 0.5119047619047619 0.295 0.03333333333333333 0.011428571428571429
5 0.4147619047619048 0.36214285714285716 0.05238095238095238 0.07714285714285714
3 0.3514285714285714 0.37392857142857144 0.04 0.06928571428571428
3 0.30142857142857143 0.3742857142857143 0.04285714285714286 0.06857142857142857
3 0.2519047619047619 0.37464285714285717 0.04666666666666667 0.06785714285714285
3 0.20047619047619047 0.40285714285714286 0.04476190476190476 0.06714285714285714
3 0.14666666666666667 0.4085714285714286 0.05523809523809524 0.07142857142857142
3 0.10047619047619048 0.4035714285714286 0.05047619047619047 0.06857142857142857
