3 0.03616751269035533 0.5217857142857143 0.03934010152284264 0.013571428571428571
4 0.017766497461928932 0.5403571428571429 0.03807106598984771 0.012142857142857143
8 0.3305837563451776 0.4367857142857143 0.10025380710659898 0.029285714285714286
3 0.39403553299492383 0.45321428571428574 0.03680203045685279 0.013571428571428571
3 0.575507614213198 0.4185714285714286 0.03426395939086294 0.012857142857142857
3 0.45875634517766495 0.5103571428571428 0.03426395939086294 0.013571428571428571
4 0.6313451776649746 0.35 0.03426395939086294 0.012857142857142857
3 0.6947969543147208 0.39464285714285713 0.031725888324873094 0.012142857142857143
3 0.7493654822335025 0.36392857142857143 0.029187817258883246 0.009285714285714286
4 0.6186548223350253 0.44821428571428573 0.031725888324873094 0.012142857142857143
4 0.5526649746192893 0.4367857142857143 0.03680203045685279 0.013571428571428571
5 0.5355329949238579 0.4767857142857143 0.055837563451776644 0.019285714285714285
5 0.5475888324873096 0.4903571428571429 0.08248730964467005 0.027857142857142858
5 0.8807106598984771 0.34 0.04568527918781726 0.017142857142857144
5 0.9651015228426395 0.35464285714285715 0.052030456852791875 0.017857142857142856
4 1.0279187817258884 0.3682142857142857 0.035532994923857864 0.012142857142857143
5 1.1903553299492384 0.3482142857142857 0.053299492385786795 0.019285714285714285
4 0.9244923857868019 0.415 0.03680203045685279 0.011428571428571429
4 0.7988578680203045 0.4117857142857143 0.03934010152284264 0.013571428571428571
3 0.83248730964467 0.3817857142857143 0.032994923857868015 0.012142857142857143
3 0.8711928934010151 0.35892857142857143 0.024111675126903553 0.010714285714285714
3 0.899746192893401 0.4064285714285714 0.035532994923857864 0.012857142857142857
4 1.0697969543147208 0.3082142857142857 0.032994923857868015 0.012142857142857143
3 1.0767766497461928 0.32107142857142856 0.031725888324873094 0.012142857142857143
3 1.0996192893401013 0.32857142857142857 0.031725888324873094 0.011428571428571429
5 1.6491116751269035 0.19857142857142857 0.049492385786802026 0.017142857142857144
3 1.7449238578680202 0.19392857142857142 0.03045685279187817 0.009285714285714286
3 1.7347715736040608 0.2425 0.03045685279187817 0.010714285714285714
3 1.631979695431472 0.27535714285714286 0.032994923857868015 0.012142857142857143
4 1.7436548223350252 0.22714285714285715 0.032994923857868015 0.011428571428571429
5 1.3261421319796953 0.27214285714285713 0.05837563451776649 0.018571428571428572
5 1.2163705583756343 0.3292857142857143 0.052030456852791875 0.02
4 1.3432741116751268 0.33285714285714285 0.031725888324873094 0.011428571428571429
4 1.4257614213197969 0.2892857142857143 0.03426395939086294 0.01
4 1.4194162436548223 0.2675 0.031725888324873094 0.012142857142857143
5 1.180203045685279 0.2978571428571429 0.06598984771573603 0.02
5 1.2366751269035532 0.3025 0.04695431472081218 0.016428571428571428
3 1.3673857868020303 0.31392857142857145 0.03426395939086294 0.012142857142857143
5 0.6814720812182741 0.5457142857142857 0.04314720812182741 0.03
5 0.46510152284263956 0.5510714285714285 0.031725888324873094 0.019285714285714285
5 0.5869289340101522 0.5446428571428571 0.029187817258883246 0.03214285714285714
5 0.5634517766497461 0.5439285714285714 0.03807106598984771 0.035
