3 0.31761904761904763 0.7257142857142858 0.06952380952380953 0.047142857142857146
3 0.6542857142857142 0.7064285714285714 0.06095238095238095 0.08571428571428572
3 0.8990476190476191 0.5725 0.05904761904761905 0.10928571428571429
4 0.679047619047619 0.4707142857142857 0.05333333333333333 0.08857142857142856
5 0.7628571428571429 0.305 0.13714285714285715 0.12
3 1.0485714285714285 0.19892857142857143 0.11619047619047619 0.039285714285714285
3 0.8904761904761904 0.11035714285714286 0.049523809523809526 0.06928571428571428
3 0.5757142857142857 0.09035714285714286 0.05047619047619047 0.075
3 0.35428571428571426 0.5639285714285714 0.07047619047619047 0.105
3 0.3757142857142857 0.44821428571428573 0.07142857142857142 0.09642857142857143
4 0.5761904761904761 0.31 0.06095238095238095 0.09428571428571429
1 0.8295238095238096 0.04285714285714286 0.017142857142857144 0.02
2 0.8257142857142857 0.048214285714285716 0.03619047619047619 0.02214285714285714
4 0.8947619047619048 0.036071428571428574 0.040952380952380955 0.05071428571428571
3 0.2819047619047619 0.175 0.05904761904761905 0.07428571428571429
4 0.08285714285714285 0.7060714285714286 0.14095238095238094 0.085
3 0.11190476190476191 0.6382142857142857 0.14 0.08214285714285714
3 0.1138095238095238 0.5760714285714286 0.1361904761904762 0.085
3 0.12428571428571429 0.515 0.10952380952380952 0.06142857142857143
3 0.2 0.4475 0.11428571428571428 0.06785714285714285
4 0.17952380952380953 0.3682142857142857 0.11714285714285715 0.052142857142857144
5 0.3423809523809524 0.3532142857142857 0.19333333333333333 0.15357142857142858
1 0.8085714285714286 0.5003571428571428 0.024761904761904763 0.016428571428571428
1 0.8561904761904762 0.5260714285714285 0.01904761904761905 0.017857142857142856
1 0.8809523809523809 0.2617857142857143 0.017142857142857144 0.019285714285714285
2 0.8819047619047619 0.2664285714285714 0.011428571428571429 0.032857142857142856
2 0.8071428571428572 0.5010714285714286 0.01619047619047619 0.035
2 0.8542857142857143 0.5275 0.017142857142857144 0.03357142857142857
