8 0.6897208121827411 0.49642857142857144 0.09010152284263959 0.08285714285714285
1 0.06852791878172589 0.19464285714285715 0.015228426395939085 0.005
1 0.22652284263959388 0.17107142857142857 0.011421319796954314 0.005
1 0.2652284263959391 0.1675 0.0076142131979695426 0.005
1 0.28743654822335024 0.1667857142857143 0.006345177664974619 0.0064285714285714285
1 0.31408629441624364 0.19214285714285714 0.006345177664974619 0.008571428571428572
1 0.22842639593908629 0.19678571428571429 0.005076142131979695 0.007857142857142858
1 0.14720812182741116 0.20607142857142857 0.0076142131979695426 0.009285714285714286
4 0.01967005076142132 0.3057142857142857 0.031725888324873094 0.024285714285714285
3 0.061548223350253804 0.3053571428571429 0.031725888324873094 0.017857142857142856
4 0.10406091370558375 0.2978571428571429 0.032994923857868015 0.02142857142857143
4 0.1383248730964467 0.2935714285714286 0.035532994923857864 0.025714285714285714
4 0.18401015228426396 0.2925 0.035532994923857864 0.023571428571428573
4 0.22525380710659898 0.2889285714285714 0.03680203045685279 0.025
4 0.2626903553299492 0.28535714285714286 0.03045685279187817 0.02214285714285714
4 0.3032994923857868 0.27714285714285714 0.032994923857868015 0.02857142857142857
4 0.3362944162436548 0.27714285714285714 0.03807106598984771 0.022857142857142857
4 0.3680203045685279 0.2742857142857143 0.035532994923857864 0.02142857142857143
3 0.348984771573604 0.31357142857142856 0.06852791878172589 0.015714285714285715
3 0.43337563451776645 0.30892857142857144 0.06218274111675126 0.015
4 0.5640862944162436 0.26142857142857145 0.03934010152284264 0.015714285714285715
3 0.5850253807106599 0.25 0.035532994923857864 0.012857142857142857
3 0.6129441624365481 0.23857142857142857 0.032994923857868015 0.012857142857142857
3 0.6459390862944162 0.22535714285714287 0.025380710659898477 0.010714285714285714
4 0.6630710659898477 0.21464285714285714 0.024111675126903553 0.012142857142857143
3 0.7614213197969543 0.16178571428571428 0.02030456852791878 0.009285714285714286
3 0.8673857868020304 0.08571428571428572 0.008883248730964466 0.005714285714285714
4 0.8305837563451776 0.11321428571428571 0.013959390862944161 0.007857142857142858
3 0.8381979695431472 0.11 0.016497461928934008 0.007142857142857143
4 0.8591370558375634 0.09785714285714285 0.015228426395939085 0.007142857142857143
3 0.9289340101522842 0.07428571428571429 0.01015228426395939 0.004285714285714286
3 0.9352791878172588 0.061785714285714284 0.012690355329949238 0.0035714285714285713
3 0.9390862944162436 0.06678571428571428 0.012690355329949238 0.005
3 0.9796954314720812 0.07142857142857142 0.01015228426395939 0.004285714285714286
3 0.9663705583756345 0.1325 0.011421319796954314 0.0064285714285714285
4 1.0120558375634516 0.15142857142857144 0.011421319796954314 0.007142857142857143
3 1.1046954314720812 0.21928571428571428 0.03426395939086294 0.011428571428571429
8 1.0736040609137054 0.20535714285714285 0.04314720812182741 0.017857142857142856
8 1.048223350253807 0.11821428571428572 0.012690355329949238 0.005
8 1.031725888324873 0.16178571428571428 0.02030456852791878 0.016428571428571428
5 1.032994923857868 0.14535714285714285 0.02030456852791878 0.013571428571428571
3 1.0444162436548223 0.1417857142857143 0.01015228426395939 0.005
5 1.2417512690355328 0.2057142857142857 0.024111675126903553 0.017142857142857144
3 1.7265228426395938 0.42892857142857144 0.06979695431472081 0.019285714285714285
