5 0.5995238095238096 0.5353571428571429 0.09428571428571429 0.11357142857142857
3 0.8723809523809524 0.7007142857142857 0.07238095238095238 0.09714285714285714
3 0.8852380952380953 0.6042857142857143 0.06 0.08142857142857143
3 0.8909523809523809 0.5196428571428572 0.05238095238095238 0.06928571428571428
3 0.9019047619047619 0.4442857142857143 0.047619047619047616 0.054285714285714284
3 0.9128571428571428 0.39464285714285713 0.04285714285714286 0.04357142857142857
3 0.7019047619047619 0.3271428571428571 0.06095238095238095 0.037142857142857144
3 0.7542857142857143 0.2764285714285714 0.04 0.03571428571428571
3 0.7795238095238095 0.2392857142857143 0.037142857142857144 0.02857142857142857
3 0.9471428571428572 0.2507142857142857 0.03142857142857143 0.02857142857142857
3 0.9480952380952381 0.22214285714285714 0.03333333333333333 0.027142857142857142
3 0.9371428571428572 0.27535714285714286 0.045714285714285714 0.029285714285714286
5 0.9257142857142857 0.3392857142857143 0.05142857142857143 0.06571428571428571
3 0.9304761904761905 0.30178571428571427 0.03619047619047619 0.025
3 0.9633333333333334 0.20214285714285715 0.035238095238095235 0.03142857142857143
4 0.9685714285714285 0.17892857142857144 0.05523809523809524 0.025
3 0.7942857142857143 0.21821428571428572 0.02857142857142857 0.02214285714285714
3 0.8138095238095238 0.20214285714285715 0.03142857142857143 0.027142857142857142
3 0.8261904761904761 0.18035714285714285 0.03333333333333333 0.02642857142857143
3 0.8438095238095238 0.1657142857142857 0.02857142857142857 0.02142857142857143
3 0.8623809523809524 0.1492857142857143 0.025714285714285714 0.015714285714285715
3 0.8790476190476191 0.1367857142857143 0.02857142857142857 0.019285714285714285
3 0.8704761904761905 0.12821428571428573 0.03619047619047619 0.016428571428571428
3 0.8795238095238095 0.10785714285714286 0.040952380952380955 0.012857142857142857
3 0.8328571428571429 0.10428571428571429 0.039047619047619046 0.015714285714285715
3 0.7947619047619048 0.10035714285714285 0.035238095238095235 0.013571428571428571
3 0.9042857142857142 0.10571428571428572 0.03333333333333333 0.014285714285714285
3 0.92 0.10285714285714286 0.04 0.017142857142857144
3 0.9342857142857143 0.0975 0.0380952380952381 0.013571428571428571
3 0.9395238095238095 0.09071428571428572 0.035238095238095235 0.014285714285714285
3 0.9471428571428572 0.0825 0.03142857142857143 0.012142857142857143
3 0.9571428571428572 0.07821428571428571 0.03619047619047619 0.010714285714285714
3 0.9595238095238096 0.075 0.03333333333333333 0.012857142857142857
3 0.9709523809523809 0.0725 0.035238095238095235 0.012142857142857143
3 0.9771428571428571 0.06714285714285714 0.02857142857142857 0.01
3 0.9809523809523809 0.06321428571428571 0.02857142857142857 0.010714285714285714
3 0.9876190476190476 0.05892857142857143 0.03238095238095238 0.009285714285714286
3 0.9885714285714285 0.054285714285714284 0.02857142857142857 0.007142857142857143
3 0.9976190476190476 0.05285714285714286 0.025714285714285714 0.01
3 1.006190476190476 0.048928571428571425 0.023809523809523808 0.009285714285714286
3 1.0095238095238095 0.04535714285714286 0.026666666666666665 0.009285714285714286
4 1.0185714285714285 0.03964285714285714 0.03142857142857143 0.012142857142857143
3 1.0252380952380953 0.037142857142857144 0.025714285714285714 0.01
3 1.0252380952380953 0.035 0.035238095238095235 0.01
3 1.0347619047619048 0.031071428571428573 0.02761904761904762 0.007857142857142858
3 1.0409523809523809 0.029642857142857144 0.02095238095238095 0.0064285714285714285
3 1.0385714285714285 0.027142857142857142 0.023809523809523808 0.01
3 1.0471428571428572 0.025357142857142856 0.02 0.0064285714285714285
3 1.0471428571428572 0.021785714285714287 0.021904761904761906 0.010714285714285714
3 1.0557142857142856 0.016785714285714286 0.025714285714285714 0.009285714285714286
3 1.0661904761904761 0.015 0.021904761904761906 0.007142857142857143
3 1.0671428571428572 0.012857142857142857 0.021904761904761906 0.01
4 1.1295238095238096 0.014642857142857143 0.02857142857142857 0.010714285714285714
3 1.0914285714285714 0.023214285714285715 0.01904761904761905 0.010714285714285714
3 1.072857142857143 0.02107142857142857 0.012380952380952381 0.007857142857142858
3 1.0685714285714285 0.04928571428571429 0.024761904761904763 0.011428571428571429
3 0.9814285714285714 0.1675 0.023809523809523808 0.015
3 0.9857142857142858 0.155 0.024761904761904763 0.02
3 0.9990476190476191 0.14214285714285715 0.02857142857142857 0.015714285714285715
3 0.9866666666666667 0.12857142857142856 0.045714285714285714 0.017142857142857144
3 1.036190476190476 0.11535714285714285 0.04 0.012142857142857143
3 1.0271428571428571 0.10428571428571429 0.025714285714285714 0.017142857142857144
3 1.0271428571428571 0.09642857142857143 0.025714285714285714 0.011428571428571429
3 1.0509523809523809 0.08428571428571428 0.03142857142857143 0.012857142857142857
3 1.0514285714285714 0.07464285714285715 0.03238095238095238 0.013571428571428571
3 1.0566666666666666 0.06857142857142857 0.03333333333333333 0.01
3 1.062857142857143 0.06285714285714286 0.02857142857142857 0.012857142857142857
3 1.071904761904762 0.05785714285714286 0.035238095238095235 0.011428571428571429
3 1.2104761904761905 0.09357142857142857 0.0380952380952381 0.011428571428571429
3 1.2166666666666666 0.0875 0.03333333333333333 0.015
3 1.2104761904761905 0.10071428571428571 0.04380952380952381 0.012857142857142857
3 1.2161904761904763 0.1075 0.03428571428571429 0.012142857142857143
3 1.220952380952381 0.205 0.06857142857142857 0.02142857142857143
3 1.229047619047619 0.2225 0.06952380952380953 0.020714285714285713
3 1.2347619047619047 0.24142857142857144 0.07523809523809524 0.022857142857142857
