5 0.3426666666666667 0.70975 0.30133333333333334 0.0795
3 0.38566666666666666 0.516 0.048666666666666664 0.017
4 0.476 0.49175 0.030666666666666665 0.0185
5 0.589 0.47025 0.04466666666666667 0.021500000000000002
6 0.8993333333333333 0.4875 0.012 0.014
3 0.8913333333333333 0.68275 0.15466666666666667 0.059500000000000004
4 0.8476666666666667 0.64825 0.11533333333333333 0.0485
4 0.8743333333333333 0.61925 0.11399999999999999 0.0475
3 0.8613333333333333 0.57425 0.09733333333333333 0.0245
3 0.85 0.6075 0.09866666666666667 0.029
3 0.849 0.59375 0.09666666666666666 0.021500000000000002
3 0.846 0.58175 0.09466666666666666 0.0225
3 0.8633333333333333 0.548 0.076 0.023
3 0.8473333333333333 0.54025 0.072 0.0195
3 0.8476666666666667 0.52275 0.06466666666666666 0.0165
3 0.8523333333333333 0.51825 0.066 0.0135
4 0.8483333333333333 0.5115000000000001 0.066 0.017
4 0.8433333333333333 0.4965 0.058666666666666666 0.016
3 0.838 0.48975 0.04 0.0085
3 0.8443333333333333 0.48625 0.046 0.0055
3 0.8403333333333333 0.4835 0.038 0.008
3 0.8413333333333333 0.47925 0.029333333333333333 0.0055
3 0.8383333333333333 0.454 0.03266666666666666 0.036000000000000004
3 0.8646666666666666 0.46475 0.018666666666666665 0.006500000000000001
3 0.871 0.446 0.016666666666666666 0.004
3 0.862 0.44225000000000003 0.008 0.0045000000000000005
3 0.9453333333333332 0.49025 0.024 0.0125
3 0.9056666666666666 0.47150000000000003 0.03266666666666666 0.009000000000000001
3 0.969 0.51375 0.041999999999999996 0.0145
3 0.967 0.50575 0.03933333333333333 0.0105
6 1.066 0.56275 0.048 0.0225
9 1.0816666666666666 0.56825 0.03133333333333333 0.0155
9 1.0939999999999999 0.5720000000000001 0.021333333333333333 0.016
