3 0.756979695431472 0.36642857142857144 0.06725888324873096 0.03428571428571429
3 0.8794416243654821 0.25607142857142856 0.053299492385786795 0.029285714285714286
3 0.8730964467005076 0.2907142857142857 0.055837563451776644 0.03142857142857143
3 0.9333756345177664 0.22178571428571428 0.052030456852791875 0.027857142857142858
3 1.0723350253807107 0.13071428571428573 0.04060913705583756 0.02142857142857143
3 1.0583756345177664 0.19392857142857142 0.04060913705583756 0.025
3 1.1782994923857868 0.11285714285714285 0.03934010152284264 0.02142857142857143
3 1.1751269035532994 0.08928571428571429 0.04314720812182741 0.022857142857142857
3 1.267766497461929 0.04964285714285714 0.035532994923857864 0.017857142857142856
3 1.2151015228426394 0.0875 0.03680203045685279 0.02214285714285714
4 1.03743654822335 0.15178571428571427 0.03426395939086294 0.02214285714285714
4 0.972715736040609 0.19285714285714287 0.05456852791878172 0.027142857142857142
3 0.6053299492385786 0.45571428571428574 0.07614213197969542 0.04285714285714286
3 0.6947969543147208 0.44035714285714284 0.06725888324873096 0.045
3 0.7563451776649746 0.4010714285714286 0.06091370558375634 0.039285714285714285
3 0.815989847715736 0.2960714285714286 0.053299492385786795 0.030714285714285715
4 0.9733502538071065 0.22321428571428573 0.055837563451776644 0.03357142857142857
4 1.0907360406091369 0.17035714285714285 0.04187817258883248 0.02642857142857143
4 0.9162436548223349 0.2889285714285714 0.04568527918781726 0.02642857142857143
4 1.2385786802030456 0.023571428571428573 0.035532994923857864 0.018571428571428572
4 1.130710659898477 0.14785714285714285 0.048223350253807105 0.025714285714285714
3 1.1281725888324872 0.09535714285714286 0.03807106598984771 0.02214285714285714
3 1.1560913705583755 0.07678571428571429 0.04060913705583756 0.020714285714285713
3 1.2423857868020303 0.06678571428571428 0.035532994923857864 0.019285714285714285
3 1.1960659898477157 0.05357142857142857 0.03426395939086294 0.02
3 0.13705583756345177 0.5403571428571429 0.08883248730964466 0.04214285714285714
3 0.41243654822335024 0.5525 0.09390862944162436 0.017857142857142856
3 0.02030456852791878 0.5346428571428572 0.04314720812182741 0.035
4 0.1979695431472081 0.06571428571428571 0.06852791878172589 0.03142857142857143
4 0.41370558375634514 0.05178571428571429 0.048223350253807105 0.023571428571428573
