5 0.7971428571428572 0.3507142857142857 0.01904761904761905 0.02142857142857143
5 0.7619047619047619 0.24071428571428571 0.013333333333333332 0.014285714285714285
5 0.7523809523809524 0.2125 0.017142857142857144 0.019285714285714285
5 0.7642857142857142 0.18607142857142858 0.023809523809523808 0.019285714285714285
5 0.8233333333333334 0.16785714285714284 0.014285714285714285 0.012857142857142857
3 0.7380952380952381 0.6110714285714286 0.026666666666666665 0.047857142857142855
3 0.4280952380952381 0.35964285714285715 0.02761904761904762 0.017857142857142856
3 0.4066666666666667 0.3517857142857143 0.024761904761904763 0.019285714285714285
3 0.43857142857142856 0.32035714285714284 0.021904761904761906 0.013571428571428571
3 0.4804761904761905 0.3339285714285714 0.035238095238095235 0.012142857142857143
3 0.5152380952380953 0.3007142857142857 0.026666666666666665 0.011428571428571429
3 0.5214285714285715 0.2925 0.02761904761904762 0.009285714285714286
3 0.4738095238095238 0.3492857142857143 0.029523809523809525 0.015714285714285715
3 0.4623809523809524 0.36214285714285716 0.037142857142857144 0.012857142857142857
3 0.43 0.39571428571428574 0.04666666666666667 0.017142857142857144
4 0.41714285714285715 0.42 0.04380952380952381 0.018571428571428572
3 0.530952380952381 0.2782142857142857 0.029523809523809525 0.009285714285714286
3 0.5276190476190477 0.28535714285714286 0.030476190476190476 0.007857142857142858
3 0.5652380952380952 0.22071428571428572 0.025714285714285714 0.007142857142857143
5 0.5619047619047619 0.2367857142857143 0.030476190476190476 0.010714285714285714
8 0.8204761904761905 0.42464285714285716 0.035238095238095235 0.05071428571428571
3 0.7842857142857143 0.28464285714285714 0.014285714285714285 0.009285714285714286
3 1.1485714285714286 0.2953571428571429 0.02095238095238095 0.012142857142857143
9 0.87 0.46714285714285714 0.008571428571428572 0.011428571428571429
1 0.8714285714285714 0.4635714285714286 0.009523809523809525 0.01
3 1.286190476190476 0.425 0.037142857142857144 0.025714285714285714
3 1.1066666666666667 0.30214285714285716 0.02095238095238095 0.012857142857142857
3 1.2295238095238095 0.3489285714285714 0.03238095238095238 0.016428571428571428
3 0.8047619047619048 0.17785714285714285 0.011428571428571429 0.005714285714285714
