3 0.206 0.3835 0.108 0.089
4 0.26366666666666666 0.30975 0.08066666666666666 0.0745
2 0.11966666666666666 0.34525 0.03266666666666666 0.029500000000000002
4 0.27399999999999997 0.033 0.032 0.021
3 0.20199999999999999 0.13625 0.09866666666666667 0.0335
3 0.416 0.19775 0.06666666666666667 0.0395
3 0.15133333333333332 0.16825 0.10933333333333332 0.0455
3 0.24666666666666665 0.10375000000000001 0.10133333333333333 0.0305
3 0.36666666666666664 0.191 0.052 0.038
3 0.512 0.1225 0.034666666666666665 0.028
3 0.41466666666666663 0.138 0.03866666666666667 0.026000000000000002
3 0.43866666666666665 0.10775 0.03333333333333333 0.0235
3 0.45199999999999996 0.091 0.034666666666666665 0.025
3 0.4613333333333333 0.08175 0.030666666666666665 0.0195
3 0.477 0.0615 0.026 0.017
3 0.48333333333333334 0.053 0.024 0.017
3 0.48933333333333334 0.04575 0.024 0.0155
3 0.4963333333333333 0.03775 0.022 0.0145
3 0.4993333333333333 0.03175 0.02 0.0125
3 0.5046666666666666 0.02525 0.02 0.0155
3 0.5093333333333333 0.02075 0.018666666666666665 0.0135
4 0.5136666666666666 0.01425 0.018 0.0145
3 0.5176666666666666 0.01125 0.016666666666666666 0.0115
5 0.568 0.00425 0.014666666666666666 0.0095
3 0.9796666666666667 0.6385000000000001 0.146 0.155
3 1.2433333333333334 0.483 0.14133333333333334 0.10300000000000001
3 1.2246666666666666 0.3765 0.08133333333333333 0.063
3 1.1443333333333332 0.32775 0.074 0.0575
3 1.0843333333333334 0.28750000000000003 0.078 0.045
3 1.1826666666666665 0.26025 0.128 0.043500000000000004
3 1.1616666666666666 0.22775 0.12466666666666666 0.0385
9 1.292 0.21775 0.03866666666666667 0.021500000000000002
9 1.3216666666666665 0.177 0.022 0.013000000000000001
9 1.3186666666666667 0.15425 0.02 0.0185
9 1.2643333333333333 0.16275 0.03666666666666667 0.0205
9 1.2903333333333333 0.14100000000000001 0.022 0.017
9 1.257 0.1515 0.03133333333333333 0.015
2 1.2676666666666667 0.1485 0.024666666666666667 0.016
2 1.2416666666666667 0.11825000000000001 0.015333333333333332 0.0155
3 0.9339999999999999 0.31 0.08133333333333333 0.054
3 1.002 0.20275 0.06133333333333333 0.0365
3 0.8353333333333333 0.1845 0.04933333333333333 0.03
3 0.9343333333333333 0.15725 0.051333333333333335 0.0285
3 0.7723333333333333 0.14275000000000002 0.03933333333333333 0.0245
3 0.7736666666666666 0.11925000000000001 0.033999999999999996 0.0235
3 0.7053333333333333 0.10200000000000001 0.032 0.021
3 0.7416666666666667 0.0805 0.02733333333333333 0.018000000000000002
1 0.8483333333333333 0.12475 0.012666666666666666 0.0175
9 0.8493333333333333 0.1295 0.012 0.018000000000000002
3 0.9133333333333333 0.13625 0.044 0.0235
4 0.898 0.11825000000000001 0.04133333333333333 0.0285
3 0.8683333333333333 0.108 0.04733333333333333 0.024
3 0.8576666666666667 0.09925 0.05266666666666667 0.0195
3 0.8556666666666667 0.08925 0.038 0.0185
4 0.8346666666666667 0.076 0.029333333333333333 0.02
4 0.8243333333333333 0.06825 0.02333333333333333 0.0185
3 0.8036666666666666 0.0575 0.03133333333333333 0.018000000000000002
3 0.779 0.035500000000000004 0.02333333333333333 0.013000000000000001
3 0.7713333333333333 0.0285 0.02 0.012
3 0.764 0.02375 0.022666666666666665 0.0115
3 0.6823333333333333 0.00575 0.015333333333333332 0.0115
8 0.7186666666666667 0.01125 0.025333333333333333 0.0235
1 0.7453333333333333 0.005 0.004 0.007
2 0.7453333333333333 0.008 0.005333333333333333 0.007
1 0.7483333333333333 0.01125 0.006 0.0095
1 0.749 0.01825 0.004666666666666666 0.006500000000000001
9 0.749 0.02025 0.006 0.0085
9 0.7483333333333333 0.01325 0.007333333333333333 0.0085
4 1.1836666666666666 0.1945 0.106 0.038
4 1.1543333333333332 0.18625 0.106 0.0385
3 1.1426666666666667 0.17475000000000002 0.08266666666666667 0.0265
4 1.113 0.16325 0.09666666666666666 0.0345
4 1.085 0.153 0.07933333333333333 0.032
5 1.0623333333333334 0.14325000000000002 0.082 0.0305
5 1.0283333333333333 0.1255 0.08066666666666666 0.028
3 1.1876666666666666 0.1275 0.08066666666666666 0.026000000000000002
3 1.167 0.11750000000000001 0.07933333333333333 0.027
4 1.133 0.10125 0.086 0.029500000000000002
5 1.083 0.08075 0.06466666666666666 0.0225
4 1.075 0.0745 0.05533333333333333 0.02
1 1.0026666666666666 0.046 0.010666666666666666 0.013000000000000001
2 0.9996666666666666 0.048 0.019333333333333334 0.01
3 0.8506666666666667 0.005 0.030666666666666665 0.009000000000000001
3 0.8523333333333333 0.00675 0.03133333333333333 0.0085
3 0.8536666666666667 0.00825 0.03266666666666666 0.0085
3 0.8523333333333333 0.0095 0.03133333333333333 0.009000000000000001
3 0.9343333333333333 0.035 0.020666666666666667 0.013000000000000001
3 0.9526666666666667 0.02275 0.04 0.0145
3 1.0026666666666666 0.11275 0.07866666666666666 0.0205
3 0.9846666666666666 0.10425 0.06666666666666667 0.0195
3 0.976 0.09875 0.06799999999999999 0.0185
4 0.9683333333333333 0.09075 0.06999999999999999 0.0235
3 0.948 0.084 0.064 0.017
4 0.9303333333333333 0.0755 0.04733333333333333 0.021
4 0.9329999999999999 0.0685 0.06866666666666667 0.023
3 0.9149999999999999 0.0665 0.051333333333333335 0.018000000000000002
4 0.9026666666666666 0.062 0.04933333333333333 0.02
3 0.8986666666666666 0.05725 0.04533333333333333 0.0145
4 0.8996666666666666 0.05375 0.046 0.0175
