3 0.24 0.49714285714285716 0.21714285714285714 0.18285714285714286
3 0.9757142857142858 0.4085714285714286 0.2561904761904762 0.09571428571428571
3 0.4723809523809524 0.2125 0.06285714285714286 0.04357142857142857
3 0.6957142857142857 0.1992857142857143 0.058095238095238096 0.04285714285714286
3 0.7504761904761905 0.15107142857142858 0.08 0.025
3 0.5247619047619048 0.14035714285714285 0.03619047619047619 0.027857142857142858
3 0.5285714285714286 0.12178571428571429 0.030476190476190476 0.025
3 0.5347619047619048 0.10285714285714286 0.037142857142857144 0.018571428571428572
3 0.45476190476190476 0.10678571428571429 0.05619047619047619 0.019285714285714285
3 0.4514285714285714 0.09928571428571428 0.05333333333333333 0.014285714285714285
3 0.4195238095238095 0.08857142857142856 0.054285714285714284 0.014285714285714285
3 0.3914285714285714 0.065 0.03238095238095238 0.011428571428571429
3 0.4261904761904762 0.06678571428571428 0.037142857142857144 0.013571428571428571
3 0.4623809523809524 0.07178571428571429 0.03142857142857143 0.012142857142857143
3 0.8676190476190476 0.14642857142857144 0.07238095238095238 0.027142857142857142
3 0.9747619047619047 0.14857142857142858 0.08095238095238096 0.024285714285714285
3 1.1014285714285714 0.15035714285714286 0.08476190476190476 0.02642857142857143
