3 0.5657142857142857 0.6671428571428571 0.07809523809523809 0.11142857142857143
3 0.6104761904761905 0.5432142857142858 0.06476190476190476 0.07928571428571428
3 0.9347619047619048 0.6442857142857142 0.06761904761904762 0.11285714285714285
4 0.920952380952381 0.5371428571428571 0.11238095238095239 0.08142857142857143
3 0.6447619047619048 0.45535714285714285 0.05714285714285714 0.07785714285714286
3 0.9247619047619048 0.46464285714285714 0.047619047619047616 0.065
3 0.9295238095238095 0.3939285714285714 0.05142857142857143 0.055
3 0.6823809523809524 0.385 0.04857142857142857 0.05285714285714286
3 0.71 0.33 0.05047619047619047 0.05285714285714286
3 0.9352380952380952 0.3407142857142857 0.047619047619047616 0.04857142857142857
3 0.6904761904761905 0.3003571428571429 0.06666666666666667 0.045
3 0.8233333333333334 0.3082142857142857 0.04476190476190476 0.04642857142857143
3 0.4461904761904762 0.19035714285714286 0.04666666666666667 0.023571428571428573
3 0.5523809523809524 0.21142857142857144 0.06285714285714286 0.02142857142857143
3 0.6266666666666667 0.22285714285714286 0.07047619047619047 0.025714285714285714
3 0.7076190476190476 0.23214285714285715 0.0761904761904762 0.025714285714285714
3 0.7480952380952381 0.2225 0.06 0.023571428571428573
3 0.7790476190476191 0.21285714285714286 0.06095238095238095 0.024285714285714285
3 0.790952380952381 0.19464285714285715 0.07142857142857142 0.023571428571428573
3 0.7985714285714286 0.18178571428571427 0.058095238095238096 0.019285714285714285
3 0.6404761904761904 0.25785714285714284 0.06190476190476191 0.024285714285714285
3 1.0180952380952382 0.3025 0.09904761904761905 0.03214285714285714
3 0.9061904761904762 0.24964285714285714 0.06952380952380953 0.035
3 0.9809523809523809 0.24607142857142858 0.0761904761904762 0.03214285714285714
3 0.9495238095238095 0.2125 0.03238095238095238 0.03357142857142857
3 0.9442857142857143 0.18714285714285714 0.04285714285714286 0.025714285714285714
3 0.9614285714285714 0.15214285714285714 0.029523809523809525 0.027142857142857142
3 0.9604761904761905 0.13142857142857142 0.039047619047619046 0.018571428571428572
3 0.9657142857142857 0.11321428571428571 0.03619047619047619 0.02214285714285714
3 0.9709523809523809 0.09892857142857144 0.035238095238095235 0.02214285714285714
3 0.9890476190476191 0.0875 0.040952380952380955 0.019285714285714285
3 0.9928571428571429 0.06107142857142857 0.021904761904761906 0.017857142857142856
3 0.9585714285714285 0.06928571428571428 0.03142857142857143 0.022857142857142857
3 0.9976190476190476 0.04857142857142857 0.021904761904761906 0.015714285714285715
3 1.000952380952381 0.038214285714285715 0.01904761904761905 0.013571428571428571
3 1.0042857142857142 0.027857142857142858 0.018095238095238095 0.014285714285714285
3 1.0066666666666666 0.017142857142857144 0.017142857142857144 0.012857142857142857
3 0.9861904761904762 0.010357142857142856 0.035238095238095235 0.015
3 0.9747619047619047 0.006071428571428571 0.021904761904761906 0.013571428571428571
3 1.029047619047619 0.011428571428571429 0.039047619047619046 0.017142857142857144
3 0.9061904761904762 0.0064285714285714285 0.037142857142857144 0.011428571428571429
3 0.8076190476190476 0.1575 0.06095238095238095 0.02214285714285714
3 0.8147619047619048 0.14357142857142857 0.05619047619047619 0.015714285714285715
3 0.819047619047619 0.1382142857142857 0.05523809523809524 0.019285714285714285
3 0.8261904761904761 0.12928571428571428 0.04857142857142857 0.014285714285714285
3 0.8342857142857143 0.12357142857142857 0.06095238095238095 0.018571428571428572
3 0.8433333333333334 0.11142857142857143 0.054285714285714284 0.015714285714285715
3 0.8480952380952381 0.1025 0.04476190476190476 0.013571428571428571
3 0.8542857142857143 0.0925 0.05523809523809524 0.015
4 0.8585714285714285 0.08142857142857143 0.040952380952380955 0.014285714285714285
3 0.8628571428571429 0.07571428571428572 0.04380952380952381 0.014285714285714285
3 0.8704761904761905 0.06714285714285714 0.049523809523809526 0.015714285714285715
3 0.8809523809523809 0.06035714285714286 0.04380952380952381 0.015
3 0.8876190476190476 0.04857142857142857 0.05333333333333333 0.02142857142857143
3 0.8923809523809524 0.03964285714285714 0.04380952380952381 0.015
3 0.9014285714285715 0.03571428571428571 0.040952380952380955 0.012857142857142857
3 0.9038095238095238 0.02892857142857143 0.04 0.012142857142857143
3 0.9104761904761904 0.025 0.03428571428571429 0.011428571428571429
3 0.9095238095238095 0.02 0.0380952380952381 0.012857142857142857
3 0.9171428571428571 0.01607142857142857 0.03619047619047619 0.010714285714285714
3 0.9157142857142857 0.011428571428571429 0.039047619047619046 0.014285714285714285
3 1.24 0.07464285714285715 0.030476190476190476 0.020714285714285713
4 1.25 0.11571428571428571 0.04666666666666667 0.025714285714285714
9 1.3009523809523809 0.25535714285714284 0.024761904761904763 0.010714285714285714
9 1.3033333333333332 0.26535714285714285 0.02761904761904762 0.012142857142857143
