2 0.056999999999999995 0.594 0.05533333333333333 0.047
3 0.21366666666666667 0.5845 0.20866666666666667 0.073
9 0.18133333333333332 0.522 0.028 0.045
9 0.17233333333333334 0.491 0.06733333333333333 0.028
2 0.29566666666666663 0.426 0.05266666666666667 0.029
2 0.37 0.4015 0.04933333333333333 0.03
3 0.4593333333333333 0.383 0.11466666666666667 0.062
3 1.2993333333333332 0.1485 0.050666666666666665 0.03
8 1.1053333333333333 0.012 0.042666666666666665 0.025
3 0.7246666666666667 0.06925 0.056 0.0175
3 0.6679999999999999 0.10625 0.05333333333333333 0.0245
3 0.764 0.06325 0.036 0.0175
3 0.8006666666666666 0.06825 0.056 0.0195
3 0.7626666666666666 0.04 0.05333333333333333 0.018000000000000002
9 0.6436666666666666 0.2005 0.016666666666666666 0.021
9 0.653 0.18375 0.012666666666666666 0.0145
9 0.6403333333333333 0.182 0.016666666666666666 0.019
9 0.632 0.17725 0.014666666666666666 0.0175
9 0.6463333333333333 0.1655 0.011333333333333332 0.015
9 0.633 0.164 0.011333333333333332 0.016
3 0.8386666666666667 0.13675 0.08666666666666667 0.0225
3 0.8566666666666667 0.1475 0.06133333333333333 0.022
3 0.85 0.1585 0.08 0.026000000000000002
3 0.8483333333333333 0.17450000000000002 0.09 0.026000000000000002
3 0.8466666666666667 0.18925 0.09466666666666666 0.0275
3 0.8396666666666667 0.20675000000000002 0.11399999999999999 0.0315
3 0.852 0.245 0.108 0.032
3 0.8586666666666667 0.26825 0.10266666666666667 0.0365
3 0.8426666666666667 0.299 0.12533333333333332 0.033
3 0.855 0.3225 0.13666666666666666 0.038
3 0.8633333333333333 0.35100000000000003 0.13733333333333334 0.048
3 0.858 0.394 0.16 0.052000000000000005
3 0.857 0.439 0.16599999999999998 0.062
3 0.844 0.49475 0.18533333333333332 0.0765
3 0.851 0.559 0.20466666666666666 0.07200000000000001
3 0.8696666666666666 0.62125 0.19266666666666665 0.0795
3 0.8583333333333333 0.70725 0.246 0.0835
