3 0.31539888682745826 0.15292275574112732 0.03710575139146568 0.008350730688935281
3 0.3645640074211503 0.14326722338204592 0.027829313543599257 0.010960334029227557
3 0.5357142857142857 0.37421711899791227 0.045454545454545456 0.030271398747390394
3 0.5839517625231911 0.32724425887265135 0.036178107606679034 0.022964509394572022
3 0.6349721706864564 0.28288100208768263 0.03246753246753247 0.018789144050104383
4 0.9053803339517625 0.5313152400835073 0.04823747680890538 0.06054279749478079
9 0.9888682745825603 0.5519311064718162 0.016697588126159554 0.019311064718162838
3 1.0644712430426717 0.5396659707724425 0.05658627087198516 0.043841336116910226
3 1.1943413729128014 0.5399269311064717 0.06029684601113173 0.04331941544885177
3 1.2551020408163265 0.5394050104384133 0.061224489795918366 0.04436325678496868
6 1.0946196660482375 0.4720772442588726 0.04267161410018553 0.02453027139874739
9 0.9679962894248608 0.4822546972860125 0.01948051948051948 0.021920668058455113
3 0.9397031539888683 0.41570981210855945 0.0816326530612245 0.025574112734864297
3 0.9466604823747681 0.3950939457202505 0.06957328385899815 0.025052192066805843
3 0.9397031539888683 0.37943632567849683 0.0705009276437848 0.019832985386221292
3 1.3520408163265307 0.2664405010438413 0.05658627087198516 0.014091858037578286
3 1.37012987012987 0.33350730688935276 0.06493506493506494 0.015657620041753653
3 1.3984230055658626 0.35334029227557406 0.07884972170686456 0.01774530271398747
3 1.452226345083488 0.40344467640918574 0.08812615955473098 0.020876826722338204
3 1.4285714285714286 0.3843945720250522 0.07792207792207792 0.020354906054279746
4 1.5440630797773656 0.4775574112734864 0.09554730983302412 0.028183716075156573
4 1.5885899814471243 0.5373173277661795 0.11966604823747681 0.03183716075156576
3 1.403061224489796 0.5454070981210856 0.06957328385899815 0.032359081419624215
