3 0.6056666666666667 0.72 0.04733333333333333 0.057
3 0.727 0.6615 0.043333333333333335 0.058
1 0.655 0.704 0.01 0.015
2 0.657 0.713 0.014 0.02
3 0.727 0.5885 0.041999999999999996 0.062
2 0.7886666666666666 0.49875 0.029333333333333333 0.0135
1 0.656 0.51875 0.012 0.0145
2 0.658 0.52775 0.013333333333333332 0.0145
3 0.7183333333333333 0.47300000000000003 0.033999999999999996 0.04
3 0.7106666666666667 0.4325 0.030666666666666665 0.035
2 0.7823333333333333 0.4495 0.026 0.011
3 0.6973333333333334 0.337 0.026666666666666665 0.028
1 0.6443333333333333 0.24425 0.007333333333333333 0.0095
2 0.645 0.24975 0.007333333333333333 0.0115
1 0.651 0.25825 0.01 0.0105
2 0.6516666666666666 0.26325 0.007333333333333333 0.0115
1 0.6629999999999999 0.28375 0.01 0.0085
2 0.6629999999999999 0.28875 0.006 0.0095
2 0.6826666666666666 0.27275 0.010666666666666666 0.0145
2 0.6839999999999999 0.291 0.02 0.011
3 0.433 0.2455 0.02733333333333333 0.027
3 0.6673333333333333 0.20600000000000002 0.022666666666666665 0.019
3 0.6603333333333333 0.186 0.02333333333333333 0.018000000000000002
3 0.6526666666666666 0.1625 0.017333333333333333 0.017
1 0.6316666666666666 0.192 0.008666666666666666 0.011
1 0.624 0.17725 0.009333333333333332 0.0125
1 0.6393333333333333 0.186 0.006666666666666666 0.013000000000000001
2 0.6226666666666666 0.18025 0.009333333333333332 0.0105
2 0.639 0.189 0.006 0.01
2 0.632 0.19725 0.005333333333333333 0.0095
3 0.654 0.14200000000000002 0.017333333333333333 0.016
3 0.6523333333333333 0.10300000000000001 0.016666666666666666 0.014
1 0.6163333333333333 0.106 0.006 0.01
1 0.6213333333333333 0.0745 0.006666666666666666 0.008
1 0.6363333333333333 0.09975 0.007333333333333333 0.0085
1 0.6273333333333333 0.10625 0.006666666666666666 0.0105
2 0.617 0.10925 0.004666666666666666 0.0085
2 0.627 0.10975 0.006 0.0055
2 0.6363333333333333 0.10275000000000001 0.006 0.006500000000000001
3 0.649 0.05725 0.015333333333333332 0.0105
3 0.652 0.077 0.017333333333333333 0.029
4 0.5313333333333333 0.031 0.014666666666666666 0.015
4 0.5483333333333333 0.0205 0.012666666666666666 0.015
4 0.6086666666666667 0.01625 0.025333333333333333 0.0125
3 0.524 0.00875 0.012 0.0105
1 0.47733333333333333 0.065 0.004 0.005
1 0.446 0.1015 0.008 0.008
1 0.49033333333333334 0.0375 0.004666666666666666 0.007
9 0.477 0.0695 0.004666666666666666 0.005
2 0.446 0.105 0.005333333333333333 0.006
3 0.4683333333333333 0.04525 0.015333333333333332 0.0135
3 0.45599999999999996 0.07150000000000001 0.022666666666666665 0.031
3 0.43166666666666664 0.1085 0.015333333333333332 0.015
3 0.428 0.12375 0.016 0.0145
3 0.42066666666666663 0.13725 0.017333333333333333 0.0155
3 0.41233333333333333 0.1535 0.019333333333333334 0.016
3 0.4023333333333333 0.171 0.02333333333333333 0.019
1 0.41833333333333333 0.17 0.007333333333333333 0.008
2 0.418 0.17450000000000002 0.006666666666666666 0.007
1 0.41866666666666663 0.18775 0.006666666666666666 0.0095
2 0.41866666666666663 0.1925 0.005333333333333333 0.008
4 0.3903333333333333 0.189 0.024666666666666667 0.019
4 0.38666666666666666 0.20325000000000001 0.021333333333333333 0.0205
4 0.36066666666666664 0.23550000000000001 0.06 0.07
4 0.3396666666666667 0.27925 0.03133333333333333 0.035500000000000004
3 0.3253333333333333 0.31225 0.030666666666666665 0.0285
3 0.31066666666666665 0.34700000000000003 0.03333333333333333 0.033
3 0.2786666666666667 0.4025 0.042666666666666665 0.04
3 0.38966666666666666 0.462 0.038 0.038
3 0.224 0.495 0.048 0.051000000000000004
3 0.188 0.544 0.05466666666666666 0.056
3 0.14566666666666667 0.60675 0.06066666666666667 0.059500000000000004
3 0.09966666666666667 0.681 0.06733333333333333 0.07100000000000001
2 0.08333333333333333 0.0975 0.006666666666666666 0.009000000000000001
1 0.36533333333333334 0.28475 0.012 0.0145
2 0.36566666666666664 0.29 0.012666666666666666 0.012
1 0.6363333333333333 0.06125 0.006 0.006500000000000001
9 0.6366666666666666 0.06425 0.004 0.0075
3 1.0513333333333332 0.0775 0.018666666666666665 0.014
3 1.0393333333333332 0.06875 0.014666666666666666 0.0115
3 1.065 0.0755 0.016666666666666666 0.012
3 1.0713333333333332 0.06975 0.018666666666666665 0.0115
3 1.0786666666666667 0.0095 0.030666666666666665 0.009000000000000001
