5 0.5014285714285714 0.28035714285714286 0.07904761904761905 0.08785714285714286
5 0.5423809523809524 0.18571428571428572 0.06571428571428571 0.03571428571428571
1 0.32857142857142857 0.5535714285714286 0.017142857142857144 0.018571428571428572
1 0.3352380952380952 0.5492857142857143 0.015238095238095238 0.018571428571428572
1 0.38142857142857145 0.5671428571428572 0.01619047619047619 0.022857142857142857
9 0.33285714285714285 0.5589285714285714 0.021904761904761906 0.039285714285714285
9 0.38571428571428573 0.5696428571428571 0.02095238095238095 0.03642857142857143
5 1.140952380952381 0.2596428571428571 0.030476190476190476 0.030714285714285715
5 1.1876190476190476 0.34464285714285714 0.0419047619047619 0.039285714285714285
5 0.5633333333333334 0.145 0.04857142857142857 0.012857142857142857
5 0.5242857142857142 0.14035714285714285 0.029523809523809525 0.015
5 0.6228571428571429 0.10964285714285714 0.03619047619047619 0.012142857142857143
5 0.6228571428571429 0.10428571428571429 0.03238095238095238 0.012857142857142857
3 0.43523809523809526 0.1632142857142857 0.026666666666666665 0.013571428571428571
3 0.43 0.14964285714285713 0.03142857142857143 0.012142857142857143
3 0.48 0.16642857142857143 0.03619047619047619 0.014285714285714285
3 0.4638095238095238 0.17607142857142857 0.03428571428571429 0.012142857142857143
3 0.4961904761904762 0.15464285714285714 0.03428571428571429 0.012142857142857143
4 0.5142857142857142 0.14714285714285713 0.026666666666666665 0.012857142857142857
4 0.3466666666666667 0.1767857142857143 0.04380952380952381 0.015
4 0.2919047619047619 0.21107142857142858 0.035238095238095235 0.02214285714285714
3 0.2119047619047619 0.21535714285714286 0.04476190476190476 0.013571428571428571
3 0.04380952380952381 0.3296428571428571 0.06476190476190476 0.023571428571428573
3 0.017142857142857144 0.3517857142857143 0.03619047619047619 0.023571428571428573
4 0.3647619047619048 0.29 0.06476190476190476 0.027142857142857142
4 0.2661904761904762 0.30142857142857143 0.07523809523809524 0.02857142857142857
3 0.7104761904761905 0.12285714285714286 0.013333333333333332 0.01
3 0.549047619047619 0.09071428571428572 0.018095238095238095 0.007142857142857143
3 0.6319047619047619 0.08178571428571428 0.018095238095238095 0.007857142857142858
3 0.6366666666666667 0.07785714285714286 0.018095238095238095 0.005714285714285714
3 0.6014285714285714 0.07285714285714286 0.02 0.007142857142857143
3 0.6785714285714286 0.05821428571428571 0.01619047619047619 0.0064285714285714285
3 0.669047619047619 0.06 0.01619047619047619 0.007142857142857143
5 0.5457142857142857 0.13892857142857143 0.02857142857142857 0.013571428571428571
3 0.5447619047619048 0.13035714285714287 0.013333333333333332 0.012142857142857143
3 0.5238095238095238 0.16392857142857142 0.024761904761904763 0.012142857142857143
5 0.5304761904761904 0.15678571428571428 0.022857142857142857 0.012142857142857143
5 0.5109523809523809 0.16714285714285715 0.025714285714285714 0.012857142857142857
4 0.6871428571428572 0.12678571428571428 0.012380952380952381 0.012142857142857143
8 0.680952380952381 0.14714285714285713 0.03428571428571429 0.03571428571428571
5 0.8042857142857143 0.007142857142857143 0.010476190476190476 0.005714285714285714
5 0.8047619047619048 0.0175 0.005714285714285714 0.007857142857142858
5 0.8428571428571429 0.014285714285714285 0.005714285714285714 0.007142857142857143
5 0.7976190476190477 0.5671428571428572 0.035238095238095235 0.054285714285714284
5 1.0866666666666667 0.2032142857142857 0.08761904761904762 0.04928571428571429
5 0.16428571428571428 0.5821428571428572 0.06761904761904762 0.05285714285714286
5 1.1147619047619048 0.19071428571428573 0.029523809523809525 0.024285714285714285
5 1.2523809523809524 0.15964285714285714 0.030476190476190476 0.015
3 1.3104761904761906 0.15464285714285714 0.01904761904761905 0.009285714285714286
4 1.1176190476190475 0.1475 0.025714285714285714 0.012142857142857143
4 1.1285714285714286 0.12678571428571428 0.024761904761904763 0.009285714285714286
9 0.17761904761904762 0.25642857142857145 0.021904761904761906 0.011428571428571429
