4 0.36523809523809525 0.5753571428571429 0.16476190476190475 0.15071428571428572
4 0.4514285714285714 0.4278571428571429 0.10285714285714286 0.11428571428571428
4 0.6009523809523809 0.16357142857142856 0.04380952380952381 0.041428571428571426
4 0.7857142857142857 0.39464285714285713 0.06666666666666667 0.08071428571428571
4 0.7480952380952381 0.18892857142857142 0.039047619047619046 0.04642857142857143
3 0.7752380952380953 0.31642857142857145 0.06476190476190476 0.06571428571428571
3 0.5233333333333333 0.33464285714285713 0.09047619047619047 0.07357142857142857
3 0.7671428571428571 0.13 0.035238095238095235 0.02857142857142857
3 0.5419047619047619 0.2725 0.06285714285714286 0.05071428571428571
3 0.5833333333333334 0.20607142857142857 0.054285714285714284 0.04214285714285714
3 0.7738095238095238 0.16642857142857143 0.037142857142857144 0.037142857142857144
3 0.7614285714285715 0.10892857142857143 0.03142857142857143 0.02642857142857143
3 0.6190476190476191 0.13892857142857143 0.0380952380952381 0.030714285714285715
3 0.6323809523809524 0.11892857142857143 0.03238095238095238 0.027857142857142858
1 0.7238095238095238 0.15107142857142858 0.015238095238095238 0.02214285714285714
1 0.6747619047619048 0.14392857142857143 0.014285714285714285 0.017857142857142856
1 0.6447619047619048 0.1757142857142857 0.015238095238095238 0.025714285714285714
1 0.7509523809523809 0.085 0.010476190476190476 0.018571428571428572
1 0.7661904761904762 0.08535714285714285 0.012380952380952381 0.015
1 0.7761904761904762 0.08642857142857142 0.011428571428571429 0.014285714285714285
2 0.7247619047619047 0.15785714285714286 0.009523809523809525 0.018571428571428572
9 0.6447619047619048 0.18107142857142858 0.013333333333333332 0.023571428571428573
3 0.7938095238095239 0.037142857142857144 0.02 0.014285714285714285
3 0.7628571428571429 0.03571428571428571 0.02095238095238095 0.018571428571428572
3 0.73 0.03535714285714286 0.021904761904761906 0.016428571428571428
3 0.6942857142857143 0.033928571428571426 0.02095238095238095 0.015
3 0.6642857142857143 0.032857142857142856 0.021904761904761906 0.015714285714285715
5 0.6357142857142857 0.03142857142857143 0.025714285714285714 0.02142857142857143
3 0.7323809523809524 0.023214285714285715 0.017142857142857144 0.013571428571428571
3 0.7628571428571429 0.025357142857142856 0.01904761904761905 0.015
3 0.5938095238095238 0.013214285714285715 0.021904761904761906 0.016428571428571428
3 0.7123809523809523 0.055357142857142855 0.022857142857142857 0.017857142857142856
9 0.3038095238095238 0.26357142857142857 0.05142857142857143 0.024285714285714285
2 0.43142857142857144 0.17285714285714285 0.04 0.018571428571428572
2 0.3914285714285714 0.41285714285714287 0.045714285714285714 0.04285714285714286
3 0.26904761904761904 0.7189285714285715 0.16285714285714287 0.060714285714285714
