1 0.2338095238095238 0.6492857142857142 0.040952380952380955 0.04285714285714286
1 0.4157142857142857 0.5875 0.037142857142857144 0.035
1 0.5261904761904762 0.53 0.02761904761904762 0.03428571428571429
1 0.6047619047619047 0.5103571428571428 0.02857142857142857 0.03642857142857143
1 0.44333333333333336 0.5096428571428572 0.02761904761904762 0.03357142857142857
1 0.3780952380952381 0.5057142857142857 0.026666666666666665 0.032857142857142856
1 0.33714285714285713 0.4717857142857143 0.02095238095238095 0.029285714285714286
9 0.3780952380952381 0.5167857142857143 0.01904761904761905 0.03214285714285714
9 0.44285714285714284 0.5228571428571429 0.026666666666666665 0.032857142857142856
9 0.5223809523809524 0.5521428571428572 0.02 0.03142857142857143
9 0.41523809523809524 0.6142857142857143 0.02095238095238095 0.03857142857142857
9 0.5966666666666667 0.5278571428571428 0.018095238095238095 0.02857142857142857
9 0.23714285714285716 0.685 0.030476190476190476 0.04857142857142857
9 0.33666666666666667 0.47928571428571426 0.02 0.025714285714285714
1 0.40714285714285714 0.46464285714285714 0.018095238095238095 0.03357142857142857
9 0.41333333333333333 0.46785714285714286 0.01904761904761905 0.02857142857142857
1 0.051904761904761905 0.4607142857142857 0.01619047619047619 0.025714285714285714
3 0.056666666666666664 0.44392857142857145 0.11523809523809524 0.02214285714285714
3 0.06476190476190476 0.43214285714285716 0.10285714285714286 0.03
9 0.31523809523809526 0.39571428571428574 0.030476190476190476 0.011428571428571429
1 0.4061904761904762 0.3585714285714286 0.006666666666666666 0.007142857142857143
9 0.4057142857142857 0.36392857142857143 0.009523809523809525 0.010714285714285714
3 0.4857142857142857 0.3578571428571429 0.03238095238095238 0.017142857142857144
3 0.6366666666666667 0.4446428571428571 0.04476190476190476 0.03785714285714286
3 0.6923809523809524 0.4135714285714286 0.06857142857142857 0.03
3 0.7828571428571428 0.3942857142857143 0.06476190476190476 0.024285714285714285
3 0.6980952380952381 0.38821428571428573 0.07047619047619047 0.027857142857142858
3 0.6504761904761904 0.37892857142857145 0.07238095238095238 0.019285714285714285
3 0.67 0.3603571428571429 0.06190476190476191 0.019285714285714285
3 0.7876190476190477 0.36857142857142855 0.07047619047619047 0.02
3 0.7695238095238095 0.3578571428571429 0.05714285714285714 0.014285714285714285
3 0.8404761904761905 0.3717857142857143 0.06571428571428571 0.020714285714285713
3 0.8990476190476191 0.37535714285714283 0.06857142857142857 0.02214285714285714
3 0.8976190476190476 0.35642857142857143 0.06 0.018571428571428572
3 0.8657142857142857 0.3507142857142857 0.05714285714285714 0.02
3 0.96 0.3439285714285714 0.05714285714285714 0.017857142857142856
3 0.8795238095238095 0.4664285714285714 0.10952380952380952 0.041428571428571426
3 0.9423809523809524 0.4542857142857143 0.1019047619047619 0.04285714285714286
3 1.0166666666666666 0.35928571428571426 0.06 0.018571428571428572
3 0.9971428571428571 0.3535714285714286 0.05333333333333333 0.015714285714285715
3 1.0252380952380953 0.3435714285714286 0.05619047619047619 0.018571428571428572
3 1.0957142857142856 0.3442857142857143 0.05619047619047619 0.018571428571428572
3 1.150952380952381 0.3457142857142857 0.054285714285714284 0.017142857142857144
3 1.0709523809523809 0.3367857142857143 0.04476190476190476 0.016428571428571428
8 1.2414285714285713 0.32357142857142857 0.11142857142857143 0.03428571428571429
3 1.1866666666666668 0.3317857142857143 0.024761904761904763 0.009285714285714286
3 1.3147619047619048 0.32285714285714284 0.035238095238095235 0.012857142857142857
3 1.0904761904761904 0.5410714285714285 0.18476190476190477 0.065
1 1.1957142857142857 0.4325 0.018095238095238095 0.02214285714285714
1 1.1123809523809525 0.41464285714285715 0.015238095238095238 0.017857142857142856
9 1.1104761904761904 0.4253571428571429 0.03428571428571429 0.020714285714285713
9 1.188095238095238 0.44285714285714284 0.04285714285714286 0.02142857142857143
3 1.276190476190476 0.6217857142857143 0.11238095238095239 0.07642857142857143
