5 0.6695238095238095 0.11607142857142858 0.06095238095238095 0.205
4 0.7790476190476191 0.175 0.030476190476190476 0.04857142857142857
4 0.7657142857142857 0.0675 0.03619047619047619 0.055
5 0.8038095238095239 0.5085714285714286 0.06285714285714286 0.14285714285714285
5 0.6747619047619048 0.3489285714285714 0.04476190476190476 0.07785714285714286
4 0.4880952380952381 0.23392857142857143 0.03333333333333333 0.05357142857142857
3 0.4957142857142857 0.36464285714285716 0.040952380952380955 0.065
9 0.44761904761904764 0.3510714285714286 0.017142857142857144 0.023571428571428573
4 0.6747619047619048 0.5678571428571428 0.04476190476190476 0.10285714285714286
3 0.5019047619047619 0.0425 0.03619047619047619 0.05357142857142857
9 0.3976190476190476 0.5175 0.023809523809523808 0.023571428571428573
