3 0.062380952380952384 0.12142857142857143 0.12476190476190477 0.05714285714285714
3 0.0919047619047619 0.047142857142857146 0.1 0.04428571428571428
4 0.1742857142857143 0.16535714285714287 0.13333333333333333 0.125
4 0.3061904761904762 0.1707142857142857 0.11333333333333333 0.11142857142857143
4 0.4104761904761905 0.18678571428571428 0.08 0.08357142857142857
9 0.33 0.07535714285714286 0.037142857142857144 0.04071428571428572
4 0.48 0.5207142857142857 0.14285714285714285 0.18428571428571427
4 0.6704761904761904 0.19107142857142856 0.1295238095238095 0.10928571428571429
9 0.49142857142857144 0.07428571428571429 0.01904761904761905 0.037142857142857144
9 0.5104761904761905 0.07392857142857143 0.017142857142857144 0.03214285714285714
9 0.5361904761904762 0.07428571428571429 0.017142857142857144 0.03
9 0.5857142857142857 0.07178571428571429 0.01904761904761905 0.03214285714285714
9 0.6066666666666667 0.08071428571428571 0.01904761904761905 0.032857142857142856
2 0.6319047619047619 0.07607142857142857 0.01619047619047619 0.029285714285714286
2 0.6185714285714285 0.065 0.014285714285714285 0.02142857142857143
9 0.7238095238095238 0.02214285714285714 0.022857142857142857 0.022857142857142857
3 0.12571428571428572 0.5517857142857143 0.23047619047619047 0.22642857142857142
3 0.3019047619047619 0.5421428571428571 0.16 0.19
8 1.2576190476190476 0.14214285714285715 0.14952380952380953 0.1657142857142857
8 0.878095238095238 0.032857142857142856 0.12571428571428572 0.06714285714285714
