3 0.9414285714285714 0.6257142857142857 0.28476190476190477 0.10285714285714286
3 0.85 0.5010714285714286 0.22 0.08357142857142857
3 0.48904761904761906 0.37357142857142855 0.07904761904761905 0.05857142857142857
3 0.719047619047619 0.3464285714285714 0.06476190476190476 0.05
3 0.8376190476190476 0.4442857142857143 0.19523809523809524 0.06142857142857143
3 0.8376190476190476 0.3964285714285714 0.15142857142857144 0.05285714285714286
4 0.8061904761904762 0.36892857142857144 0.13047619047619047 0.04928571428571429
3 0.8252380952380952 0.3532142857142857 0.15142857142857144 0.052142857142857144
4 0.74 0.30892857142857144 0.049523809523809526 0.045
3 0.18333333333333332 0.4767857142857143 0.15904761904761905 0.07928571428571428
3 0.3461904761904762 0.3628571428571429 0.09047619047619047 0.05714285714285714
3 0.4742857142857143 0.2914285714285714 0.06285714285714286 0.04285714285714286
4 0.5238095238095238 0.2717857142857143 0.05714285714285714 0.03785714285714286
3 0.49238095238095236 0.2332142857142857 0.05714285714285714 0.027857142857142858
3 0.4552380952380952 0.2282142857142857 0.06095238095238095 0.027857142857142858
3 0.27476190476190476 0.20714285714285716 0.06 0.03
3 0.46523809523809523 0.2557142857142857 0.08095238095238096 0.025714285714285714
3 0.2780952380952381 0.24464285714285713 0.06666666666666667 0.023571428571428573
3 0.42666666666666664 0.2257142857142857 0.05714285714285714 0.025714285714285714
3 0.3985714285714286 0.22285714285714286 0.06571428571428571 0.024285714285714285
3 0.36666666666666664 0.22178571428571428 0.05904761904761905 0.025
3 0.33666666666666667 0.21785714285714286 0.054285714285714284 0.02142857142857143
3 0.6533333333333333 0.24142857142857144 0.05333333333333333 0.02857142857142857
3 0.6542857142857142 0.2764285714285714 0.05333333333333333 0.03428571428571429
3 0.7152380952380952 0.2275 0.047619047619047616 0.023571428571428573
3 0.7195238095238096 0.25035714285714283 0.06380952380952382 0.02642857142857143
3 0.731904761904762 0.26321428571428573 0.05238095238095238 0.023571428571428573
3 0.770952380952381 0.24607142857142858 0.04666666666666667 0.025
3 0.7942857142857143 0.23857142857142857 0.0419047619047619 0.02142857142857143
3 0.7561904761904762 0.21785714285714286 0.045714285714285714 0.02142857142857143
3 0.7933333333333333 0.20964285714285713 0.0380952380952381 0.017857142857142856
3 0.8219047619047619 0.20392857142857143 0.0380952380952381 0.019285714285714285
3 0.8585714285714285 0.2125 0.03333333333333333 0.020714285714285713
3 0.8538095238095238 0.19785714285714287 0.035238095238095235 0.015714285714285715
3 1.0933333333333333 0.2792857142857143 0.049523809523809526 0.03
3 1.0366666666666666 0.2757142857142857 0.05047619047619047 0.03
3 1.0971428571428572 0.24714285714285714 0.04 0.03142857142857143
3 1.0561904761904761 0.245 0.049523809523809526 0.027142857142857142
3 1.052857142857143 0.21678571428571428 0.06952380952380953 0.025
4 0.9176190476190477 0.1767857142857143 0.021904761904761906 0.016428571428571428
3 1.0042857142857142 0.16857142857142857 0.02 0.012857142857142857
3 0.31047619047619046 0.7039285714285715 0.15619047619047619 0.08928571428571429
3 0.06 0.5775 0.1219047619047619 0.135
