3 1.3016666666666665 0.25075000000000003 0.062 0.0415
3 1.2273333333333334 0.26725 0.13066666666666665 0.0505
3 1.0403333333333333 0.22925 0.10733333333333334 0.0395
3 1.1966666666666665 0.22975 0.12666666666666665 0.0395
3 1.1136666666666666 0.181 0.09133333333333334 0.028
3 1.0206666666666666 0.18325 0.08133333333333333 0.0285
3 1.1936666666666667 0.19575 0.08866666666666666 0.0305
9 1.246 0.22 0.03866666666666667 0.019
1 1.2486666666666666 0.21425 0.021333333333333333 0.0245
3 0.9906666666666666 0.1615 0.06 0.023
1 1.2023333333333333 0.2425 0.02333333333333333 0.024
9 0.7276666666666667 0.3935 0.05933333333333333 0.034
9 0.739 0.41475 0.06866666666666667 0.0375
2 0.713 0.382 0.057999999999999996 0.037
2 0.702 0.37575000000000003 0.056 0.0385
2 0.6923333333333334 0.3685 0.05533333333333333 0.035
2 0.17099999999999999 0.432 0.086 0.037
9 0.18866666666666665 0.43725 0.07866666666666666 0.0365
2 0.17933333333333332 0.45175 0.07066666666666667 0.0265
9 0.17966666666666667 0.463 0.09 0.033
2 0.16533333333333333 0.52425 0.10133333333333333 0.0365
2 0.17933333333333332 0.501 0.08133333333333333 0.038
9 0.16266666666666665 0.4885 0.08533333333333333 0.043000000000000003
