3 0.37 0.123 0.012 0.007
3 0.375 0.12075 0.012666666666666666 0.006500000000000001
3 0.38 0.117 0.016 0.006
3 0.39166666666666666 0.1125 0.01 0.007
3 0.42866666666666664 0.09775 0.010666666666666666 0.0045000000000000005
3 0.43766666666666665 0.09575 0.008666666666666666 0.0045000000000000005
3 0.34099999999999997 0.13475 0.016666666666666666 0.0075
3 0.355 0.13475 0.015333333333333332 0.0075
4 0.368 0.13375 0.010666666666666666 0.0095
3 0.4993333333333333 0.14575 0.025333333333333333 0.0085
3 0.522 0.14125000000000001 0.024 0.0075
4 0.5383333333333333 0.14525 0.02333333333333333 0.0095
4 0.5496666666666666 0.14925 0.024666666666666667 0.0115
3 0.595 0.1225 0.01 0.007
3 0.6136666666666667 0.12225 0.008666666666666666 0.006500000000000001
4 0.5553333333333333 0.164 0.013333333333333332 0.014
4 0.5589999999999999 0.17500000000000002 0.012666666666666666 0.015
3 0.6103333333333333 0.151 0.012666666666666666 0.009000000000000001
4 0.6333333333333333 0.138 0.02 0.01
2 0.6286666666666666 0.14625 0.004 0.006500000000000001
1 0.6283333333333333 0.14425 0.003333333333333333 0.0075
3 0.5599999999999999 0.23475000000000001 0.024 0.0205
3 0.6033333333333333 0.21375 0.02 0.0165
2 0.612 0.19325 0.005333333333333333 0.0085
1 0.6116666666666667 0.19 0.004666666666666666 0.009000000000000001
3 0.633 0.2175 0.022 0.018000000000000002
5 0.5916666666666667 0.25325000000000003 0.06066666666666667 0.021500000000000002
4 0.581 0.296 0.06999999999999999 0.03
1 0.6443333333333333 0.326 0.011333333333333332 0.011
9 0.6263333333333333 0.34600000000000003 0.014 0.014
5 0.565 0.61075 0.09666666666666666 0.1995
5 0.6643333333333333 0.45425 0.06333333333333332 0.0835
5 0.6543333333333333 0.3885 0.048666666666666664 0.048
4 0.7813333333333333 0.36525 0.044 0.0425
3 0.658 0.199 0.018666666666666665 0.013000000000000001
3 0.6616666666666666 0.2175 0.02333333333333333 0.016
3 0.644 0.23675000000000002 0.022666666666666665 0.0185
5 0.6893333333333334 0.22825 0.024 0.021500000000000002
1 0.6656666666666666 0.3285 0.008666666666666666 0.014
2 0.6666666666666666 0.334 0.006666666666666666 0.01
1 0.6759999999999999 0.385 0.005333333333333333 0.007
1 0.8723333333333333 0.7395 0.03133333333333333 0.02
9 0.8703333333333333 0.735 0.035333333333333335 0.029
3 0.9126666666666666 0.56825 0.09999999999999999 0.0895
1 0.7996666666666666 0.4395 0.01 0.012
5 0.837 0.3895 0.08333333333333333 0.057
5 0.7223333333333333 0.2885 0.03666666666666667 0.032
