3 0.618 0.29725 0.04933333333333333 0.0175
3 0.6883333333333334 0.29275 0.049999999999999996 0.0175
3 0.7863333333333333 0.31225 0.049999999999999996 0.0205
3 0.49466666666666664 0.357 0.050666666666666665 0.022
3 0.8753333333333333 0.32275 0.05333333333333333 0.0185
3 1.1493333333333333 0.32275 0.058666666666666666 0.0225
3 1.085 0.38375000000000004 0.054 0.0325
3 0.7933333333333333 0.419 0.058666666666666666 0.028
3 1.29 0.27725 0.052 0.0185
4 1.157 0.38075000000000003 0.056666666666666664 0.0245
4 1.024 0.3905 0.052 0.023
5 0.986 0.25575000000000003 0.06933333333333333 0.0345
1 0.8666666666666666 0.28600000000000003 0.006666666666666666 0.013000000000000001
9 0.8626666666666667 0.28775 0.02 0.0105
3 0.6963333333333334 0.4235 0.04733333333333333 0.02
3 0.6093333333333333 0.4485 0.026666666666666665 0.04
3 0.6236666666666666 0.4965 0.035333333333333335 0.051000000000000004
3 0.5323333333333333 0.55225 0.03133333333333333 0.0545
3 0.48266666666666663 0.47875 0.06799999999999999 0.0345
4 0.47533333333333333 0.50525 0.064 0.0305
4 0.47933333333333333 0.5285 0.06266666666666666 0.026000000000000002
4 0.6446666666666666 0.57275 0.03733333333333333 0.0545
4 0.48533333333333334 0.554 0.058666666666666666 0.03
4 0.4756666666666666 0.625 0.06999999999999999 0.032
4 0.6506666666666666 0.6375000000000001 0.06 0.058
3 0.474 0.6755 0.08133333333333333 0.041
3 0.477 0.7245 0.08333333333333333 0.038
3 0.6533333333333333 0.70175 0.07066666666666667 0.0695
5 0.745 0.5995 0.09266666666666666 0.043000000000000003
5 0.4766666666666666 0.5765 0.076 0.036000000000000004
9 0.6669999999999999 0.4425 0.024666666666666667 0.014
6 0.6976666666666667 0.44125000000000003 0.028666666666666667 0.0135
5 0.574 0.3295 0.104 0.026000000000000002
5 0.20266666666666666 0.35925 0.13599999999999998 0.0425
3 0.252 0.3905 0.06133333333333333 0.021
3 0.30766666666666664 0.3325 0.056666666666666664 0.018000000000000002
3 0.3476666666666667 0.43575 0.06466666666666666 0.0205
3 0.357 0.464 0.06866666666666667 0.022
3 0.246 0.47625 0.07066666666666667 0.0235
3 0.149 0.4855 0.07133333333333333 0.025
3 0.3873333333333333 0.63725 0.03866666666666667 0.0675
3 0.06533333333333333 0.49675 0.048 0.0395
3 0.016999999999999998 0.5045000000000001 0.035333333333333335 0.042
3 0.357 0.1565 0.041999999999999996 0.014
3 0.4063333333333333 0.1535 0.038 0.014
3 0.5853333333333333 0.137 0.03866666666666667 0.014
3 0.8633333333333333 0.11475 0.04133333333333333 0.0145
3 1.2963333333333333 0.13925 0.022 0.021500000000000002
3 1.1956666666666667 0.0965 0.018 0.02
3 1.2329999999999999 0.1095 0.019333333333333334 0.017
3 1.251 0.11625 0.019333333333333334 0.0195
5 1.279 0.126 0.02333333333333333 0.026000000000000002
3 0.033 0.1645 0.03666666666666667 0.012
3 0.017666666666666667 0.17375000000000002 0.03266666666666666 0.0145
