3 1.2423333333333333 0.37625000000000003 0.13799999999999998 0.0775
3 1.085 0.3605 0.11933333333333333 0.074
3 0.9363333333333334 0.422 0.21133333333333332 0.069
3 0.5479999999999999 0.42275 0.16933333333333334 0.0685
3 0.32566666666666666 0.41100000000000003 0.19 0.056
4 0.14633333333333332 0.40325 0.17533333333333334 0.07050000000000001
3 0.102 0.324 0.10533333333333333 0.062
3 0.04433333333333333 0.318 0.086 0.07
3 0.19533333333333333 0.32625 0.11866666666666666 0.0555
5 0.36 0.32225 0.09999999999999999 0.0665
5 0.5213333333333333 0.32475 0.058666666666666666 0.0645
4 0.6133333333333333 0.321 0.05733333333333333 0.068
4 0.6816666666666666 0.3205 0.06466666666666666 0.075
3 0.7563333333333333 0.321 0.07666666666666666 0.057
4 0.8416666666666667 0.32225 0.06999999999999999 0.0835
4 0.9073333333333333 0.31925000000000003 0.07866666666666666 0.0775
1 1.072 0.23875000000000002 0.017333333333333333 0.0245
9 1.07 0.23950000000000002 0.02 0.026000000000000002
1 1.103 0.28075 0.02733333333333333 0.0175
1 1.0983333333333334 0.27625 0.024666666666666667 0.0175
1 1.1296666666666666 0.27525 0.026 0.0195
9 1.1576666666666666 0.312 0.046 0.029
5 0.9226666666666666 0.2545 0.050666666666666665 0.043000000000000003
9 0.772 0.24675 0.012 0.0245
9 0.7473333333333333 0.25775 0.017333333333333333 0.0235
9 0.6649999999999999 0.265 0.046 0.024
9 0.701 0.24 0.014 0.019
9 0.6913333333333334 0.244 0.014666666666666666 0.021
9 0.6799999999999999 0.24575 0.012 0.0235
9 0.6263333333333333 0.24275 0.02733333333333333 0.0235
9 0.5986666666666667 0.25825 0.021333333333333333 0.0235
9 0.5863333333333333 0.253 0.018 0.024
9 0.5456666666666666 0.23950000000000002 0.02333333333333333 0.025
3 0.44466666666666665 0.26075 0.07066666666666667 0.043500000000000004
3 0.3723333333333333 0.255 0.066 0.048
2 0.391 0.23225 0.03666666666666667 0.0195
4 0.247 0.25025000000000003 0.11533333333333333 0.0575
2 0.15566666666666665 0.23900000000000002 0.019333333333333334 0.026000000000000002
2 0.14333333333333334 0.23525000000000001 0.016 0.0235
9 0.08433333333333333 0.24025 0.03133333333333333 0.0245
5 0.027666666666666666 0.23850000000000002 0.056666666666666664 0.034
3 0.08666666666666667 0.132 0.056 0.019
4 0.13999999999999999 0.14575 0.06 0.0235
4 0.16666666666666666 0.13775 0.07066666666666667 0.0265
3 0.19166666666666665 0.112 0.046 0.015
4 0.21333333333333332 0.1065 0.04533333333333333 0.018000000000000002
3 0.23199999999999998 0.1055 0.036 0.016
3 0.2513333333333333 0.10325000000000001 0.03866666666666667 0.0145
3 0.2886666666666667 0.10325000000000001 0.034666666666666665 0.0135
3 0.294 0.11375 0.032 0.0175
4 0.3436666666666667 0.11075 0.048666666666666664 0.021500000000000002
3 0.35733333333333334 0.10625 0.03733333333333333 0.0145
4 0.29466666666666663 0.0925 0.050666666666666665 0.02
4 0.3193333333333333 0.09 0.034666666666666665 0.017
3 0.33899999999999997 0.08875 0.03666666666666667 0.0135
3 0.34833333333333333 0.0855 0.03266666666666666 0.013000000000000001
3 0.36466666666666664 0.08375 0.03333333333333333 0.0115
3 0.385 0.081 0.03666666666666667 0.012
3 0.39499999999999996 0.0785 0.03266666666666666 0.012
3 0.39366666666666666 0.07525 0.03133333333333333 0.0105
4 0.4076666666666667 0.07425 0.03266666666666666 0.0145
1 0.41 0.0845 0.006666666666666666 0.012
9 0.411 0.08625000000000001 0.008666666666666666 0.0095
4 0.3933333333333333 0.10025 0.04 0.0175
3 0.4443333333333333 0.08375 0.028666666666666667 0.0105
4 0.46399999999999997 0.08325 0.028 0.0125
4 0.5573333333333333 0.04875 0.021333333333333333 0.0085
4 0.587 0.04275 0.014 0.0105
4 0.6296666666666666 0.04825 0.018 0.0095
3 0.5473333333333333 0.04925 0.012 0.0085
4 0.5363333333333333 0.05275 0.022 0.0095
