3 0.9369999999999999 0.505 0.06733333333333333 0.044
3 0.8376666666666667 0.50675 0.062 0.0375
3 0.7869999999999999 0.50775 0.06466666666666666 0.0405
3 0.7583333333333333 0.43875000000000003 0.06466666666666666 0.0205
3 0.761 0.561 0.08733333333333333 0.028
3 0.7703333333333333 0.58875 0.08866666666666666 0.0275
3 0.7756666666666666 0.61525 0.086 0.0315
3 0.6566666666666666 0.57375 0.036 0.0525
3 0.5076666666666666 0.64025 0.09133333333333334 0.035500000000000004
3 0.5243333333333333 0.615 0.09133333333333334 0.03
3 0.5453333333333333 0.55925 0.07733333333333334 0.0305
3 0.537 0.53425 0.07133333333333333 0.0195
3 0.5126666666666666 0.5 0.06133333333333333 0.035
4 0.46299999999999997 0.49575 0.06066666666666667 0.035500000000000004
3 0.4056666666666667 0.49875 0.051333333333333335 0.0345
3 0.356 0.49125 0.058666666666666666 0.0335
2 0.435 0.3335 0.007333333333333333 0.013000000000000001
2 0.4513333333333333 0.3355 0.005333333333333333 0.012
2 0.4583333333333333 0.33425 0.007333333333333333 0.0125
2 0.4673333333333333 0.33625 0.008 0.0135
2 0.47966666666666663 0.3335 0.006 0.014
2 0.487 0.33475 0.004666666666666666 0.0125
2 0.4973333333333333 0.335 0.005333333333333333 0.011
2 0.507 0.335 0.011333333333333332 0.01
2 0.5233333333333333 0.335 0.009333333333333332 0.01
2 0.5276666666666666 0.334 0.008666666666666666 0.011
2 0.5413333333333333 0.334 0.008 0.012
2 0.862 0.3355 0.012 0.014
2 0.857 0.3355 0.011333333333333332 0.012
2 0.8506666666666667 0.3355 0.013333333333333332 0.013000000000000001
2 0.8423333333333333 0.3365 0.011333333333333332 0.011
2 0.8326666666666667 0.33625 0.013333333333333332 0.0125
2 0.8213333333333334 0.3355 0.012 0.013000000000000001
2 0.8156666666666667 0.3365 0.01 0.013000000000000001
2 0.8096666666666666 0.3365 0.011333333333333332 0.013000000000000001
2 0.8053333333333333 0.3365 0.012 0.013000000000000001
2 0.7973333333333333 0.336 0.014666666666666666 0.012
2 0.7916666666666666 0.335 0.012666666666666666 0.013000000000000001
2 0.7873333333333333 0.33525 0.012 0.0125
2 0.7803333333333333 0.3355 0.014 0.013000000000000001
2 0.777 0.335 0.012666666666666666 0.011
2 0.775 0.33775 0.015333333333333332 0.0115
2 0.7386666666666667 0.33475 0.013333333333333332 0.0105
2 0.7493333333333333 0.33425 0.013333333333333332 0.0115
9 0.7596666666666666 0.3365 0.011333333333333332 0.012
