3 0.6804761904761905 0.63 0.04476190476190476 0.07857142857142857
9 0.8028571428571428 0.6589285714285714 0.02095238095238095 0.03642857142857143
9 0.799047619047619 0.5928571428571429 0.02095238095238095 0.03571428571428571
1 0.611904761904762 0.3442857142857143 0.018095238095238095 0.011428571428571429
1 0.6323809523809524 0.33714285714285713 0.017142857142857144 0.012857142857142857
9 0.7285714285714285 0.37357142857142855 0.026666666666666665 0.027142857142857142
1 0.7295238095238096 0.37285714285714283 0.01904761904761905 0.015714285714285715
9 0.6847619047619048 0.40285714285714286 0.04 0.017142857142857144
1 0.69 0.4032142857142857 0.018095238095238095 0.010714285714285714
9 0.6452380952380953 0.4032142857142857 0.037142857142857144 0.015
4 0.5142857142857142 0.41785714285714287 0.10476190476190476 0.032857142857142856
3 0.9423809523809524 0.3582142857142857 0.10952380952380952 0.04071428571428572
3 1.0552380952380953 0.3539285714285714 0.10285714285714286 0.035
9 1.1257142857142857 0.3475 0.03428571428571429 0.016428571428571428
