3 1.1914285714285715 0.6864285714285714 0.2057142857142857 0.07571428571428572
5 0.035238095238095235 0.5271428571428571 0.06857142857142857 0.054285714285714284
3 0.20809523809523808 0.5332142857142858 0.02 0.027857142857142858
3 0.19666666666666666 0.5314285714285715 0.012380952380952381 0.027142857142857142
2 0.5857142857142857 0.41535714285714287 0.005714285714285714 0.0064285714285714285
1 0.5857142857142857 0.41214285714285714 0.005714285714285714 0.007142857142857143
3 0.10666666666666666 0.6589285714285714 0.16952380952380952 0.08214285714285714
3 0.2419047619047619 0.565 0.10666666666666666 0.047142857142857146
5 0.44761904761904764 0.4675 0.05714285714285714 0.029285714285714286
5 0.5233333333333333 0.4567857142857143 0.04476190476190476 0.027857142857142858
5 0.6376190476190476 0.46035714285714285 0.04857142857142857 0.04928571428571429
3 0.6923809523809524 0.5 0.030476190476190476 0.024285714285714285
3 0.6976190476190476 0.4492857142857143 0.021904761904761906 0.014285714285714285
3 0.7342857142857143 0.44357142857142856 0.01904761904761905 0.012857142857142857
3 0.7057142857142857 0.42678571428571427 0.015238095238095238 0.010714285714285714
3 0.5876190476190476 0.4257142857142857 0.02095238095238095 0.012857142857142857
3 0.6219047619047618 0.41035714285714286 0.015238095238095238 0.009285714285714286
3 0.6485714285714286 0.41 0.015238095238095238 0.008571428571428572
3 0.7142857142857143 0.4107142857142857 0.013333333333333332 0.01
3 0.6938095238095238 0.40785714285714286 0.014285714285714285 0.008571428571428572
3 0.7038095238095238 0.3989285714285714 0.011428571428571429 0.0064285714285714285
3 0.7395238095238095 0.39321428571428574 0.008571428571428572 0.005
3 0.7261904761904762 0.385 0.006666666666666666 0.004285714285714286
3 0.7285714285714285 0.38035714285714284 0.005714285714285714 0.005
3 0.6409523809523809 0.4010714285714286 0.015238095238095238 0.009285714285714286
5 0.6714285714285714 0.39535714285714285 0.009523809523809525 0.007857142857142858
3 0.6547619047619048 0.3942857142857143 0.010476190476190476 0.005714285714285714
3 0.6547619047619048 0.3892857142857143 0.010476190476190476 0.005714285714285714
3 0.6728571428571428 0.3875 0.008571428571428572 0.005
3 0.6685714285714286 0.38535714285714284 0.007619047619047619 0.005
4 0.679047619047619 0.3821428571428571 0.007619047619047619 0.005714285714285714
4 0.6904761904761905 0.38392857142857145 0.007619047619047619 0.005
3 0.6947619047619048 0.3817857142857143 0.006666666666666666 0.0035714285714285713
3 0.6842857142857143 0.3807142857142857 0.006666666666666666 0.004285714285714286
3 0.6842857142857143 0.37714285714285717 0.004761904761904762 0.002857142857142857
3 0.6966666666666667 0.37857142857142856 0.006666666666666666 0.002857142857142857
3 0.7028571428571428 0.37642857142857145 0.005714285714285714 0.002857142857142857
3 0.6957142857142857 0.3767857142857143 0.004761904761904762 0.0035714285714285713
3 0.6966666666666667 0.3742857142857143 0.006666666666666666 0.002857142857142857
3 0.699047619047619 0.37392857142857144 0.005714285714285714 0.002142857142857143
4 0.7066666666666667 0.37464285714285717 0.0038095238095238095 0.0035714285714285713
3 0.709047619047619 0.37357142857142855 0.004761904761904762 0.002857142857142857
3 0.7038095238095238 0.37142857142857144 0.0038095238095238095 0.002857142857142857
3 0.7123809523809523 0.37107142857142855 0.0038095238095238095 0.002142857142857143
3 0.7114285714285714 0.36892857142857144 0.0038095238095238095 0.002142857142857143
3 0.7357142857142858 0.36607142857142855 0.002857142857142857 0.002142857142857143
5 0.7309523809523809 0.36607142857142855 0.002857142857142857 0.002142857142857143
3 0.7314285714285714 0.36428571428571427 0.0019047619047619048 0.0014285714285714286
3 0.7395238095238095 0.365 0.002857142857142857 0.0014285714285714286
