4 0.49857142857142855 0.025714285714285714 0.04285714285714286 0.05285714285714286
3 0.6033333333333334 0.03857142857142857 0.04285714285714286 0.06571428571428571
3 0.6057142857142858 0.115 0.045714285714285714 0.07714285714285714
4 0.55 0.1575 0.040952380952380955 0.07785714285714286
9 0.3914285714285714 0.17392857142857143 0.030476190476190476 0.029285714285714286
4 0.4033333333333333 0.21857142857142858 0.10952380952380952 0.03571428571428571
3 0.6019047619047619 0.21285714285714286 0.047619047619047616 0.07285714285714286
3 0.3985714285714286 0.26071428571428573 0.1019047619047619 0.032857142857142856
3 0.4023809523809524 0.3 0.09619047619047619 0.03428571428571429
3 0.5485714285714286 0.29642857142857143 0.04380952380952381 0.07285714285714286
3 0.6057142857142858 0.30214285714285716 0.04380952380952381 0.07714285714285714
3 0.39714285714285713 0.34464285714285714 0.10666666666666666 0.03642857142857143
4 0.39285714285714285 0.3842857142857143 0.11523809523809524 0.03857142857142857
3 0.39714285714285713 0.4278571428571429 0.11047619047619048 0.03428571428571429
4 0.3961904761904762 0.4689285714285714 0.10095238095238095 0.03357142857142857
3 0.3823809523809524 0.5178571428571429 0.10952380952380952 0.03428571428571429
4 0.370952380952381 0.7339285714285714 0.11523809523809524 0.029285714285714286
4 0.8395238095238096 0.7171428571428572 0.05238095238095238 0.06285714285714286
3 0.6004761904761905 0.6332142857142857 0.04476190476190476 0.06928571428571428
3 0.8414285714285714 0.6239285714285714 0.04666666666666667 0.09071428571428572
3 0.8380952380952381 0.5196428571428572 0.05333333333333333 0.085
3 0.6023809523809524 0.5114285714285715 0.04666666666666667 0.09
3 0.8328571428571429 0.41678571428571426 0.04476190476190476 0.06357142857142857
4 0.6 0.40535714285714286 0.045714285714285714 0.085
3 0.5423809523809524 0.4175 0.04857142857142857 0.085
3 0.8161904761904762 0.015 0.03619047619047619 0.03142857142857143
3 0.8152380952380952 0.0725 0.04380952380952381 0.06642857142857143
4 0.8171428571428572 0.14785714285714285 0.0380952380952381 0.05714285714285714
3 0.8252380952380952 0.22678571428571428 0.04476190476190476 0.07928571428571428
4 0.8333333333333334 0.32785714285714285 0.047619047619047616 0.08
1 0.4604761904761905 0.036071428571428574 0.006666666666666666 0.009285714285714286
