3 0.17857142857142858 0.31 0.12095238095238095 0.041428571428571426
3 0.18476190476190477 0.2675 0.09333333333333334 0.03785714285714286
3 0.2219047619047619 0.15571428571428572 0.11619047619047619 0.04
3 0.20952380952380953 0.19535714285714287 0.1219047619047619 0.04357142857142857
3 0.23809523809523808 0.11857142857142858 0.10666666666666666 0.04285714285714286
3 0.05904761904761905 0.12321428571428572 0.06857142857142857 0.075
3 0.25285714285714284 0.016428571428571428 0.10761904761904761 0.03428571428571429
3 0.5714285714285714 0.023571428571428573 0.049523809523809526 0.04857142857142857
3 0.019523809523809523 0.3107142857142857 0.040952380952380955 0.07857142857142857
4 0.17476190476190476 0.3678571428571429 0.12285714285714286 0.041428571428571426
1 0.49047619047619045 0.13642857142857143 0.01904761904761905 0.022857142857142857
9 0.490952380952381 0.1407142857142857 0.02 0.03571428571428571
3 1.1 0.03 0.11428571428571428 0.03857142857142857
3 0.9457142857142857 0.03892857142857143 0.049523809523809526 0.07357142857142857
3 0.8933333333333333 0.025357142857142856 0.047619047619047616 0.052142857142857144
3 1.2923809523809524 0.27535714285714286 0.08 0.039285714285714285
3 1.2823809523809524 0.38642857142857145 0.1 0.04428571428571428
1 0.9938095238095238 0.22642857142857142 0.025714285714285714 0.015714285714285715
2 0.9861904761904762 0.23035714285714284 0.037142857142857144 0.020714285714285713
9 1.279047619047619 0.14392857142857143 0.03238095238095238 0.025
2 1.2814285714285714 0.12821428571428573 0.035238095238095235 0.016428571428571428
1 1.0504761904761906 0.33785714285714286 0.022857142857142857 0.015714285714285715
9 1.0485714285714285 0.3392857142857143 0.05142857142857143 0.015714285714285715
1 1.2538095238095237 0.20785714285714285 0.012380952380952381 0.011428571428571429
4 0.8247619047619048 0.5442857142857143 0.05904761904761905 0.10142857142857142
1 0.9385714285714286 0.6832142857142857 0.02761904761904762 0.017857142857142856
1 0.8942857142857142 0.7057142857142857 0.026666666666666665 0.022857142857142857
2 0.9366666666666666 0.6807142857142857 0.01619047619047619 0.04285714285714286
9 0.8942857142857142 0.7053571428571429 0.01904761904761905 0.05071428571428571
1 0.3342857142857143 0.5614285714285714 0.024761904761904763 0.015714285714285715
9 0.3376190476190476 0.5617857142857143 0.04285714285714286 0.016428571428571428
3 0.6166666666666667 0.7203571428571428 0.058095238095238096 0.05785714285714286
4 0.08761904761904762 0.5292857142857142 0.13142857142857142 0.04
4 0.6585714285714286 0.048928571428571425 0.04666666666666667 0.07785714285714286
