5 0.7014285714285714 0.06785714285714285 0.006666666666666666 0.008571428571428572
5 0.6957142857142857 0.07857142857142857 0.004761904761904762 0.007142857142857143
5 0.6976190476190476 0.12607142857142858 0.010476190476190476 0.010714285714285714
5 0.6647619047619048 0.1492857142857143 0.022857142857142857 0.022857142857142857
5 0.6514285714285715 0.25035714285714283 0.015238095238095238 0.019285714285714285
5 0.6452380952380953 0.23142857142857143 0.01619047619047619 0.015714285714285715
3 0.5557142857142857 0.4878571428571429 0.023809523809523808 0.02857142857142857
3 0.6109523809523809 0.32071428571428573 0.018095238095238095 0.017142857142857144
3 0.6752380952380952 0.17892857142857144 0.007619047619047619 0.0064285714285714285
3 0.679047619047619 0.13285714285714287 0.007619047619047619 0.005714285714285714
3 0.7333333333333333 0.13357142857142856 0.005714285714285714 0.005714285714285714
3 0.7 0.11714285714285715 0.005714285714285714 0.004285714285714286
3 0.7023809523809523 0.1075 0.004761904761904762 0.0035714285714285713
4 0.6576190476190477 0.2007142857142857 0.008571428571428572 0.01
2 0.77 0.3796428571428571 0.018095238095238095 0.0064285714285714285
1 0.77 0.3782142857142857 0.006666666666666666 0.007857142857142858
5 0.5623809523809524 0.09607142857142857 0.010476190476190476 0.010714285714285714
