3 0.5038095238095238 0.7303571428571428 0.04380952380952381 0.03785714285714286
9 0.49 0.6410714285714286 0.008571428571428572 0.02642857142857143
1 0.48904761904761906 0.6389285714285714 0.010476190476190476 0.009285714285714286
1 0.4895238095238095 0.635 0.009523809523809525 0.011428571428571429
1 0.6080952380952381 0.30214285714285716 0.006666666666666666 0.007142857142857143
9 0.6080952380952381 0.30607142857142855 0.006666666666666666 0.007857142857142858
3 0.6295238095238095 0.2953571428571429 0.015238095238095238 0.016428571428571428
3 0.6066666666666667 0.1225 0.005714285714285714 0.005
3 0.6085714285714285 0.14535714285714285 0.005714285714285714 0.0064285714285714285
5 0.5961904761904762 0.1417857142857143 0.007619047619047619 0.009285714285714286
5 0.5514285714285714 0.1407142857142857 0.013333333333333332 0.012857142857142857
8 0.45 0.1657142857142857 0.10761904761904761 0.02857142857142857
8 0.3414285714285714 0.15928571428571428 0.058095238095238096 0.017142857142857144
3 0.5261904761904762 0.1357142857142857 0.012380952380952381 0.004285714285714286
3 0.5019047619047619 0.12678571428571428 0.009523809523809525 0.005
4 0.5333333333333333 0.13142857142857142 0.015238095238095238 0.005714285714285714
4 0.5352380952380953 0.12928571428571428 0.011428571428571429 0.005714285714285714
4 0.49714285714285716 0.11857142857142858 0.011428571428571429 0.004285714285714286
4 0.6080952380952381 0.08607142857142858 0.004761904761904762 0.0035714285714285713
5 0.5238095238095238 0.11714285714285715 0.02857142857142857 0.005714285714285714
5 0.9338095238095238 0.2125 0.023809523809523808 0.007857142857142858
3 0.8347619047619048 0.17642857142857143 0.021904761904761906 0.005714285714285714
3 0.8528571428571429 0.17357142857142857 0.008571428571428572 0.007142857142857143
3 0.8809523809523809 0.16428571428571428 0.007619047619047619 0.005714285714285714
3 0.8919047619047619 0.16392857142857142 0.010476190476190476 0.0064285714285714285
