3 0.6980952380952381 0.665 0.2419047619047619 0.16857142857142857
3 0.8590476190476191 0.6257142857142857 0.2742857142857143 0.23285714285714285
3 0.72 0.4392857142857143 0.14095238095238094 0.12285714285714286
3 0.6495238095238095 0.30178571428571427 0.09333333333333334 0.07642857142857143
3 0.6457142857142857 0.23142857142857143 0.08 0.07
3 0.3109523809523809 0.51 0.1438095238095238 0.16428571428571428
4 0.2838095238095238 0.6846428571428571 0.1619047619047619 0.12928571428571428
3 0.08285714285714285 0.24392857142857144 0.16 0.055
3 0.23285714285714285 0.14607142857142857 0.12285714285714286 0.04071428571428572
3 0.3376190476190476 0.315 0.09238095238095238 0.08714285714285715
4 0.4038095238095238 0.19107142857142856 0.06857142857142857 0.07214285714285715
5 0.49666666666666665 0.13607142857142857 0.11142857142857143 0.05357142857142857
3 0.6714285714285714 0.1417857142857143 0.0761904761904762 0.04642857142857143
3 0.3380952380952381 0.10392857142857143 0.10666666666666666 0.035
3 0.40285714285714286 0.07892857142857143 0.06095238095238095 0.027857142857142858
4 0.57 0.06464285714285714 0.06952380952380953 0.030714285714285715
3 0.6385714285714286 0.05392857142857143 0.05619047619047619 0.023571428571428573
3 0.6257142857142857 0.09464285714285714 0.08 0.029285714285714286
3 0.7342857142857143 0.038214285714285715 0.05714285714285714 0.025
3 0.7980952380952381 0.04535714285714286 0.06095238095238095 0.025
3 0.8423809523809523 0.019642857142857142 0.04857142857142857 0.025
3 0.7361904761904762 0.2017857142857143 0.09523809523809523 0.04642857142857143
4 0.051904761904761905 0.2725 0.10571428571428572 0.07214285714285715
