3 0.49 0.6646428571428571 0.11142857142857143 0.09357142857142857
3 0.4919047619047619 0.5853571428571429 0.12666666666666668 0.07785714285714286
3 0.8442857142857143 0.7096428571428571 0.08285714285714285 0.07928571428571428
3 1.0219047619047619 0.6421428571428571 0.17142857142857143 0.07285714285714286
3 0.9890476190476191 0.4992857142857143 0.11714285714285715 0.07142857142857142
3 0.4680952380952381 0.47785714285714287 0.10761904761904761 0.05142857142857143
3 0.34523809523809523 0.4467857142857143 0.1 0.052142857142857144
3 0.2761904761904762 0.3271428571428571 0.05523809523809524 0.05
3 0.38476190476190475 0.37607142857142856 0.09904761904761905 0.04928571428571429
3 0.48333333333333334 0.40785714285714286 0.0980952380952381 0.04
3 0.5885714285714285 0.43214285714285716 0.10857142857142857 0.047142857142857146
3 0.6576190476190477 0.4160714285714286 0.09047619047619047 0.04642857142857143
3 0.7104761904761905 0.4017857142857143 0.08571428571428572 0.04214285714285714
3 0.7385714285714285 0.3692857142857143 0.10761904761904761 0.03571428571428571
3 0.9657142857142857 0.4235714285714286 0.06095238095238095 0.06428571428571428
3 0.9733333333333334 0.37714285714285717 0.05714285714285714 0.05714285714285714
3 1.0166666666666666 0.3053571428571429 0.04666666666666667 0.05071428571428571
3 0.7609523809523809 0.3457142857142857 0.08952380952380952 0.03571428571428571
3 0.7919047619047619 0.29678571428571426 0.08285714285714285 0.03357142857142857
3 0.8147619047619048 0.28035714285714286 0.06571428571428571 0.03357142857142857
3 0.8233333333333334 0.265 0.07333333333333333 0.03428571428571429
3 0.8371428571428572 0.25035714285714283 0.06476190476190476 0.02214285714285714
3 0.86 0.24035714285714285 0.0761904761904762 0.030714285714285715
3 0.8761904761904762 0.22214285714285714 0.06857142857142857 0.02142857142857143
3 0.8852380952380953 0.20714285714285716 0.06380952380952382 0.02142857142857143
3 0.9004761904761904 0.18964285714285714 0.07142857142857142 0.025
4 0.9119047619047619 0.17214285714285715 0.054285714285714284 0.02
3 0.9233333333333333 0.1625 0.058095238095238096 0.023571428571428573
3 0.9385714285714286 0.15321428571428572 0.06571428571428571 0.023571428571428573
3 0.9566666666666667 0.1392857142857143 0.06 0.02
4 0.9685714285714285 0.12392857142857143 0.07047619047619047 0.030714285714285715
3 0.9809523809523809 0.10857142857142857 0.06095238095238095 0.02
3 0.9942857142857143 0.1 0.05523809523809524 0.017142857142857144
3 0.9990476190476191 0.09107142857142857 0.05523809523809524 0.017857142857142856
3 1.0152380952380953 0.08678571428571429 0.04380952380952381 0.016428571428571428
3 1.0114285714285713 0.07785714285714286 0.05142857142857143 0.018571428571428572
3 1.0233333333333334 0.0725 0.05238095238095238 0.013571428571428571
3 1.0266666666666666 0.06464285714285714 0.047619047619047616 0.010714285714285714
3 1.0185714285714285 0.06107142857142857 0.04666666666666667 0.015
3 1.0395238095238095 0.048214285714285716 0.04666666666666667 0.016428571428571428
3 0.9566666666666667 0.0425 0.04476190476190476 0.016428571428571428
3 1.0609523809523809 0.04321428571428571 0.04 0.013571428571428571
3 1.062857142857143 0.03678571428571428 0.04 0.013571428571428571
3 1.0657142857142856 0.030357142857142857 0.0380952380952381 0.013571428571428571
3 1.0733333333333333 0.023214285714285715 0.03428571428571429 0.015
3 1.0761904761904761 0.0175 0.03619047619047619 0.012142857142857143
3 1.0842857142857143 0.013214285714285715 0.039047619047619046 0.013571428571428571
3 1.0857142857142856 0.01107142857142857 0.0380952380952381 0.013571428571428571
3 1.089047619047619 0.004285714285714286 0.037142857142857144 0.01
3 1.1242857142857143 0.030357142857142857 0.021904761904761906 0.016428571428571428
3 1.1657142857142857 0.06892857142857142 0.03619047619047619 0.019285714285714285
4 1.1638095238095238 0.0525 0.04380952380952381 0.019285714285714285
3 1.1423809523809523 0.08107142857142857 0.023809523809523808 0.016428571428571428
3 1.1328571428571428 0.09428571428571429 0.02761904761904762 0.022857142857142857
3 1.1228571428571428 0.11142857142857143 0.03619047619047619 0.02142857142857143
3 1.1142857142857143 0.12928571428571428 0.02857142857142857 0.02142857142857143
3 1.1042857142857143 0.14642857142857144 0.029523809523809525 0.02857142857142857
3 1.1461904761904762 0.16 0.03333333333333333 0.027142857142857142
3 1.0871428571428572 0.18857142857142858 0.06 0.024285714285714285
3 1.0566666666666666 0.21035714285714285 0.04666666666666667 0.03357142857142857
3 1.0433333333333332 0.23535714285714285 0.04857142857142857 0.04214285714285714
3 1.0233333333333334 0.265 0.06571428571428571 0.027142857142857142
3 1.1633333333333333 0.04071428571428572 0.023809523809523808 0.011428571428571429
3 1.171904761904762 0.03214285714285714 0.02 0.014285714285714285
3 1.1776190476190476 0.023928571428571428 0.021904761904761906 0.010714285714285714
3 1.1776190476190476 0.013571428571428571 0.025714285714285714 0.015714285714285715
3 1.1890476190476191 0.0067857142857142855 0.021904761904761906 0.013571428571428571
