3 0.1618020304568528 0.07392857142857143 0.09010152284263959 0.052142857142857144
1 0.5412436548223349 0.35892857142857143 0.024111675126903553 0.020714285714285713
1 0.7868020304568527 0.30785714285714283 0.02030456852791878 0.015714285714285715
1 0.7937817258883249 0.3053571428571429 0.021573604060913704 0.020714285714285713
1 0.8064720812182741 0.22071428571428572 0.024111675126903553 0.014285714285714285
1 0.6053299492385786 0.12464285714285714 0.015228426395939085 0.012142857142857143
1 0.9022842639593908 0.03357142857142857 0.015228426395939085 0.014285714285714285
1 0.9060913705583755 0.031785714285714285 0.027918781725888322 0.010714285714285714
1 0.574238578680203 0.17464285714285716 0.013959390862944161 0.012142857142857143
1 0.5856598984771573 0.1717857142857143 0.011421319796954314 0.010714285714285714
1 0.5894670050761421 0.1682142857142857 0.011421319796954314 0.010714285714285714
1 0.5920050761421319 0.16142857142857142 0.011421319796954314 0.01
1 0.5634517766497461 0.17142857142857143 0.0076142131979695426 0.01
1 0.565989847715736 0.1675 0.012690355329949238 0.010714285714285714
1 0.8096446700507614 0.215 0.02284263959390863 0.014285714285714285
1 0.6186548223350253 0.12428571428571429 0.011421319796954314 0.008571428571428572
