3 1.1614285714285715 0.5471428571428572 0.18571428571428572 0.06714285714285714
3 1.1666666666666667 0.45714285714285713 0.16952380952380952 0.05142857142857143
3 0.75 0.48464285714285715 0.037142857142857144 0.05357142857142857
3 1.2433333333333334 0.3817857142857143 0.17238095238095238 0.05357142857142857
3 1.2128571428571429 0.33785714285714286 0.14952380952380953 0.05285714285714286
3 1.2347619047619047 0.2892857142857143 0.1457142857142857 0.055714285714285716
3 1.2 0.26285714285714284 0.12380952380952381 0.05142857142857143
5 1.1066666666666667 0.031785714285714285 0.11238095238095239 0.065
5 1.0457142857142858 0.02892857142857143 0.03428571428571429 0.020714285714285713
3 0.9890476190476191 0.06857142857142857 0.039047619047619046 0.022857142857142857
5 1.0385714285714285 0.06285714285714286 0.040952380952380955 0.04285714285714286
4 1.0266666666666666 0.10178571428571428 0.04 0.03785714285714286
3 0.9985714285714286 0.11214285714285714 0.035238095238095235 0.025714285714285714
5 0.9809523809523809 0.15392857142857141 0.06476190476190476 0.06357142857142857
3 0.91 0.20857142857142857 0.04476190476190476 0.03857142857142857
5 0.8657142857142857 0.22 0.05904761904761905 0.054285714285714284
5 0.8990476190476191 0.2425 0.045714285714285714 0.03642857142857143
3 0.8266666666666667 0.315 0.0419047619047619 0.041428571428571426
3 0.8157142857142857 0.29285714285714287 0.040952380952380955 0.03571428571428571
5 0.7757142857142857 0.3025 0.040952380952380955 0.04071428571428572
3 0.7128571428571429 0.385 0.04857142857142857 0.047142857142857146
3 0.6285714285714286 0.44857142857142857 0.047619047619047616 0.04428571428571428
5 0.7514285714285714 0.16428571428571428 0.0419047619047619 0.03571428571428571
5 0.7047619047619048 0.20107142857142857 0.06476190476190476 0.055
3 0.8609523809523809 0.1425 0.03428571428571429 0.023571428571428573
4 1.0171428571428571 0.008928571428571428 0.02095238095238095 0.019285714285714285
3 0.8861904761904762 0.09821428571428571 0.025714285714285714 0.020714285714285713
3 0.8714285714285714 0.12357142857142857 0.030476190476190476 0.02
3 0.82 0.1475 0.026666666666666665 0.016428571428571428
3 0.82 0.13428571428571429 0.022857142857142857 0.017142857142857144
3 0.8404761904761905 0.12892857142857142 0.025714285714285714 0.016428571428571428
3 0.8680952380952381 0.10607142857142857 0.023809523809523808 0.019285714285714285
3 0.8542857142857143 0.10607142857142857 0.02095238095238095 0.017857142857142856
1 0.5014285714285714 0.5478571428571428 0.01619047619047619 0.011428571428571429
9 0.5057142857142857 0.5496428571428571 0.02095238095238095 0.023571428571428573
4 0.2319047619047619 0.6742857142857143 0.035238095238095235 0.03857142857142857
3 0.3361904761904762 0.6121428571428571 0.026666666666666665 0.018571428571428572
3 0.3523809523809524 0.5903571428571428 0.02857142857142857 0.020714285714285713
3 0.38095238095238093 0.5685714285714286 0.026666666666666665 0.018571428571428572
3 0.3976190476190476 0.5478571428571428 0.03142857142857143 0.022857142857142857
1 0.4357142857142857 0.5257142857142857 0.012380952380952381 0.007142857142857143
3 0.4519047619047619 0.5042857142857143 0.029523809523809525 0.017142857142857144
3 0.42952380952380953 0.5003571428571428 0.02857142857142857 0.016428571428571428
3 0.37952380952380954 0.5403571428571429 0.021904761904761906 0.017857142857142856
3 0.36857142857142855 0.5392857142857143 0.01904761904761905 0.014285714285714285
3 0.3523809523809524 0.5353571428571429 0.02095238095238095 0.013571428571428571
3 0.34285714285714286 0.5325 0.01904761904761905 0.012142857142857143
3 0.3314285714285714 0.5303571428571429 0.013333333333333332 0.010714285714285714
3 0.3261904761904762 0.5271428571428571 0.01619047619047619 0.01
3 0.3628571428571429 0.5610714285714286 0.026666666666666665 0.015
3 0.3476190476190476 0.5571428571428572 0.015238095238095238 0.015714285714285715
3 0.33714285714285713 0.5539285714285714 0.017142857142857144 0.015
3 0.32857142857142857 0.55 0.01904761904761905 0.014285714285714285
3 0.31857142857142856 0.5471428571428572 0.012380952380952381 0.011428571428571429
3 0.3119047619047619 0.5425 0.014285714285714285 0.013571428571428571
3 0.3028571428571429 0.5410714285714285 0.017142857142857144 0.013571428571428571
3 0.2923809523809524 0.5353571428571429 0.017142857142857144 0.010714285714285714
3 0.2823809523809524 0.5310714285714285 0.012380952380952381 0.010714285714285714
3 0.3028571428571429 0.5225 0.015238095238095238 0.013571428571428571
3 0.3295238095238095 0.5114285714285715 0.01904761904761905 0.012857142857142857
3 0.3942857142857143 0.5 0.024761904761904763 0.015714285714285715
3 0.2914285714285714 0.52 0.015238095238095238 0.01
3 0.3252380952380952 0.6025 0.02761904761904762 0.017857142857142856
3 0.3385714285714286 0.5810714285714286 0.02 0.015
3 0.3161904761904762 0.5896428571428571 0.024761904761904763 0.013571428571428571
3 0.3280952380952381 0.5753571428571429 0.025714285714285714 0.012142857142857143
3 0.319047619047619 0.5696428571428571 0.017142857142857144 0.013571428571428571
3 0.30904761904761907 0.5675 0.018095238095238095 0.013571428571428571
3 0.29523809523809524 0.5821428571428572 0.01904761904761905 0.012857142857142857
3 0.2861904761904762 0.5764285714285714 0.018095238095238095 0.012857142857142857
3 0.29714285714285715 0.5578571428571428 0.017142857142857144 0.014285714285714285
5 0.2776190476190476 0.5525 0.02761904761904762 0.019285714285714285
3 0.2671428571428571 0.55 0.02 0.015714285714285715
3 0.2509523809523809 0.5885714285714285 0.014285714285714285 0.012857142857142857
3 0.23523809523809525 0.5714285714285714 0.015238095238095238 0.011428571428571429
3 0.2261904761904762 0.5635714285714286 0.008571428571428572 0.011428571428571429
3 0.2542857142857143 0.5375 0.013333333333333332 0.0064285714285714285
3 0.46190476190476193 0.4496428571428571 0.024761904761904763 0.013571428571428571
3 0.4228571428571429 0.445 0.017142857142857144 0.012857142857142857
5 0.39 0.4407142857142857 0.02 0.012857142857142857
3 0.3595238095238095 0.45535714285714285 0.012380952380952381 0.009285714285714286
3 0.35523809523809524 0.4421428571428571 0.009523809523809525 0.007142857142857143
3 0.3319047619047619 0.4442857142857143 0.010476190476190476 0.005714285714285714
3 0.31761904761904763 0.4589285714285714 0.010476190476190476 0.0064285714285714285
3 0.2919047619047619 0.45964285714285713 0.006666666666666666 0.005
3 0.2823809523809524 0.4657142857142857 0.006666666666666666 0.005714285714285714
3 0.27714285714285714 0.47214285714285714 0.007619047619047619 0.005714285714285714
3 0.26285714285714284 0.4775 0.005714285714285714 0.005
3 0.2704761904761905 0.47035714285714286 0.005714285714285714 0.0035714285714285713
3 0.2652380952380952 0.47035714285714286 0.004761904761904762 0.005
3 0.2757142857142857 0.4610714285714286 0.004761904761904762 0.0035714285714285713
5 0.19952380952380952 0.5121428571428571 0.010476190476190476 0.005714285714285714
9 0.20047619047619047 0.5146428571428572 0.004761904761904762 0.002142857142857143
1 0.19952380952380952 0.5139285714285714 0.002857142857142857 0.0035714285714285713
3 0.2195238095238095 0.55 0.010476190476190476 0.008571428571428572
3 0.24666666666666667 0.5307142857142857 0.011428571428571429 0.007142857142857143
3 0.2633333333333333 0.5246428571428572 0.010476190476190476 0.0064285714285714285
3 0.26 0.5135714285714286 0.009523809523809525 0.007142857142857143
3 0.24761904761904763 0.5189285714285714 0.009523809523809525 0.0064285714285714285
3 0.2342857142857143 0.5260714285714285 0.009523809523809525 0.0064285714285714285
3 0.21523809523809523 0.5428571428571428 0.009523809523809525 0.007142857142857143
8 0.20714285714285716 0.5339285714285714 0.008571428571428572 0.0064285714285714285
3 0.22714285714285715 0.5235714285714286 0.006666666666666666 0.005714285714285714
3 0.23952380952380953 0.5167857142857143 0.006666666666666666 0.0064285714285714285
3 0.24714285714285714 0.5064285714285715 0.008571428571428572 0.005714285714285714
3 0.23666666666666666 0.5067857142857143 0.006666666666666666 0.005
3 0.23285714285714285 0.5042857142857143 0.006666666666666666 0.004285714285714286
3 0.22380952380952382 0.5075 0.007619047619047619 0.0064285714285714285
3 0.21428571428571427 0.5139285714285714 0.005714285714285714 0.005
3 0.25523809523809526 0.4692857142857143 0.005714285714285714 0.004285714285714286
3 0.25761904761904764 0.47464285714285714 0.004761904761904762 0.002142857142857143
5 0.2480952380952381 0.48178571428571426 0.008571428571428572 0.005
3 0.24095238095238095 0.4789285714285714 0.0038095238095238095 0.0035714285714285713
3 0.24761904761904763 0.47285714285714286 0.005714285714285714 0.002857142857142857
3 0.23095238095238096 0.47928571428571426 0.004761904761904762 0.002857142857142857
3 0.23095238095238096 0.4764285714285714 0.004761904761904762 0.002857142857142857
3 0.2338095238095238 0.4714285714285714 0.004761904761904762 0.002857142857142857
