3 0.5216666666666666 0.1895 0.006 0.004
4 0.5413333333333333 0.20175 0.008 0.0075
4 0.53 0.19325 0.006666666666666666 0.006500000000000001
4 0.54 0.22725 0.013333333333333332 0.0105
3 0.5486666666666666 0.19925 0.008 0.0055
3 0.536 0.19825 0.008 0.0055
3 0.5543333333333333 0.2145 0.01 0.006
3 0.5566666666666666 0.21825 0.009333333333333332 0.006500000000000001
3 0.5599999999999999 0.2215 0.010666666666666666 0.009000000000000001
3 0.522 0.23625000000000002 0.013333333333333332 0.0115
3 0.5203333333333333 0.2425 0.014 0.011
3 0.5766666666666667 0.247 0.016 0.009000000000000001
3 0.579 0.2555 0.018 0.011
3 0.5933333333333333 0.27475 0.017333333333333333 0.0145
3 0.5136666666666666 0.3385 0.028666666666666667 0.023
3 0.661 0.5295 0.07266666666666667 0.07200000000000001
3 0.5826666666666667 0.5685 0.072 0.098
1 0.4116666666666666 0.70175 0.03666666666666667 0.0475
1 0.4953333333333333 0.4905 0.018666666666666665 0.028
2 0.496 0.50325 0.014666666666666666 0.029500000000000002
8 0.2703333333333333 0.6805 0.16333333333333333 0.138
4 0.2793333333333333 0.534 0.14133333333333334 0.07
4 0.27799999999999997 0.4635 0.11333333333333333 0.042
3 0.09799999999999999 0.47600000000000003 0.13333333333333333 0.035
1 0.24233333333333332 0.439 0.018 0.018000000000000002
9 0.242 0.44975 0.042666666666666665 0.0185
1 0.525 0.34625 0.01 0.0145
1 0.5706666666666667 0.27325 0.006666666666666666 0.0115
1 0.5343333333333333 0.259 0.007333333333333333 0.011
1 0.5363333333333333 0.23975000000000002 0.006 0.0075
1 0.5276666666666666 0.22025 0.006 0.006500000000000001
9 0.5286666666666666 0.22375 0.006666666666666666 0.0085
9 0.5376666666666666 0.24425 0.004666666666666666 0.0085
9 0.535 0.26225 0.006 0.0095
9 0.5706666666666667 0.2775 0.006666666666666666 0.013000000000000001
9 0.526 0.35150000000000003 0.012 0.012
6 0.571 0.23850000000000002 0.014 0.01
1 0.5526666666666666 0.20550000000000002 0.004 0.005
9 0.5526666666666666 0.20725000000000002 0.005333333333333333 0.006500000000000001
3 1.1036666666666666 0.4015 0.11933333333333333 0.036000000000000004
3 0.021666666666666667 0.293 0.04466666666666667 0.017
4 0.045 0.3075 0.043333333333333335 0.024
3 0.043 0.323 0.06066666666666667 0.019
3 0.03166666666666666 0.335 0.06466666666666666 0.028
