9 0.3538095238095238 0.14714285714285713 0.014285714285714285 0.03
1 0.3523809523809524 0.14035714285714285 0.01904761904761905 0.02214285714285714
9 0.35904761904761906 0.0925 0.01904761904761905 0.039285714285714285
3 0.06857142857142857 0.38285714285714284 0.03238095238095238 0.03857142857142857
3 0.09285714285714286 0.43357142857142855 0.05238095238095238 0.015714285714285715
1 0.11523809523809524 0.37857142857142856 0.01904761904761905 0.012857142857142857
9 0.02619047619047619 0.42464285714285716 0.04666666666666667 0.016428571428571428
9 0.034761904761904765 0.49 0.037142857142857144 0.014285714285714285
9 0.10666666666666666 0.51 0.05523809523809524 0.02
9 0.1442857142857143 0.4878571428571429 0.05238095238095238 0.014285714285714285
2 0.05523809523809524 0.5517857142857143 0.04380952380952381 0.016428571428571428
4 0.29714285714285715 0.7025 0.07047619047619047 0.09214285714285714
3 0.38571428571428573 0.7267857142857143 0.06666666666666667 0.04357142857142857
9 0.7604761904761905 0.6764285714285714 0.04285714285714286 0.024285714285714285
2 0.48857142857142855 0.5510714285714285 0.015238095238095238 0.04071428571428572
1 0.5366666666666666 0.5175 0.025714285714285714 0.012142857142857143
9 0.7390476190476191 0.1457142857142857 0.01904761904761905 0.03428571428571429
