3 0.46476190476190476 0.025357142857142856 0.05142857142857143 0.05071428571428571
3 0.4504761904761905 0.08964285714285715 0.04380952380952381 0.05785714285714286
3 0.4338095238095238 0.17785714285714285 0.05238095238095238 0.07571428571428572
3 0.42714285714285716 0.26964285714285713 0.06 0.08071428571428571
3 0.4238095238095238 0.39107142857142857 0.06476190476190476 0.09642857142857143
3 0.4114285714285714 0.5035714285714286 0.06666666666666667 0.09714285714285714
3 0.40904761904761905 0.6332142857142857 0.08095238095238096 0.13642857142857143
3 0.8552380952380952 0.7082142857142857 0.08952380952380952 0.08214285714285714
3 0.8185714285714286 0.5732142857142857 0.09428571428571429 0.11928571428571429
3 0.7695238095238095 0.425 0.08 0.10428571428571429
3 0.758095238095238 0.31285714285714283 0.06857142857142857 0.09285714285714286
4 0.7304761904761905 0.21607142857142858 0.09714285714285714 0.08357142857142857
3 0.7204761904761905 0.1432142857142857 0.05238095238095238 0.06642857142857143
3 0.7123809523809523 0.06571428571428571 0.0419047619047619 0.05714285714285714
3 0.7104761904761905 0.015714285714285715 0.04380952380952381 0.032857142857142856
