3 0.773477157360406 0.3167857142857143 0.031725888324873094 0.035
3 0.6338832487309645 0.5164285714285715 0.049492385786802026 0.04428571428571428
3 0.5761421319796954 0.4767857142857143 0.04060913705583756 0.03357142857142857
3 0.7043147208121827 0.03321428571428572 0.025380710659898477 0.015
3 0.7684010152284263 0.009642857142857142 0.019035532994923856 0.012142857142857143
3 0.5006345177664975 0.08571428571428572 0.049492385786802026 0.01
3 0.7944162436548222 0.06857142857142857 0.02030456852791878 0.015714285714285715
3 0.7994923857868019 0.05142857142857143 0.017766497461928932 0.014285714285714285
3 0.7633248730964466 0.03428571428571429 0.016497461928934008 0.012857142857142857
3 0.8648477157360406 0.04357142857142857 0.016497461928934008 0.014285714285714285
3 0.8686548223350253 0.19214285714285714 0.024111675126903553 0.024285714285714285
3 0.8705583756345177 0.37285714285714283 0.035532994923857864 0.04
4 0.7284263959390862 0.52 0.04060913705583756 0.04857142857142857
4 0.6027918781725888 0.27535714285714286 0.035532994923857864 0.027857142857142858
4 0.7950507614213197 0.18642857142857142 0.029187817258883246 0.024285714285714285
4 0.8565989847715736 0.14892857142857144 0.02284263959390863 0.020714285714285713
4 0.8350253807106598 0.12142857142857143 0.025380710659898477 0.02142857142857143
4 0.8375634517766497 0.07 0.025380710659898477 0.02142857142857143
4 0.833756345177665 0.03464285714285714 0.02030456852791878 0.019285714285714285
3 0.8680203045685279 0.2646428571428571 0.03045685279187817 0.02642857142857143
4 1.6085025380710658 0.23714285714285716 0.10025380710659898 0.022857142857142857
8 1.7100253807106598 0.24821428571428572 0.13071065989847716 0.03214285714285714
