3 1.3407360406091369 0.1575 0.049492385786802026 0.03785714285714286
3 0.8642131979695431 0.3317857142857143 0.06598984771573603 0.045
3 0.8362944162436547 0.35678571428571426 0.07614213197969542 0.055
3 0.7709390862944162 0.41678571428571426 0.06725888324873096 0.052142857142857144
3 0.831218274111675 0.15357142857142858 0.07614213197969542 0.03
3 0.7519035532994923 0.14214285714285715 0.0748730964467005 0.022857142857142857
3 0.6738578680203046 0.13035714285714287 0.06852791878172589 0.023571428571428573
3 0.6040609137055837 0.11928571428571429 0.07868020304568528 0.024285714285714285
4 0.49873096446700504 0.13 0.08121827411167512 0.037142857142857144
4 0.7347715736040609 0.44571428571428573 0.06852791878172589 0.07285714285714286
4 0.8730964467005076 0.2417857142857143 0.05837563451776649 0.052142857142857144
4 1.6243654822335025 0.40214285714285714 0.06598984771573603 0.07285714285714286
4 1.654187817258883 0.1625 0.05456852791878172 0.04642857142857143
8 0.4511421319796954 0.08857142857142856 0.1814720812182741 0.05857142857142857
3 1.2684010152284262 0.05928571428571429 0.03426395939086294 0.03
3 0.7893401015228426 0.3375 0.012690355329949238 0.016428571428571428
3 0.7588832487309644 0.5260714285714285 0.015228426395939085 0.019285714285714285
3 0.7430203045685279 0.5242857142857142 0.019035532994923856 0.018571428571428572
3 1.170685279187817 0.09428571428571429 0.013959390862944161 0.017142857142857144
3 1.1821065989847714 0.07321428571428572 0.016497461928934008 0.015
