3 0.2714285714285714 0.05392857142857143 0.007619047619047619 0.005
3 0.3495238095238095 0.10464285714285715 0.009523809523809525 0.0064285714285714285
3 0.3504761904761905 0.08535714285714285 0.013333333333333332 0.0064285714285714285
3 0.3323809523809524 0.0525 0.009523809523809525 0.0064285714285714285
3 0.34714285714285714 0.06392857142857143 0.006666666666666666 0.005
3 0.20333333333333334 0.28714285714285714 0.040952380952380955 0.014285714285714285
3 0.2061904761904762 0.2985714285714286 0.04285714285714286 0.012857142857142857
9 0.38285714285714284 0.7417857142857143 0.013333333333333332 0.015
3 0.3461904761904762 0.29964285714285716 0.02761904761904762 0.02214285714285714
3 0.33714285714285713 0.275 0.022857142857142857 0.022857142857142857
9 0.3676190476190476 0.2875 0.005714285714285714 0.010714285714285714
1 0.3676190476190476 0.285 0.005714285714285714 0.005714285714285714
3 0.24333333333333335 0.25785714285714284 0.054285714285714284 0.015714285714285715
3 0.2357142857142857 0.24142857142857144 0.04285714285714286 0.015714285714285715
3 0.2361904761904762 0.2342857142857143 0.04380952380952381 0.014285714285714285
3 0.3519047619047619 0.06821428571428571 0.004761904761904762 0.005
3 0.3557142857142857 0.07142857142857142 0.004761904761904762 0.004285714285714286
3 0.36 0.07607142857142857 0.007619047619047619 0.005
3 0.36523809523809525 0.08035714285714286 0.004761904761904762 0.0035714285714285713
3 0.37 0.08464285714285714 0.006666666666666666 0.005
3 0.38095238095238093 0.08857142857142856 0.011428571428571429 0.005714285714285714
3 0.39380952380952383 0.09892857142857144 0.012380952380952381 0.0064285714285714285
3 0.41285714285714287 0.11642857142857142 0.012380952380952381 0.007142857142857143
3 0.4195238095238095 0.12071428571428572 0.006666666666666666 0.005714285714285714
3 0.42857142857142855 0.12928571428571428 0.013333333333333332 0.007142857142857143
3 0.43523809523809526 0.13428571428571429 0.011428571428571429 0.007142857142857143
3 0.44142857142857145 0.1392857142857143 0.010476190476190476 0.007142857142857143
3 0.48 0.1675 0.017142857142857144 0.012142857142857143
3 0.4319047619047619 0.2357142857142857 0.025714285714285714 0.02
3 0.4928571428571429 0.2417857142857143 0.023809523809523808 0.015
3 0.46714285714285714 0.29178571428571426 0.02761904761904762 0.02214285714285714
3 0.48428571428571426 0.3107142857142857 0.023809523809523808 0.02
3 0.4990476190476191 0.2889285714285714 0.02857142857142857 0.020714285714285713
3 0.49952380952380954 0.33071428571428574 0.03142857142857143 0.025714285714285714
9 0.5904761904761905 0.6871428571428572 0.022857142857142857 0.03571428571428571
9 0.5347619047619048 0.6503571428571429 0.021904761904761906 0.035
3 0.5090476190476191 0.16357142857142856 0.025714285714285714 0.008571428571428572
3 0.5514285714285714 0.22357142857142856 0.026666666666666665 0.015714285714285715
3 0.5661904761904762 0.2367857142857143 0.023809523809523808 0.013571428571428571
4 0.6161904761904762 0.2739285714285714 0.026666666666666665 0.017857142857142856
4 0.6019047619047619 0.35464285714285715 0.03619047619047619 0.025
3 0.5195238095238095 0.3560714285714286 0.03333333333333333 0.029285714285714286
3 0.5485714285714286 0.39464285714285713 0.04 0.03357142857142857
3 0.5780952380952381 0.42964285714285716 0.04380952380952381 0.03785714285714286
3 0.6109523809523809 0.4710714285714286 0.04857142857142857 0.04071428571428572
3 0.7147619047619047 0.6028571428571429 0.06571428571428571 0.06142857142857143
3 0.6480952380952381 0.5260714285714285 0.058095238095238096 0.052142857142857144
9 0.6838095238095238 0.4432142857142857 0.013333333333333332 0.012142857142857143
3 0.7528571428571429 0.5721428571428572 0.06190476190476191 0.05
1 0.6828571428571428 0.4392857142857143 0.013333333333333332 0.008571428571428572
1 0.5357142857142857 0.6410714285714286 0.01619047619047619 0.017857142857142856
1 0.5904761904761905 0.6810714285714285 0.02095238095238095 0.017857142857142856
