8 0.05393401015228426 0.05071428571428571 0.06979695431472081 0.02142857142857143
8 0.061548223350253804 0.03214285714285714 0.11548223350253806 0.03571428571428571
5 0.16370558375634517 0.07642857142857143 0.07106598984771573 0.045714285714285714
4 0.20431472081218272 0.12 0.035532994923857864 0.022857142857142857
9 0.22906091370558374 0.3960714285714286 0.013959390862944161 0.0064285714285714285
9 0.24555837563451774 0.38535714285714284 0.013959390862944161 0.0064285714285714285
9 0.24999999999999997 0.38107142857142856 0.017766497461928932 0.0064285714285714285
1 0.258248730964467 0.4432142857142857 0.013959390862944161 0.0064285714285714285
1 0.26586294416243655 0.4367857142857143 0.011421319796954314 0.0064285714285714285
1 0.27220812182741116 0.43464285714285716 0.011421319796954314 0.007857142857142858
4 0.4543147208121827 0.3517857142857143 0.048223350253807105 0.03357142857142857
5 0.5063451776649746 0.4182142857142857 0.08121827411167512 0.07071428571428572
3 0.7493654822335025 0.03571428571428571 0.026649746192893398 0.017142857142857144
3 0.6135786802030456 0.18607142857142858 0.052030456852791875 0.020714285714285713
3 0.6960659898477157 0.2075 0.049492385786802026 0.02214285714285714
3 0.6510152284263959 0.21964285714285714 0.048223350253807105 0.020714285714285713
3 0.7880710659898477 0.23642857142857143 0.050761421319796954 0.02142857142857143
3 0.5507614213197969 0.1692857142857143 0.053299492385786795 0.018571428571428572
3 0.48350253807106597 0.1692857142857143 0.04314720812182741 0.018571428571428572
4 0.49302030456852786 0.15428571428571428 0.05456852791878172 0.02
4 0.7271573604060914 0.24071428571428571 0.05837563451776649 0.025714285714285714
8 0.5685279187817258 0.19142857142857142 0.08375634517766496 0.03428571428571429
4 0.8267766497461928 0.2710714285714286 0.05456852791878172 0.02642857142857143
8 0.9435279187817258 0.28464285714285714 0.07741116751269035 0.03642857142857143
3 0.9460659898477156 0.3132142857142857 0.05964467005076142 0.02642857142857143
3 0.8553299492385786 0.005 0.025380710659898477 0.011428571428571429
4 0.7138324873096447 0.12285714285714286 0.04441624365482233 0.03857142857142857
4 0.7576142131979695 0.1225 0.04314720812182741 0.035
3 0.6700507614213197 0.12678571428571428 0.03045685279187817 0.02214285714285714
4 0.9390862944162436 0.4810714285714286 0.04314720812182741 0.04214285714285714
3 1.0114213197969542 0.5196428571428572 0.032994923857868015 0.03785714285714286
3 1.1097715736040608 0.4060714285714286 0.049492385786802026 0.03785714285714286
3 1.098984771573604 0.3507142857142857 0.05837563451776649 0.032857142857142856
4 1.2170050761421318 0.47285714285714286 0.03807106598984771 0.041428571428571426
3 1.1668781725888324 0.5457142857142857 0.031725888324873094 0.03142857142857143
4 1.722715736040609 0.5035714285714286 0.08502538071065989 0.04428571428571428
3 1.4003807106598984 0.2935714285714286 0.04187817258883248 0.03142857142857143
3 1.2823604060913705 0.215 0.021573604060913704 0.02857142857142857
3 1.2741116751269035 0.2692857142857143 0.025380710659898477 0.03142857142857143
3 1.2715736040609136 0.30642857142857144 0.03045685279187817 0.03142857142857143
3 1.2043147208121827 0.22357142857142856 0.025380710659898477 0.03
3 1.1922588832487309 0.27071428571428574 0.029187817258883246 0.03
3 1.2417512690355328 0.21071428571428572 0.026649746192893398 0.025714285714285714
4 1.3172588832487309 0.17964285714285713 0.03045685279187817 0.027857142857142858
5 1.2385786802030456 0.26035714285714284 0.04568527918781726 0.075
4 1.2106598984771573 0.17964285714285713 0.025380710659898477 0.030714285714285715
5 1.248730964467005 0.16142857142857142 0.035532994923857864 0.047142857142857146
3 1.2493654822335025 0.1075 0.019035532994923856 0.020714285714285713
3 1.248730964467005 0.12964285714285714 0.02030456852791878 0.020714285714285713
