3 0.8728571428571429 0.41678571428571426 0.04666666666666667 0.07071428571428572
3 0.7638095238095238 0.26857142857142857 0.03619047619047619 0.054285714285714284
3 0.5823809523809523 0.3225 0.04476190476190476 0.06785714285714285
3 0.6547619047619048 0.6160714285714286 0.06380952380952382 0.105
3 0.4095238095238095 0.5471428571428572 0.11047619047619048 0.08857142857142856
3 0.19333333333333333 0.6975 0.12761904761904763 0.08928571428571429
3 0.8276190476190476 0.17285714285714285 0.03238095238095238 0.041428571428571426
3 0.6295238095238095 0.12678571428571428 0.030476190476190476 0.03785714285714286
3 0.7142857142857143 0.2292857142857143 0.047619047619047616 0.06428571428571428
4 0.9014285714285715 0.15571428571428572 0.03333333333333333 0.04
5 0.6861904761904762 0.0775 0.03333333333333333 0.04214285714285714
3 0.6604761904761904 0.0175 0.029523809523809525 0.03642857142857143
3 0.7371428571428571 0.010357142857142856 0.03238095238095238 0.02214285714285714
3 0.9357142857142857 0.6985714285714286 0.07142857142857142 0.1
9 1.1333333333333333 0.5828571428571429 0.030476190476190476 0.04285714285714286
1 1.1357142857142857 0.5807142857142857 0.02 0.02857142857142857
1 0.9947619047619047 0.12821428571428573 0.012380952380952381 0.015
1 1.026190476190476 0.12857142857142856 0.014285714285714285 0.014285714285714285
9 1.0276190476190477 0.13535714285714287 0.013333333333333332 0.020714285714285713
9 0.9966666666666667 0.1357142857142857 0.012380952380952381 0.02
9 0.5676190476190476 0.2075 0.017142857142857144 0.017857142857142856
1 0.5676190476190476 0.2 0.015238095238095238 0.017142857142857144
