3 0.048095238095238094 0.11535714285714285 0.09619047619047619 0.04214285714285714
3 0.05047619047619047 0.04964285714285714 0.05714285714285714 0.035
3 0.15857142857142856 0.05285714285714286 0.06571428571428571 0.03571428571428571
4 0.1757142857142857 0.14464285714285716 0.12285714285714286 0.04642857142857143
3 0.2061904761904762 0.12107142857142857 0.10761904761904761 0.035
3 0.23714285714285716 0.09571428571428571 0.09904761904761905 0.027142857142857142
3 0.26285714285714284 0.07892857142857143 0.09333333333333334 0.030714285714285715
3 0.2861904761904762 0.06535714285714286 0.09428571428571429 0.030714285714285715
3 0.3 0.05 0.07809523809523809 0.027142857142857142
3 0.32285714285714284 0.03964285714285714 0.0838095238095238 0.03214285714285714
3 0.34285714285714286 0.027142857142857142 0.07238095238095238 0.02142857142857143
3 0.3419047619047619 0.015714285714285715 0.06476190476190476 0.02
3 0.4585714285714286 0.04178571428571429 0.05238095238095238 0.03785714285714286
3 0.4561904761904762 0.10571428571428572 0.06095238095238095 0.047142857142857146
3 0.07809523809523809 0.4232142857142857 0.15619047619047619 0.12214285714285714
3 0.5123809523809524 0.044642857142857144 0.04380952380952381 0.03357142857142857
3 0.5285714285714286 0.021785714285714287 0.03619047619047619 0.030714285714285715
4 0.5414285714285715 0.009285714285714286 0.03333333333333333 0.02
3 0.61 0.02035714285714286 0.03333333333333333 0.03214285714285714
3 0.5719047619047619 0.11071428571428571 0.04666666666666667 0.04857142857142857
8 0.6533333333333333 0.044642857142857144 0.06476190476190476 0.09071428571428572
3 0.7428571428571429 0.02107142857142857 0.03619047619047619 0.030714285714285715
3 0.8561904761904762 0.011785714285714287 0.03238095238095238 0.023571428571428573
3 0.8966666666666666 0.0125 0.035238095238095235 0.02642857142857143
3 0.8628571428571429 0.03678571428571428 0.04 0.029285714285714286
3 0.8728571428571429 0.062142857142857146 0.04476190476190476 0.032857142857142856
6 0.8685714285714285 0.09142857142857143 0.02857142857142857 0.025714285714285714
3 0.8771428571428571 0.12607142857142858 0.11238095238095239 0.045
3 0.9961904761904762 0.010714285714285714 0.03619047619047619 0.022857142857142857
3 0.9990476190476191 0.0325 0.0419047619047619 0.02642857142857143
3 1.0442857142857143 0.07107142857142858 0.07714285714285714 0.03357142857142857
3 1.1071428571428572 0.08 0.07714285714285714 0.03571428571428571
9 1.1919047619047618 0.08035714285714286 0.014285714285714285 0.02214285714285714
9 1.2190476190476192 0.07857142857142857 0.013333333333333332 0.02142857142857143
2 1.2066666666666668 0.08892857142857143 0.015238095238095238 0.02214285714285714
3 1.2666666666666666 0.12214285714285714 0.11619047619047619 0.04
3 1.2533333333333334 0.2596428571428571 0.15047619047619049 0.06357142857142857
3 0.6980952380952381 0.4089285714285714 0.08571428571428572 0.14357142857142857
8 1.1338095238095238 0.5053571428571428 0.3 0.32071428571428573
3 0.8876190476190476 0.6525 0.13142857142857142 0.19357142857142856
3 0.06333333333333334 0.6557142857142857 0.12857142857142856 0.18571428571428572
