4 0.7123809523809523 0.165 0.007619047619047619 0.005714285714285714
3 0.7352380952380952 0.18892857142857142 0.009523809523809525 0.0064285714285714285
4 0.78 0.1632142857142857 0.007619047619047619 0.0064285714285714285
3 0.8414285714285714 0.37642857142857145 0.021904761904761906 0.018571428571428572
5 0.8066666666666666 0.3132142857142857 0.015238095238095238 0.015
9 0.8776190476190476 0.3967857142857143 0.010476190476190476 0.013571428571428571
9 0.8104761904761905 0.285 0.007619047619047619 0.01
4 0.6676190476190477 0.4064285714285714 0.01904761904761905 0.027142857142857142
4 0.6623809523809524 0.4742857142857143 0.02 0.03571428571428571
3 0.67 0.5760714285714286 0.025714285714285714 0.03785714285714286
3 0.49857142857142855 0.3510714285714286 0.037142857142857144 0.012142857142857143
5 0.4838095238095238 0.38142857142857145 0.05714285714285714 0.02142857142857143
5 0.42714285714285716 0.3975 0.1019047619047619 0.04071428571428572
8 0.47714285714285715 0.3960714285714286 0.04 0.025
3 0.45666666666666667 0.4275 0.04476190476190476 0.016428571428571428
5 0.38761904761904764 0.4117857142857143 0.04 0.019285714285714285
9 0.3438095238095238 0.41214285714285714 0.017142857142857144 0.007142857142857143
9 0.34095238095238095 0.4317857142857143 0.01904761904761905 0.009285714285714286
3 0.5071428571428571 0.3107142857142857 0.03333333333333333 0.01
3 0.6614285714285715 0.25285714285714284 0.012380952380952381 0.011428571428571429
9 0.6090476190476191 0.4232142857142857 0.012380952380952381 0.015
3 1.1876190476190476 0.2621428571428571 0.026666666666666665 0.008571428571428572
3 1.1814285714285715 0.2571428571428571 0.029523809523809525 0.008571428571428572
3 1.1028571428571428 0.24464285714285713 0.01904761904761905 0.010714285714285714
3 1.1342857142857143 0.24642857142857144 0.01904761904761905 0.008571428571428572
3 1.148095238095238 0.24607142857142858 0.01619047619047619 0.007857142857142858
3 1.1066666666666667 0.2646428571428571 0.02095238095238095 0.010714285714285714
3 1.0395238095238095 0.25035714285714283 0.02 0.007857142857142858
3 0.979047619047619 0.2507142857142857 0.017142857142857144 0.005714285714285714
3 0.9466666666666667 0.25035714285714283 0.017142857142857144 0.007857142857142858
