3 0.5071428571428571 0.4057142857142857 0.08857142857142856 0.07428571428571429
3 0.6538095238095238 0.31 0.12095238095238095 0.05857142857142857
3 0.6442857142857142 0.45785714285714285 0.09238095238095238 0.09285714285714286
3 0.6185714285714285 0.5739285714285715 0.12095238095238095 0.13642857142857143
3 1.2185714285714286 0.5560714285714285 0.2219047619047619 0.08214285714285714
3 1.2342857142857142 0.6453571428571429 0.1961904761904762 0.10357142857142858
4 1.1342857142857143 0.4585714285714286 0.22285714285714286 0.11142857142857143
3 1.0857142857142856 0.40785714285714286 0.1676190476190476 0.06428571428571428
3 1.0623809523809524 0.3557142857142857 0.1761904761904762 0.06285714285714286
3 1.0414285714285714 0.32035714285714284 0.14952380952380953 0.05071428571428571
3 1.0152380952380953 0.28785714285714287 0.1219047619047619 0.03857142857142857
3 0.9838095238095238 0.2714285714285714 0.12571428571428572 0.041428571428571426
3 0.9547619047619048 0.245 0.1 0.03571428571428571
3 0.9395238095238095 0.22642857142857142 0.09428571428571429 0.03
3 0.929047619047619 0.21285714285714286 0.11523809523809524 0.03571428571428571
3 0.6976190476190476 0.24285714285714285 0.07904761904761905 0.045714285714285714
3 0.93 0.20464285714285715 0.0980952380952381 0.04071428571428572
3 0.9223809523809524 0.19214285714285714 0.09619047619047619 0.03142857142857143
3 0.9004761904761904 0.17142857142857143 0.08666666666666667 0.025714285714285714
3 0.8861904761904762 0.15464285714285714 0.08666666666666667 0.025
3 0.8728571428571429 0.14785714285714285 0.08666666666666667 0.027142857142857142
3 0.8728571428571429 0.1407142857142857 0.07714285714285714 0.03
3 0.8552380952380952 0.10821428571428571 0.030476190476190476 0.020714285714285713
3 0.8285714285714286 0.10321428571428572 0.04 0.019285714285714285
3 0.8180952380952381 0.09428571428571429 0.03619047619047619 0.017142857142857144
3 0.8066666666666666 0.08642857142857142 0.03238095238095238 0.018571428571428572
3 0.7919047619047619 0.07928571428571428 0.02761904761904762 0.017142857142857144
3 0.7795238095238095 0.0725 0.02761904761904762 0.015
3 0.770952380952381 0.06785714285714285 0.029523809523809525 0.015714285714285715
3 0.76 0.062142857142857146 0.026666666666666665 0.015714285714285715
3 0.7390476190476191 0.055 0.024761904761904763 0.012857142857142857
3 0.7328571428571429 0.04928571428571429 0.021904761904761906 0.012857142857142857
5 0.6852380952380952 0.03428571428571429 0.02761904761904762 0.017142857142857144
3 0.6538095238095238 0.026071428571428572 0.01619047619047619 0.010714285714285714
3 0.6952380952380952 0.2092857142857143 0.07238095238095238 0.037142857142857144
3 0.6847619047619048 0.18392857142857144 0.04 0.029285714285714286
3 0.6966666666666667 0.15714285714285714 0.05619047619047619 0.027142857142857142
3 0.6842857142857143 0.13785714285714284 0.03333333333333333 0.024285714285714285
3 0.6423809523809524 0.1275 0.05238095238095238 0.027857142857142858
3 0.6761904761904762 0.10571428571428572 0.03428571428571429 0.024285714285714285
3 0.6719047619047619 0.09321428571428571 0.025714285714285714 0.017857142857142856
4 0.6685714285714286 0.075 0.049523809523809526 0.024285714285714285
3 0.6523809523809524 0.06392857142857143 0.03619047619047619 0.017857142857142856
3 0.6404761904761904 0.047142857142857146 0.025714285714285714 0.014285714285714285
