3 0.5976190476190476 0.6996428571428571 0.20666666666666667 0.08642857142857142
3 0.6395238095238095 0.33214285714285713 0.06952380952380953 0.041428571428571426
3 0.589047619047619 0.2639285714285714 0.040952380952380955 0.03357142857142857
3 0.9938095238095238 0.3364285714285714 0.040952380952380955 0.03857142857142857
3 1.111904761904762 0.39464285714285713 0.06 0.047857142857142855
3 1.250952380952381 0.39321428571428574 0.08095238095238096 0.05928571428571429
3 1.1576190476190475 0.30214285714285716 0.05619047619047619 0.04
3 1.0976190476190477 0.3 0.054285714285714284 0.037142857142857144
3 1.0338095238095237 0.275 0.04476190476190476 0.03142857142857143
3 0.9233333333333333 0.2960714285714286 0.037142857142857144 0.030714285714285715
3 0.20333333333333334 0.3532142857142857 0.1 0.030714285714285715
3 0.33380952380952383 0.2789285714285714 0.058095238095238096 0.03214285714285714
3 0.41523809523809524 0.2392857142857143 0.047619047619047616 0.03
3 1.2747619047619048 0.30892857142857144 0.07142857142857142 0.04642857142857143
3 0.28 0.3192857142857143 0.08571428571428572 0.03142857142857143
3 0.28 0.29928571428571427 0.0838095238095238 0.027142857142857142
3 0.26761904761904765 0.26142857142857145 0.05523809523809524 0.03
3 0.3138095238095238 0.24214285714285713 0.05238095238095238 0.024285714285714285
3 0.3523809523809524 0.2257142857142857 0.0419047619047619 0.018571428571428572
3 0.35619047619047617 0.24785714285714286 0.045714285714285714 0.027142857142857142
3 0.38904761904761903 0.22964285714285715 0.04476190476190476 0.023571428571428573
3 0.42714285714285716 0.21035714285714285 0.040952380952380955 0.023571428571428573
3 0.3823809523809524 0.20785714285714285 0.035238095238095235 0.018571428571428572
3 0.21047619047619048 0.24357142857142858 0.05714285714285714 0.02142857142857143
3 0.22333333333333333 0.23035714285714284 0.06571428571428571 0.02214285714285714
3 0.2480952380952381 0.22178571428571428 0.06190476190476191 0.019285714285714285
3 0.29095238095238096 0.2067857142857143 0.06190476190476191 0.016428571428571428
3 0.3076190476190476 0.2007142857142857 0.05333333333333333 0.017142857142857144
3 0.34 0.18642857142857142 0.05714285714285714 0.015714285714285715
3 0.35714285714285715 0.18035714285714285 0.05333333333333333 0.015
3 0.36952380952380953 0.175 0.04380952380952381 0.017142857142857144
3 0.4766666666666667 0.18714285714285714 0.025714285714285714 0.017142857142857144
3 0.41095238095238096 0.1957142857142857 0.03333333333333333 0.017142857142857144
3 0.4533333333333333 0.1992857142857143 0.03238095238095238 0.02
6 0.37333333333333335 0.2817857142857143 0.03428571428571429 0.020714285714285713
6 0.19904761904761906 0.30607142857142855 0.045714285714285714 0.015
9 0.13428571428571429 0.37285714285714283 0.0419047619047619 0.02
2 0.07095238095238095 0.30428571428571427 0.02761904761904762 0.017142857142857144
2 0.2761904761904762 0.2357142857142857 0.02095238095238095 0.011428571428571429
1 0.06476190476190476 0.3 0.02095238095238095 0.022857142857142857
1 0.2752380952380952 0.2307142857142857 0.015238095238095238 0.017142857142857144
1 1.120952380952381 0.4782142857142857 0.02095238095238095 0.019285714285714285
9 1.1238095238095238 0.4928571428571429 0.0380952380952381 0.037142857142857144
2 1.1285714285714286 0.44571428571428573 0.045714285714285714 0.02
2 1.1728571428571428 0.4592857142857143 0.04476190476190476 0.024285714285714285
2 0.8790476190476191 0.28464285714285714 0.013333333333333332 0.016428571428571428
1 0.88 0.2767857142857143 0.011428571428571429 0.015
1 0.7776190476190477 0.13535714285714287 0.006666666666666666 0.0064285714285714285
9 0.7780952380952381 0.13964285714285715 0.007619047619047619 0.010714285714285714
9 0.9923809523809524 0.1732142857142857 0.009523809523809525 0.012142857142857143
9 0.9728571428571429 0.15321428571428572 0.006666666666666666 0.010714285714285714
2 0.9642857142857143 0.14964285714285713 0.008571428571428572 0.009285714285714286
3 0.9504761904761905 0.13535714285714287 0.017142857142857144 0.016428571428571428
3 0.9428571428571428 0.12857142857142856 0.015238095238095238 0.012857142857142857
2 1.0157142857142858 0.20464285714285715 0.021904761904761906 0.012142857142857143
3 1.0404761904761906 0.21035714285714285 0.06380952380952382 0.017857142857142856
3 1.0495238095238095 0.21464285714285714 0.06476190476190476 0.016428571428571428
3 1.0580952380952382 0.225 0.06095238095238095 0.02142857142857143
3 1.0895238095238096 0.25285714285714284 0.08190476190476191 0.022857142857142857
3 1.2166666666666666 0.3535714285714286 0.11523809523809524 0.03857142857142857
3 1.3061904761904761 0.39035714285714285 0.05238095238095238 0.05785714285714286
3 0.9147619047619048 0.2667857142857143 0.037142857142857144 0.02642857142857143
3 0.9071428571428571 0.24464285714285713 0.03142857142857143 0.025
3 0.900952380952381 0.22607142857142856 0.024761904761904763 0.019285714285714285
3 0.8885714285714286 0.17642857142857143 0.02857142857142857 0.022857142857142857
3 0.9114285714285715 0.15 0.02095238095238095 0.015714285714285715
3 0.6219047619047618 0.14607142857142857 0.02095238095238095 0.013571428571428571
3 0.6376190476190476 0.13642857142857143 0.01619047619047619 0.011428571428571429
3 0.6571428571428571 0.12142857142857143 0.017142857142857144 0.012857142857142857
3 0.6633333333333333 0.11642857142857142 0.01619047619047619 0.012857142857142857
3 0.6733333333333333 0.10964285714285714 0.015238095238095238 0.009285714285714286
3 0.6947619047619048 0.09321428571428571 0.012380952380952381 0.009285714285714286
3 0.7309523809523809 0.08 0.010476190476190476 0.007142857142857143
3 0.7780952380952381 0.075 0.009523809523809525 0.007142857142857143
3 0.7880952380952381 0.06642857142857143 0.008571428571428572 0.005714285714285714
3 0.7947619047619048 0.05392857142857143 0.008571428571428572 0.005
3 0.7414285714285714 0.07035714285714285 0.008571428571428572 0.0064285714285714285
5 0.7276190476190476 0.06785714285714285 0.009523809523809525 0.01
3 0.7352380952380952 0.06678571428571428 0.007619047619047619 0.005
4 0.7166666666666667 0.0725 0.014285714285714285 0.007857142857142858
3 0.7138095238095238 0.08142857142857143 0.018095238095238095 0.005714285714285714
3 0.7133333333333334 0.085 0.015238095238095238 0.007142857142857143
3 0.7061904761904761 0.08785714285714286 0.012380952380952381 0.007142857142857143
3 0.6919047619047619 0.08535714285714285 0.010476190476190476 0.007857142857142858
2 0.6576190476190477 0.135 0.006666666666666666 0.007142857142857143
1 0.6566666666666666 0.13178571428571428 0.006666666666666666 0.0064285714285714285
4 1.0995238095238096 0.2642857142857143 0.0980952380952381 0.03142857142857143
3 1.100952380952381 0.275 0.0761904761904762 0.025714285714285714
3 0.991904761904762 0.30214285714285716 0.04285714285714286 0.032857142857142856
3 0.981904761904762 0.2692857142857143 0.047619047619047616 0.03571428571428571
