4 1.189720812182741 0.30214285714285716 0.06472081218274112 0.07142857142857142
4 1.248730964467005 0.30464285714285716 0.07106598984771573 0.07642857142857143
4 1.3102791878172588 0.30428571428571427 0.06979695431472081 0.07571428571428572
4 1.3730964467005076 0.3028571428571429 0.07614213197969542 0.07285714285714286
4 1.4403553299492384 0.30607142857142855 0.06852791878172589 0.07642857142857143
4 0.8705583756345177 0.5096428571428572 0.05837563451776649 0.08928571428571429
4 0.7690355329949238 0.13214285714285715 0.055837563451776644 0.07
4 1.4435279187817258 0.5157142857142857 0.07994923857868019 0.09142857142857143
4 0.9422588832487309 0.5121428571428571 0.06725888324873096 0.09
4 0.7956852791878172 0.5178571428571429 0.06598984771573603 0.08428571428571428
4 0.7220812182741116 0.5139285714285714 0.07360406091370558 0.08642857142857142
4 1.0894670050761421 0.5175 0.06218274111675126 0.07357142857142857
4 0.4213197969543147 0.5471428571428572 0.15989847715736039 0.02857142857142857
8 0.8946700507614213 0.056428571428571425 0.07106598984771573 0.11428571428571428
8 0.9784263959390862 0.0575 0.06091370558375634 0.11642857142857142
8 1.1928934010152283 0.05821428571428571 0.09390862944162436 0.11785714285714285
8 1.2633248730964466 0.06 0.09771573604060912 0.12142857142857143
8 1.5691624365482233 0.054285714285714284 0.13578680203045684 0.11
3 0.7366751269035532 0.4332142857142857 0.06472081218274112 0.075
3 0.940989847715736 0.43214285714285716 0.06218274111675126 0.07142857142857142
3 0.9371827411167512 0.30142857142857143 0.05456852791878172 0.07
3 0.7525380710659898 0.305 0.050761421319796954 0.07285714285714286
3 0.8781725888324873 0.24214285714285713 0.050761421319796954 0.055714285714285716
3 0.9968274111675126 0.24392857142857144 0.052030456852791875 0.055
3 0.7512690355329948 0.24392857142857144 0.050761421319796954 0.052142857142857144
3 1.3248730964467004 0.14607142857142857 0.055837563451776644 0.065
3 1.373730964467005 0.5228571428571429 0.08502538071065989 0.07714285714285714
3 1.012690355329949 0.5182142857142857 0.06345177664974619 0.07642857142857143
3 0.26776649746192893 0.55 0.15989847715736039 0.022857142857142857
3 0.46573604060913704 0.4782142857142857 0.13959390862944163 0.04071428571428572
3 0.3128172588832487 0.4782142857142857 0.1484771573604061 0.04357142857142857
3 0.32677664974619286 0.43892857142857145 0.15101522842639592 0.03642857142857143
3 0.48667512690355325 0.4392857142857143 0.1281725888324873 0.03142857142857143
3 0.49175126903553296 0.34285714285714286 0.12563451776649745 0.03857142857142857
3 0.5063451776649746 0.30214285714285716 0.12690355329949238 0.04285714285714286
3 0.41878172588832485 0.27071428571428574 0.12690355329949238 0.03571428571428571
3 0.3375634517766497 0.4010714285714286 0.1446700507614213 0.035
3 0.3610406091370558 0.36642857142857144 0.14593908629441624 0.032857142857142856
3 0.3381979695431472 0.3292857142857143 0.12563451776649745 0.03142857142857143
3 0.20241116751269034 0.39357142857142857 0.06472081218274112 0.07714285714285714
3 0.11928934010152284 0.3960714285714286 0.07106598984771573 0.07214285714285715
3 0.05393401015228426 0.4010714285714286 0.05964467005076142 0.07071428571428572
3 0.05710659898477157 0.33107142857142857 0.08883248730964466 0.05928571428571429
5 0.37499999999999994 0.22642857142857142 0.23984771573604058 0.05285714285714286
5 0.3965736040609137 0.19392857142857142 0.19923857868020303 0.04642857142857143
5 0.4029187817258883 0.16178571428571428 0.1763959390862944 0.04642857142857143
5 0.41370558375634514 0.135 0.2081218274111675 0.05142857142857143
5 0.45368020304568524 0.0825 0.21192893401015228 0.04642857142857143
5 0.4682741116751269 0.05142857142857143 0.2081218274111675 0.047142857142857146
5 0.5038071065989848 0.029642857142857144 0.23857868020304568 0.04928571428571429
8 0.43845177664974616 0.11035714285714286 0.1763959390862944 0.03642857142857143
3 1.673223350253807 0.11714285714285715 0.08248730964467005 0.04857142857142857
4 1.7220812182741116 0.19285714285714287 0.10659898477157359 0.09285714285714286
3 1.631979695431472 0.05678571428571429 0.06091370558375634 0.04071428571428572
