8 1.0123809523809524 0.6021428571428571 0.09904761904761905 0.16714285714285715
5 0.9161904761904762 0.4475 0.06476190476190476 0.09357142857142857
5 0.8666666666666667 0.2960714285714286 0.024761904761904763 0.030714285714285715
3 0.8742857142857143 0.25142857142857145 0.015238095238095238 0.011428571428571429
1 0.8723809523809524 0.21857142857142858 0.0038095238095238095 0.005714285714285714
2 0.8719047619047618 0.22107142857142856 0.004761904761904762 0.005
5 0.6728571428571428 0.1775 0.010476190476190476 0.010714285714285714
9 0.6495238095238095 0.1957142857142857 0.0038095238095238095 0.005714285714285714
1 0.65 0.195 0.002857142857142857 0.004285714285714286
3 1.0947619047619048 0.2225 0.014285714285714285 0.009285714285714286
3 0.7976190476190477 0.15464285714285714 0.006666666666666666 0.005
3 0.8333333333333334 0.1425 0.005714285714285714 0.0035714285714285713
4 0.7842857142857143 0.15928571428571428 0.010476190476190476 0.005714285714285714
4 0.8161904761904762 0.13357142857142856 0.0038095238095238095 0.004285714285714286
5 0.8138095238095238 0.14107142857142857 0.008571428571428572 0.010714285714285714
8 0.8371428571428572 0.12892857142857142 0.005714285714285714 0.0064285714285714285
8 0.8123809523809524 0.12928571428571428 0.005714285714285714 0.007142857142857143
5 0.5923809523809523 0.17285714285714285 0.026666666666666665 0.007142857142857143
