4 0.3357142857142857 0.6428571428571429 0.15714285714285714 0.21
3 0.4804761904761905 0.5696428571428571 0.0980952380952381 0.145
3 0.5547619047619048 0.3364285714285714 0.07142857142857142 0.09142857142857143
3 0.6638095238095238 0.37357142857142855 0.06857142857142857 0.07571428571428572
3 0.7647619047619048 0.5285714285714286 0.09333333333333334 0.12571428571428572
3 0.7438095238095238 0.4107142857142857 0.07428571428571429 0.09142857142857143
3 0.7442857142857143 0.3196428571428571 0.06761904761904762 0.065
3 0.810952380952381 0.6807142857142857 0.11142857142857143 0.13714285714285715
4 0.6966666666666667 0.705 0.1019047619047619 0.08857142857142856
3 0.06 0.6553571428571429 0.1219047619047619 0.165
3 0.4057142857142857 0.3182142857142857 0.0838095238095238 0.07928571428571428
3 0.4280952380952381 0.25785714285714284 0.06380952380952382 0.047142857142857146
3 0.579047619047619 0.18821428571428572 0.049523809523809526 0.04928571428571429
3 0.5552380952380952 0.12178571428571429 0.0419047619047619 0.03642857142857143
3 0.5328571428571428 0.0675 0.03142857142857143 0.029285714285714286
9 0.4766666666666667 0.24642857142857144 0.021904761904761906 0.02857142857142857
3 0.5152380952380953 0.10928571428571429 0.049523809523809526 0.03142857142857143
4 0.49714285714285716 0.1332142857142857 0.04380952380952381 0.04214285714285714
4 0.7295238095238096 0.2532142857142857 0.049523809523809526 0.05071428571428571
3 0.7223809523809523 0.2092857142857143 0.05238095238095238 0.04428571428571428
9 0.6447619047619048 0.09892857142857144 0.015238095238095238 0.019285714285714285
1 0.6461904761904762 0.095 0.014285714285714285 0.015714285714285715
1 0.6457142857142857 0.09571428571428571 0.009523809523809525 0.012857142857142857
3 0.5495238095238095 0.04071428571428572 0.04 0.02
3 0.4685714285714286 0.02857142857142857 0.030476190476190476 0.024285714285714285
4 0.5014285714285714 0.025 0.025714285714285714 0.03
3 0.569047619047619 0.0125 0.05238095238095238 0.017857142857142856
3 0.5680952380952381 0.020714285714285713 0.04857142857142857 0.015714285714285715
3 0.5652380952380952 0.0275 0.04857142857142857 0.019285714285714285
3 0.7185714285714285 0.09142857142857143 0.05238095238095238 0.024285714285714285
4 0.6919047619047619 0.08142857142857143 0.06 0.032857142857142856
3 0.6871428571428572 0.053214285714285714 0.054285714285714284 0.020714285714285713
4 0.6823809523809524 0.04071428571428572 0.04857142857142857 0.017142857142857144
3 0.680952380952381 0.028214285714285713 0.049523809523809526 0.015
3 0.6795238095238095 0.02142857142857143 0.04476190476190476 0.014285714285714285
3 0.6833333333333333 0.005357142857142857 0.04666666666666667 0.012142857142857143
9 1.0961904761904762 0.5903571428571428 0.07047619047619047 0.056428571428571425
9 1.0457142857142858 0.5003571428571428 0.05333333333333333 0.047857142857142855
4 0.9804761904761905 0.4207142857142857 0.09428571428571429 0.1
9 0.9347619047619048 0.27035714285714285 0.021904761904761906 0.03357142857142857
3 0.8742857142857143 0.22 0.05714285714285714 0.05
9 0.8633333333333333 0.18321428571428572 0.04857142857142857 0.04071428571428572
4 0.8261904761904761 0.07178571428571429 0.03333333333333333 0.03214285714285714
2 0.9366666666666666 0.08428571428571428 0.02 0.012857142857142857
3 0.7904761904761904 0.07107142857142858 0.03238095238095238 0.025
3 0.7828571428571428 0.05107142857142857 0.030476190476190476 0.02214285714285714
3 0.7747619047619048 0.026071428571428572 0.02761904761904762 0.017857142857142856
9 0.6171428571428571 0.6232142857142857 0.03428571428571429 0.05928571428571429
1 0.6176190476190476 0.6125 0.03333333333333333 0.02642857142857143
4 0.44047619047619047 0.008928571428571428 0.035238095238095235 0.017857142857142856
3 0.52 0.011428571428571429 0.024761904761904763 0.024285714285714285
3 0.32476190476190475 0.05071428571428571 0.05714285714285714 0.024285714285714285
9 0.14238095238095239 0.22785714285714287 0.035238095238095235 0.027142857142857142
3 0.24285714285714285 0.38357142857142856 0.07047619047619047 0.06714285714285714
9 0.1761904761904762 0.4521428571428571 0.0761904761904762 0.04
9 0.12238095238095238 0.45357142857142857 0.04857142857142857 0.045714285714285714
9 0.019523809523809523 0.38285714285714284 0.040952380952380955 0.03857142857142857
