3 0.7047619047619048 0.5664285714285714 0.09333333333333334 0.14285714285714285
5 0.839047619047619 0.5057142857142857 0.11047619047619048 0.12
4 0.5766666666666667 0.3492857142857143 0.08476190476190476 0.07285714285714286
3 0.7447619047619047 0.24357142857142858 0.030476190476190476 0.02
3 0.689047619047619 0.2117857142857143 0.023809523809523808 0.015
3 0.7666666666666667 0.205 0.01904761904761905 0.01
3 0.7538095238095238 0.1925 0.012380952380952381 0.010714285714285714
3 0.7804761904761904 0.18892857142857142 0.01619047619047619 0.012142857142857143
3 0.7457142857142857 0.1757142857142857 0.011428571428571429 0.008571428571428572
3 0.6157142857142857 0.21214285714285713 0.04285714285714286 0.012857142857142857
3 0.6223809523809524 0.20607142857142857 0.037142857142857144 0.012142857142857143
3 0.7033333333333334 0.1957142857142857 0.018095238095238095 0.012857142857142857
3 0.7061904761904761 0.18535714285714286 0.012380952380952381 0.007857142857142858
3 0.7114285714285714 0.1767857142857143 0.011428571428571429 0.009285714285714286
3 0.7519047619047619 0.16392857142857142 0.008571428571428572 0.0064285714285714285
3 0.7385714285714285 0.16357142857142856 0.008571428571428572 0.005714285714285714
3 0.7333333333333333 0.15678571428571428 0.007619047619047619 0.005
3 0.7114285714285714 0.15535714285714286 0.007619047619047619 0.0064285714285714285
3 0.7452380952380953 0.15714285714285714 0.004761904761904762 0.004285714285714286
3 0.7376190476190476 0.1525 0.006666666666666666 0.0035714285714285713
3 0.7304761904761905 0.1492857142857143 0.005714285714285714 0.004285714285714286
3 0.7271428571428571 0.14535714285714285 0.004761904761904762 0.005
3 0.9671428571428572 0.24928571428571428 0.040952380952380955 0.018571428571428572
3 0.9452380952380952 0.2367857142857143 0.04476190476190476 0.017857142857142856
3 1.072857142857143 0.29214285714285715 0.07714285714285714 0.03571428571428571
