3 1.1161904761904762 0.6885714285714286 0.07809523809523809 0.1
3 0.6547619047619048 0.055357142857142855 0.02761904761904762 0.03214285714285714
3 0.8809523809523809 0.07357142857142857 0.026666666666666665 0.024285714285714285
8 1.0314285714285714 0.40714285714285714 0.11619047619047619 0.16714285714285715
4 0.8185714285714286 0.014642857142857143 0.01619047619047619 0.020714285714285713
3 0.2342857142857143 0.04535714285714286 0.03428571428571429 0.02214285714285714
3 0.2561904761904762 0.02642857142857143 0.022857142857142857 0.03
3 0.08428571428571428 0.4057142857142857 0.10571428571428572 0.07571428571428572
3 0.1719047619047619 0.07678571428571429 0.035238095238095235 0.02214285714285714
9 0.13380952380952382 0.1775 0.02761904761904762 0.013571428571428571
9 0.08333333333333333 0.1775 0.02761904761904762 0.013571428571428571
9 0.23 0.19642857142857142 0.025714285714285714 0.018571428571428572
1 0.3638095238095238 0.4735714285714286 0.01904761904761905 0.015714285714285715
1 0.8628571428571429 0.12071428571428572 0.009523809523809525 0.01
1 0.9638095238095238 0.14535714285714285 0.011428571428571429 0.012142857142857143
1 0.5095238095238095 0.1357142857142857 0.007619047619047619 0.012857142857142857
2 0.9623809523809523 0.14857142857142858 0.010476190476190476 0.015714285714285715
9 0.8628571428571429 0.12357142857142857 0.007619047619047619 0.014285714285714285
9 0.3647619047619048 0.48035714285714287 0.026666666666666665 0.02642857142857143
2 0.5090476190476191 0.14 0.008571428571428572 0.012857142857142857
3 0.8466666666666667 0.004285714285714286 0.017142857142857144 0.01
3 1.0052380952380953 0.048928571428571425 0.018095238095238095 0.019285714285714285
4 1.0366666666666666 0.09107142857142857 0.03142857142857143 0.025
3 1.0509523809523809 0.14107142857142857 0.029523809523809525 0.02642857142857143
3 1.059047619047619 0.16428571428571428 0.05142857142857143 0.027142857142857142
1 1.0814285714285714 0.4307142857142857 0.023809523809523808 0.011428571428571429
1 1.0847619047619048 0.42392857142857143 0.015238095238095238 0.013571428571428571
1 1.0785714285714285 0.4110714285714286 0.01619047619047619 0.015
