5 0.15926395939086294 0.007142857142857143 0.05964467005076142 0.015714285714285715
5 0.2112944162436548 0.025 0.06472081218274112 0.03571428571428571
3 0.2703045685279188 0.04607142857142857 0.06598984771573603 0.016428571428571428
3 0.35342639593908626 0.08964285714285715 0.03426395939086294 0.02642857142857143
4 0.40609137055837563 0.10964285714285714 0.04568527918781726 0.029285714285714286
4 0.44479695431472077 0.14107142857142857 0.04441624365482233 0.035
4 0.2861675126903553 0.11178571428571428 0.04695431472081218 0.027857142857142858
4 0.47335025380710655 0.185 0.04060913705583756 0.03142857142857143
3 0.4441624365482233 0.24571428571428572 0.053299492385786795 0.03428571428571429
3 0.5196700507614213 0.30214285714285716 0.05964467005076142 0.03857142857142857
1 0.0038071065989847713 0.20964285714285713 0.0076142131979695426 0.007857142857142858
3 0.6446700507614213 0.45357142857142857 0.06598984771573603 0.05142857142857143
5 0.8470812182741116 0.5435714285714286 0.11802030456852791 0.03571428571428571
8 1.6065989847715734 0.07357142857142857 0.11167512690355329 0.06571428571428571
3 1.5437817258883249 0.11892857142857143 0.049492385786802026 0.02214285714285714
3 1.4885786802030456 0.1417857142857143 0.06598984771573603 0.027857142857142858
8 1.432741116751269 0.18107142857142858 0.13705583756345177 0.08357142857142857
8 1.3705583756345177 0.2675 0.1649746192893401 0.10785714285714286
8 1.1916243654822334 0.3410714285714286 0.13451776649746192 0.08214285714285714
4 1.6668781725888324 0.04178571428571429 0.04695431472081218 0.023571428571428573
4 0.4961928934010152 0.22035714285714286 0.04568527918781726 0.035
