4 1.2038095238095239 0.5946428571428571 0.09523809523809523 0.047857142857142855
3 0.38142857142857145 0.7142857142857143 0.20476190476190476 0.07
3 0.07476190476190477 0.6703571428571429 0.15142857142857144 0.08928571428571429
3 0.7304761904761905 0.5114285714285715 0.03619047619047619 0.024285714285714285
3 0.73 0.4825 0.025714285714285714 0.016428571428571428
3 0.8476190476190476 0.485 0.04 0.02142857142857143
3 1.2323809523809524 0.4228571428571429 0.02095238095238095 0.007142857142857143
3 1.2123809523809523 0.4203571428571429 0.01904761904761905 0.0064285714285714285
3 1.2580952380952382 0.42178571428571426 0.022857142857142857 0.009285714285714286
3 0.7252380952380952 0.43214285714285716 0.012380952380952381 0.008571428571428572
3 0.7552380952380953 0.4182142857142857 0.009523809523809525 0.007857142857142858
3 0.7528571428571429 0.4110714285714286 0.008571428571428572 0.0064285714285714285
3 0.7204761904761905 0.4142857142857143 0.008571428571428572 0.005714285714285714
3 0.719047619047619 0.4057142857142857 0.005714285714285714 0.004285714285714286
3 0.7409523809523809 0.4014285714285714 0.005714285714285714 0.004285714285714286
3 0.7157142857142857 0.40035714285714286 0.006666666666666666 0.0035714285714285713
3 0.7323809523809524 0.3982142857142857 0.005714285714285714 0.0035714285714285713
3 0.7242857142857143 0.3967857142857143 0.004761904761904762 0.002142857142857143
3 0.7790476190476191 0.3989285714285714 0.011428571428571429 0.0035714285714285713
3 0.7919047619047619 0.39464285714285713 0.010476190476190476 0.0035714285714285713
8 0.6757142857142857 0.38642857142857145 0.002857142857142857 0.002857142857142857
3 0.6714285714285714 0.3875 0.0019047619047619048 0.002142857142857143
3 0.670952380952381 0.38857142857142857 0.002857142857142857 0.002857142857142857
3 0.6685714285714286 0.3889285714285714 0.0038095238095238095 0.002142857142857143
4 0.6652380952380952 0.3939285714285714 0.004761904761904762 0.0035714285714285713
3 0.6661904761904762 0.39714285714285713 0.004761904761904762 0.002857142857142857
3 0.659047619047619 0.3960714285714286 0.005714285714285714 0.0035714285714285713
3 0.6619047619047619 0.39964285714285713 0.005714285714285714 0.0035714285714285713
3 0.660952380952381 0.4025 0.005714285714285714 0.0035714285714285713
3 0.6466666666666666 0.40214285714285714 0.007619047619047619 0.004285714285714286
3 0.6504761904761904 0.4067857142857143 0.007619047619047619 0.005
3 0.6376190476190476 0.40714285714285714 0.008571428571428572 0.004285714285714286
3 0.63 0.40964285714285714 0.008571428571428572 0.0064285714285714285
3 0.6161904761904762 0.4160714285714286 0.011428571428571429 0.007857142857142858
3 0.5938095238095238 0.41785714285714287 0.012380952380952381 0.005714285714285714
3 0.6347619047619047 0.4210714285714286 0.010476190476190476 0.007857142857142858
3 0.6695238095238095 0.4225 0.011428571428571429 0.007857142857142858
3 0.6152380952380953 0.42714285714285716 0.013333333333333332 0.008571428571428572
3 0.6176190476190476 0.43535714285714283 0.014285714285714285 0.009285714285714286
3 0.5923809523809523 0.4367857142857143 0.017142857142857144 0.009285714285714286
3 0.6123809523809524 0.44 0.017142857142857144 0.01
3 0.66 0.44 0.013333333333333332 0.01
3 0.6528571428571428 0.445 0.018095238095238095 0.012857142857142857
3 0.6442857142857142 0.45285714285714285 0.018095238095238095 0.012857142857142857
3 0.6433333333333333 0.4607142857142857 0.018095238095238095 0.012857142857142857
3 0.6047619047619047 0.44392857142857145 0.015238095238095238 0.010714285714285714
3 0.5971428571428572 0.44857142857142857 0.015238095238095238 0.011428571428571429
3 0.5761904761904761 0.445 0.01904761904761905 0.011428571428571429
3 0.5833333333333334 0.4546428571428571 0.023809523809523808 0.016428571428571428
3 0.5514285714285714 0.45714285714285713 0.022857142857142857 0.014285714285714285
8 0.5328571428571428 0.44571428571428573 0.03333333333333333 0.022857142857142857
5 0.5328571428571428 0.46035714285714285 0.037142857142857144 0.030714285714285715
3 0.5714285714285714 0.4639285714285714 0.024761904761904763 0.016428571428571428
3 0.6338095238095238 0.4685714285714286 0.025714285714285714 0.017142857142857144
3 0.6204761904761905 0.48178571428571426 0.02761904761904762 0.019285714285714285
3 0.5471428571428572 0.47714285714285715 0.029523809523809525 0.017142857142857144
3 0.611904761904762 0.49464285714285716 0.03142857142857143 0.023571428571428573
3 0.5066666666666667 0.4810714285714286 0.03619047619047619 0.02214285714285714
3 0.4828571428571429 0.49607142857142855 0.03619047619047619 0.020714285714285713
3 0.5323809523809524 0.49214285714285716 0.03619047619047619 0.02142857142857143
3 0.5971428571428572 0.5135714285714286 0.03619047619047619 0.027142857142857142
3 0.5476190476190477 0.5139285714285714 0.04 0.025
3 0.4990476190476191 0.5128571428571429 0.0419047619047619 0.025714285714285714
5 0.4504761904761905 0.5110714285714286 0.05333333333333333 0.029285714285714286
