6 0.606 0.67 0.11333333333333333 0.159
9 0.9226666666666666 0.5745 0.08 0.062
9 0.8573333333333333 0.57575 0.03866666666666667 0.0725
9 0.6759999999999999 0.44925 0.04 0.0755
1 0.6736666666666666 0.44425000000000003 0.046 0.0325
9 0.36066666666666664 0.010750000000000001 0.06799999999999999 0.021500000000000002
6 0.2573333333333333 0.0135 0.10933333333333332 0.028
2 0.57 0.13075 0.034666666666666665 0.0615
1 0.5733333333333334 0.11725000000000001 0.042666666666666665 0.0505
1 0.7066666666666667 0.152 0.017333333333333333 0.03
9 0.7186666666666667 0.096 0.04 0.069
1 0.7183333333333333 0.096 0.049999999999999996 0.068
2 0.44366666666666665 0.4055 0.07666666666666666 0.034
