5 0.5480952380952381 0.16035714285714286 0.1457142857142857 0.30642857142857144
3 0.42666666666666664 0.0275 0.07809523809523809 0.056428571428571425
3 0.5466666666666666 0.03 0.14666666666666667 0.06142857142857143
3 0.35333333333333333 0.08142857142857143 0.14476190476190476 0.07857142857142857
9 0.2438095238095238 0.3482142857142857 0.06857142857142857 0.03785714285714286
9 0.24142857142857144 0.385 0.05047619047619047 0.041428571428571426
3 0.5257142857142857 0.3867857142857143 0.09523809523809523 0.135
9 0.42666666666666664 0.45607142857142857 0.05142857142857143 0.015
3 0.21714285714285714 0.5192857142857142 0.15047619047619049 0.14285714285714285
3 0.09 0.5932142857142857 0.16095238095238096 0.16642857142857143
2 0.4438095238095238 0.6135714285714285 0.03238095238095238 0.06428571428571428
3 0.7414285714285714 0.3392857142857143 0.07523809523809524 0.12714285714285714
3 0.7733333333333333 0.13857142857142857 0.06857142857142857 0.09857142857142857
3 0.8695238095238095 0.13642857142857143 0.06857142857142857 0.10428571428571429
3 0.9871428571428571 0.016428571428571428 0.058095238095238096 0.03428571428571429
3 1.0371428571428571 0.2025 0.07809523809523809 0.10642857142857143
3 1.010952380952381 0.0925 0.07142857142857142 0.08785714285714286
3 1.0614285714285714 0.34464285714285714 0.08476190476190476 0.12357142857142857
3 1.0957142857142856 0.5878571428571429 0.11523809523809524 0.16
