3 0.5319047619047619 0.4142857142857143 0.04476190476190476 0.045714285714285714
3 0.5619047619047619 0.3653571428571429 0.03238095238095238 0.03214285714285714
3 0.6295238095238095 0.37107142857142855 0.045714285714285714 0.035
3 0.5971428571428572 0.3392857142857143 0.04 0.027142857142857142
3 0.5380952380952381 0.33714285714285713 0.03619047619047619 0.027142857142857142
3 0.5204761904761904 0.3142857142857143 0.02761904761904762 0.022857142857142857
3 0.5042857142857143 0.29678571428571426 0.023809523809523808 0.017857142857142856
3 0.490952380952381 0.2782142857142857 0.025714285714285714 0.017857142857142856
4 0.5042857142857143 0.3575 0.04285714285714286 0.045
4 0.5680952380952381 0.31142857142857144 0.037142857142857144 0.03142857142857143
8 0.5280952380952381 0.27035714285714285 0.04476190476190476 0.04214285714285714
3 0.550952380952381 0.29678571428571426 0.03142857142857143 0.019285714285714285
3 1.1623809523809523 0.385 0.10571428571428572 0.03571428571428571
9 1.100952380952381 0.4514285714285714 0.03238095238095238 0.027142857142857142
3 0.5004761904761905 0.24714285714285714 0.023809523809523808 0.017142857142857144
9 0.3780952380952381 0.4307142857142857 0.015238095238095238 0.024285714285714285
9 0.4057142857142857 0.4185714285714286 0.015238095238095238 0.02857142857142857
1 0.44476190476190475 0.43107142857142855 0.022857142857142857 0.025
1 0.4723809523809524 0.42392857142857143 0.022857142857142857 0.025
1 0.40714285714285714 0.4303571428571429 0.018095238095238095 0.019285714285714285
3 1.1338095238095238 0.4207142857142857 0.037142857142857144 0.018571428571428572
2 0.981904761904762 0.41892857142857143 0.03238095238095238 0.017857142857142856
1 1.1047619047619048 0.44607142857142856 0.01904761904761905 0.027857142857142858
1 1.1371428571428572 0.41464285714285715 0.011428571428571429 0.019285714285714285
1 1.1471428571428572 0.41535714285714287 0.010476190476190476 0.019285714285714285
1 0.9857142857142858 0.4135714285714286 0.011428571428571429 0.02142857142857143
3 0.9738095238095238 0.35214285714285715 0.04285714285714286 0.03
3 1.2152380952380952 0.3767857142857143 0.07809523809523809 0.03642857142857143
3 1.2157142857142857 0.35035714285714287 0.08476190476190476 0.029285714285714286
3 1.2452380952380953 0.36357142857142855 0.08857142857142856 0.03142857142857143
3 1.289047619047619 0.3725 0.08285714285714285 0.027857142857142858
3 1.3009523809523809 0.38535714285714284 0.06285714285714286 0.035
9 0.4828571428571429 0.5639285714285714 0.0380952380952381 0.062142857142857146
1 0.48095238095238096 0.5657142857142857 0.03428571428571429 0.03571428571428571
