4 0.061224489795918366 0.16283924843423797 0.06493506493506494 0.04279749478079332
3 0.15538033395176254 0.17614822546972858 0.06215213358070501 0.04331941544885177
3 0.2077922077922078 0.17458246346555323 0.055658627087198514 0.04018789144050104
3 0.26484230055658625 0.17510438413361168 0.05658627087198516 0.04227557411273486
3 0.31307977736549164 0.17614822546972858 0.06029684601113173 0.04331941544885177
4 0.3654916512059369 0.17693110647181626 0.059369202226345084 0.03549060542797494
3 0.41187384044526903 0.1839770354906054 0.06493506493506494 0.04123173277661795
3 0.46289424860853434 0.18867432150313151 0.055658627087198514 0.04227557411273486
3 0.511595547309833 0.18919624217118997 0.05658627087198516 0.04123173277661795
3 0.5630797773654916 0.19363256784968683 0.055658627087198514 0.043841336116910226
3 0.6187384044526901 0.19467640918580373 0.05194805194805195 0.039665970772442584
9 0.6651205936920223 0.2009394572025052 0.016697588126159554 0.01774530271398747
3 0.7147495361781077 0.20146137787056365 0.05102040816326531 0.04279749478079332
3 0.762987012987013 0.20041753653444674 0.041743970315398886 0.045929018789144044
3 0.8107606679035251 0.20250521920668058 0.04267161410018553 0.04175365344467641
4 0.8599257884972171 0.20981210855949894 0.04267161410018553 0.04697286012526095
4 0.924860853432282 0.20824634655532356 0.04267161410018553 0.050104384133611686
4 1.0310760667903525 0.217901878914405 0.041743970315398886 0.04749478079331941
6 0.9833024118738405 0.21059498956158662 0.04267161410018553 0.0360125260960334
2 0.9582560296846011 0.2113778705636743 0.012987012987012988 0.021920668058455113
3 1.1363636363636365 0.223643006263048 0.04452690166975881 0.04540709812108559
2 1.288961038961039 0.223643006263048 0.013914656771799629 0.020354906054279746
9 1.3232838589981448 0.22807933194154487 0.0176252319109462 0.015657620041753653
3 1.2082560296846012 0.2510438413361169 0.09554730983302412 0.025052192066805843
3 1.2221706864564008 0.2784446764091858 0.10482374768089053 0.02453027139874739
3 1.2486085343228202 0.30271398747390393 0.11317254174397032 0.027139874739039664
3 1.0793135435992578 0.2873173277661795 0.10482374768089053 0.02974947807933194
4 1.174860853432282 0.3345511482254697 0.09369202226345083 0.029227557411273482
5 1.3089053803339519 0.33011482254697283 0.1391465677179963 0.04123173277661795
9 1.288961038961039 0.36978079331941544 0.049165120593692026 0.012004175365344467
3 1.4587198515769944 0.32672233820459284 0.12337662337662338 0.030271398747390394
9 1.5756029684601114 0.2990605427974948 0.02319109461966605 0.025052192066805843
3 0.8858998144712431 0.27453027139874736 0.10575139146567718 0.027139874739039664
3 0.6822820037105751 0.2661795407098121 0.11038961038961038 0.026096033402922752
9 0.7351576994434137 0.2904488517745302 0.01948051948051948 0.022442588726513567
9 0.7351576994434137 0.3136743215031315 0.030612244897959183 0.020876826722338204
9 0.8116883116883117 0.2904488517745302 0.03710575139146568 0.015135699373695197
4 0.8538961038961039 0.3230688935281837 0.08998144712430427 0.029227557411273482
3 0.6600185528756958 0.31315240083507306 0.10482374768089053 0.029227557411273482
9 0.6071428571428572 0.27531315240083504 0.030612244897959183 0.017223382045929016
6 0.5969387755102041 0.2969728601252609 0.02319109461966605 0.016701461377870562
6 0.4967532467532468 0.26122129436325675 0.05473098330241188 0.022442588726513567
9 0.4230055658627087 0.2703549060542797 0.0352504638218924 0.019832985386221292
3 0.46335807050092764 0.2987995824634655 0.10853432282003711 0.028705636743215027
3 0.30890538033395176 0.2437369519832985 0.10018552875695733 0.025052192066805843
5 0.262987012987013 0.28418580375782876 0.13636363636363635 0.03705636743215031
3 0.11224489795918367 0.2332985386221294 0.10946196660482375 0.027139874739039664
3 0.06307977736549165 0.27740083507306884 0.10946196660482375 0.028705636743215027
9 0.4160482374768089 0.3924843423799582 0.01948051948051948 0.006263048016701461
9 0.4647495361781076 0.39170146137787054 0.012987012987012988 0.013048016701461376
9 0.4837662337662338 0.39483298538622125 0.010204081632653062 0.009916492693110646
9 0.49814471243042674 0.3971816283924843 0.011131725417439703 0.011482254697286011
9 0.514378478664193 0.39848643006263046 0.010204081632653062 0.007828810020876827
9 0.5222634508348795 0.3956158663883089 0.012987012987012988 0.01774530271398747
9 0.5384972170686456 0.39926931106471814 0.012059369202226345 0.006263048016701461
9 0.5524118738404453 0.39692066805845505 0.010204081632653062 0.010960334029227557
9 0.5663265306122449 0.3987473903966597 0.015769944341372914 0.009394572025052192
9 0.5867346938775511 0.40057411273486426 0.012059369202226345 0.010960334029227557
9 0.602504638218924 0.3966597077244258 0.013914656771799629 0.01774530271398747
9 0.614100185528757 0.3963987473903966 0.00927643784786642 0.016179540709812108
9 0.62569573283859 0.3987473903966597 0.015769944341372914 0.024008350730688934
9 0.647495361781076 0.4065762004175365 0.012987012987012988 0.012526096033402922
9 0.6637291280148423 0.40240083507306884 0.0176252319109462 0.019832985386221292
9 0.6855287569573284 0.40605427974947805 0.012987012987012988 0.013569937369519832
9 0.7050092764378478 0.4084029227557411 0.014842300556586271 0.012004175365344467
9 0.7193877551020408 0.40709812108559496 0.013914656771799629 0.015657620041753653
9 0.7453617810760668 0.40814196242171186 0.036178107606679034 0.018789144050104383
9 0.6999072356215214 0.37395615866388304 0.039888682745825604 0.012004175365344467
9 0.8079777365491652 0.40344467640918574 0.0463821892393321 0.011482254697286011
1 0.8084415584415584 0.3971816283924843 0.0176252319109462 0.012526096033402922
1 1.2908163265306123 0.365866388308977 0.01948051948051948 0.014613778705636741
