3 0.6453045685279187 0.4521428571428571 0.026649746192893398 0.024285714285714285
3 0.6370558375634517 0.42642857142857143 0.027918781725888322 0.018571428571428572
3 0.9346446700507614 0.48642857142857143 0.029187817258883246 0.032857142857142856
3 0.9612944162436547 0.2978571428571429 0.013959390862944161 0.014285714285714285
3 0.9435279187817258 0.19785714285714287 0.011421319796954314 0.007142857142857143
3 0.9352791878172588 0.18357142857142858 0.01015228426395939 0.008571428571428572
3 0.9397208121827411 0.19035714285714286 0.011421319796954314 0.007857142857142858
3 0.9435279187817258 0.20785714285714285 0.011421319796954314 0.008571428571428572
3 0.9467005076142131 0.22428571428571428 0.01015228426395939 0.005714285714285714
3 0.9530456852791878 0.2546428571428571 0.012690355329949238 0.007857142857142858
3 0.9340101522842639 0.36142857142857143 0.015228426395939085 0.015714285714285715
3 0.8781725888324873 0.2764285714285714 0.015228426395939085 0.011428571428571429
3 0.6129441624365481 0.5178571428571429 0.03045685279187817 0.025714285714285714
3 0.625 0.48892857142857143 0.03426395939086294 0.023571428571428573
3 0.5571065989847716 0.38142857142857145 0.048223350253807105 0.014285714285714285
8 0.825507614213198 0.22964285714285715 0.07741116751269035 0.025
8 0.8692893401015228 0.3032142857142857 0.027918781725888322 0.04071428571428572
8 0.4892131979695431 0.37142857142857144 0.05710659898477157 0.02
4 0.949238578680203 0.23357142857142857 0.012690355329949238 0.012857142857142857
4 0.95748730964467 0.285 0.016497461928934008 0.014285714285714285
4 0.9524111675126903 0.26571428571428574 0.016497461928934008 0.015714285714285715
4 0.9460659898477156 0.21464285714285714 0.013959390862944161 0.010714285714285714
4 0.9460659898477156 0.24642857142857144 0.011421319796954314 0.011428571428571429
4 0.6192893401015228 0.40285714285714286 0.03807106598984771 0.024285714285714285
3 0.8236040609137055 0.1457142857142857 0.02030456852791878 0.005714285714285714
3 0.7912436548223349 0.1457142857142857 0.021573604060913704 0.004285714285714286
8 0.7791878172588832 0.18178571428571427 0.03807106598984771 0.010714285714285714
