3 0.1 0.7064285714285714 0.07428571428571429 0.08571428571428572
3 0.9861904761904762 0.7214285714285714 0.12666666666666668 0.055714285714285716
4 0.9504761904761905 0.6785714285714286 0.11238095238095239 0.05857142857142857
3 0.9228571428571428 0.6239285714285714 0.12 0.06357142857142857
3 0.8914285714285715 0.5771428571428572 0.1180952380952381 0.06142857142857143
3 1.1938095238095239 0.6017857142857143 0.12666666666666668 0.07214285714285715
3 0.8342857142857143 0.4775 0.12380952380952381 0.060714285714285714
3 0.8133333333333334 0.43142857142857144 0.10476190476190476 0.06285714285714286
4 0.7752380952380953 0.3889285714285714 0.09333333333333334 0.047857142857142855
3 0.6352380952380953 0.405 0.12571428571428572 0.05714285714285714
3 0.7457142857142857 0.34464285714285714 0.11238095238095239 0.04642857142857143
3 0.7195238095238096 0.2982142857142857 0.10761904761904761 0.045
3 0.7071428571428572 0.26321428571428573 0.10952380952380952 0.04928571428571429
3 0.9776190476190476 0.2864285714285714 0.10571428571428572 0.06428571428571428
3 0.8733333333333333 0.16178571428571428 0.10285714285714286 0.052142857142857144
3 0.6304761904761905 0.11 0.09904761904761905 0.05285714285714286
3 0.6147619047619047 0.07285714285714286 0.1019047619047619 0.04857142857142857
2 0.6795238095238095 0.05 0.018095238095238095 0.037142857142857144
1 0.6780952380952381 0.041428571428571426 0.015238095238095238 0.02142857142857143
2 0.7852380952380953 0.03464285714285714 0.02761904761904762 0.023571428571428573
9 0.7723809523809524 0.018571428571428572 0.03619047619047619 0.022857142857142857
3 0.5980952380952381 0.039285714285714285 0.09523809523809523 0.04
3 0.58 0.015 0.09904761904761905 0.03142857142857143
9 0.45666666666666667 0.3182142857142857 0.03333333333333333 0.04214285714285714
