3 0.060476190476190475 0.47214285714285714 0.12285714285714286 0.04428571428571428
3 0.03666666666666667 0.3628571428571429 0.07142857142857142 0.024285714285714285
3 0.2652380952380952 0.31535714285714284 0.06190476190476191 0.023571428571428573
3 0.34809523809523807 0.3375 0.06571428571428571 0.03214285714285714
4 0.30095238095238097 0.3025 0.05333333333333333 0.02642857142857143
4 0.36714285714285716 0.2889285714285714 0.08285714285714285 0.03357142857142857
3 0.42142857142857143 0.27714285714285714 0.054285714285714284 0.02142857142857143
3 0.4423809523809524 0.2714285714285714 0.04476190476190476 0.015714285714285715
3 0.45666666666666667 0.26571428571428574 0.03333333333333333 0.015714285714285715
3 0.5042857142857143 0.29714285714285715 0.035238095238095235 0.02142857142857143
3 0.48714285714285716 0.5271428571428571 0.11333333333333333 0.045714285714285714
3 0.5828571428571429 0.5946428571428571 0.1295238095238095 0.04928571428571429
3 0.5980952380952381 0.4039285714285714 0.06666666666666667 0.02642857142857143
3 0.8680952380952381 0.3457142857142857 0.04285714285714286 0.03
3 0.8961904761904762 0.2975 0.03619047619047619 0.020714285714285713
3 0.670952380952381 0.22321428571428573 0.02 0.012142857142857143
3 0.6504761904761904 0.19857142857142857 0.03428571428571429 0.018571428571428572
3 0.7271428571428571 0.2257142857142857 0.03142857142857143 0.015714285714285715
3 0.7785714285714286 0.2625 0.025714285714285714 0.015
3 0.8119047619047619 0.2757142857142857 0.025714285714285714 0.017142857142857144
3 0.8133333333333334 0.26321428571428573 0.024761904761904763 0.017857142857142856
5 0.8528571428571429 0.29178571428571426 0.04666666666666667 0.02642857142857143
