1 0.19758812615955473 0.1962421711899791 0.04452690166975881 0.024008350730688934
9 0.36363636363636365 0.1735386221294363 0.07421150278293136 0.025574112734864297
1 0.536178107606679 0.16544885177453025 0.03339517625231911 0.028183716075156573
1 0.35667903525046385 0.2387787056367432 0.03246753246753247 0.023486430062630476
6 0.21567717996289426 0.2077244258872651 0.10111317254174397 0.03549060542797494
6 0.3807977736549165 0.24399791231732773 0.11410018552875696 0.04123173277661795
1 0.7388682745825603 0.15031315240083507 0.02504638218923933 0.028183716075156573
9 0.7448979591836735 0.15657620041753653 0.05194805194805195 0.022964509394572022
1 0.9777365491651206 0.10020876826722337 0.029684601113172542 0.021920668058455113
6 0.9758812615955473 0.11012526096033402 0.04823747680890538 0.026096033402922752
5 1.0649350649350648 0.051148225469728595 0.1038961038961039 0.039665970772442584
1 1.150278293135436 0.15683716075156576 0.04081632653061225 0.025574112734864297
9 1.1711502782931356 0.191544885177453 0.05658627087198516 0.027139874739039664
2 1.291743970315399 0.16675365344467638 0.03432282003710575 0.01826722338204593
3 0.7843228200371057 0.2340814196242171 0.1808905380333952 0.056889352818371604
3 0.8427643784786643 0.25469728601252606 0.1901669758812616 0.06889352818371607
3 0.9128014842300557 0.2815762004175365 0.21706864564007422 0.0777661795407098
3 1.0250463821892393 0.30636743215031315 0.1966604823747681 0.08559498956158663
3 1.1307977736549166 0.3554279749478079 0.18923933209647495 0.08872651356993735
3 1.2755102040816326 0.38335073068893527 0.1725417439703154 0.0882045929018789
3 1.400278293135436 0.43084551148225464 0.23469387755102042 0.11534446764091857
3 1.5909090909090908 0.4733820459290187 0.21335807050092764 0.1450939457202505
