2 0.840952380952381 0.17642857142857143 0.011428571428571429 0.007142857142857143
2 0.8395238095238096 0.17464285714285716 0.012380952380952381 0.007857142857142858
2 0.8361904761904762 0.1725 0.013333333333333332 0.007857142857142858
2 0.8342857142857143 0.1725 0.013333333333333332 0.0064285714285714285
1 0.8123809523809524 0.16857142857142857 0.0038095238095238095 0.002857142857142857
9 0.3219047619047619 0.6014285714285714 0.026666666666666665 0.025714285714285714
1 0.31857142857142856 0.5996428571428571 0.01619047619047619 0.017857142857142856
3 0.6009523809523809 0.5885714285714285 0.10476190476190476 0.10285714285714286
5 0.2661904761904762 0.7242857142857143 0.09238095238095238 0.05
3 0.26142857142857145 0.6967857142857142 0.09047619047619047 0.08357142857142857
3 0.38761904761904764 0.6096428571428572 0.08190476190476191 0.08214285714285714
3 0.5519047619047619 0.5125 0.06761904761904762 0.06357142857142857
3 0.44047619047619047 0.4907142857142857 0.039047619047619046 0.03571428571428571
3 0.5433333333333333 0.4317857142857143 0.035238095238095235 0.03214285714285714
3 0.550952380952381 0.40214285714285714 0.02761904761904762 0.022857142857142857
3 0.6295238095238095 0.30464285714285716 0.02095238095238095 0.012142857142857143
3 0.6880952380952381 0.3125 0.02761904761904762 0.02214285714285714
3 0.7566666666666667 0.27035714285714285 0.025714285714285714 0.020714285714285713
3 0.7276190476190476 0.27964285714285714 0.02095238095238095 0.017857142857142856
3 0.7 0.24214285714285713 0.007619047619047619 0.005714285714285714
3 0.7819047619047619 0.22178571428571428 0.013333333333333332 0.010714285714285714
3 0.75 0.24 0.01619047619047619 0.012857142857142857
3 0.729047619047619 0.2517857142857143 0.01619047619047619 0.013571428571428571
3 0.7690476190476191 0.22214285714285714 0.012380952380952381 0.011428571428571429
3 0.7633333333333333 0.21892857142857142 0.010476190476190476 0.009285714285714286
3 0.7404761904761905 0.2342857142857143 0.012380952380952381 0.01
3 0.7519047619047619 0.21714285714285714 0.008571428571428572 0.005714285714285714
3 0.7385714285714285 0.2075 0.008571428571428572 0.005
3 0.7271428571428571 0.21607142857142858 0.006666666666666666 0.002142857142857143
3 0.7614285714285715 0.2082142857142857 0.010476190476190476 0.007857142857142858
3 0.7919047619047619 0.1925 0.008571428571428572 0.0064285714285714285
3 0.7776190476190477 0.1992857142857143 0.008571428571428572 0.007142857142857143
3 0.7852380952380953 0.19142857142857142 0.006666666666666666 0.005714285714285714
3 0.789047619047619 0.18428571428571427 0.006666666666666666 0.005714285714285714
3 0.7714285714285715 0.19464285714285715 0.005714285714285714 0.005
3 0.7657142857142857 0.19357142857142856 0.007619047619047619 0.004285714285714286
3 0.7795238095238095 0.18714285714285714 0.006666666666666666 0.005714285714285714
3 0.7733333333333333 0.18821428571428572 0.005714285714285714 0.005
3 0.7766666666666666 0.185 0.006666666666666666 0.004285714285714286
3 0.7823809523809524 0.18071428571428572 0.006666666666666666 0.004285714285714286
3 0.7828571428571428 0.17714285714285713 0.007619047619047619 0.002857142857142857
3 0.7919047619047619 0.1717857142857143 0.004761904761904762 0.0035714285714285713
3 1.1195238095238096 0.016428571428571428 0.04666666666666667 0.02857142857142857
3 1.0252380952380953 0.07642857142857143 0.04285714285714286 0.027142857142857142
3 1.1047619047619048 0.021785714285714287 0.030476190476190476 0.020714285714285713
3 1.0971428571428572 0.026071428571428572 0.02857142857142857 0.019285714285714285
3 1.0871428571428572 0.031071428571428573 0.02761904761904762 0.019285714285714285
3 1.0714285714285714 0.03535714285714286 0.03428571428571429 0.02214285714285714
3 1.062857142857143 0.03892857142857143 0.022857142857142857 0.016428571428571428
4 1.0466666666666666 0.04607142857142857 0.024761904761904763 0.02214285714285714
3 1.039047619047619 0.05071428571428571 0.024761904761904763 0.018571428571428572
3 1.0323809523809524 0.05035714285714286 0.026666666666666665 0.020714285714285713
3 1.0171428571428571 0.07785714285714286 0.03619047619047619 0.027142857142857142
3 1.0076190476190476 0.07928571428571428 0.030476190476190476 0.024285714285714285
3 0.9990476190476191 0.08285714285714285 0.030476190476190476 0.024285714285714285
3 0.9952380952380953 0.085 0.030476190476190476 0.024285714285714285
3 0.9885714285714285 0.08642857142857142 0.030476190476190476 0.024285714285714285
3 0.98 0.08857142857142856 0.030476190476190476 0.024285714285714285
3 0.9771428571428571 0.09071428571428572 0.030476190476190476 0.024285714285714285
3 0.9723809523809523 0.09 0.030476190476190476 0.024285714285714285
3 0.9666666666666667 0.09142857142857143 0.030476190476190476 0.024285714285714285
3 0.9580952380952381 0.09678571428571428 0.030476190476190476 0.020714285714285713
3 0.9542857142857143 0.09857142857142857 0.030476190476190476 0.02142857142857143
