9 0.13904761904761906 0.7410714285714286 0.0380952380952381 0.016428571428571428
1 0.13047619047619047 0.7446428571428572 0.01904761904761905 0.007857142857142858
3 0.16047619047619047 0.5367857142857143 0.08476190476190476 0.035
1 0.5204761904761904 0.5264285714285715 0.014285714285714285 0.014285714285714285
9 0.3952380952380952 0.5139285714285714 0.024761904761904763 0.012142857142857143
9 0.4219047619047619 0.48678571428571427 0.026666666666666665 0.013571428571428571
9 0.40476190476190477 0.49964285714285717 0.02857142857142857 0.017857142857142856
9 0.4442857142857143 0.4782142857142857 0.023809523809523808 0.023571428571428573
9 0.48428571428571426 0.45285714285714285 0.023809523809523808 0.018571428571428572
9 0.49952380952380954 0.44285714285714284 0.02761904761904762 0.017142857142857144
9 0.5714285714285714 0.41035714285714286 0.015238095238095238 0.02642857142857143
9 0.5323809523809524 0.4278571428571429 0.030476190476190476 0.017142857142857144
9 0.5166666666666667 0.4357142857142857 0.029523809523809525 0.018571428571428572
9 0.4723809523809524 0.4625 0.024761904761904763 0.02214285714285714
9 0.45666666666666667 0.4707142857142857 0.021904761904761906 0.022857142857142857
2 0.4585714285714286 0.41964285714285715 0.025714285714285714 0.013571428571428571
2 0.6271428571428571 0.3792857142857143 0.021904761904761906 0.015714285714285715
9 0.39666666666666667 0.36357142857142855 0.025714285714285714 0.018571428571428572
9 0.42428571428571427 0.3817857142857143 0.023809523809523808 0.015
9 0.43333333333333335 0.37607142857142856 0.022857142857142857 0.015
9 0.44571428571428573 0.36714285714285716 0.022857142857142857 0.017142857142857144
9 0.4561904761904762 0.3582142857142857 0.026666666666666665 0.012142857142857143
9 0.4704761904761905 0.35464285714285715 0.026666666666666665 0.015
9 0.47523809523809524 0.3485714285714286 0.022857142857142857 0.017142857142857144
9 0.48523809523809525 0.3425 0.021904761904761906 0.016428571428571428
9 0.4147619047619048 0.3578571428571429 0.03333333333333333 0.02142857142857143
9 0.43285714285714283 0.35214285714285715 0.02761904761904762 0.017142857142857144
9 0.44476190476190475 0.3417857142857143 0.024761904761904763 0.02214285714285714
9 0.4666666666666667 0.33 0.024761904761904763 0.02
9 0.4742857142857143 0.325 0.022857142857142857 0.015714285714285715
9 0.46714285714285714 0.3975 0.018095238095238095 0.013571428571428571
9 0.45095238095238094 0.4017857142857143 0.025714285714285714 0.020714285714285713
9 0.4747619047619048 0.3896428571428571 0.021904761904761906 0.015
9 0.4838095238095238 0.3825 0.01904761904761905 0.020714285714285713
9 0.4957142857142857 0.37714285714285717 0.023809523809523808 0.017142857142857144
9 0.5033333333333333 0.36964285714285716 0.023809523809523808 0.017857142857142856
9 0.5276190476190477 0.35892857142857143 0.017142857142857144 0.019285714285714285
9 0.5128571428571429 0.36464285714285716 0.021904761904761906 0.015
9 0.5757142857142857 0.3246428571428571 0.023809523809523808 0.016428571428571428
9 0.5228571428571429 0.29214285714285715 0.024761904761904763 0.014285714285714285
9 0.530952380952381 0.2885714285714286 0.021904761904761906 0.017142857142857144
9 0.5380952380952381 0.2835714285714286 0.022857142857142857 0.017142857142857144
9 0.5485714285714286 0.2785714285714286 0.022857142857142857 0.011428571428571429
9 0.5538095238095239 0.2735714285714286 0.025714285714285714 0.015714285714285715
9 0.5638095238095238 0.27071428571428574 0.022857142857142857 0.011428571428571429
9 0.5719047619047619 0.26107142857142857 0.02 0.016428571428571428
9 0.5823809523809523 0.2571428571428571 0.02 0.015714285714285715
9 0.5985714285714285 0.24964285714285714 0.023809523809523808 0.013571428571428571
9 0.6195238095238095 0.26107142857142857 0.02 0.015
9 0.6076190476190476 0.2692857142857143 0.022857142857142857 0.018571428571428572
9 0.6542857142857142 0.27535714285714286 0.01904761904761905 0.012142857142857143
9 0.6604761904761904 0.27071428571428574 0.014285714285714285 0.012857142857142857
9 0.6661904761904762 0.26607142857142857 0.029523809523809525 0.015
9 0.6804761904761905 0.25821428571428573 0.01619047619047619 0.007857142857142858
9 0.6242857142857143 0.3339285714285714 0.03142857142857143 0.010714285714285714
9 0.6042857142857143 0.3125 0.021904761904761906 0.015
9 0.5571428571428572 0.3007142857142857 0.017142857142857144 0.018571428571428572
9 0.6190476190476191 0.30178571428571427 0.022857142857142857 0.017857142857142856
9 0.6257142857142857 0.2985714285714286 0.022857142857142857 0.014285714285714285
9 0.6295238095238095 0.2932142857142857 0.024761904761904763 0.017857142857142856
9 0.6938095238095238 0.30178571428571427 0.02 0.019285714285714285
9 0.6795238095238095 0.3075 0.021904761904761906 0.015
9 0.660952380952381 0.3175 0.026666666666666665 0.013571428571428571
9 0.6442857142857142 0.3196428571428571 0.029523809523809525 0.016428571428571428
9 0.590952380952381 0.31464285714285717 0.025714285714285714 0.015
2 0.5371428571428571 0.30714285714285716 0.024761904761904763 0.014285714285714285
2 0.5661904761904762 0.29678571428571426 0.01619047619047619 0.012142857142857143
2 0.5719047619047619 0.2932142857142857 0.01619047619047619 0.015
2 0.5804761904761905 0.28714285714285714 0.014285714285714285 0.015714285714285715
2 0.5919047619047619 0.28214285714285714 0.018095238095238095 0.014285714285714285
3 0.7371428571428571 0.4942857142857143 0.04380952380952381 0.06428571428571428
1 0.8442857142857143 0.4467857142857143 0.010476190476190476 0.007857142857142858
6 0.8371428571428572 0.4564285714285714 0.030476190476190476 0.037142857142857144
4 0.6942857142857143 0.36178571428571427 0.04380952380952381 0.02214285714285714
3 0.7814285714285715 0.3467857142857143 0.06952380952380953 0.035
9 0.89 0.33785714285714286 0.02761904761904762 0.02
9 0.9185714285714286 0.2889285714285714 0.012380952380952381 0.017857142857142856
2 0.8738095238095238 0.2932142857142857 0.01619047619047619 0.013571428571428571
1 0.8904761904761904 0.335 0.015238095238095238 0.011428571428571429
9 0.7228571428571429 0.2953571428571429 0.02095238095238095 0.012142857142857143
9 0.7247619047619047 0.2914285714285714 0.017142857142857144 0.015714285714285715
9 0.7347619047619047 0.2867857142857143 0.018095238095238095 0.015
9 0.7076190476190476 0.26107142857142857 0.01904761904761905 0.015
9 0.7476190476190476 0.2842857142857143 0.017142857142857144 0.015714285714285715
9 0.7595238095238095 0.2839285714285714 0.02 0.015
9 0.7228571428571429 0.2525 0.017142857142857144 0.012142857142857143
9 0.7 0.24142857142857144 0.013333333333333332 0.012857142857142857
9 0.7361904761904762 0.21107142857142858 0.022857142857142857 0.012142857142857143
9 0.7342857142857143 0.22857142857142856 0.02095238095238095 0.01
9 0.7423809523809524 0.24928571428571428 0.021904761904761906 0.014285714285714285
9 0.7138095238095238 0.32 0.006666666666666666 0.015714285714285715
8 1.062857142857143 0.5842857142857143 0.11428571428571428 0.15428571428571428
3 1.200952380952381 0.555 0.10476190476190476 0.03857142857142857
9 1.1895238095238094 0.5828571428571429 0.0419047619047619 0.015714285714285715
4 1.289047619047619 0.5292857142857142 0.08666666666666667 0.055714285714285716
4 1.1952380952380952 0.4139285714285714 0.09904761904761905 0.04642857142857143
3 1.1166666666666667 0.3107142857142857 0.04476190476190476 0.04428571428571428
3 1.223809523809524 0.08107142857142857 0.0380952380952381 0.02214285714285714
3 1.1361904761904762 0.12714285714285714 0.03619047619047619 0.02857142857142857
3 1.1176190476190475 0.18357142857142858 0.04666666666666667 0.03142857142857143
2 1.14 0.14857142857142858 0.015238095238095238 0.012857142857142857
1 1.1442857142857144 0.14392857142857143 0.006666666666666666 0.009285714285714286
9 0.95 0.22392857142857142 0.029523809523809525 0.010714285714285714
9 0.9066666666666666 0.24357142857142858 0.026666666666666665 0.017142857142857144
9 0.9142857142857143 0.23392857142857143 0.02095238095238095 0.010714285714285714
9 0.8842857142857142 0.2082142857142857 0.021904761904761906 0.013571428571428571
9 0.8909523809523809 0.20535714285714285 0.023809523809523808 0.015
9 0.9504761904761905 0.21642857142857141 0.026666666666666665 0.014285714285714285
9 1.0319047619047619 0.18714285714285714 0.010476190476190476 0.02
9 1.0566666666666666 0.1675 0.018095238095238095 0.016428571428571428
3 1.2252380952380952 0.0425 0.02761904761904762 0.023571428571428573
9 1.032857142857143 0.16964285714285715 0.021904761904761906 0.013571428571428571
