3 0.6493333333333333 0.633 0.072 0.093
4 0.6669999999999999 0.47650000000000003 0.054 0.066
4 0.6896666666666667 0.39625 0.04466666666666667 0.0495
3 0.619 0.3915 0.043333333333333335 0.046
3 0.7076666666666667 0.34600000000000003 0.04466666666666667 0.038
3 0.625 0.22175 0.03666666666666667 0.0235
1 0.8873333333333333 0.17300000000000001 0.010666666666666666 0.014
9 0.8863333333333333 0.1785 0.019333333333333334 0.009000000000000001
1 0.6493333333333333 0.167 0.009333333333333332 0.009000000000000001
6 0.649 0.17300000000000001 0.011333333333333332 0.012
1 0.7613333333333333 0.0625 0.006666666666666666 0.005
9 0.7606666666666666 0.0675 0.006666666666666666 0.008
3 0.7476666666666666 0.0785 0.019333333333333334 0.014
3 0.8263333333333333 0.004 0.020666666666666667 0.007
3 0.7946666666666666 0.003 0.026666666666666665 0.006
1 0.6006666666666667 0.1215 0.006666666666666666 0.008
9 0.6003333333333333 0.1295 0.008666666666666666 0.009000000000000001
4 0.6186666666666667 0.11775000000000001 0.025333333333333333 0.0345
5 0.651 0.11575 0.04066666666666666 0.0575
3 0.6273333333333333 0.10475 0.014666666666666666 0.0135
3 0.6356666666666666 0.096 0.019333333333333334 0.015
3 0.6686666666666666 0.10075 0.018666666666666665 0.0185
3 0.6803333333333333 0.08600000000000001 0.018 0.015
3 0.655 0.08600000000000001 0.018 0.013000000000000001
4 0.6606666666666666 0.074 0.017333333333333333 0.017
4 0.6819999999999999 0.07575 0.02 0.0135
3 0.6709999999999999 0.066 0.014 0.013000000000000001
5 0.6686666666666666 0.05625 0.017333333333333333 0.0145
4 0.6726666666666666 0.0485 0.012 0.012
3 0.6836666666666666 0.04625 0.015333333333333332 0.0115
3 0.698 0.055 0.016 0.01
3 0.7056666666666667 0.0395 0.014 0.011
3 0.7126666666666667 0.02825 0.012 0.0105
5 0.6856666666666666 0.0365 0.019333333333333334 0.012
5 0.6943333333333334 0.022 0.02333333333333333 0.025
5 0.704 0.0075 0.022666666666666665 0.016
8 0.7183333333333333 0.0145 0.019333333333333334 0.022
1 0.3153333333333333 0.1505 0.009333333333333332 0.012
9 0.31766666666666665 0.157 0.018 0.009000000000000001
3 0.03966666666666666 0.324 0.08066666666666666 0.038
3 0.022333333333333334 0.136 0.046 0.021
