3 0.7533333333333333 0.11035714285714286 0.03619047619047619 0.047857142857142855
3 0.820952380952381 0.09607142857142857 0.0380952380952381 0.045
3 0.8871428571428571 0.18428571428571427 0.040952380952380955 0.054285714285714284
3 0.7847619047619048 0.4064285714285714 0.049523809523809526 0.07857142857142857
3 0.9847619047619047 0.25892857142857145 0.05333333333333333 0.05928571428571429
3 0.9061904761904762 0.5846428571428571 0.06380952380952382 0.10214285714285715
8 1.05 0.7010714285714286 0.12476190476190477 0.09642857142857143
3 0.23666666666666666 0.4025 0.06761904761904762 0.08071428571428571
4 0.14714285714285713 0.2617857142857143 0.11714285714285715 0.035
3 0.13142857142857142 0.6785714285714286 0.10095238095238095 0.12857142857142856
3 0.07857142857142857 0.3707142857142857 0.11714285714285715 0.03428571428571429
3 0.1019047619047619 0.3357142857142857 0.11047619047619048 0.032857142857142856
3 0.1138095238095238 0.30142857142857143 0.11333333333333333 0.037142857142857144
3 0.024761904761904763 0.5025 0.05142857142857143 0.03785714285714286
3 0.3109523809523809 0.20464285714285715 0.06190476190476191 0.07785714285714286
3 0.21904761904761905 0.10357142857142858 0.09523809523809523 0.03
3 0.1919047619047619 0.15107142857142858 0.09238095238095238 0.030714285714285715
3 0.20952380952380953 0.12535714285714286 0.09523809523809523 0.027857142857142858
3 0.2923809523809524 0.045714285714285714 0.05904761904761905 0.045714285714285714
3 0.1719047619047619 0.2092857142857143 0.10571428571428572 0.04
4 0.17714285714285713 0.17214285714285715 0.09523809523809523 0.03571428571428571
3 0.27095238095238094 0.009642857142857142 0.08285714285714285 0.020714285714285713
3 1.072857142857143 0.011428571428571429 0.06952380952380953 0.024285714285714285
9 0.016666666666666666 0.46464285714285714 0.035238095238095235 0.017857142857142856
3 1.2633333333333334 0.2567857142857143 0.10952380952380952 0.03214285714285714
3 1.2757142857142858 0.2839285714285714 0.10571428571428572 0.039285714285714285
3 1.2923809523809524 0.3196428571428571 0.08 0.03642857142857143
3 1.3009523809523809 0.35714285714285715 0.06285714285714286 0.041428571428571426
3 1.312857142857143 0.40214285714285714 0.039047619047619046 0.037142857142857144
4 1.1295238095238096 0.34714285714285714 0.05714285714285714 0.06857142857142857
4 1.0985714285714285 0.5735714285714286 0.08857142857142856 0.1
3 1.148095238095238 0.7078571428571429 0.07714285714285714 0.07857142857142857
3 1.227142857142857 0.5582142857142857 0.08095238095238096 0.11071428571428571
3 1.2914285714285714 0.6992857142857143 0.0761904761904762 0.09142857142857143
3 1.2571428571428571 0.2292857142857143 0.10095238095238095 0.02857142857142857
3 1.239047619047619 0.1975 0.09523809523809523 0.03357142857142857
3 1.2133333333333334 0.17535714285714285 0.09714285714285714 0.029285714285714286
9 1.1852380952380952 0.04107142857142857 0.01619047619047619 0.025
4 1.1457142857142857 0.15071428571428572 0.08952380952380952 0.03571428571428571
4 1.1195238095238096 0.10357142857142858 0.08666666666666667 0.02857142857142857
4 1.0857142857142856 0.029285714285714286 0.07809523809523809 0.02857142857142857
3 1.098095238095238 0.04964285714285714 0.0761904761904762 0.02642857142857143
3 1.1014285714285714 0.06964285714285715 0.07714285714285714 0.03214285714285714
