3 0.02761904761904762 0.08642857142857142 0.05714285714285714 0.02857142857142857
4 0.0680952380952381 0.014285714285714285 0.054285714285714284 0.03
4 0.10380952380952381 0.016785714285714286 0.05714285714285714 0.03357142857142857
4 0.12428571428571429 0.028214285714285713 0.05238095238095238 0.02642857142857143
4 0.18428571428571427 0.037142857142857144 0.05047619047619047 0.03571428571428571
3 0.08333333333333333 0.06142857142857143 0.06380952380952382 0.02
9 0.07095238095238095 0.1457142857142857 0.02761904761904762 0.015714285714285715
1 0.06904761904761905 0.13785714285714284 0.012380952380952381 0.015714285714285715
3 0.3680952380952381 0.05964285714285714 0.04476190476190476 0.03357142857142857
3 0.4204761904761905 0.07642857142857143 0.039047619047619046 0.025714285714285714
3 0.4076190476190476 0.12642857142857142 0.05333333333333333 0.04
3 0.21333333333333332 0.2292857142857143 0.07809523809523809 0.05
5 0.6828571428571428 0.015357142857142857 0.047619047619047616 0.03214285714285714
5 0.5323809523809524 0.1657142857142857 0.07047619047619047 0.05714285714285714
3 0.729047619047619 0.02035714285714286 0.02761904761904762 0.023571428571428573
5 0.9514285714285714 0.0064285714285714285 0.06666666666666667 0.014285714285714285
4 0.9438095238095238 0.045714285714285714 0.06666666666666667 0.02857142857142857
5 0.9280952380952381 0.09214285714285714 0.08857142857142856 0.03857142857142857
5 0.9295238095238095 0.13285714285714287 0.10285714285714286 0.05
5 0.8376190476190476 0.4114285714285714 0.15142857142857144 0.08571428571428572
4 0.8471428571428572 0.4739285714285714 0.12285714285714286 0.05785714285714286
5 0.8057142857142857 0.5260714285714285 0.17333333333333334 0.07071428571428572
3 0.7819047619047619 0.7228571428571429 0.14666666666666667 0.05285714285714286
5 1.2152380952380952 0.7239285714285715 0.22857142857142856 0.05071428571428571
5 1.2047619047619047 0.6714285714285714 0.22476190476190477 0.08
5 1.1866666666666668 0.5935714285714285 0.19428571428571428 0.08285714285714285
3 1.1242857142857143 0.43535714285714283 0.11714285714285715 0.047857142857142855
3 1.2447619047619047 0.38285714285714284 0.11047619047619048 0.04285714285714286
3 1.3 0.5282142857142857 0.06476190476190476 0.04357142857142857
3 1.2809523809523808 0.4782142857142857 0.10285714285714286 0.04214285714285714
3 1.252857142857143 0.2832142857142857 0.09238095238095238 0.03642857142857143
3 1.2495238095238095 0.2567857142857143 0.08 0.029285714285714286
3 1.23 0.23642857142857143 0.09619047619047619 0.03142857142857143
3 1.2261904761904763 0.20357142857142857 0.08476190476190476 0.03571428571428571
4 1.197142857142857 0.15607142857142858 0.07047619047619047 0.027857142857142858
3 1.208095238095238 0.13142857142857142 0.07714285714285714 0.024285714285714285
3 1.111904761904762 0.06714285714285714 0.03142857142857143 0.022857142857142857
3 1.250952380952381 0.075 0.03333333333333333 0.022857142857142857
3 1.2123809523809523 0.1075 0.06666666666666667 0.020714285714285713
3 1.2019047619047618 0.09178571428571429 0.06285714285714286 0.017857142857142856
3 1.19 0.07892857142857143 0.06190476190476191 0.017857142857142856
3 1.1842857142857144 0.07 0.06380952380952382 0.02
3 1.1661904761904762 0.053214285714285714 0.06761904761904762 0.017857142857142856
3 1.168095238095238 0.04607142857142857 0.06380952380952382 0.015
3 1.1628571428571428 0.03571428571428571 0.045714285714285714 0.012857142857142857
3 1.15 0.01607142857142857 0.054285714285714284 0.016428571428571428
3 1.1585714285714286 0.008928571428571428 0.04857142857142857 0.013571428571428571
3 1.090952380952381 0.0067857142857142855 0.04857142857142857 0.015
3 1.091904761904762 0.015357142857142857 0.05238095238095238 0.02214285714285714
3 1.3057142857142856 0.031071428571428573 0.05333333333333333 0.017857142857142856
3 1.3047619047619048 0.02107142857142857 0.05523809523809524 0.010714285714285714
3 1.2857142857142858 0.013214285714285715 0.049523809523809526 0.012142857142857143
3 1.3138095238095238 0.06535714285714286 0.037142857142857144 0.012142857142857143
4 1.3161904761904761 0.07964285714285714 0.03238095238095238 0.023571428571428573
3 1.319047619047619 0.09678571428571428 0.026666666666666665 0.016428571428571428
