3 0.37666666666666665 0.6403571428571428 0.04666666666666667 0.025
3 0.38904761904761903 0.6178571428571429 0.040952380952380955 0.022857142857142857
4 0.49333333333333335 0.38392857142857145 0.017142857142857144 0.013571428571428571
3 0.4804761904761905 0.39107142857142857 0.012380952380952381 0.007857142857142858
3 0.47619047619047616 0.39285714285714285 0.013333333333333332 0.007142857142857143
3 0.6214285714285714 0.6310714285714286 0.03333333333333333 0.055
3 0.6642857142857143 0.5971428571428572 0.03333333333333333 0.054285714285714284
3 0.72 0.5614285714285714 0.03238095238095238 0.047142857142857146
3 0.7533333333333333 0.5285714285714286 0.04 0.04285714285714286
3 0.6285714285714286 0.5796428571428571 0.03238095238095238 0.04071428571428572
3 0.6733333333333333 0.5457142857142857 0.030476190476190476 0.041428571428571426
3 0.6385714285714286 0.5392857142857143 0.02761904761904762 0.03571428571428571
3 0.7128571428571429 0.5139285714285714 0.03142857142857143 0.03785714285714286
3 0.75 0.47928571428571426 0.03142857142857143 0.032857142857142856
3 0.7157142857142857 0.47928571428571426 0.02761904761904762 0.032857142857142856
3 0.6761904761904762 0.5064285714285715 0.026666666666666665 0.032857142857142856
4 0.6423809523809524 0.5025 0.02761904761904762 0.03214285714285714
3 0.6738095238095239 0.4764285714285714 0.023809523809523808 0.03
3 0.6457142857142857 0.475 0.022857142857142857 0.024285714285714285
3 0.7442857142857143 0.44892857142857145 0.025714285714285714 0.030714285714285715
3 0.7119047619047619 0.4475 0.02761904761904762 0.030714285714285715
3 0.679047619047619 0.4475 0.022857142857142857 0.025
3 0.6480952380952381 0.4467857142857143 0.025714285714285714 0.025
3 0.6504761904761904 0.42642857142857143 0.01904761904761905 0.02
4 0.6747619047619048 0.425 0.021904761904761906 0.025714285714285714
3 0.7104761904761905 0.4253571428571429 0.022857142857142857 0.02214285714285714
3 0.74 0.41964285714285715 0.024761904761904763 0.025
4 0.7066666666666667 0.3989285714285714 0.02095238095238095 0.02214285714285714
3 0.7328571428571429 0.3942857142857143 0.023809523809523808 0.022857142857142857
3 0.6823809523809524 0.39321428571428574 0.018095238095238095 0.019285714285714285
3 0.6833333333333333 0.375 0.01619047619047619 0.017142857142857144
3 0.7309523809523809 0.3767857142857143 0.018095238095238095 0.017857142857142856
4 0.7280952380952381 0.35714285714285715 0.02 0.017142857142857144
3 0.7219047619047619 0.3457142857142857 0.017142857142857144 0.015714285714285715
3 0.7057142857142857 0.35678571428571426 0.015238095238095238 0.016428571428571428
3 0.7061904761904761 0.3367857142857143 0.014285714285714285 0.013571428571428571
3 0.7609523809523809 0.3435714285714286 0.017142857142857144 0.017142857142857144
3 0.7823809523809524 0.32142857142857145 0.01619047619047619 0.017142857142857144
3 0.7495238095238095 0.3182142857142857 0.015238095238095238 0.013571428571428571
4 0.7414285714285714 0.2957142857142857 0.012380952380952381 0.012857142857142857
3 0.7604761904761905 0.295 0.014285714285714285 0.012857142857142857
3 0.7790476190476191 0.2792857142857143 0.011428571428571429 0.011428571428571429
3 0.7590476190476191 0.2782142857142857 0.011428571428571429 0.009285714285714286
3 0.7376190476190476 0.28714285714285714 0.010476190476190476 0.008571428571428572
3 0.75 0.27035714285714285 0.010476190476190476 0.007857142857142858
3 0.7342857142857143 0.2760714285714286 0.011428571428571429 0.009285714285714286
3 0.7480952380952381 0.26535714285714285 0.008571428571428572 0.007857142857142858
3 0.7333333333333333 0.2675 0.007619047619047619 0.0064285714285714285
3 0.7285714285714285 0.2625 0.009523809523809525 0.007857142857142858
3 0.7433333333333333 0.2567857142857143 0.008571428571428572 0.0064285714285714285
3 0.7261904761904762 0.2542857142857143 0.006666666666666666 0.005714285714285714
3 0.741904761904762 0.24035714285714285 0.007619047619047619 0.0064285714285714285
3 0.7261904761904762 0.24785714285714286 0.006666666666666666 0.005714285714285714
3 0.7323809523809524 0.24107142857142858 0.005714285714285714 0.005
3 0.7214285714285714 0.24571428571428572 0.004761904761904762 0.005714285714285714
3 0.72 0.23964285714285713 0.005714285714285714 0.0035714285714285713
3 0.7280952380952381 0.23642857142857143 0.004761904761904762 0.004285714285714286
3 0.719047619047619 0.235 0.005714285714285714 0.004285714285714286
3 0.7266666666666667 0.23107142857142857 0.005714285714285714 0.0035714285714285713
3 0.7247619047619047 0.22857142857142856 0.005714285714285714 0.004285714285714286
3 0.7166666666666667 0.23035714285714284 0.004761904761904762 0.0035714285714285713
3 0.7142857142857143 0.2275 0.005714285714285714 0.0035714285714285713
3 0.7223809523809523 0.22428571428571428 0.004761904761904762 0.004285714285714286
3 0.7214285714285714 0.22035714285714286 0.004761904761904762 0.002142857142857143
3 0.7128571428571429 0.22428571428571428 0.004761904761904762 0.002857142857142857
8 0.6895238095238095 0.21571428571428572 0.005714285714285714 0.005714285714285714
3 0.6952380952380952 0.21357142857142858 0.0038095238095238095 0.002857142857142857
3 0.6847619047619048 0.21928571428571428 0.0038095238095238095 0.002857142857142857
3 0.700952380952381 0.215 0.0038095238095238095 0.002857142857142857
3 0.699047619047619 0.21785714285714286 0.0038095238095238095 0.002857142857142857
3 0.6833333333333333 0.22964285714285715 0.004761904761904762 0.002142857142857143
3 0.6895238095238095 0.22857142857142856 0.0038095238095238095 0.002857142857142857
3 0.6952380952380952 0.22607142857142856 0.0038095238095238095 0.0035714285714285713
3 0.7 0.22464285714285714 0.0038095238095238095 0.0035714285714285713
3 0.7014285714285714 0.23357142857142857 0.004761904761904762 0.002857142857142857
3 0.69 0.23285714285714285 0.004761904761904762 0.002857142857142857
3 0.6733333333333333 0.25142857142857145 0.005714285714285714 0.005714285714285714
3 0.6823809523809524 0.25142857142857145 0.004761904761904762 0.004285714285714286
3 0.6876190476190476 0.25392857142857145 0.007619047619047619 0.005
3 0.6957142857142857 0.25785714285714284 0.006666666666666666 0.005714285714285714
3 0.6685714285714286 0.2692857142857143 0.007619047619047619 0.007142857142857143
3 0.6842857142857143 0.2646428571428571 0.006666666666666666 0.005
3 0.6742857142857143 0.28785714285714287 0.007619047619047619 0.008571428571428572
4 0.7114285714285714 0.27714285714285714 0.009523809523809525 0.008571428571428572
3 0.6828571428571428 0.2957142857142857 0.009523809523809525 0.01
3 0.5766666666666667 0.3385714285714286 0.018095238095238095 0.008571428571428572
5 0.5785714285714286 0.335 0.014285714285714285 0.008571428571428572
3 0.61 0.3342857142857143 0.02 0.008571428571428572
3 0.5914285714285714 0.32107142857142856 0.015238095238095238 0.010714285714285714
