3 0.5319047619047619 0.5753571428571429 0.1419047619047619 0.12928571428571428
3 0.4257142857142857 0.7096428571428571 0.17523809523809525 0.07928571428571428
3 1.0257142857142858 0.6025 0.15619047619047619 0.11928571428571429
3 0.9485714285714286 0.49357142857142855 0.10666666666666666 0.07714285714285714
3 1.036190476190476 0.39571428571428574 0.14095238095238094 0.04428571428571428
5 1.0714285714285714 0.3264285714285714 0.12761904761904763 0.06142857142857143
3 1.2519047619047619 0.36964285714285716 0.09238095238095238 0.039285714285714285
3 1.1666666666666667 0.3317857142857143 0.08571428571428572 0.03214285714285714
3 1.2285714285714286 0.32035714285714284 0.09523809523809523 0.030714285714285715
3 0.7938095238095239 0.3028571428571429 0.08476190476190476 0.022857142857142857
3 0.7571428571428571 0.2910714285714286 0.07238095238095238 0.017857142857142856
3 0.6704761904761904 0.2646428571428571 0.02857142857142857 0.015
3 0.5866666666666667 0.33285714285714285 0.0419047619047619 0.03
3 0.5823809523809523 0.2957142857142857 0.02761904761904762 0.02142857142857143
3 0.5814285714285714 0.2814285714285714 0.02761904761904762 0.018571428571428572
3 0.5447619047619048 0.22642857142857142 0.017142857142857144 0.01
