3 0.559047619047619 0.73 0.30095238095238097 0.03857142857142857
3 0.789047619047619 0.5725 0.1380952380952381 0.19214285714285714
3 0.5723809523809524 0.5464285714285714 0.25142857142857145 0.09428571428571429
3 0.5585714285714286 0.46964285714285714 0.20857142857142857 0.08357142857142857
4 0.74 0.38785714285714284 0.09714285714285714 0.12714285714285714
3 0.5671428571428572 0.39321428571428574 0.2219047619047619 0.07785714285714286
4 0.5661904761904762 0.3314285714285714 0.19523809523809524 0.07285714285714286
3 0.57 0.2814285714285714 0.1742857142857143 0.06571428571428571
3 0.7038095238095238 0.2646428571428571 0.08 0.09642857142857143
5 0.7685714285714286 0.1775 0.11428571428571428 0.11071428571428571
1 0.8066666666666666 0.09714285714285714 0.02095238095238095 0.03
9 0.8057142857142857 0.10821428571428571 0.026666666666666665 0.029285714285714286
1 0.3942857142857143 0.18178571428571427 0.022857142857142857 0.035
9 0.40285714285714286 0.1925 0.022857142857142857 0.025
1 0.43714285714285717 0.12071428571428572 0.011428571428571429 0.02
1 0.4695238095238095 0.03571428571428571 0.022857142857142857 0.02857142857142857
3 0.4123809523809524 0.06607142857142857 0.10857142857142857 0.04214285714285714
2 0.6985714285714286 0.19 0.035238095238095235 0.03
4 0.6376190476190476 0.024285714285714285 0.04666666666666667 0.05
3 0.16142857142857142 0.3325 0.2123809523809524 0.07928571428571428
4 0.20904761904761904 0.15928571428571428 0.14952380952380953 0.054285714285714284
3 0.2580952380952381 0.1367857142857143 0.1219047619047619 0.04357142857142857
3 1.2157142857142857 0.2785714285714286 0.09619047619047619 0.09
4 1.1423809523809523 0.18571428571428572 0.13238095238095238 0.08571428571428572
1 0.9871428571428571 0.062142857142857146 0.01619047619047619 0.02857142857142857
1 0.9876190476190476 0.033928571428571426 0.015238095238095238 0.023571428571428573
2 0.9847619047619047 0.07357142857142857 0.015238095238095238 0.024285714285714285
2 0.9852380952380952 0.04357142857142857 0.012380952380952381 0.02142857142857143
4 1.2947619047619048 0.19964285714285715 0.07523809523809524 0.09642857142857143
3 0.06857142857142857 0.6567857142857143 0.13904761904761906 0.10785714285714286
3 0.9266666666666666 0.0175 0.05714285714285714 0.03642857142857143
