4 0.1742857142857143 0.725 0.10476190476190476 0.04428571428571428
4 0.30238095238095236 0.7110714285714286 0.08857142857142856 0.039285714285714285
4 0.9228571428571428 0.6285714285714286 0.07047619047619047 0.032857142857142856
4 1.0142857142857142 0.6157142857142857 0.07047619047619047 0.02857142857142857
4 0.6352380952380953 0.2732142857142857 0.026666666666666665 0.045
4 0.7052380952380952 0.3467857142857143 0.035238095238095235 0.05071428571428571
3 0.4219047619047619 0.6910714285714286 0.08190476190476191 0.035
3 0.5109523809523809 0.6782142857142857 0.07523809523809524 0.03214285714285714
3 0.5942857142857143 0.6742857142857143 0.0761904761904762 0.03428571428571429
3 0.3923809523809524 0.5710714285714286 0.08 0.030714285714285715
3 0.48857142857142855 0.5582142857142857 0.08 0.03214285714285714
3 0.5714285714285714 0.545 0.0761904761904762 0.032857142857142856
3 0.8271428571428572 0.6382142857142857 0.07142857142857142 0.03214285714285714
3 0.5947619047619047 0.28535714285714286 0.03333333333333333 0.04357142857142857
3 0.6128571428571429 0.35642857142857143 0.03333333333333333 0.04428571428571428
3 0.6847619047619048 0.40714285714285714 0.03428571428571429 0.05142857142857143
3 0.6633333333333333 0.19857142857142857 0.03333333333333333 0.04428571428571428
3 0.650952380952381 0.15178571428571427 0.03333333333333333 0.04357142857142857
3 0.5661904761904762 0.10678571428571429 0.03333333333333333 0.04071428571428572
3 0.6414285714285715 0.11464285714285714 0.03142857142857143 0.03214285714285714
3 0.5561904761904762 0.0675 0.02857142857142857 0.03642857142857143
3 0.6233333333333333 0.039285714285714285 0.023809523809523808 0.03
3 0.6466666666666666 0.34 0.030476190476190476 0.05285714285714286
5 0.6342857142857142 0.4625 0.03428571428571429 0.056428571428571425
5 0.7185714285714285 0.6585714285714286 0.09047619047619047 0.03428571428571429
6 0.62 0.405 0.024761904761904763 0.03428571428571429
6 0.8095238095238095 0.5132142857142857 0.05523809523809524 0.020714285714285713
6 1.1895238095238094 0.585 0.06285714285714286 0.03
6 1.260952380952381 0.5803571428571429 0.05333333333333333 0.03214285714285714
9 0.8166666666666667 0.5457142857142857 0.03333333333333333 0.015714285714285715
9 0.8814285714285715 0.5042857142857143 0.018095238095238095 0.02
9 0.9 0.5039285714285714 0.02095238095238095 0.02214285714285714
9 0.9266666666666666 0.5017857142857143 0.026666666666666665 0.02214285714285714
9 0.9557142857142857 0.4957142857142857 0.025714285714285714 0.02142857142857143
9 1.0171428571428571 0.49214285714285716 0.03619047619047619 0.014285714285714285
9 0.7614285714285715 0.5210714285714285 0.02761904761904762 0.017857142857142856
9 0.7095238095238096 0.4825 0.022857142857142857 0.023571428571428573
9 0.7261904761904762 0.43464285714285716 0.02761904761904762 0.012142857142857143
9 0.7233333333333334 0.41892857142857143 0.025714285714285714 0.013571428571428571
9 0.669047619047619 0.44392857142857145 0.018095238095238095 0.017857142857142856
9 0.660952380952381 0.4160714285714286 0.013333333333333332 0.020714285714285713
9 0.6490476190476191 0.4007142857142857 0.012380952380952381 0.02
9 0.6752380952380952 0.3632142857142857 0.011428571428571429 0.02214285714285714
9 0.6719047619047619 0.3407142857142857 0.012380952380952381 0.02142857142857143
9 0.6661904761904762 0.31035714285714283 0.010476190476190476 0.019285714285714285
9 0.628095238095238 0.30392857142857144 0.012380952380952381 0.019285714285714285
9 0.6633333333333333 0.3875 0.010476190476190476 0.023571428571428573
9 0.669047619047619 0.4617857142857143 0.018095238095238095 0.016428571428571428
9 0.5895238095238096 0.03214285714285714 0.011428571428571429 0.017142857142857144
9 0.6047619047619047 0.09035714285714286 0.011428571428571429 0.016428571428571428
9 0.6342857142857142 0.07928571428571428 0.024761904761904763 0.011428571428571429
9 0.6376190476190476 0.09178571428571429 0.023809523809523808 0.012142857142857143
9 0.7185714285714285 0.40285714285714286 0.023809523809523808 0.012857142857142857
9 0.7138095238095238 0.38107142857142856 0.021904761904761906 0.010714285714285714
9 0.5223809523809524 0.5882142857142857 0.03333333333333333 0.010714285714285714
1 0.5190476190476191 0.5882142857142857 0.011428571428571429 0.012142857142857143
1 0.5285714285714286 0.5885714285714285 0.009523809523809525 0.01
1 0.710952380952381 0.48178571428571426 0.01619047619047619 0.015
