3 1.2033333333333334 0.557 0.13599999999999998 0.053
3 1.057 0.53075 0.102 0.0485
3 0.9226666666666666 0.4825 0.11066666666666666 0.057
3 0.8256666666666667 0.435 0.08333333333333333 0.043000000000000003
4 0.6809999999999999 0.36375 0.08333333333333333 0.0385
3 0.6133333333333333 0.34275 0.07733333333333334 0.0335
3 0.11766666666666667 0.316 0.074 0.024
2 0.5576666666666666 0.2935 0.016666666666666666 0.01
2 0.5596666666666666 0.2885 0.015333333333333332 0.01
2 0.38366666666666666 0.27925 0.024666666666666667 0.0125
2 0.39666666666666667 0.2635 0.024 0.012
3 0.36666666666666664 0.2435 0.044 0.024
3 0.39599999999999996 0.21925 0.04133333333333333 0.021500000000000002
3 0.3383333333333333 0.2 0.04066666666666666 0.023
3 0.304 0.22025 0.04533333333333333 0.025500000000000002
3 0.4973333333333333 0.154 0.034666666666666665 0.017
3 0.45399999999999996 0.139 0.032 0.019
3 0.42533333333333334 0.1525 0.03333333333333333 0.019
3 0.5203333333333333 0.1375 0.03133333333333333 0.014
3 0.5576666666666666 0.12525 0.043333333333333335 0.0135
3 0.583 0.113 0.035333333333333335 0.013000000000000001
3 0.5543333333333333 0.092 0.02333333333333333 0.012
3 0.573 0.0835 0.022 0.013000000000000001
3 0.616 0.06825 0.02 0.0105
3 0.6076666666666667 0.09375 0.020666666666666667 0.0115
3 0.6246666666666666 0.0855 0.02 0.012
4 0.641 0.07575 0.020666666666666667 0.0115
2 0.6849999999999999 0.5397500000000001 0.018 0.0275
1 0.6853333333333333 0.5355 0.016 0.022
