3 1.0666666666666667 0.6160714285714286 0.33904761904761904 0.21642857142857141
3 0.3261904761904762 0.5510714285714285 0.42952380952380953 0.15642857142857142
3 0.8414285714285714 0.43142857142857144 0.20095238095238097 0.07714285714285714
3 0.17666666666666667 0.42892857142857144 0.11523809523809524 0.08214285714285714
3 0.21428571428571427 0.39535714285714285 0.08952380952380952 0.056428571428571425
3 0.24761904761904763 0.3653571428571429 0.0761904761904762 0.039285714285714285
3 0.2580952380952381 0.35214285714285715 0.06857142857142857 0.04
3 0.2680952380952381 0.3385714285714286 0.058095238095238096 0.02857142857142857
3 0.18142857142857144 0.3325 0.06190476190476191 0.03357142857142857
3 0.28476190476190477 0.32107142857142856 0.07428571428571429 0.02642857142857143
3 0.27476190476190476 0.2914285714285714 0.04857142857142857 0.015714285714285715
3 0.7309523809523809 0.4117857142857143 0.1761904761904762 0.07071428571428572
3 0.6666666666666666 0.375 0.1657142857142857 0.05142857142857143
3 0.6223809523809524 0.3678571428571429 0.13428571428571429 0.04428571428571428
3 0.5957142857142858 0.3507142857142857 0.13238095238095238 0.03571428571428571
3 0.5933333333333334 0.3482142857142857 0.13714285714285715 0.04071428571428572
3 0.5728571428571428 0.3392857142857143 0.11904761904761904 0.041428571428571426
4 0.5438095238095239 0.32142857142857145 0.12 0.047142857142857146
3 0.4838095238095238 0.31 0.049523809523809526 0.02
3 0.46190476190476193 0.3025 0.05142857142857143 0.019285714285714285
3 0.07238095238095238 0.4760714285714286 0.14666666666666667 0.10357142857142858
3 0.9895238095238095 0.5078571428571429 0.3161904761904762 0.11142857142857143
