3 0.07857142857142857 0.6010714285714286 0.15904761904761905 0.085
3 0.3080952380952381 0.5003571428571428 0.23904761904761904 0.08214285714285714
4 0.18285714285714286 0.4425 0.18476190476190477 0.085
2 1.1561904761904762 0.6635714285714286 0.09142857142857143 0.06714285714285714
1 1.3138095238095238 0.2225 0.008571428571428572 0.010714285714285714
1 0.9852380952380952 0.2692857142857143 0.010476190476190476 0.018571428571428572
1 1.2871428571428571 0.21142857142857144 0.012380952380952381 0.014285714285714285
1 0.7314285714285714 0.29892857142857143 0.015238095238095238 0.02214285714285714
1 0.6947619047619048 0.29035714285714287 0.014285714285714285 0.02214285714285714
1 0.2866666666666667 0.3117857142857143 0.015238095238095238 0.019285714285714285
1 0.2842857142857143 0.31107142857142855 0.018095238095238095 0.020714285714285713
1 0.2195238095238095 0.2975 0.01619047619047619 0.019285714285714285
1 0.2138095238095238 0.27035714285714285 0.010476190476190476 0.016428571428571428
1 0.1180952380952381 0.3442857142857143 0.02095238095238095 0.03
9 0.11952380952380952 0.35214285714285715 0.06 0.02142857142857143
9 0.28904761904761905 0.3192857142857143 0.029523809523809525 0.018571428571428572
9 0.21666666666666667 0.2735714285714286 0.02 0.012857142857142857
2 0.2219047619047619 0.30392857142857144 0.02095238095238095 0.017857142857142856
9 0.6952380952380952 0.29714285714285715 0.026666666666666665 0.012857142857142857
2 0.7304761904761905 0.305 0.03428571428571429 0.017142857142857144
2 1.217142857142857 0.23964285714285713 0.022857142857142857 0.009285714285714286
9 0.9847619047619047 0.275 0.026666666666666665 0.01
9 1.3104761904761906 0.22607142857142856 0.02095238095238095 0.010714285714285714
1 1.2190476190476192 0.2357142857142857 0.009523809523809525 0.015714285714285715
3 0.23714285714285716 0.2907142857142857 0.06285714285714286 0.02857142857142857
3 0.15142857142857144 0.27285714285714285 0.06285714285714286 0.02142857142857143
3 0.6866666666666666 0.2714285714285714 0.011428571428571429 0.022857142857142857
3 0.7380952380952381 0.26964285714285713 0.013333333333333332 0.023571428571428573
8 0.8771428571428571 0.2832142857142857 0.20761904761904762 0.065
3 0.9533333333333334 0.30142857142857143 0.0838095238095238 0.03571428571428571
3 1.0409523809523809 0.31035714285714283 0.09142857142857143 0.03357142857142857
3 1.0761904761904761 0.2835714285714286 0.0761904761904762 0.027142857142857142
3 1.0542857142857143 0.2742857142857143 0.07428571428571429 0.03
3 1.1385714285714286 0.29035714285714287 0.08476190476190476 0.029285714285714286
4 1.1357142857142857 0.25785714285714284 0.07714285714285714 0.02857142857142857
3 1.1657142857142857 0.27214285714285713 0.07047619047619047 0.025714285714285714
3 1.2257142857142858 0.2789285714285714 0.07809523809523809 0.029285714285714286
3 1.227142857142857 0.24678571428571427 0.06380952380952382 0.025
3 1.2285714285714286 0.26142857142857145 0.06666666666666667 0.024285714285714285
3 1.2852380952380953 0.26535714285714285 0.06380952380952382 0.025
3 1.282857142857143 0.24928571428571428 0.05904761904761905 0.02142857142857143
3 1.2819047619047619 0.23857142857142857 0.0380952380952381 0.017142857142857144
3 1.3023809523809524 0.24285714285714285 0.035238095238095235 0.02
4 0.2861904761904762 0.265 0.040952380952380955 0.037142857142857144
5 1.22 0.21107142857142858 0.0838095238095238 0.03214285714285714
