3 0.8134517766497461 0.36857142857142855 0.027918781725888322 0.012857142857142857
3 0.883248730964467 0.3407142857142857 0.017766497461928932 0.01
3 0.9524111675126903 0.3335714285714286 0.019035532994923856 0.012857142857142857
3 0.9327411167512689 0.29214285714285715 0.012690355329949238 0.011428571428571429
3 0.9073604060913705 0.2664285714285714 0.01015228426395939 0.008571428571428572
3 0.873730964467005 0.29392857142857143 0.013959390862944161 0.007857142857142858
3 0.8889593908629441 0.31892857142857145 0.016497461928934008 0.010714285714285714
3 0.9238578680203045 0.31464285714285717 0.015228426395939085 0.013571428571428571
3 0.9321065989847716 0.3775 0.016497461928934008 0.016428571428571428
3 0.958756345177665 0.2957142857142857 0.013959390862944161 0.011428571428571429
3 0.9162436548223349 0.2475 0.012690355329949238 0.007857142857142858
3 0.8845177664974618 0.2732142857142857 0.015228426395939085 0.007857142857142858
3 0.8597715736040609 0.2764285714285714 0.011421319796954314 0.008571428571428572
3 0.8991116751269035 0.23464285714285715 0.011421319796954314 0.007857142857142858
3 0.9232233502538071 0.21892857142857142 0.008883248730964466 0.009285714285714286
3 0.9282994923857867 0.19035714285714286 0.006345177664974619 0.005
3 0.690989847715736 0.325 0.03934010152284264 0.008571428571428572
3 0.9156091370558375 0.18821428571428572 0.008883248730964466 0.005
3 0.9308375634517766 0.18214285714285713 0.008883248730964466 0.005714285714285714
3 0.9206852791878172 0.17892857142857144 0.006345177664974619 0.005
3 0.9670050761421319 0.1825 0.0076142131979695426 0.0064285714285714285
3 0.9682741116751268 0.1717857142857143 0.01015228426395939 0.005
3 0.9314720812182741 0.17392857142857143 0.0076142131979695426 0.005
3 0.9314720812182741 0.14785714285714285 0.005076142131979695 0.002857142857142857
3 0.9428934010152283 0.15321428571428572 0.005076142131979695 0.0035714285714285713
3 0.9689086294416243 0.15142857142857144 0.006345177664974619 0.004285714285714286
3 0.9651015228426395 0.1457142857142857 0.006345177664974619 0.002857142857142857
3 0.965736040609137 0.14 0.0076142131979695426 0.004285714285714286
3 0.9454314720812182 0.12892857142857142 0.005076142131979695 0.002142857142857143
3 0.9473350253807106 0.125 0.0038071065989847713 0.004285714285714286
3 0.9486040609137055 0.12071428571428572 0.0038071065989847713 0.004285714285714286
3 0.9505076142131978 0.11571428571428571 0.005076142131979695 0.002857142857142857
3 0.9581218274111675 0.11642857142857142 0.005076142131979695 0.004285714285714286
3 0.9530456852791878 0.10964285714285714 0.005076142131979695 0.0035714285714285713
3 0.949238578680203 0.14107142857142857 0.005076142131979695 0.0035714285714285713
3 0.9498730964467005 0.1367857142857143 0.006345177664974619 0.0035714285714285713
3 0.9758883248730964 0.13107142857142856 0.005076142131979695 0.0035714285714285713
3 0.9670050761421319 0.12642857142857142 0.005076142131979695 0.004285714285714286
3 0.9530456852791878 0.1332142857142857 0.005076142131979695 0.005
8 0.9378172588832486 0.1175 0.01015228426395939 0.009285714285714286
8 0.9359137055837563 0.1275 0.011421319796954314 0.009285714285714286
4 0.9416243654822334 0.1382142857142857 0.005076142131979695 0.0035714285714285713
4 0.9454314720812182 0.1475 0.0076142131979695426 0.005
4 0.9371827411167512 0.14392857142857143 0.006345177664974619 0.0064285714285714285
4 0.9333756345177664 0.15285714285714286 0.008883248730964466 0.004285714285714286
3 0.9213197969543147 0.15285714285714286 0.005076142131979695 0.004285714285714286
4 0.9676395939086294 0.13214285714285715 0.006345177664974619 0.004285714285714286
5 0.956218274111675 0.12357142857142857 0.008883248730964466 0.005714285714285714
3 0.9765228426395939 0.15642857142857142 0.006345177664974619 0.004285714285714286
3 0.9517766497461928 0.17 0.0076142131979695426 0.004285714285714286
3 0.9676395939086294 0.19 0.008883248730964466 0.007142857142857143
3 0.9244923857868019 0.2075 0.008883248730964466 0.0064285714285714285
3 0.9765228426395939 0.1682142857142857 0.008883248730964466 0.005
3 0.9270304568527918 0.1992857142857143 0.008883248730964466 0.004285714285714286
3 0.9486040609137055 0.22214285714285714 0.011421319796954314 0.011428571428571429
3 0.982233502538071 0.2760714285714286 0.015228426395939085 0.010714285714285714
3 0.9828680203045684 0.25285714285714284 0.011421319796954314 0.008571428571428572
3 0.9828680203045684 0.32535714285714284 0.013959390862944161 0.012142857142857143
3 0.9841370558375634 0.36607142857142855 0.016497461928934008 0.016428571428571428
3 0.9854060913705583 0.405 0.021573604060913704 0.018571428571428572
4 0.9835025380710659 0.49178571428571427 0.025380710659898477 0.029285714285714286
4 0.9422588832487309 0.45357142857142857 0.026649746192893398 0.02857142857142857
4 0.9282994923857867 0.5546428571428571 0.029187817258883246 0.013571428571428571
4 0.9003807106598984 0.2914285714285714 0.013959390862944161 0.01
3 0.9828680203045684 0.30214285714285716 0.013959390862944161 0.011428571428571429
4 0.9625634517766497 0.26571428571428574 0.013959390862944161 0.014285714285714285
4 0.9625634517766497 0.24607142857142858 0.013959390862944161 0.010714285714285714
4 0.9194162436548222 0.2342857142857143 0.011421319796954314 0.008571428571428572
3 0.9213197969543147 0.1725 0.0076142131979695426 0.005
3 0.9841370558375634 0.1982142857142857 0.008883248730964466 0.007857142857142858
5 0.9701776649746192 0.19714285714285715 0.013959390862944161 0.012857142857142857
5 0.9048223350253807 0.21357142857142858 0.017766497461928932 0.012857142857142857
5 0.8439086294416243 0.3007142857142857 0.02284263959390863 0.017142857142857144
8 0.9105329949238578 0.2007142857142857 0.016497461928934008 0.014285714285714285
3 0.9486040609137055 0.17357142857142857 0.008883248730964466 0.005714285714285714
4 1.6135786802030456 0.4303571428571429 0.08502538071065989 0.019285714285714285
