2 0.38904761904761903 0.5532142857142857 0.08095238095238096 0.04357142857142857
1 0.2714285714285714 0.46535714285714286 0.049523809523809526 0.04642857142857143
1 0.26857142857142857 0.4471428571428571 0.03428571428571429 0.04857142857142857
9 1.0885714285714285 0.45357142857142857 0.045714285714285714 0.05714285714285714
1 0.6680952380952381 0.2417857142857143 0.004761904761904762 0.0064285714285714285
1 0.6661904761904762 0.21964285714285714 0.006666666666666666 0.010714285714285714
2 0.6676190476190477 0.2225 0.009523809523809525 0.0064285714285714285
1 0.2123809523809524 0.2910714285714286 0.015238095238095238 0.017857142857142856
1 0.1961904761904762 0.2960714285714286 0.017142857142857144 0.017857142857142856
1 0.17904761904761904 0.29642857142857143 0.02095238095238095 0.02
1 0.18714285714285714 0.28964285714285715 0.010476190476190476 0.013571428571428571
1 0.2 0.2882142857142857 0.011428571428571429 0.013571428571428571
2 0.17714285714285713 0.2739285714285714 0.04 0.013571428571428571
9 0.1419047619047619 0.28535714285714286 0.03238095238095238 0.013571428571428571
