3 0.21319796954314718 0.20857142857142857 0.09898477157360405 0.08428571428571428
3 0.17766497461928932 0.37142857142857144 0.09390862944162436 0.09571428571428571
3 0.641497461928934 0.4207142857142857 0.10786802030456852 0.09571428571428571
3 1.3178934010152283 0.5307142857142857 0.11802030456852791 0.06142857142857143
3 1.5678934010152283 0.5221428571428571 0.1713197969543147 0.07857142857142857
3 1.6782994923857866 0.5067857142857143 0.17893401015228425 0.10928571428571429
4 1.1967005076142132 0.5282142857142857 0.13451776649746192 0.06642857142857143
3 1.7315989847715734 0.4882142857142857 0.08756345177664974 0.13642857142857143
5 1.6713197969543145 0.3314285714285714 0.2081218274111675 0.18
5 1.6085025380710658 0.3492857142857143 0.2880710659898477 0.17
5 1.2239847715736039 0.3925 0.22208121827411165 0.16357142857142856
5 1.0285532994923856 0.12607142857142858 0.16624365482233502 0.13642857142857143
5 1.2258883248730963 0.09857142857142857 0.15989847715736039 0.14142857142857143
5 1.3286802030456852 0.09035714285714286 0.16751269035532992 0.14214285714285715
5 1.3991116751269035 0.07071428571428572 0.14593908629441624 0.11571428571428571
5 1.4936548223350252 0.05821428571428571 0.13705583756345177 0.115
5 1.5901015228426394 0.054642857142857146 0.1548223350253807 0.11071428571428571
5 1.6941624365482233 0.05178571428571429 0.16243654822335024 0.10357142857142858
3 0.5184010152284264 0.4467857142857143 0.10279187817258882 0.12357142857142857
3 0.39847715736040606 0.4614285714285714 0.11928934010152284 0.13285714285714287
3 0.26015228426395937 0.48035714285714287 0.13197969543147206 0.14214285714285715
3 0.14403553299492386 0.4832142857142857 0.11294416243654821 0.13357142857142856
3 0.47144670050761417 0.1657142857142857 0.09771573604060912 0.09
3 0.38832487309644664 0.3264285714285714 0.12690355329949238 0.13857142857142857
4 0.49873096446700504 0.3142857142857143 0.13959390862944163 0.13285714285714287
4 0.11421319796954314 0.20357142857142857 0.11167512690355329 0.10428571428571429
3 0.035532994923857864 0.22357142857142856 0.07360406091370558 0.08571428571428572
3 0.03934010152284264 0.5060714285714286 0.08121827411167512 0.11071428571428571
