3 0.8033395176252319 0.33141962421711896 0.07977736549165121 0.03653444676409186
3 0.8538961038961039 0.29227557411273486 0.07142857142857142 0.033402922755741124
3 0.7509276437847866 0.2967118997912317 0.07142857142857142 0.03079331941544885
9 1.0936920222634507 0.217901878914405 0.01855287569573284 0.015135699373695197
9 1.1665120593692022 0.2124217118997912 0.030612244897959183 0.014613778705636741
3 1.0264378478664193 0.21346555323590813 0.05658627087198516 0.027139874739039664
3 0.9299628942486086 0.22259916492693108 0.06029684601113173 0.02974947807933194
3 0.8956400742115028 0.23277661795407095 0.06586270871985157 0.027139874739039664
3 0.8613172541743971 0.24191022964509393 0.07328385899814471 0.02766179540709812
3 0.8320964749536178 0.2643528183716075 0.07792207792207792 0.019311064718162838
6 0.7843228200371057 0.2481732776617954 0.03246753246753247 0.01826722338204593
3 0.7295918367346939 0.2802713987473904 0.07884972170686456 0.029227557411273482
3 0.6525974025974026 0.2549582463465553 0.075139146567718 0.028705636743215027
4 0.6266233766233766 0.24008350730688932 0.06586270871985157 0.031315240083507306
4 0.6015769944341373 0.22494780793319413 0.06771799628942486 0.028183716075156573
3 0.4962894248608534 0.30167014613778703 0.06493506493506494 0.030271398747390394
3 0.5528756957328386 0.33350730688935276 0.06679035250463822 0.037578288100208766
3 0.28664192949907236 0.5365344467640918 0.08534322820037106 0.050104384133611686
3 0.3520408163265306 0.5198329853862212 0.08441558441558442 0.05532359081419624
3 0.44387755102040816 0.46711899791231726 0.10667903525046382 0.052192066805845504
3 0.5547309833024119 0.43110647181628386 0.0927643784786642 0.050104384133611686
3 0.3534322820037106 0.1390918580375783 0.04452690166975881 0.022442588726513567
4 0.29730983302411873 0.1051670146137787 0.030612244897959183 0.023486430062630476
9 1.4285714285714286 0.22651356993736949 0.027829313543599257 0.009394572025052192
1 1.427643784786642 0.2246868475991649 0.011131725417439703 0.012004175365344467
9 1.303339517625232 0.06471816283924843 0.020408163265306124 0.008350730688935281
9 1.540352504638219 0.0701983298538622 0.0176252319109462 0.009916492693110646
1 1.4294990723562153 0.04958246346555323 0.0074211502782931356 0.006263048016701461
9 1.4267161410018554 0.053496868475991645 0.011131725417439703 0.008872651356993735
9 1.3974953617810761 0.03157620041753653 0.02319109461966605 0.009916492693110646
3 1.6210575139146568 0.019832985386221292 0.03246753246753247 0.016701461377870562
4 1.7546382189239333 0.0060020876826722335 0.030612244897959183 0.013048016701461376
3 1.4777365491651206 0.040970772442588725 0.03339517625231911 0.016179540709812108
4 1.1665120593692022 0.050626304801670144 0.045454545454545456 0.018789144050104383
3 1.1702226345083488 0.02948851774530271 0.05287569573283859 0.016179540709812108
3 1.1173469387755102 0.04410229645093945 0.05287569573283859 0.01826722338204593
3 1.0742115027829313 0.043841336116910226 0.05009276437847866 0.015657620041753653
9 1.1062152133580705 0.013308977035490605 0.015769944341372914 0.009916492693110646
3 0.9536178107606679 0.06132567849686847 0.05380333951762523 0.022442588726513567
3 0.8956400742115028 0.05036534446764091 0.05287569573283859 0.017223382045929016
3 0.8432282003710575 0.038622129436325675 0.05009276437847866 0.018789144050104383
3 0.911873840445269 0.006524008350730688 0.04452690166975881 0.014091858037578286
