5 0.2506345177664974 0.1757142857142857 0.05456852791878172 0.03142857142857143
5 0.3699238578680203 0.12428571428571429 0.049492385786802026 0.027142857142857142
5 1.4060913705583755 0.31392857142857145 0.06598984771573603 0.04071428571428572
5 1.4739847715736039 0.30642857142857144 0.0748730964467005 0.045714285714285714
5 1.5824873096446699 0.2275 0.053299492385786795 0.03357142857142857
5 1.1611675126903553 0.19178571428571428 0.053299492385786795 0.019285714285714285
5 1.16243654822335 0.18107142857142858 0.09390862944162436 0.027857142857142858
5 0.5602791878172588 0.05392857142857143 0.029187817258883246 0.016428571428571428
5 0.782994923857868 0.040357142857142855 0.02284263959390863 0.013571428571428571
4 0.025380710659898477 0.23142857142857143 0.053299492385786795 0.022857142857142857
4 0.4498730964467005 0.08714285714285715 0.029187817258883246 0.014285714285714285
4 0.43845177664974616 0.07785714285714286 0.026649746192893398 0.008571428571428572
4 0.5875634517766497 0.02857142857142857 0.017766497461928932 0.008571428571428572
8 0.8692893401015228 0.43 0.15228426395939085 0.08714285714285715
3 1.3324873096446699 0.5042857142857143 0.09898477157360405 0.045714285714285714
3 1.5145939086294415 0.3675 0.049492385786802026 0.030714285714285715
3 1.5862944162436547 0.3171428571428571 0.03807106598984771 0.024285714285714285
3 1.4930203045685277 0.2621428571428571 0.03680203045685279 0.018571428571428572
3 1.3521573604060912 0.3510714285714286 0.04441624365482233 0.023571428571428573
3 1.3883248730964466 0.36214285714285716 0.050761421319796954 0.02
3 1.4295685279187815 0.3425 0.03934010152284264 0.017857142857142856
3 1.4638324873096447 0.28 0.03934010152284264 0.017142857142857144
3 1.5107868020304567 0.2864285714285714 0.03680203045685279 0.025714285714285714
3 1.53997461928934 0.2710714285714286 0.03680203045685279 0.020714285714285713
3 1.5596446700507614 0.2507142857142857 0.03807106598984771 0.018571428571428572
3 1.5088832487309642 0.24464285714285713 0.035532994923857864 0.015
3 0.8826142131979695 0.2642857142857143 0.04187817258883248 0.024285714285714285
3 0.7868020304568527 0.1725 0.02284263959390863 0.015
3 0.9689086294416243 0.08142857142857143 0.021573604060913704 0.012857142857142857
3 0.9308375634517766 0.07 0.011421319796954314 0.01
3 0.6967005076142131 0.08928571428571429 0.015228426395939085 0.01
8 0.5107868020304568 0.10035714285714285 0.07233502538071065 0.035
3 0.5006345177664975 0.07107142857142858 0.024111675126903553 0.009285714285714286
3 0.47335025380710655 0.08857142857142856 0.03045685279187817 0.008571428571428572
3 0.631979695431472 0.032857142857142856 0.015228426395939085 0.008571428571428572
3 0.656725888324873 0.015714285714285715 0.011421319796954314 0.005714285714285714
3 0.6782994923857868 0.016785714285714286 0.008883248730964466 0.005
3 0.6833756345177664 0.01 0.019035532994923856 0.005714285714285714
3 0.28870558375634514 0.1442857142857143 0.03426395939086294 0.015714285714285715
3 0.9866751269035532 0.04607142857142857 0.019035532994923856 0.012142857142857143
3 0.9847715736040609 0.10535714285714286 0.015228426395939085 0.010714285714285714
3 1.0006345177664975 0.10535714285714286 0.016497461928934008 0.009285714285714286
3 0.8908629441624365 0.21035714285714285 0.055837563451776644 0.013571428571428571
3 0.8629441624365481 0.2042857142857143 0.04314720812182741 0.012857142857142857
3 0.8610406091370558 0.19785714285714287 0.06472081218274112 0.02
3 1.008248730964467 0.18428571428571427 0.05964467005076142 0.02142857142857143
3 1.0818527918781724 0.19214285714285714 0.052030456852791875 0.022857142857142857
3 1.0596446700507614 0.19607142857142856 0.050761421319796954 0.02214285714285714
3 1.034263959390863 0.1707142857142857 0.048223350253807105 0.017142857142857144
3 1.3610406091370557 0.18321428571428572 0.031725888324873094 0.012142857142857143
3 1.5805837563451774 0.19785714285714287 0.019035532994923856 0.014285714285714285
3 1.6275380710659897 0.2032142857142857 0.031725888324873094 0.017857142857142856
4 1.562182741116751 0.2067857142857143 0.027918781725888322 0.019285714285714285
8 1.53997461928934 0.22071428571428572 0.04441624365482233 0.03
8 1.3305837563451777 0.12285714285714286 0.05964467005076142 0.018571428571428572
8 1.381979695431472 0.14464285714285716 0.07360406091370558 0.03214285714285714
8 1.0520304568527918 0.09357142857142857 0.04314720812182741 0.014285714285714285
3 1.2538071065989846 0.41214285714285714 0.06091370558375634 0.037142857142857144
3 1.3540609137055837 0.44107142857142856 0.07868020304568528 0.055
3 1.298223350253807 0.42214285714285715 0.06852791878172589 0.05
3 1.2106598984771573 0.11214285714285714 0.04568527918781726 0.014285714285714285
3 0.7271573604060914 0.060714285714285714 0.025380710659898477 0.01
3 0.8013959390862944 0.10071428571428571 0.016497461928934008 0.011428571428571429
4 0.3826142131979695 0.1125 0.04187817258883248 0.020714285714285713
