3 1.436456400742115 0.46581419624217113 0.10296846011131726 0.032881002087682666
3 1.067717996289425 0.41779749478079325 0.1038961038961039 0.032881002087682666
3 0.9828385899814471 0.27635699373695194 0.043599257884972174 0.0360125260960334
4 1.0069573283859 0.23799582463465552 0.045454545454545456 0.037578288100208766
3 1.0282931354359925 0.18971816283924842 0.039888682745825604 0.03079331941544885
3 1.0524118738404453 0.08950939457202504 0.01948051948051948 0.02139874739039666
3 0.9995361781076066 0.08011482254697286 0.030612244897959183 0.020354906054279746
3 1.0236549165120594 0.042536534446764085 0.026901669758812616 0.017223382045929016
2 1.6066790352504638 0.4154488517745302 0.025974025974025976 0.013569937369519832
9 1.2866419294990723 0.3504697286012526 0.00927643784786642 0.014091858037578286
9 0.22866419294990725 0.22520876826722336 0.0176252319109462 0.015135699373695197
9 0.33487940630797774 0.23277661795407095 0.0074211502782931356 0.008350730688935281
9 0.3469387755102041 0.2322546972860125 0.011131725417439703 0.009394572025052192
9 0.3585343228200371 0.23486430062630478 0.012059369202226345 0.011482254697286011
9 0.3719851576994434 0.23851774530271397 0.00927643784786642 0.012526096033402922
9 0.3826530612244898 0.23851774530271397 0.013914656771799629 0.011482254697286011
9 0.5148423005565863 0.25443632567849683 0.00927643784786642 0.009916492693110646
9 0.5278293135435993 0.25469728601252606 0.00927643784786642 0.010438413361169102
9 0.5630797773654916 0.2627870563674321 0.012987012987012988 0.012004175365344467
9 0.5816326530612245 0.2617432150313152 0.014842300556586271 0.012004175365344467
9 0.6219851576994434 0.26800626304801667 0.008348794063079777 0.013048016701461376
9 0.634508348794063 0.2674843423799582 0.00927643784786642 0.010960334029227557
9 0.6461038961038961 0.2706158663883089 0.012059369202226345 0.010960334029227557
9 0.6683673469387755 0.27453027139874736 0.013914656771799629 0.014613778705636741
9 0.7592764378478665 0.2849686847599165 0.010204081632653062 0.014613778705636741
9 0.7755102040816326 0.2883611691022964 0.012987012987012988 0.014091858037578286
9 0.800556586270872 0.29070981210855945 0.0074211502782931356 0.016701461377870562
9 0.8163265306122449 0.2909707724425887 0.0074211502782931356 0.015135699373695197
9 0.8307050092764379 0.29201461377870563 0.010204081632653062 0.016179540709812108
3 0.5653988868274583 0.5260960334029227 0.11224489795918367 0.04070981210855949
5 0.462430426716141 0.5039144050104384 0.07699443413729128 0.028705636743215027
3 0.4230055658627087 0.5339248434237995 0.11317254174397032 0.038622129436325675
3 0.3274582560296846 0.5534968684759916 0.05194805194805195 0.016179540709812108
3 0.19619666048237477 0.5495824634655532 0.0640074211502783 0.024008350730688934
3 0.13358070500927643 0.543580375782881 0.0927643784786642 0.0360125260960334
3 0.05473098330241188 0.5005219206680585 0.11131725417439703 0.037578288100208766
9 0.05519480519480519 0.4558977035490605 0.04730983302411874 0.016179540709812108
5 0.01901669758812616 0.14587682672233818 0.039888682745825604 0.03705636743215031
4 0.04267161410018553 0.12291231732776617 0.0575139146567718 0.02453027139874739
4 0.07931354359925788 0.09368475991649268 0.039888682745825604 0.025574112734864297
3 0.026437847866419294 0.08689979123173276 0.05102040816326531 0.02453027139874739
