4 0.6976666666666667 0.6725 0.29 0.099
4 0.6649999999999999 0.5795 0.22066666666666665 0.093
4 0.7746666666666666 0.441 0.088 0.109
4 0.637 0.502 0.186 0.081
3 0.6196666666666667 0.45025 0.17933333333333332 0.0725
3 0.6116666666666667 0.40650000000000003 0.16733333333333333 0.058
3 0.7296666666666667 0.30775 0.062 0.0675
5 0.6156666666666667 0.316 0.14333333333333334 0.051000000000000004
4 0.6043333333333333 0.28400000000000003 0.11266666666666666 0.045
3 0.6013333333333333 0.264 0.12933333333333333 0.038
3 0.6056666666666667 0.23875000000000002 0.118 0.0345
4 0.6126666666666667 0.21025 0.12666666666666665 0.0495
3 0.6153333333333333 0.2005 0.10533333333333333 0.029
3 0.602 0.18575 0.09466666666666666 0.029500000000000002
3 0.598 0.169 0.092 0.028
3 0.5973333333333333 0.15425 0.088 0.0285
3 0.586 0.14375000000000002 0.088 0.0265
4 0.5873333333333333 0.12825 0.064 0.0245
3 0.6306666666666666 0.12425 0.07466666666666666 0.0245
3 0.5873333333333333 0.11475 0.08133333333333333 0.0235
4 0.598 0.1 0.07466666666666666 0.025
4 0.6243333333333333 0.0805 0.057999999999999996 0.025
4 0.6063333333333333 0.07325 0.06466666666666666 0.0225
4 0.5903333333333333 0.06675 0.07133333333333333 0.0275
3 0.5833333333333333 0.0535 0.06 0.018000000000000002
3 0.607 0.04675 0.051333333333333335 0.0155
4 0.631 0.03975 0.041999999999999996 0.0145
4 0.6513333333333333 0.0485 0.04133333333333333 0.023
4 0.6393333333333333 0.05825 0.042666666666666665 0.0195
4 0.6616666666666666 0.07 0.028666666666666667 0.028
3 0.6743333333333333 0.10250000000000001 0.03666666666666667 0.025
2 0.7503333333333333 0.04125 0.020666666666666667 0.0105
3 0.775 0.0465 0.05933333333333333 0.017
3 0.776 0.0585 0.06 0.018000000000000002
9 0.7766666666666666 0.06525 0.02 0.0125
9 0.8029999999999999 0.05675 0.020666666666666667 0.0105
4 0.7373333333333333 0.10775 0.032 0.0305
3 0.7906666666666666 0.133 0.048 0.034
3 0.8163333333333334 0.09625 0.05933333333333333 0.0235
4 0.831 0.10200000000000001 0.06866666666666667 0.024
3 0.843 0.1135 0.07533333333333334 0.019
3 0.8466666666666667 0.12625 0.08266666666666667 0.025500000000000002
2 0.86 0.13625 0.025333333333333333 0.0155
9 0.8913333333333333 0.1365 0.03333333333333333 0.018000000000000002
4 1.24 0.50325 0.17333333333333334 0.0785
3 1.2089999999999999 0.445 0.18333333333333332 0.058
3 1.1206666666666667 0.3965 0.18266666666666667 0.056
2 1.2353333333333334 0.40075 0.030666666666666665 0.0395
9 1.16 0.34275 0.06 0.0315
6 1.125 0.354 0.04733333333333333 0.026000000000000002
3 1.0243333333333333 0.32625 0.16466666666666666 0.0475
3 1.0243333333333333 0.29025 0.14466666666666667 0.0395
3 0.9736666666666667 0.24275 0.12733333333333333 0.0415
3 0.9339999999999999 0.22275 0.11599999999999999 0.0345
6 0.9626666666666667 0.21025 0.06799999999999999 0.0235
9 0.963 0.18875 0.016666666666666666 0.0185
4 0.9003333333333333 0.1855 0.094 0.035
4 0.8956666666666666 0.16525 0.10466666666666666 0.0385
