3 0.29081632653061223 0.13048016701461376 0.043599257884972174 0.011482254697286011
3 0.48840445269016697 0.49608559498956156 0.10482374768089053 0.03183716075156576
9 0.2365491651205937 0.5237473903966596 0.027829313543599257 0.023486430062630476
3 0.26716141001855287 0.5521920668058454 0.027829313543599257 0.018789144050104383
3 0.5338589981447125 0.3650835073068893 0.07699443413729128 0.020354906054279746
3 0.5551948051948052 0.3264613778705636 0.06957328385899815 0.017223382045929016
3 0.5700371057513914 0.2946242171189979 0.06586270871985157 0.016179540709812108
3 0.9972170686456401 0.42771398747390393 0.05009276437847866 0.03914405010438413
9 1.0746753246753247 0.45850730688935276 0.039888682745825604 0.014091858037578286
9 1.072356215213358 0.4493736951983298 0.0352504638218924 0.013569937369519832
2 0.9717068645640075 0.3155010438413361 0.026901669758812616 0.009916492693110646
3 0.9438775510204082 0.27896659707724425 0.03246753246753247 0.022442588726513567
3 1.0166975881261595 0.01905010438413361 0.020408163265306124 0.0057411273486430055
3 0.6048237476808905 0.09498956158663882 0.025974025974025976 0.0073068893528183704
3 1.148886827458256 0.01826722338204593 0.02319109461966605 0.005219206680584551
5 1.0844155844155845 0.033402922755741124 0.025974025974025976 0.013569937369519832
3 1.1294063079777366 0.03549060542797494 0.0176252319109462 0.005219206680584551
8 1.1794990723562153 0.037578288100208766 0.03432282003710575 0.016701461377870562
8 1.153061224489796 0.03053235908141962 0.03339517625231911 0.014091858037578286
8 1.1966604823747682 0.015396659707724424 0.05194805194805195 0.010960334029227557
6 1.027365491651206 0.013308977035490605 0.0176252319109462 0.0057411273486430055
3 1.0134508348794062 0.008872651356993735 0.012059369202226345 0.005219206680584551
3 1.0055658627087198 0.0060020876826722335 0.012987012987012988 0.0057411273486430055
3 1.019016697588126 0.005219206680584551 0.012059369202226345 0.005219206680584551
3 1.014378478664193 0.0010438413361169101 0.010204081632653062 0.0031315240083507304
3 1.2625231910946197 0.1469206680584551 0.04823747680890538 0.009916492693110646
3 1.2537105751391466 0.1430062630480167 0.041743970315398886 0.010438413361169102
4 1.2203153988868274 0.12839248434237996 0.036178107606679034 0.011482254697286011
3 1.1975881261595547 0.12030271398747389 0.04081632653061225 0.008872651356993735
3 1.187847866419295 0.1166492693110647 0.041743970315398886 0.009916492693110646
4 1.176252319109462 0.11221294363256784 0.03339517625231911 0.010438413361169102
3 1.179035250463822 0.10673277661795406 0.03710575139146568 0.007828810020876827
4 1.1683673469387754 0.10177453027139874 0.03246753246753247 0.009394572025052192
3 1.1572356215213357 0.09916492693110646 0.0287569573283859 0.009394572025052192
3 1.151669758812616 0.09498956158663882 0.0287569573283859 0.0073068893528183704
3 1.0890538033395176 0.06758872651356992 0.025974025974025976 0.006784968684759916
4 1.0718923933209648 0.06263048016701461 0.026901669758812616 0.0073068893528183704
3 1.050556586270872 0.05167014613778705 0.02504638218923933 0.005219206680584551
3 0.9791280148423006 0.019311064718162838 0.02319109461966605 0.0041753653444676405
1 1.4568645640074211 0.09551148225469727 0.00463821892393321 0.005219206680584551
9 1.455009276437848 0.0975991649269311 0.008348794063079777 0.005219206680584551
3 0.9327458256029685 0.41022964509394566 0.04730983302411874 0.018789144050104383
3 0.9550092764378478 0.23643006263048014 0.03432282003710575 0.018789144050104383
4 1.0180890538033396 0.17275574112734862 0.041743970315398886 0.012526096033402922
4 0.6294063079777366 0.20537578288100206 0.02319109461966605 0.014091858037578286
9 0.37708719851576994 0.3470772442588726 0.013914656771799629 0.013569937369519832
9 0.38543599257884975 0.33011482254697283 0.008348794063079777 0.012004175365344467
9 0.3970315398886827 0.32672233820459284 0.011131725417439703 0.012526096033402922
9 0.31215213358070504 0.487473903966597 0.039888682745825604 0.012526096033402922
6 0.2820037105751392 0.48173277661795405 0.029684601113172542 0.028183716075156573
