3 1.1850649350649352 0.5153966597077244 0.08441558441558442 0.023486430062630476
3 1.1985157699443414 0.3319415448851774 0.06493506493506494 0.01774530271398747
3 1.1957328385899815 0.3194154488517745 0.06307977736549165 0.013569937369519832
3 1.1975881261595547 0.29201461377870563 0.059369202226345084 0.016179540709812108
3 1.2045454545454546 0.2836638830897703 0.06029684601113173 0.013048016701461376
3 1.2416512059369202 0.2455636743215031 0.036178107606679034 0.013048016701461376
4 1.1321892393320965 0.2124217118997912 0.05658627087198516 0.014613778705636741
3 1.023191094619666 0.20955114822546972 0.05009276437847866 0.009916492693110646
3 1.2912801484230056 0.12734864300626303 0.0352504638218924 0.008350730688935281
3 1.2769016697588127 0.11351774530271398 0.03432282003710575 0.008872651356993735
3 1.0584415584415585 0.12787056367432148 0.03153988868274583 0.008350730688935281
3 1.056586270871985 0.11195198329853862 0.03153988868274583 0.007828810020876827
3 1.0426716141001855 0.08194154488517745 0.027829313543599257 0.008350730688935281
3 0.975417439703154 0.10960334029227556 0.013914656771799629 0.0073068893528183704
3 0.725417439703154 0.1004697286012526 0.02411873840445269 0.006784968684759916
9 0.6405380333951762 0.18606471816283923 0.015769944341372914 0.0057411273486430055
4 0.5885899814471243 0.20146137787056365 0.039888682745825604 0.011482254697286011
3 0.5487012987012987 0.09786012526096033 0.026901669758812616 0.006784968684759916
3 0.5227272727272727 0.0975991649269311 0.026901669758812616 0.0073068893528183704
3 0.514378478664193 0.1156054279749478 0.01948051948051948 0.007828810020876827
3 0.4837662337662338 0.12839248434237996 0.02319109461966605 0.010438413361169102
3 0.5018552875695733 0.07802713987473903 0.025974025974025976 0.006784968684759916
3 0.5153061224489796 0.0701983298538622 0.02504638218923933 0.006784968684759916
3 0.5194805194805195 0.06863256784968684 0.022263450834879406 0.0057411273486430055
3 0.525974025974026 0.0655010438413361 0.025974025974025976 0.0057411273486430055
3 0.538961038961039 0.06054279749478079 0.025974025974025976 0.006263048016701461
3 1.5083487940630798 0.11978079331941544 0.03339517625231911 0.006784968684759916
3 1.5060296846011132 0.11612734864300625 0.03246753246753247 0.006784968684759916
3 1.4967532467532467 0.11403966597077243 0.02504638218923933 0.006784968684759916
3 1.5292207792207793 0.12656576200417535 0.03803339517625232 0.007828810020876827
3 1.5371057513914657 0.1299582463465553 0.0352504638218924 0.006263048016701461
3 1.5602968460111317 0.1390918580375783 0.03710575139146568 0.008872651356993735
3 1.5691094619666048 0.14561586638830895 0.03803339517625232 0.009394572025052192
3 1.7175324675324675 0.16153444676409184 0.045454545454545456 0.008872651356993735
3 1.6447124304267162 0.11221294363256784 0.02411873840445269 0.013569937369519832
3 1.7291280148423005 0.4133611691022964 0.08905380333951762 0.019832985386221292
3 1.6873840445269017 0.3687369519832985 0.0816326530612245 0.01826722338204593
3 1.6215213358070502 0.3076722338204593 0.0705009276437848 0.016179540709812108
3 1.6474953617810761 0.2528705636743215 0.04823747680890538 0.013048016701461376
8 1.7054730983302413 0.21477035490605426 0.0862708719851577 0.02453027139874739
1 0.7583487940630798 0.19702505219206679 0.00463821892393321 0.006784968684759916
9 0.7597402597402597 0.19937369519832984 0.016697588126159554 0.006263048016701461
9 0.7625231910946196 0.17849686847599164 0.0074211502782931356 0.008350730688935281
3 0.5593692022263451 0.5112212943632567 0.07977736549165121 0.023486430062630476
