3 0.09476190476190476 0.21392857142857144 0.01619047619047619 0.0064285714285714285
5 0.16523809523809524 0.18571428571428572 0.018095238095238095 0.007142857142857143
8 0.21571428571428572 0.15892857142857142 0.018095238095238095 0.012142857142857143
3 0.07523809523809524 0.1732142857142857 0.009523809523809525 0.0064285714285714285
3 0.09095238095238095 0.1725 0.006666666666666666 0.0064285714285714285
3 0.0838095238095238 0.17357142857142857 0.005714285714285714 0.005714285714285714
3 0.09904761904761905 0.17142857142857143 0.013333333333333332 0.008571428571428572
3 0.48142857142857143 0.13285714285714287 0.014285714285714285 0.005714285714285714
5 0.4847619047619048 0.12964285714285714 0.015238095238095238 0.0064285714285714285
3 0.5471428571428572 0.4607142857142857 0.021904761904761906 0.017142857142857144
3 0.5561904761904762 0.5046428571428572 0.026666666666666665 0.017857142857142856
5 0.22142857142857142 0.30464285714285716 0.018095238095238095 0.016428571428571428
3 0.23523809523809525 0.2982142857142857 0.011428571428571429 0.009285714285714286
3 0.8547619047619047 0.18821428571428572 0.006666666666666666 0.005
3 0.8576190476190476 0.18357142857142858 0.006666666666666666 0.005714285714285714
5 0.5109523809523809 0.08285714285714285 0.01619047619047619 0.007142857142857143
5 0.6204761904761905 0.07928571428571428 0.014285714285714285 0.007142857142857143
5 0.6319047619047619 0.0775 0.006666666666666666 0.0064285714285714285
5 0.5228571428571429 0.10035714285714285 0.017142857142857144 0.0064285714285714285
3 0.6061904761904762 0.6735714285714286 0.03142857142857143 0.02142857142857143
3 0.7219047619047619 0.6575 0.03428571428571429 0.019285714285714285
3 0.40904761904761905 0.6039285714285715 0.03333333333333333 0.02642857142857143
