3 0.13699999999999998 0.021 0.04733333333333333 0.026000000000000002
3 0.108 0.0475 0.058666666666666666 0.034
3 0.08399999999999999 0.0735 0.06 0.031
3 0.028333333333333332 0.095 0.057999999999999996 0.039
9 0.20466666666666666 0.008 0.012 0.015
1 0.20666666666666667 0.00625 0.017333333333333333 0.0135
3 0.2593333333333333 0.014 0.036 0.029
4 0.238 0.03125 0.03866666666666667 0.0305
6 0.20099999999999998 0.04425 0.02733333333333333 0.0265
4 0.22666666666666666 0.05775 0.04666666666666666 0.0375
3 0.244 0.081 0.10666666666666666 0.028
3 0.24633333333333332 0.1015 0.11 0.033
3 0.24066666666666667 0.11825000000000001 0.10933333333333332 0.0335
3 0.33066666666666666 0.06875 0.10666666666666666 0.0335
3 0.23466666666666666 0.15725 0.148 0.0475
1 0.011 0.214 0.022 0.018000000000000002
2 0.12566666666666665 0.21975 0.03266666666666666 0.029500000000000002
1 0.11666666666666667 0.20725000000000002 0.029333333333333333 0.0345
4 0.241 0.2145 0.11266666666666666 0.064
4 0.09 0.2665 0.11333333333333333 0.07100000000000001
1 0.11166666666666666 0.3305 0.056666666666666664 0.025
1 0.45266666666666666 0.658 0.025333333333333333 0.018000000000000002
9 0.617 0.66 0.04733333333333333 0.077
9 0.5036666666666666 0.62975 0.07266666666666667 0.0685
1 0.5013333333333333 0.602 0.028 0.021
9 0.525 0.58475 0.06866666666666667 0.0655
6 0.3416666666666667 0.30075 0.10866666666666666 0.0575
1 0.36266666666666664 0.303 0.03333333333333333 0.039
9 0.49 0.23900000000000002 0.05733333333333333 0.026000000000000002
4 0.782 0.43825000000000003 0.16 0.1605
1 0.442 0.17175 0.02 0.025500000000000002
1 0.48866666666666664 0.148 0.018666666666666665 0.024
1 0.5086666666666666 0.14325000000000002 0.018666666666666665 0.021500000000000002
1 0.5096666666666666 0.1525 0.015333333333333332 0.022
1 0.5083333333333333 0.1605 0.016666666666666666 0.024
9 0.6366666666666666 0.08925 0.016 0.029500000000000002
1 0.636 0.08425 0.013333333333333332 0.0235
9 0.7343333333333333 0.059500000000000004 0.014 0.019
6 0.767 0.05625 0.026 0.0235
9 0.7653333333333333 0.07225 0.018666666666666665 0.0165
1 0.7903333333333333 0.05675 0.012666666666666666 0.0205
1 0.8123333333333334 0.05525 0.014 0.0175
6 0.8039999999999999 0.06925 0.030666666666666665 0.0225
4 0.5836666666666667 0.20775000000000002 0.06466666666666666 0.0745
9 0.591 0.26725 0.057999999999999996 0.0345
1 0.5916666666666667 0.2675 0.02733333333333333 0.042
9 0.626 0.26 0.04666666666666666 0.027
1 0.6253333333333333 0.253 0.025333333333333333 0.035
1 0.697 0.26075 0.014 0.021500000000000002
5 0.691 0.11625 0.106 0.0395
4 0.7633333333333333 0.14175000000000001 0.07466666666666666 0.0655
4 0.8163333333333334 0.18575 0.10466666666666666 0.0625
1 1.3116666666666665 0.1615 0.024666666666666667 0.025
1 1.174 0.17475000000000002 0.025333333333333333 0.0245
9 1.0846666666666667 0.18175 0.032 0.0225
9 0.8886666666666666 0.23700000000000002 0.052 0.021
1 0.886 0.2325 0.021333333333333333 0.019
1 0.8876666666666666 0.23500000000000001 0.012666666666666666 0.016
1 0.7183333333333333 0.2225 0.018 0.026000000000000002
1 0.7929999999999999 0.2245 0.020666666666666667 0.036000000000000004
1 0.8343333333333333 0.2115 0.02733333333333333 0.025
