3 0.7928571428571428 0.6110714285714286 0.04285714285714286 0.055
3 0.9557142857142857 0.2717857142857143 0.02761904761904762 0.02214285714285714
3 0.98 0.24678571428571427 0.0380952380952381 0.015
3 1.0071428571428571 0.21928571428571428 0.039047619047619046 0.011428571428571429
4 1.0852380952380953 0.22607142857142856 0.02761904761904762 0.012142857142857143
5 1.0533333333333332 0.2532142857142857 0.05714285714285714 0.020714285714285713
5 1.141904761904762 0.21 0.06095238095238095 0.018571428571428572
5 1.1366666666666667 0.18678571428571428 0.035238095238095235 0.02214285714285714
5 1.3252380952380953 0.21035714285714285 0.014285714285714285 0.015
5 1.1076190476190477 0.18535714285714286 0.03428571428571429 0.02642857142857143
5 1.0547619047619048 0.24035714285714285 0.10380952380952381 0.02642857142857143
5 1.088095238095238 0.18714285714285714 0.03142857142857143 0.024285714285714285
5 0.6295238095238095 0.14857142857142858 0.02095238095238095 0.024285714285714285
3 0.9685714285714285 0.3067857142857143 0.030476190476190476 0.020714285714285713
2 0.6461904761904762 0.1792857142857143 0.006666666666666666 0.007142857142857143
2 0.6076190476190476 0.13142857142857142 0.005714285714285714 0.007142857142857143
6 0.6076190476190476 0.14142857142857143 0.007619047619047619 0.008571428571428572
3 0.6019047619047619 0.07857142857142857 0.009523809523809525 0.008571428571428572
3 0.5876190476190476 0.054642857142857146 0.007619047619047619 0.007857142857142858
3 0.5623809523809524 0.04392857142857143 0.008571428571428572 0.0064285714285714285
