5 0.24166666666666667 0.67325 0.24466666666666667 0.1525
5 0.6743333333333333 0.49475 0.106 0.1485
5 0.6973333333333334 0.683 0.12 0.133
5 0.759 0.2605 0.12333333333333332 0.168
5 0.7623333333333333 0.0885 0.13266666666666665 0.075
3 0.3993333333333333 0.327 0.07733333333333334 0.099
3 0.4433333333333333 0.07075000000000001 0.03733333333333333 0.0405
3 0.45599999999999996 0.0375 0.034666666666666665 0.036000000000000004
3 0.608 0.0335 0.058666666666666666 0.03
3 0.715 0.041 0.07933333333333333 0.028
5 0.762 0.09 0.13066666666666665 0.075
3 0.852 0.03325 0.07466666666666666 0.029500000000000002
3 0.8606666666666667 0.06525 0.07466666666666666 0.029500000000000002
4 0.7006666666666667 0.13525 0.048 0.0625
6 0.62 0.1655 0.034666666666666665 0.057
3 0.45499999999999996 0.01 0.03666666666666667 0.021
9 0.5236666666666666 0.11225 0.016666666666666666 0.0225
9 0.5516666666666666 0.012 0.011333333333333332 0.017
2 0.5609999999999999 0.041 0.014 0.021
2 0.49133333333333334 0.02025 0.013333333333333332 0.0175
4 0.766 0.0165 0.076 0.03
