3 0.14403553299492386 0.39071428571428574 0.09517766497461928 0.024285714285714285
3 0.10025380710659898 0.3657142857142857 0.09390862944162436 0.018571428571428572
5 0.2969543147208122 0.3457142857142857 0.20050761421319796 0.04285714285714286
3 0.41243654822335024 0.36964285714285716 0.08883248730964466 0.025
3 0.5482233502538071 0.3585714285714286 0.07360406091370558 0.02142857142857143
3 0.6738578680203046 0.34785714285714286 0.08375634517766496 0.022857142857142857
3 0.6967005076142131 0.315 0.07614213197969542 0.02142857142857143
3 0.8280456852791878 0.3342857142857143 0.07233502538071065 0.02
3 0.8426395939086294 0.30714285714285716 0.08121827411167512 0.022857142857142857
3 0.9511421319796953 0.32285714285714284 0.06979695431472081 0.02142857142857143
3 1.0044416243654821 0.29214285714285715 0.07741116751269035 0.02142857142857143
3 1.0951776649746192 0.3142857142857143 0.07868020304568528 0.02
4 1.1560913705583755 0.2842857142857143 0.07106598984771573 0.02
4 1.256979695431472 0.2975 0.07741116751269035 0.023571428571428573
3 1.3236040609137054 0.27 0.07360406091370558 0.02142857142857143
9 1.381979695431472 0.27785714285714286 0.03045685279187817 0.01
3 1.446700507614213 0.2835714285714286 0.07868020304568528 0.02
3 1.4460659898477157 0.26071428571428573 0.07233502538071065 0.02
3 1.5437817258883249 0.25821428571428573 0.06218274111675126 0.019285714285714285
3 1.5964467005076142 0.27535714285714286 0.07106598984771573 0.019285714285714285
3 1.6434010152284262 0.24392857142857144 0.07614213197969542 0.020714285714285713
3 1.7252538071065988 0.26357142857142857 0.0748730964467005 0.02142857142857143
3 1.663705583756345 0.3167857142857143 0.10152284263959391 0.025
3 0.11865482233502538 0.27214285714285713 0.08502538071065989 0.02857142857142857
3 1.5824873096446699 0.05178571428571429 0.07360406091370558 0.027857142857142858
