8 0.7658629441624365 0.40214285714285714 0.10532994923857868 0.08142857142857143
5 0.8458121827411167 0.32607142857142857 0.06979695431472081 0.04928571428571429
8 0.9270304568527918 0.2985714285714286 0.10025380710659898 0.10142857142857142
3 0.9498730964467005 0.23642857142857143 0.04695431472081218 0.022857142857142857
8 1.0076142131979695 0.15714285714285714 0.055837563451776644 0.05714285714285714
8 1.2182741116751268 0.17857142857142858 0.07106598984771573 0.06571428571428571
8 1.2506345177664973 0.12107142857142857 0.049492385786802026 0.052142857142857144
3 1.1408629441624365 0.09464285714285714 0.02284263959390863 0.013571428571428571
3 1.148477157360406 0.06821428571428571 0.02030456852791878 0.010714285714285714
8 1.0907360406091369 0.06964285714285715 0.03934010152284264 0.03785714285714286
3 1.262690355329949 0.08178571428571428 0.02030456852791878 0.013571428571428571
5 1.263959390862944 0.0675 0.025380710659898477 0.019285714285714285
5 1.25 0.025357142857142856 0.017766497461928932 0.013571428571428571
3 1.1618020304568526 0.025 0.016497461928934008 0.008571428571428572
3 1.170685279187817 0.017142857142857144 0.013959390862944161 0.008571428571428572
3 1.1738578680203045 0.011428571428571429 0.015228426395939085 0.007142857142857143
8 1.1763959390862944 0.005 0.017766497461928932 0.011428571428571429
8 1.197969543147208 0.005 0.017766497461928932 0.011428571428571429
