1 0.9356666666666666 0.6025 0.04466666666666667 0.07200000000000001
9 0.9336666666666666 0.62675 0.02333333333333333 0.0375
9 0.7003333333333334 0.5275 0.020666666666666667 0.043000000000000003
9 0.7036666666666667 0.48575 0.016666666666666666 0.0305
1 0.7043333333333333 0.4685 0.012666666666666666 0.029
1 0.6996666666666667 0.505 0.02733333333333333 0.044
1 0.767 0.4815 0.015333333333333332 0.024
1 0.7773333333333333 0.4555 0.013333333333333332 0.022
2 0.7696666666666666 0.502 0.012666666666666666 0.021
2 0.7763333333333333 0.47500000000000003 0.014 0.021
1 0.567 0.3555 0.01 0.018000000000000002
1 0.6363333333333333 0.381 0.01 0.021
3 0.5876666666666667 0.465 0.11266666666666666 0.053
3 0.6016666666666667 0.43875000000000003 0.11266666666666666 0.0385
