3 0.12 0.14535714285714285 0.11047619047619048 0.03214285714285714
4 0.2280952380952381 0.15357142857142858 0.06571428571428571 0.06428571428571428
4 0.3080952380952381 0.15678571428571428 0.05619047619047619 0.052142857142857144
4 0.3742857142857143 0.16428571428571428 0.049523809523809526 0.04428571428571428
3 0.12904761904761905 0.1175 0.06761904761904762 0.023571428571428573
9 0.30714285714285716 0.12821428571428573 0.018095238095238095 0.017857142857142856
9 0.44666666666666666 0.12964285714285714 0.017142857142857144 0.017857142857142856
9 0.42952380952380953 0.13107142857142856 0.013333333333333332 0.020714285714285713
3 0.44476190476190475 0.24285714285714285 0.06857142857142857 0.05285714285714286
2 0.41523809523809524 0.12928571428571428 0.015238095238095238 0.018571428571428572
3 0.34904761904761905 0.30607142857142855 0.09047619047619047 0.08214285714285714
3 0.3538095238095238 0.24714285714285714 0.06952380952380953 0.05
3 0.27285714285714285 0.2532142857142857 0.08285714285714285 0.056428571428571425
3 0.17333333333333334 0.25285714285714284 0.09333333333333334 0.05714285714285714
3 0.06666666666666667 0.25392857142857145 0.11428571428571428 0.07214285714285715
3 0.028095238095238097 0.31642857142857145 0.058095238095238096 0.08
3 0.1219047619047619 0.30714285714285716 0.13142857142857142 0.10142857142857142
3 0.21142857142857144 0.06821428571428571 0.0419047619047619 0.013571428571428571
3 0.23 0.06535714285714286 0.040952380952380955 0.012142857142857143
3 0.22714285714285715 0.056428571428571425 0.040952380952380955 0.012857142857142857
3 0.2423809523809524 0.05714285714285714 0.03333333333333333 0.014285714285714285
3 0.24476190476190476 0.052142857142857144 0.03619047619047619 0.015714285714285715
3 0.24904761904761905 0.04964285714285714 0.03333333333333333 0.015
3 0.24857142857142858 0.041428571428571426 0.022857142857142857 0.01
3 0.24666666666666667 0.03321428571428572 0.022857142857142857 0.012142857142857143
3 0.18142857142857144 0.05107142857142857 0.029523809523809525 0.013571428571428571
3 0.2119047619047619 0.04428571428571428 0.025714285714285714 0.01
3 0.611904761904762 0.026785714285714284 0.014285714285714285 0.0064285714285714285
8 0.579047619047619 0.04214285714285714 0.02857142857142857 0.022857142857142857
5 0.5942857142857143 0.038214285714285715 0.02095238095238095 0.02214285714285714
3 0.5895238095238096 0.062142857142857146 0.024761904761904763 0.015714285714285715
9 0.7123809523809523 0.1492857142857143 0.015238095238095238 0.014285714285714285
1 0.7119047619047619 0.14142857142857143 0.008571428571428572 0.014285714285714285
8 0.6719047619047619 0.03428571428571429 0.03142857142857143 0.015714285714285715
3 0.6304761904761905 0.026071428571428572 0.013333333333333332 0.0064285714285714285
3 0.7561904761904762 0.03678571428571428 0.01904761904761905 0.013571428571428571
4 0.10476190476190476 0.5382142857142858 0.21142857142857144 0.24071428571428571
3 0.49714285714285716 0.5082142857142857 0.14285714285714285 0.16785714285714284
3 0.46190476190476193 0.6739285714285714 0.19238095238095237 0.15071428571428572
4 0.7142857142857143 0.46464285714285714 0.25523809523809526 0.19785714285714287
3 0.8661904761904762 0.19678571428571429 0.09047619047619047 0.03785714285714286
3 1.1171428571428572 0.25142857142857145 0.2342857142857143 0.09714285714285714
3 1.0038095238095237 0.11285714285714285 0.049523809523809526 0.02
9 0.9142857142857143 0.08607142857142858 0.024761904761904763 0.015
1 0.9133333333333333 0.08285714285714285 0.011428571428571429 0.01
3 0.9814285714285714 0.08107142857142857 0.04285714285714286 0.013571428571428571
4 0.5333333333333333 0.165 0.07809523809523809 0.05142857142857143
