3 0.17095238095238094 0.725 0.10571428571428572 0.04857142857142857
3 0.24476190476190476 0.6642857142857143 0.0838095238095238 0.05714285714285714
3 0.31142857142857144 0.6110714285714286 0.05904761904761905 0.04214285714285714
3 0.35095238095238096 0.58 0.04285714285714286 0.03
5 0.20285714285714285 0.6278571428571429 0.14666666666666667 0.10571428571428572
3 0.07095238095238095 0.7264285714285714 0.12285714285714286 0.045714285714285714
3 0.5704761904761905 0.4610714285714286 0.009523809523809525 0.007857142857142858
3 0.6457142857142857 0.44571428571428573 0.009523809523809525 0.007142857142857143
3 0.741904761904762 0.4632142857142857 0.017142857142857144 0.009285714285714286
3 0.5366666666666666 0.4135714285714286 0.010476190476190476 0.005714285714285714
