5 0.5209390862944162 0.4517857142857143 0.10279187817258882 0.11357142857142857
5 0.5717005076142132 0.48214285714285715 0.10279187817258882 0.10571428571428572
5 0.6281725888324873 0.49357142857142855 0.06852791878172589 0.08428571428571428
5 0.6205583756345178 0.38535714285714284 0.06598984771573603 0.07642857142857143
3 0.7417512690355329 0.5517857142857143 0.03426395939086294 0.019285714285714285
5 1.0120558375634516 0.49214285714285716 0.049492385786802026 0.07
3 0.6586294416243654 0.3367857142857143 0.050761421319796954 0.04214285714285714
3 0.6700507614213197 0.29642857142857143 0.035532994923857864 0.04
4 0.8140862944162436 0.4325 0.03934010152284264 0.045
8 0.9289340101522842 0.4375 0.027918781725888322 0.05071428571428571
3 0.8191624365482233 0.3175 0.031725888324873094 0.03785714285714286
3 1.0215736040609136 0.25357142857142856 0.03045685279187817 0.037142857142857144
4 0.315989847715736 0.13892857142857143 0.05837563451776649 0.027857142857142858
3 1.3699238578680202 0.10821428571428571 0.029187817258883246 0.03214285714285714
5 0.965736040609137 0.0225 0.09137055837563451 0.039285714285714285
4 0.8001269035532994 0.10071428571428571 0.026649746192893398 0.024285714285714285
3 0.8420050761421319 0.1175 0.026649746192893398 0.025
4 0.7925126903553299 0.16142857142857142 0.026649746192893398 0.02857142857142857
3 0.8299492385786802 0.22142857142857142 0.027918781725888322 0.02857142857142857
3 0.9289340101522842 0.20142857142857143 0.027918781725888322 0.03428571428571429
9 0.9270304568527918 0.1 0.011421319796954314 0.015714285714285715
