3 0.6333333333333333 0.4975 0.06799999999999999 0.039
3 0.657 0.47400000000000003 0.06333333333333332 0.034
3 0.9119999999999999 0.557 0.08266666666666667 0.042
3 0.834 0.52025 0.06933333333333333 0.0455
3 0.8803333333333333 0.57225 0.07266666666666667 0.0395
3 0.8086666666666666 0.539 0.06799999999999999 0.041
3 0.7893333333333333 0.5615 0.06266666666666666 0.037
3 0.8686666666666666 0.59875 0.076 0.0415
3 0.854 0.62275 0.048 0.0265
3 0.565 0.5225 0.082 0.044
3 0.23399999999999999 0.3235 0.05466666666666666 0.024
3 0.20299999999999999 0.30625 0.054 0.025500000000000002
3 0.097 0.41575 0.06866666666666667 0.0365
3 0.12633333333333333 0.44 0.07266666666666667 0.037
3 0.15033333333333332 0.457 0.07533333333333334 0.041
3 0.16566666666666666 0.47675 0.06999999999999999 0.0385
3 0.188 0.51775 0.06533333333333333 0.0395
3 0.21566666666666667 0.5275 0.07266666666666667 0.047
3 0.24533333333333332 0.547 0.06799999999999999 0.044
3 0.267 0.5605 0.07133333333333333 0.043000000000000003
3 0.29333333333333333 0.58425 0.064 0.0455
2 1.0223333333333333 0.3755 0.024666666666666667 0.015
2 0.9163333333333333 0.32675 0.018 0.0115
2 1.054 0.362 0.02 0.016
2 1.131 0.36875 0.020666666666666667 0.0095
2 1.1283333333333332 0.375 0.022 0.009000000000000001
2 1.126 0.3825 0.022666666666666665 0.011
2 1.0946666666666667 0.40850000000000003 0.025333333333333333 0.015
3 1.087 0.268 0.035333333333333335 0.025
3 1.1443333333333332 0.29275 0.03266666666666666 0.0305
3 1.1826666666666665 0.3055 0.03733333333333333 0.031
3 1.2146666666666666 0.3095 0.04 0.026000000000000002
3 1.2563333333333333 0.32075 0.038 0.0265
3 0.8566666666666667 0.4655 0.052 0.045
3 1.1513333333333333 0.6980000000000001 0.07066666666666667 0.039
3 1.2189999999999999 0.733 0.082 0.033
3 1.285 0.333 0.03933333333333333 0.029
