6 0.4267161410018553 0.23251565762004173 0.0686456400742115 0.022442588726513567
4 0.577922077922078 0.20589770354906053 0.05194805194805195 0.05271398747390396
1 0.6767161410018553 0.2077244258872651 0.015769944341372914 0.009394572025052192
3 0.8283858998144713 0.217901878914405 0.04823747680890538 0.05480167014613778
3 0.9002782931354361 0.21868475991649267 0.04730983302411874 0.05323590814196242
3 1.332096474953618 0.055845511482254695 0.04452690166975881 0.037578288100208766
3 1.3529684601113172 0.10412317327766178 0.05473098330241188 0.04436325678496868
3 1.3900742115027829 0.17980167014613777 0.05658627087198516 0.04958246346555323
3 1.653061224489796 0.223643006263048 0.06307977736549165 0.05897703549060542
9 1.6883116883116884 0.22103340292275572 0.020408163265306124 0.019311064718162838
3 1.713821892393321 0.3723903966597077 0.12337662337662338 0.028705636743215027
