3 0.9124365482233502 0.2592857142857143 0.03807106598984771 0.037142857142857144
3 1.0190355329949239 0.23714285714285716 0.03807106598984771 0.03142857142857143
3 0.8280456852791878 0.22071428571428572 0.04441624365482233 0.03
3 0.7049492385786802 0.2557142857142857 0.05710659898477157 0.041428571428571426
3 0.8115482233502538 0.25785714285714284 0.049492385786802026 0.04
3 0.9232233502538071 0.22678571428571428 0.03934010152284264 0.027857142857142858
3 0.7360406091370558 0.22035714285714286 0.04314720812182741 0.02642857142857143
3 0.848984771573604 0.165 0.035532994923857864 0.027142857142857142
3 0.7645939086294415 0.165 0.04441624365482233 0.03
3 0.5596446700507614 0.205 0.048223350253807105 0.03428571428571429
3 1.2347715736040608 0.12821428571428573 0.04060913705583756 0.02642857142857143
3 1.2779187817258881 0.09178571428571429 0.03045685279187817 0.019285714285714285
3 1.267766497461929 0.07357142857142857 0.03045685279187817 0.018571428571428572
3 1.157994923857868 0.08107142857142857 0.06472081218274112 0.013571428571428571
3 1.163705583756345 0.06892857142857142 0.053299492385786795 0.010714285714285714
3 1.280456852791878 0.06 0.06091370558375634 0.014285714285714285
4 1.2741116751269035 0.04357142857142857 0.06345177664974619 0.014285714285714285
4 1.2798223350253806 0.05107142857142857 0.06725888324873096 0.016428571428571428
5 1.682741116751269 0.012142857142857143 0.035532994923857864 0.025714285714285714
9 1.1351522842639592 0.17214285714285715 0.013959390862944161 0.015714285714285715
9 1.1186548223350252 0.1775 0.013959390862944161 0.02214285714285714
9 1.1034263959390862 0.17821428571428571 0.016497461928934008 0.019285714285714285
9 1.0862944162436547 0.17642857142857143 0.017766497461928932 0.02
9 1.0653553299492384 0.17642857142857143 0.013959390862944161 0.02
9 1.197969543147208 0.03357142857142857 0.0076142131979695426 0.011428571428571429
9 1.2106598984771573 0.033928571428571426 0.012690355329949238 0.015
9 1.2741116751269035 0.032857142857142856 0.027918781725888322 0.008571428571428572
4 0.5361675126903553 0.1742857142857143 0.0748730964467005 0.02
4 0.5310913705583756 0.23642857142857143 0.06218274111675126 0.04
4 0.9676395939086294 0.26107142857142857 0.03934010152284264 0.039285714285714285
3 0.8788071065989848 0.2225 0.03680203045685279 0.03214285714285714
3 0.9746192893401014 0.2275 0.04060913705583756 0.03214285714285714
3 0.6884517766497461 0.21535714285714286 0.049492385786802026 0.03642857142857143
4 0.6656091370558375 0.24464285714285713 0.05456852791878172 0.04071428571428572
3 0.7791878172588832 0.22107142857142856 0.04314720812182741 0.03357142857142857
9 0.8781725888324873 0.1717857142857143 0.02030456852791878 0.019285714285714285
9 0.8978426395939085 0.17214285714285715 0.016497461928934008 0.02
9 0.6008883248730964 0.16535714285714287 0.029187817258883246 0.013571428571428571
9 0.6040609137055837 0.1575 0.03045685279187817 0.015
9 0.6148477157360406 0.15035714285714286 0.031725888324873094 0.013571428571428571
9 0.6167512690355329 0.14642857142857144 0.025380710659898477 0.01
9 0.6776649746192893 0.16785714285714284 0.04060913705583756 0.012857142857142857
9 0.6776649746192893 0.16214285714285714 0.035532994923857864 0.01
9 0.6789340101522842 0.155 0.03045685279187817 0.01
