3 0.5433333333333333 0.49464285714285716 0.06380952380952382 0.05357142857142857
3 0.5071428571428571 0.46785714285714286 0.054285714285714284 0.045714285714285714
3 0.59 0.4317857142857143 0.05238095238095238 0.04928571428571429
3 0.5661904761904762 0.4107142857142857 0.05238095238095238 0.04428571428571428
3 0.6366666666666667 0.38535714285714284 0.04285714285714286 0.03642857142857143
3 0.6123809523809524 0.35928571428571426 0.045714285714285714 0.03571428571428571
3 0.6742857142857143 0.3410714285714286 0.0380952380952381 0.035
3 0.6461904761904762 0.3296428571428571 0.035238095238095235 0.030714285714285715
3 0.6247619047619047 0.30785714285714283 0.03238095238095238 0.032857142857142856
3 0.8171428571428572 0.1357142857142857 0.02095238095238095 0.015714285714285715
3 0.8671428571428571 0.09 0.012380952380952381 0.01
3 0.9147619047619048 0.09464285714285714 0.01619047619047619 0.010714285714285714
3 0.9171428571428571 0.07857142857142857 0.011428571428571429 0.008571428571428572
3 0.8966666666666666 0.06928571428571428 0.018095238095238095 0.008571428571428572
1 0.23904761904761904 0.5142857142857142 0.02095238095238095 0.02
1 0.3380952380952381 0.4667857142857143 0.015238095238095238 0.013571428571428571
9 0.2419047619047619 0.5196428571428572 0.022857142857142857 0.023571428571428573
9 0.34 0.47285714285714286 0.022857142857142857 0.017142857142857144
3 0.5942857142857143 0.16964285714285715 0.0380952380952381 0.010714285714285714
