8 1.656725888324873 0.31607142857142856 0.2017766497461929 0.13785714285714284
3 0.3147208121827411 0.5492857142857143 0.07106598984771573 0.024285714285714285
3 0.3927664974619289 0.5485714285714286 0.06979695431472081 0.025714285714285714
4 0.515228426395939 0.5410714285714285 0.06598984771573603 0.04071428571428572
3 0.5894670050761421 0.5453571428571429 0.06218274111675126 0.03214285714285714
3 0.6522842639593908 0.5385714285714286 0.06345177664974619 0.045714285714285714
3 0.9124365482233502 0.5528571428571428 0.13959390862944163 0.017142857142857144
4 0.9016497461928933 0.5235714285714286 0.1383248730964467 0.047142857142857146
5 1.098984771573604 0.5321428571428571 0.19543147208121825 0.05857142857142857
5 1.4777918781725887 0.4975 0.20939086294416243 0.07214285714285715
3 0.06979695431472081 0.4725 0.14213197969543145 0.04357142857142857
3 0.31916243654822335 0.4471428571428571 0.133248730964467 0.04
3 0.8185279187817258 0.40285714285714286 0.11928934010152284 0.037142857142857144
3 1.055203045685279 0.38392857142857145 0.09517766497461928 0.035
3 1.0920050761421318 0.27785714285714286 0.09517766497461928 0.02857142857142857
3 1.0609137055837563 0.23892857142857143 0.09390862944162436 0.02642857142857143
3 0.08692893401015228 0.38107142857142856 0.1383248730964467 0.03357142857142857
3 0.3299492385786802 0.36428571428571427 0.10913705583756345 0.03571428571428571
3 0.4593908629441624 0.22321428571428573 0.09898477157360405 0.02642857142857143
3 0.9321065989847716 0.19321428571428573 0.09010152284263959 0.025
3 0.6516497461928934 0.19357142857142856 0.09517766497461928 0.024285714285714285
3 0.690989847715736 0.4142857142857143 0.1281725888324873 0.04428571428571428
4 0.45304568527918776 0.43214285714285716 0.13451776649746192 0.041428571428571426
4 0.13261421319796954 0.2825 0.12055837563451775 0.03357142857142857
4 0.4625634517766497 0.3989285714285714 0.13071065989847716 0.03357142857142857
4 0.4441624365482233 0.37535714285714283 0.12182741116751268 0.03642857142857143
4 0.4460659898477157 0.3475 0.12309644670050761 0.03357142857142857
3 0.45748730964467 0.32571428571428573 0.10532994923857868 0.027142857142857142
4 0.4549492385786802 0.30214285714285716 0.09263959390862943 0.03
4 0.45177664974619286 0.20535714285714285 0.10406091370558375 0.03357142857142857
4 0.14086294416243653 0.26071428571428573 0.12690355329949238 0.025714285714285714
4 0.14720812182741116 0.24142857142857144 0.11928934010152284 0.025714285714285714
4 0.15101522842639592 0.2225 0.11928934010152284 0.027857142857142858
4 0.16370558375634517 0.20107142857142857 0.11421319796954314 0.02642857142857143
3 0.6776649746192893 0.3842857142857143 0.12690355329949238 0.03428571428571429
3 0.8083756345177664 0.375 0.11167512690355329 0.027142857142857142
3 0.6840101522842639 0.3575 0.11675126903553298 0.03214285714285714
3 0.6782994923857868 0.33214285714285713 0.10786802030456852 0.03
3 0.6611675126903552 0.2671428571428571 0.10659898477157359 0.02857142857142857
3 0.656725888324873 0.24642857142857144 0.10532994923857868 0.03428571428571429
3 0.656725888324873 0.22785714285714287 0.09517766497461928 0.022857142857142857
3 0.7563451776649746 0.22285714285714286 0.08629441624365482 0.024285714285714285
3 0.7690355329949238 0.2392857142857143 0.10659898477157359 0.03
3 0.773477157360406 0.2575 0.09517766497461928 0.029285714285714286
3 0.9232233502538071 0.1725 0.09517766497461928 0.02642857142857143
3 0.9029187817258882 0.16 0.09517766497461928 0.024285714285714285
3 0.7836294416243654 0.2807142857142857 0.10532994923857868 0.024285714285714285
3 0.7887055837563451 0.3007142857142857 0.10786802030456852 0.027142857142857142
3 0.7982233502538071 0.32107142857142856 0.09390862944162436 0.023571428571428573
3 1.026015228426396 0.35714285714285715 0.10786802030456852 0.037142857142857144
3 1.0101522842639594 0.3292857142857143 0.10152284263959391 0.03428571428571429
3 0.9898477157360406 0.3032142857142857 0.10659898477157359 0.039285714285714285
3 0.9841370558375634 0.2825 0.09771573604060912 0.02642857142857143
3 0.965736040609137 0.2646428571428571 0.08121827411167512 0.027857142857142858
3 0.9555837563451776 0.24392857142857144 0.07360406091370558 0.029285714285714286
3 0.9422588832487309 0.22357142857142856 0.08248730964467005 0.027142857142857142
3 1.0501269035532994 0.21892857142857142 0.09771573604060912 0.02642857142857143
3 1.2354060913705582 0.22714285714285715 0.07994923857868019 0.03
3 1.2728426395939085 0.26857142857142857 0.09898477157360405 0.027142857142857142
3 1.3451776649746192 0.32357142857142857 0.11421319796954314 0.04285714285714286
4 0.8045685279187816 0.34464285714285714 0.11675126903553298 0.035
4 1.265228426395939 0.2417857142857143 0.11421319796954314 0.03642857142857143
3 0.6719543147208121 0.2867857142857143 0.09263959390862943 0.029285714285714286
5 0.21700507614213196 0.09464285714285714 0.06091370558375634 0.056428571428571425
3 0.6408629441624365 0.09678571428571428 0.07614213197969542 0.023571428571428573
3 0.7138324873096447 0.1075 0.07233502538071065 0.025
3 0.7404822335025381 0.12178571428571429 0.0748730964467005 0.03214285714285714
3 1.5653553299492384 0.09928571428571428 0.08756345177664974 0.02142857142857143
3 1.651015228426396 0.19214285714285714 0.09644670050761421 0.04
3 1.682741116751269 0.16714285714285715 0.08883248730964466 0.027142857142857142
3 1.6757614213197969 0.18357142857142858 0.07994923857868019 0.03142857142857143
3 1.7030456852791878 0.15785714285714286 0.08883248730964466 0.02857142857142857
3 1.7100253807106598 0.14214285714285715 0.08756345177664974 0.03
3 1.7315989847715734 0.11857142857142858 0.07741116751269035 0.024285714285714285
3 1.7379441624365481 0.10607142857142857 0.0748730964467005 0.02214285714285714
3 1.7461928934010151 0.09321428571428571 0.05837563451776649 0.020714285714285713
3 1.7493654822335023 0.08285714285714285 0.052030456852791875 0.018571428571428572
3 1.7576142131979695 0.07464285714285715 0.035532994923857864 0.016428571428571428
3 1.7582487309644668 0.06642857142857143 0.03426395939086294 0.015714285714285715
3 1.7645939086294415 0.05714285714285714 0.021573604060913704 0.012857142857142857
3 1.7398477157360406 0.05285714285714286 0.055837563451776644 0.025714285714285714
3 1.7220812182741116 0.03214285714285714 0.050761421319796954 0.024285714285714285
3 1.6916243654822334 0.016428571428571428 0.08121827411167512 0.022857142857142857
3 1.670685279187817 0.008571428571428572 0.08248730964467005 0.018571428571428572
5 1.5958121827411167 0.03214285714285714 0.05710659898477157 0.015714285714285715
3 1.581218274111675 0.025714285714285714 0.06345177664974619 0.015714285714285715
3 1.4923857868020303 0.019642857142857142 0.07614213197969542 0.017857142857142856
3 1.5120558375634516 0.027142857142857142 0.06725888324873096 0.017142857142857144
3 1.5279187817258881 0.03678571428571428 0.07614213197969542 0.020714285714285713
3 1.548223350253807 0.0475 0.06598984771573603 0.020714285714285713
3 1.6161167512690353 0.04535714285714286 0.0748730964467005 0.02214285714285714
3 1.4790609137055837 0.11964285714285715 0.05710659898477157 0.03785714285714286
3 1.5190355329949237 0.1175 0.05837563451776649 0.03357142857142857
3 1.5805837563451774 0.11464285714285714 0.07741116751269035 0.023571428571428573
3 1.5463197969543145 0.08678571428571429 0.07994923857868019 0.019285714285714285
3 1.4860406091370557 0.08714285714285715 0.053299492385786795 0.027142857142857142
3 1.3953045685279186 0.05107142857142857 0.06725888324873096 0.019285714285714285
3 1.3838832487309645 0.038214285714285715 0.06979695431472081 0.019285714285714285
3 1.2785532994923856 0.044642857142857144 0.052030456852791875 0.03357142857142857
3 1.1262690355329947 0.03535714285714286 0.03680203045685279 0.03214285714285714
3 1.1199238578680202 0.011428571428571429 0.04695431472081218 0.024285714285714285
4 1.1097715736040608 0.07321428571428572 0.0748730964467005 0.03357142857142857
4 0.8096446700507614 0.10107142857142858 0.05837563451776649 0.020714285714285713
4 0.49302030456852786 0.11928571428571429 0.08248730964467005 0.03428571428571429
3 0.532994923857868 0.09892857142857144 0.08883248730964466 0.020714285714285713
4 1.131979695431472 0.35035714285714287 0.09644670050761421 0.03357142857142857
3 1.1129441624365481 0.32107142857142856 0.09390862944162436 0.025
