5 0.6538095238095238 0.4992857142857143 0.03333333333333333 0.05142857142857143
5 0.6676190476190477 0.605 0.03619047619047619 0.055714285714285716
5 0.6833333333333333 0.29714285714285715 0.023809523809523808 0.05
5 0.7014285714285714 0.24714285714285714 0.02 0.02857142857142857
5 0.7014285714285714 0.17642857142857143 0.014285714285714285 0.02
5 0.6947619047619048 0.22107142857142856 0.01619047619047619 0.029285714285714286
5 0.6866666666666666 0.12821428571428573 0.007619047619047619 0.009285714285714286
5 0.6557142857142857 0.14892857142857144 0.012380952380952381 0.012142857142857143
5 0.6814285714285714 0.35928571428571426 0.02761904761904762 0.04428571428571428
3 0.6980952380952381 0.27214285714285713 0.013333333333333332 0.011428571428571429
3 0.06952380952380953 0.7121428571428572 0.08 0.06714285714285714
3 0.2914285714285714 0.5317857142857143 0.04380952380952381 0.04071428571428572
3 0.5233333333333333 0.16535714285714287 0.018095238095238095 0.0064285714285714285
3 0.5290476190476191 0.16285714285714287 0.018095238095238095 0.005714285714285714
3 0.7014285714285714 0.19607142857142856 0.010476190476190476 0.0064285714285714285
3 0.7033333333333334 0.15892857142857142 0.006666666666666666 0.005
3 0.6842857142857143 0.145 0.010476190476190476 0.004285714285714286
3 0.6619047619047619 0.14 0.005714285714285714 0.004285714285714286
3 0.6276190476190476 0.10464285714285715 0.0038095238095238095 0.002142857142857143
5 0.6961904761904761 0.1407142857142857 0.007619047619047619 0.007142857142857143
5 1.1133333333333333 0.30178571428571427 0.030476190476190476 0.017857142857142856
3 0.830952380952381 0.15857142857142856 0.012380952380952381 0.005714285714285714
3 0.8285714285714286 0.15464285714285714 0.011428571428571429 0.005
3 0.8266666666666667 0.15107142857142858 0.013333333333333332 0.005
3 0.8266666666666667 0.14821428571428572 0.017142857142857144 0.0064285714285714285
3 0.8223809523809524 0.1457142857142857 0.01619047619047619 0.005714285714285714
3 0.7880952380952381 0.13 0.014285714285714285 0.005714285714285714
5 0.051904761904761905 0.16178571428571428 0.035238095238095235 0.013571428571428571
