3 0.381 0.61475 0.12733333333333333 0.1535
3 0.8296666666666667 0.6625 0.17533333333333334 0.155
3 0.743 0.542 0.12466666666666666 0.094
2 0.898 0.535 0.07333333333333333 0.026000000000000002
2 0.8966666666666666 0.54125 0.06799999999999999 0.021500000000000002
2 0.8213333333333334 0.51075 0.064 0.0305
2 0.8109999999999999 0.497 0.057999999999999996 0.031
2 0.8046666666666666 0.48525 0.06 0.0345
2 0.7043333333333333 0.466 0.02333333333333333 0.038
2 0.732 0.465 0.025333333333333333 0.038
2 0.709 0.452 0.022 0.038
2 0.7373333333333333 0.4165 0.025333333333333333 0.025
2 0.7613333333333333 0.4535 0.013333333333333332 0.031
2 0.7806666666666666 0.45175 0.014666666666666666 0.0315
2 0.7966666666666666 0.4615 0.02 0.033
3 0.3993333333333333 0.47450000000000003 0.08399999999999999 0.076
3 0.6626666666666666 0.4245 0.07066666666666667 0.047
3 0.423 0.41275 0.062 0.0505
3 0.631 0.3775 0.056666666666666664 0.046
3 0.43166666666666664 0.37075 0.057999999999999996 0.0465
3 0.44266666666666665 0.34375 0.072 0.0425
3 0.7643333333333333 0.29925 0.07933333333333333 0.025500000000000002
3 0.45666666666666667 0.3 0.036 0.028
3 0.5746666666666667 0.28475 0.032 0.0185
3 0.4563333333333333 0.27825 0.03 0.0175
3 0.4573333333333333 0.269 0.025333333333333333 0.013000000000000001
3 0.4613333333333333 0.26025 0.025333333333333333 0.0115
3 0.5519999999999999 0.25925 0.025333333333333333 0.0145
3 0.534 0.229 0.016 0.009000000000000001
3 0.5236666666666666 0.21275 0.01 0.006500000000000001
3 0.53 0.20625000000000002 0.009333333333333332 0.006500000000000001
3 0.479 0.19325 0.006 0.0045000000000000005
3 0.48 0.18875 0.004 0.0045000000000000005
3 0.511 0.19325 0.014 0.0045000000000000005
3 0.5093333333333333 0.18775 0.010666666666666666 0.0045000000000000005
1 0.479 0.225 0.004666666666666666 0.007
6 0.47833333333333333 0.2275 0.007333333333333333 0.006
2 1.238 0.537 0.06533333333333333 0.041
9 1.1236666666666666 0.57125 0.03666666666666667 0.0545
2 1.0919999999999999 0.55 0.07866666666666666 0.027
