3 0.890228426395939 0.4164285714285714 0.04441624365482233 0.037142857142857144
3 0.8527918781725887 0.22285714285714286 0.03045685279187817 0.02142857142857143
3 0.7531725888324873 0.22107142857142856 0.031725888324873094 0.016428571428571428
3 0.8375634517766497 0.15607142857142858 0.02284263959390863 0.010714285714285714
3 1.0076142131979695 0.12535714285714286 0.017766497461928932 0.012142857142857143
3 0.907994923857868 0.10392857142857143 0.016497461928934008 0.009285714285714286
3 0.9270304568527918 0.09178571428571429 0.013959390862944161 0.007857142857142858
3 1.015228426395939 0.08142857142857143 0.012690355329949238 0.007142857142857143
3 0.9695431472081217 0.062142857142857146 0.01015228426395939 0.005714285714285714
3 0.9860406091370557 0.061785714285714284 0.012690355329949238 0.0064285714285714285
3 0.9777918781725887 0.0575 0.011421319796954314 0.005
3 0.9980964467005076 0.05357142857142857 0.008883248730964466 0.005714285714285714
