3 0.7128571428571429 0.4325 0.11333333333333333 0.060714285714285714
3 0.8366666666666667 0.335 0.1019047619047619 0.05285714285714286
3 0.6957142857142857 0.38535714285714284 0.10952380952380952 0.056428571428571425
3 0.6257142857142857 0.3575 0.11047619047619048 0.056428571428571425
3 0.7880952380952381 0.30428571428571427 0.10952380952380952 0.05285714285714286
3 0.8890476190476191 0.22142857142857142 0.11523809523809524 0.055714285714285716
3 1.2695238095238095 0.09 0.09714285714285714 0.05285714285714286
3 0.23666666666666666 0.44607142857142856 0.11904761904761904 0.06357142857142857
3 0.42095238095238097 0.7210714285714286 0.11047619047619048 0.052142857142857144
9 0.520952380952381 0.19642857142857142 0.0380952380952381 0.018571428571428572
9 0.6233333333333333 0.24714285714285714 0.04476190476190476 0.018571428571428572
9 0.5738095238095238 0.23 0.035238095238095235 0.02
9 0.5628571428571428 0.21892857142857142 0.03238095238095238 0.017857142857142856
9 0.35333333333333333 0.4010714285714286 0.0380952380952381 0.017857142857142856
1 0.5238095238095238 0.18928571428571428 0.022857142857142857 0.02142857142857143
1 0.5652380952380952 0.21321428571428572 0.018095238095238095 0.020714285714285713
1 0.5761904761904761 0.22642857142857142 0.01904761904761905 0.018571428571428572
1 0.6290476190476191 0.24392857142857144 0.02761904761904762 0.020714285714285713
1 0.35619047619047617 0.3960714285714286 0.022857142857142857 0.017857142857142856
