5 0.7771428571428571 0.065 0.02857142857142857 0.03857142857142857
5 0.8014285714285714 0.06607142857142857 0.025714285714285714 0.03214285714285714
5 0.31476190476190474 0.4525 0.04666666666666667 0.055
5 0.5395238095238095 0.28 0.06761904761904762 0.022857142857142857
5 0.5419047619047619 0.2525 0.05904761904761905 0.020714285714285713
5 0.24 0.7178571428571429 0.08571428571428572 0.06
8 0.6114285714285714 0.5278571428571428 0.08761904761904762 0.13714285714285715
3 0.6842857142857143 0.3435714285714286 0.02761904761904762 0.03142857142857143
4 0.6361904761904762 0.4421428571428571 0.03238095238095238 0.041428571428571426
3 0.23904761904761904 0.5385714285714286 0.06476190476190476 0.037142857142857144
3 0.2914285714285714 0.48214285714285715 0.0419047619047619 0.041428571428571426
3 0.1219047619047619 0.5007142857142857 0.05904761904761905 0.025714285714285714
3 0.17714285714285713 0.6175 0.06285714285714286 0.04642857142857143
3 0.1219047619047619 0.685 0.06857142857142857 0.045714285714285714
3 0.2695238095238095 0.6085714285714285 0.05904761904761905 0.05285714285714286
3 0.3595238095238095 0.415 0.039047619047619046 0.03571428571428571
3 0.38142857142857145 0.37357142857142855 0.037142857142857144 0.03
3 0.430952380952381 0.18285714285714286 0.035238095238095235 0.012857142857142857
3 0.5833333333333334 0.12607142857142858 0.029523809523809525 0.012142857142857143
5 0.5738095238095238 0.14142857142857143 0.03333333333333333 0.01
3 0.6142857142857143 0.03785714285714286 0.011428571428571429 0.008571428571428572
3 0.6414285714285715 0.055 0.023809523809523808 0.008571428571428572
3 0.6314285714285715 0.065 0.024761904761904763 0.011428571428571429
3 0.6542857142857142 0.05142857142857143 0.024761904761904763 0.008571428571428572
3 0.6585714285714286 0.047857142857142855 0.023809523809523808 0.008571428571428572
3 0.5942857142857143 0.03964285714285714 0.011428571428571429 0.009285714285714286
3 0.5328571428571428 0.10357142857142858 0.02761904761904762 0.01
3 0.5366666666666666 0.095 0.023809523809523808 0.008571428571428572
3 0.6147619047619047 0.07178571428571429 0.03142857142857143 0.009285714285714286
3 0.6104761904761905 0.07678571428571429 0.02857142857142857 0.007857142857142858
3 0.5985714285714285 0.11392857142857143 0.023809523809523808 0.012142857142857143
2 0.560952380952381 0.11 0.005714285714285714 0.01
1 0.5604761904761905 0.10857142857142857 0.006666666666666666 0.005714285714285714
1 1.0309523809523808 0.1632142857142857 0.006666666666666666 0.0064285714285714285
3 0.9595238095238096 0.07214285714285715 0.014285714285714285 0.008571428571428572
6 0.33095238095238094 0.41214285714285714 0.029523809523809525 0.022857142857142857
1 1.1071428571428572 0.2642857142857143 0.008571428571428572 0.007142857142857143
9 1.1052380952380951 0.2671428571428571 0.006666666666666666 0.011428571428571429
1 1.1323809523809525 0.5825 0.015238095238095238 0.013571428571428571
5 1.1395238095238096 0.39321428571428574 0.040952380952380955 0.04928571428571429
5 1.2909523809523809 0.37 0.08285714285714285 0.041428571428571426
3 1.0961904761904762 0.31642857142857145 0.02857142857142857 0.027142857142857142
