3 0.5856598984771573 0.12928571428571428 0.019035532994923856 0.017142857142857144
3 0.5628172588832487 0.12392857142857143 0.019035532994923856 0.015
3 0.5418781725888324 0.12214285714285714 0.02030456852791878 0.017142857142857144
3 0.5177664974619289 0.11642857142857142 0.017766497461928932 0.017142857142857144
3 0.4974619289340101 0.11392857142857143 0.02030456852791878 0.016428571428571428
3 0.4746192893401015 0.10714285714285714 0.02030456852791878 0.015714285714285715
4 0.449238578680203 0.10142857142857142 0.02284263959390863 0.018571428571428572
4 0.40862944162436543 0.16357142857142856 0.017766497461928932 0.015714285714285715
3 0.45812182741116747 0.17535714285714285 0.015228426395939085 0.013571428571428571
3 0.47842639593908626 0.1775 0.02030456852791878 0.013571428571428571
3 0.49873096446700504 0.18035714285714285 0.017766497461928932 0.015
3 0.5450507614213198 0.19107142857142856 0.019035532994923856 0.015
3 0.5678934010152283 0.19535714285714287 0.019035532994923856 0.016428571428571428
3 0.5901015228426395 0.2 0.017766497461928932 0.014285714285714285
4 0.2017766497461929 0.20857142857142857 0.032994923857868015 0.011428571428571429
4 0.5723350253807106 0.2982142857142857 0.02284263959390863 0.016428571428571428
5 0.05520304568527919 0.4714285714285714 0.049492385786802026 0.018571428571428572
3 0.3876903553299492 0.45821428571428574 0.031725888324873094 0.012142857142857143
4 0.41307106598984766 0.5328571428571428 0.03680203045685279 0.012857142857142857
3 0.44479695431472077 0.5510714285714285 0.03680203045685279 0.013571428571428571
3 0.3261421319796954 0.5182142857142857 0.04060913705583756 0.015
3 0.33375634517766495 0.5075 0.032994923857868015 0.012142857142857143
3 0.31218274111675126 0.5407142857142857 0.035532994923857864 0.011428571428571429
4 0.34517766497461927 0.4967857142857143 0.04060913705583756 0.013571428571428571
4 0.35532994923857864 0.48392857142857143 0.03807106598984771 0.013571428571428571
4 0.37499999999999994 0.4685714285714286 0.03934010152284264 0.011428571428571429
3 0.3032994923857868 0.5521428571428572 0.03807106598984771 0.014285714285714285
3 0.43527918781725883 0.5582142857142857 0.03807106598984771 0.0064285714285714285
3 0.7315989847715736 0.5010714285714286 0.029187817258883246 0.010714285714285714
3 0.8204314720812182 0.5164285714285715 0.03680203045685279 0.012857142857142857
3 0.8705583756345177 0.5121428571428571 0.03807106598984771 0.012857142857142857
3 0.8286802030456852 0.5042857142857143 0.03807106598984771 0.012857142857142857
3 0.8451776649746192 0.4725 0.035532994923857864 0.013571428571428571
3 0.8845177664974618 0.4907142857142857 0.032994923857868015 0.011428571428571429
3 0.8756345177664974 0.5 0.032994923857868015 0.012857142857142857
3 0.891497461928934 0.47964285714285715 0.03426395939086294 0.012142857142857143
3 0.8927664974619288 0.4685714285714286 0.03426395939086294 0.011428571428571429
3 0.9086294416243654 0.44892857142857145 0.032994923857868015 0.012142857142857143
3 0.8642131979695431 0.44 0.03045685279187817 0.01
3 0.8769035532994923 0.4067857142857143 0.035532994923857864 0.012142857142857143
3 0.883248730964467 0.39714285714285713 0.03045685279187817 0.01
3 0.7550761421319796 0.375 0.032994923857868015 0.01
3 0.6694162436548223 0.3871428571428571 0.026649746192893398 0.01
3 0.6389593908629441 0.4382142857142857 0.03680203045685279 0.012142857142857143
3 0.6389593908629441 0.42607142857142855 0.03934010152284264 0.013571428571428571
3 0.6878172588832486 0.49178571428571427 0.035532994923857864 0.013571428571428571
3 0.6941624365482233 0.4789285714285714 0.035532994923857864 0.012142857142857143
3 0.700507614213198 0.46785714285714286 0.03807106598984771 0.012857142857142857
3 0.7512690355329948 0.455 0.035532994923857864 0.012857142857142857
3 0.7645939086294415 0.43285714285714283 0.029187817258883246 0.01
3 0.7785532994923857 0.41214285714285714 0.031725888324873094 0.012857142857142857
3 0.7836294416243654 0.4032142857142857 0.03426395939086294 0.012142857142857143
3 0.7880710659898477 0.3925 0.035532994923857864 0.012142857142857143
3 0.7499999999999999 0.38571428571428573 0.035532994923857864 0.011428571428571429
4 0.7341370558375634 0.41535714285714287 0.03680203045685279 0.010714285714285714
4 0.7138324873096447 0.44785714285714284 0.03426395939086294 0.012857142857142857
4 0.7189086294416243 0.4367857142857143 0.031725888324873094 0.012142857142857143
4 0.7265228426395939 0.42714285714285716 0.03426395939086294 0.012857142857142857
4 0.6230964467005076 0.45964285714285713 0.03807106598984771 0.012142857142857143
4 0.7969543147208121 0.38142857142857145 0.035532994923857864 0.012857142857142857
4 0.8756345177664974 0.41892857142857143 0.035532994923857864 0.012142857142857143
4 0.8699238578680203 0.42964285714285716 0.03426395939086294 0.012142857142857143
4 0.9098984771573604 0.43785714285714283 0.032994923857868015 0.011428571428571429
3 0.6294416243654822 0.135 0.017766497461928932 0.012857142857142857
3 0.6110406091370558 0.20142857142857143 0.016497461928934008 0.014285714285714285
3 0.7468274111675126 0.22964285714285715 0.019035532994923856 0.016428571428571428
3 0.8191624365482233 0.245 0.021573604060913704 0.018571428571428572
3 0.6560913705583756 0.21214285714285713 0.02284263959390863 0.017142857142857144
3 0.7201776649746192 0.15535714285714286 0.019035532994923856 0.016428571428571428
3 0.6522842639593908 0.14 0.017766497461928932 0.014285714285714285
3 0.6751269035532994 0.14607142857142857 0.02030456852791878 0.017857142857142856
3 0.8153553299492385 0.17535714285714285 0.021573604060913704 0.016428571428571428
3 0.8362944162436547 0.17785714285714285 0.02284263959390863 0.015714285714285715
3 0.8578680203045684 0.18178571428571427 0.017766497461928932 0.016428571428571428
3 0.8813451776649746 0.18678571428571428 0.021573604060913704 0.017857142857142856
3 1.116751269035533 0.1975 0.03045685279187817 0.009285714285714286
3 0.6960659898477157 0.32 0.021573604060913704 0.018571428571428572
3 0.7208121827411167 0.32285714285714284 0.02030456852791878 0.015714285714285715
3 0.7538071065989848 0.32821428571428574 0.02030456852791878 0.016428571428571428
3 0.7868020304568527 0.335 0.02030456852791878 0.02
3 0.8248730964467005 0.34035714285714286 0.02030456852791878 0.017857142857142856
3 0.8559644670050761 0.34964285714285714 0.021573604060913704 0.019285714285714285
3 0.8756345177664974 0.3482142857142857 0.015228426395939085 0.015
3 0.9086294416243654 0.35678571428571426 0.025380710659898477 0.020714285714285713
3 0.9955583756345177 0.3717857142857143 0.019035532994923856 0.017857142857142856
3 1.0463197969543145 0.3817857142857143 0.021573604060913704 0.020714285714285713
3 1.0298223350253806 0.3782142857142857 0.019035532994923856 0.017857142857142856
3 1.012690355329949 0.37464285714285717 0.02030456852791878 0.020714285714285713
3 1.0837563451776648 0.3875 0.017766497461928932 0.019285714285714285
3 1.1008883248730963 0.39035714285714285 0.019035532994923856 0.019285714285714285
3 1.1199238578680202 0.3942857142857143 0.019035532994923856 0.018571428571428572
3 1.1370558375634516 0.3942857142857143 0.015228426395939085 0.017142857142857144
4 1.064720812182741 0.3842857142857143 0.017766497461928932 0.018571428571428572
4 0.9796954314720812 0.3682142857142857 0.025380710659898477 0.020714285714285713
4 0.9600253807106598 0.3653571428571429 0.019035532994923856 0.019285714285714285
4 0.9441624365482233 0.3603571428571429 0.02030456852791878 0.019285714285714285
