9 0.08047619047619048 0.6878571428571428 0.010476190476190476 0.022857142857142857
1 0.07904761904761905 0.6814285714285714 0.013333333333333332 0.017142857142857144
1 0.5019047619047619 0.40964285714285714 0.005714285714285714 0.009285714285714286
9 0.5023809523809524 0.4117857142857143 0.008571428571428572 0.009285714285714286
3 0.6323809523809524 0.2257142857142857 0.007619047619047619 0.005714285714285714
3 0.5923809523809523 0.18571428571428572 0.005714285714285714 0.004285714285714286
3 0.8419047619047619 0.7217857142857143 0.05523809523809524 0.055
3 0.888095238095238 0.7192857142857143 0.05619047619047619 0.05
3 1.078095238095238 0.32107142857142856 0.017142857142857144 0.012142857142857143
3 1.069047619047619 0.3225 0.01619047619047619 0.013571428571428571
3 1.0495238095238095 0.32285714285714284 0.017142857142857144 0.011428571428571429
3 1.0180952380952382 0.32535714285714284 0.01904761904761905 0.010714285714285714
3 0.9704761904761905 0.3275 0.02095238095238095 0.010714285714285714
3 0.9233333333333333 0.33107142857142857 0.02 0.012142857142857143
3 0.9042857142857142 0.33107142857142857 0.01619047619047619 0.012142857142857143
3 0.9271428571428572 0.35214285714285715 0.03142857142857143 0.011428571428571429
3 0.8909523809523809 0.3314285714285714 0.014285714285714285 0.011428571428571429
3 0.849047619047619 0.33321428571428574 0.014285714285714285 0.010714285714285714
3 0.8142857142857143 0.30642857142857144 0.015238095238095238 0.005714285714285714
3 0.7942857142857143 0.28714285714285714 0.013333333333333332 0.005714285714285714
3 0.7980952380952381 0.2892857142857143 0.015238095238095238 0.005714285714285714
3 0.8028571428571428 0.29464285714285715 0.022857142857142857 0.009285714285714286
3 0.8123809523809524 0.3 0.01904761904761905 0.007142857142857143
3 0.7642857142857142 0.3117857142857143 0.025714285714285714 0.007857142857142858
3 0.7619047619047619 0.3082142857142857 0.026666666666666665 0.007857142857142858
4 0.6933333333333334 0.43285714285714283 0.0380952380952381 0.018571428571428572
5 1.2966666666666666 0.2739285714285714 0.04476190476190476 0.02214285714285714
3 0.15 0.34464285714285714 0.023809523809523808 0.012142857142857143
3 0.18285714285714286 0.3032142857142857 0.01904761904761905 0.007857142857142858
3 0.16285714285714287 0.33964285714285714 0.02095238095238095 0.009285714285714286
3 0.1719047619047619 0.3335714285714286 0.023809523809523808 0.008571428571428572
3 0.17761904761904762 0.33035714285714285 0.018095238095238095 0.009285714285714286
3 0.37333333333333335 0.25035714285714283 0.017142857142857144 0.0064285714285714285
3 0.38666666666666666 0.24571428571428572 0.011428571428571429 0.005714285714285714
3 0.39 0.24321428571428572 0.014285714285714285 0.005
4 0.37476190476190474 0.24785714285714286 0.021904761904761906 0.005714285714285714
8 0.5038095238095238 0.26285714285714284 0.01904761904761905 0.017142857142857144
