3 0.22906091370558374 0.49464285714285716 0.10025380710659898 0.045
3 0.41243654822335024 0.4210714285714286 0.08375634517766496 0.03642857142857143
3 0.45304568527918776 0.4739285714285714 0.07614213197969542 0.02214285714285714
4 0.44352791878172587 0.49964285714285717 0.09771573604060912 0.025
3 0.4428934010152284 0.5246428571428572 0.09390862944162436 0.020714285714285713
5 0.4359137055837563 0.5457142857142857 0.14086294416243653 0.03142857142857143
3 0.9974619289340101 0.3914285714285714 0.06598984771573603 0.04857142857142857
3 0.9460659898477156 0.35928571428571426 0.05456852791878172 0.04
3 1.0805837563451777 0.295 0.05456852791878172 0.037142857142857144
5 1.3020304568527918 0.061785714285714284 0.055837563451776644 0.035
