3 0.649 0.47625 0.146 0.1635
9 0.9209999999999999 0.32525 0.066 0.0405
3 0.8653333333333333 0.2695 0.07866666666666666 0.061
1 0.7523333333333333 0.28975 0.026 0.0305
6 0.604 0.30825 0.05733333333333333 0.0575
1 0.6133333333333333 0.28825 0.030666666666666665 0.0275
5 0.418 0.264 0.12666666666666665 0.08600000000000001
5 0.7756666666666666 0.19075 0.13533333333333333 0.0535
3 0.7226666666666667 0.16425 0.04933333333333333 0.0365
3 0.657 0.18125 0.057999999999999996 0.0385
5 0.5956666666666667 0.1365 0.051333333333333335 0.039
5 0.8033333333333333 0.134 0.09333333333333332 0.031
3 0.7963333333333333 0.1255 0.06866666666666667 0.024
2 0.6576666666666666 0.117 0.011333333333333332 0.019
1 0.658 0.11 0.010666666666666666 0.019
9 0.6466666666666666 0.1145 0.02 0.017
1 0.647 0.1075 0.014 0.018000000000000002
1 0.6536666666666666 0.10025 0.012666666666666666 0.0145
4 0.635 0.09475 0.028666666666666667 0.0275
5 0.6176666666666667 0.0805 0.07266666666666667 0.035
3 0.6706666666666666 0.0665 0.026666666666666665 0.021
9 0.688 0.07875 0.012 0.0155
1 0.689 0.07625 0.01 0.0185
5 0.7413333333333333 0.0895 0.034666666666666665 0.029
5 0.8056666666666666 0.05625 0.03666666666666667 0.0405
3 0.6736666666666666 0.0565 0.046 0.015
3 0.6956666666666667 0.043750000000000004 0.016666666666666666 0.0135
3 0.704 0.04025 0.016 0.0115
3 0.7056666666666667 0.035500000000000004 0.016666666666666666 0.011
