3 0.6478426395939085 0.27714285714285714 0.026649746192893398 0.018571428571428572
3 0.6694162436548223 0.29892857142857143 0.026649746192893398 0.017857142857142856
3 0.6865482233502538 0.33035714285714285 0.02284263959390863 0.02214285714285714
3 0.8077411167512689 0.3167857142857143 0.021573604060913704 0.02214285714285714
3 0.748730964467005 0.28714285714285714 0.02030456852791878 0.02
4 0.8128172588832486 0.2825 0.021573604060913704 0.02214285714285714
3 0.7538071065989848 0.2621428571428571 0.02030456852791878 0.018571428571428572
3 0.78997461928934 0.2575 0.021573604060913704 0.019285714285714285
3 0.8185279187817258 0.2557142857142857 0.02030456852791878 0.018571428571428572
3 0.9321065989847716 0.2725 0.026649746192893398 0.02214285714285714
3 1.0196700507614211 0.22714285714285715 0.04441624365482233 0.014285714285714285
3 0.6808375634517766 0.07178571428571429 0.031725888324873094 0.009285714285714286
3 0.7284263959390862 0.08142857142857143 0.03807106598984771 0.01
3 0.7614213197969543 0.05392857142857143 0.03807106598984771 0.009285714285714286
3 0.9498730964467005 0.06428571428571428 0.03934010152284264 0.01
