3 1.4885786802030456 0.5285714285714286 0.09137055837563451 0.032857142857142856
3 1.4543147208121827 0.5046428571428572 0.07614213197969542 0.025
3 1.4282994923857868 0.4832142857142857 0.08502538071065989 0.030714285714285715
4 1.4098984771573604 0.4585714285714286 0.07360406091370558 0.03142857142857143
8 1.5437817258883249 0.4539285714285714 0.07994923857868019 0.052142857142857144
4 1.3274111675126903 0.2860714285714286 0.050761421319796954 0.035
3 1.298223350253807 0.29285714285714287 0.050761421319796954 0.03428571428571429
3 1.2658629441624365 0.2957142857142857 0.04695431472081218 0.03428571428571429
3 1.2290609137055837 0.29964285714285716 0.05710659898477157 0.035
3 1.1916243654822334 0.3067857142857143 0.055837563451776644 0.03357142857142857
3 1.1586294416243654 0.30857142857142855 0.050761421319796954 0.03571428571428571
3 1.1262690355329947 0.31214285714285717 0.052030456852791875 0.041428571428571426
3 1.0824873096446699 0.31142857142857144 0.053299492385786795 0.037142857142857144
3 1.0539340101522843 0.3217857142857143 0.049492385786802026 0.035
3 0.5272842639593909 0.24857142857142858 0.05456852791878172 0.03571428571428571
3 0.5583756345177665 0.18642857142857142 0.04568527918781726 0.032857142857142856
3 0.6326142131979695 0.18035714285714285 0.031725888324873094 0.027857142857142858
3 0.4232233502538071 0.16 0.049492385786802026 0.03428571428571429
3 0.41941624365482233 0.0675 0.04187817258883248 0.029285714285714286
3 0.29505076142131975 0.055714285714285716 0.04187817258883248 0.024285714285714285
