4 0.36238095238095236 0.7017857142857142 0.07142857142857142 0.09357142857142857
4 0.5528571428571428 0.7025 0.06571428571428571 0.09214285714285714
4 0.3676190476190476 0.5792857142857143 0.07238095238095238 0.08428571428571428
3 0.44095238095238093 0.5392857142857143 0.07238095238095238 0.1
3 0.4023809523809524 0.4275 0.06380952380952382 0.085
3 0.34476190476190477 0.37857142857142856 0.06666666666666667 0.09142857142857143
3 0.4185714285714286 0.32571428571428573 0.05619047619047619 0.08285714285714285
3 0.43714285714285717 0.23607142857142857 0.07238095238095238 0.08071428571428571
3 0.4542857142857143 0.15928571428571428 0.05523809523809524 0.07142857142857142
3 0.5895238095238096 0.08142857142857143 0.047619047619047616 0.07428571428571429
5 0.3161904761904762 0.12535714285714286 0.10285714285714286 0.09071428571428572
3 0.7261904761904762 0.18714285714285714 0.04857142857142857 0.07
3 1.0371428571428571 0.16535714285714287 0.05523809523809524 0.07357142857142857
3 0.9242857142857143 0.6496428571428572 0.06190476190476191 0.10071428571428571
