3 0.11571428571428571 0.6932142857142857 0.11333333333333333 0.11071428571428571
3 0.1519047619047619 0.5410714285714285 0.10761904761904761 0.13071428571428573
3 0.17095238095238094 0.39964285714285713 0.08857142857142856 0.08785714285714286
3 0.4938095238095238 0.17107142857142857 0.07142857142857142 0.10357142857142858
3 0.6057142857142858 0.18642857142857142 0.06285714285714286 0.09285714285714286
3 0.2804761904761905 0.05892857142857143 0.07523809523809524 0.08785714285714286
3 0.041428571428571426 0.024285714285714285 0.08476190476190476 0.04857142857142857
3 0.2219047619047619 0.03571428571428571 0.08190476190476191 0.07285714285714286
3 0.14333333333333334 0.21535714285714286 0.0980952380952381 0.10642857142857143
4 0.20857142857142857 0.26535714285714285 0.09904761904761905 0.125
1 0.34523809523809523 0.20107142857142857 0.03142857142857143 0.023571428571428573
3 0.709047619047619 0.08535714285714285 0.058095238095238096 0.08928571428571429
3 0.86 0.21357142857142858 0.06857142857142857 0.10285714285714286
3 0.8595238095238095 0.33714285714285713 0.06761904761904762 0.10142857142857142
3 0.8628571428571429 0.48035714285714287 0.07428571428571429 0.12214285714285714
3 0.8695238095238095 0.6525 0.07047619047619047 0.10928571428571429
3 1.2414285714285713 0.6078571428571429 0.1819047619047619 0.06285714285714286
3 1.2152380952380952 0.5328571428571428 0.17523809523809525 0.05714285714285714
3 1.1985714285714286 0.47 0.17238095238095238 0.054285714285714284
3 1.1961904761904762 0.40964285714285714 0.1676190476190476 0.056428571428571425
3 1.1638095238095238 0.23535714285714285 0.13523809523809524 0.052142857142857144
3 0.9414285714285714 0.23642857142857143 0.06952380952380953 0.10571428571428572
3 0.9652380952380952 0.375 0.07142857142857142 0.10285714285714286
3 1.1547619047619047 0.08392857142857142 0.1457142857142857 0.055
9 1.2776190476190477 0.08857142857142856 0.039047619047619046 0.037142857142857144
