3 1.2503333333333333 0.36475 0.056666666666666664 0.029500000000000002
3 1.3096666666666665 0.45475 0.046 0.035500000000000004
3 1.103 0.6775 0.182 0.077
3 0.9716666666666667 0.48675 0.12066666666666666 0.0395
4 0.832 0.4685 0.108 0.063
4 0.887 0.6042500000000001 0.13666666666666666 0.059500000000000004
3 0.8089999999999999 0.715 0.18866666666666665 0.069
3 0.5733333333333334 0.6605 0.12266666666666666 0.10200000000000001
2 0.9273333333333333 0.40750000000000003 0.025333333333333333 0.024
2 0.899 0.385 0.018 0.021
2 0.8293333333333333 0.34550000000000003 0.026666666666666665 0.013000000000000001
9 0.8506666666666667 0.34550000000000003 0.012 0.011
9 0.8476666666666667 0.35375 0.02333333333333333 0.0095
6 0.8483333333333333 0.36 0.03933333333333333 0.013000000000000001
6 0.846 0.3885 0.034666666666666665 0.032
9 0.7866666666666666 0.35275 0.029333333333333333 0.0165
3 0.7543333333333333 0.34125 0.07933333333333333 0.025500000000000002
3 0.7879999999999999 0.24875 0.044 0.0175
3 0.699 0.253 0.06066666666666667 0.018000000000000002
4 0.703 0.27675 0.05266666666666667 0.0275
9 0.731 0.29425 0.022 0.0125
6 0.7383333333333333 0.27725 0.014 0.0085
9 0.7493333333333333 0.28925 0.008 0.0125
2 0.7443333333333333 0.28225 0.012666666666666666 0.0105
2 0.712 0.23325 0.006666666666666666 0.0105
2 0.7053333333333333 0.2275 0.006666666666666666 0.008
1 0.7036666666666667 0.234 0.008666666666666666 0.009000000000000001
1 0.6976666666666667 0.2245 0.007333333333333333 0.011
1 0.6913333333333334 0.225 0.006666666666666666 0.011
9 0.6623333333333333 0.22 0.007333333333333333 0.011
3 0.6216666666666667 0.22425 0.02333333333333333 0.0175
4 0.6073333333333333 0.2665 0.022666666666666665 0.025
6 0.6286666666666666 0.3105 0.021333333333333333 0.024
3 0.649 0.39375 0.04466666666666667 0.0485
1 0.2763333333333333 0.66425 0.020666666666666667 0.0195
3 0.25166666666666665 0.67375 0.09266666666666666 0.1165
1 0.2906666666666667 0.51425 0.02 0.0235
3 0.30866666666666664 0.5335 0.076 0.08
9 0.4726666666666666 0.46975 0.022666666666666665 0.0265
1 0.414 0.41875 0.013333333333333332 0.0165
9 0.41633333333333333 0.428 0.014 0.021
3 0.35733333333333334 0.428 0.06 0.054
4 0.35666666666666663 0.18325 0.034666666666666665 0.0115
3 0.36066666666666664 0.1785 0.036 0.009000000000000001
3 0.411 0.17500000000000002 0.03266666666666666 0.009000000000000001
3 0.586 0.16275 0.024 0.0075
3 0.5173333333333333 0.16825 0.030666666666666665 0.0105
1 0.4746666666666666 0.1665 0.006666666666666666 0.007
2 0.4756666666666666 0.17025 0.006 0.0075
1 0.5043333333333333 0.17250000000000001 0.004666666666666666 0.006
9 0.5046666666666666 0.176 0.010666666666666666 0.007
1 0.38166666666666665 0.367 0.014 0.015
1 0.3853333333333333 0.33025 0.010666666666666666 0.0165
1 0.39199999999999996 0.3225 0.008 0.009000000000000001
1 0.427 0.2935 0.01 0.011
4 0.3803333333333333 0.289 0.05533333333333333 0.034
6 0.407 0.27375 0.012666666666666666 0.0135
2 0.45699999999999996 0.313 0.012666666666666666 0.015
1 0.45166666666666666 0.29525 0.008666666666666666 0.0105
9 0.45299999999999996 0.30175 0.008666666666666666 0.0095
6 0.448 0.2885 0.016 0.017
1 0.5026666666666666 0.3255 0.009333333333333332 0.018000000000000002
2 0.5036666666666666 0.3315 0.008666666666666666 0.014
4 0.5546666666666666 0.3175 0.06666666666666667 0.026000000000000002
5 0.5716666666666667 0.29475 0.043333333333333335 0.0395
1 0.493 0.28725 0.007333333333333333 0.0145
2 0.494 0.2935 0.012 0.014
9 0.433 0.27 0.011333333333333332 0.013000000000000001
1 0.45966666666666667 0.24 0.008666666666666666 0.009000000000000001
9 0.45966666666666667 0.2465 0.008666666666666666 0.009000000000000001
1 0.48233333333333334 0.23550000000000001 0.007333333333333333 0.011
9 0.48266666666666663 0.2405 0.008 0.01
1 0.4723333333333333 0.186 0.004666666666666666 0.005
1 0.4673333333333333 0.1865 0.006666666666666666 0.007
1 0.47866666666666663 0.20750000000000002 0.005333333333333333 0.009000000000000001
2 0.47966666666666663 0.213 0.004666666666666666 0.009000000000000001
4 0.4666666666666667 0.197 0.016 0.017
1 0.48333333333333334 0.19975 0.005333333333333333 0.0075
9 0.484 0.20425000000000001 0.005333333333333333 0.006500000000000001
1 0.512 0.22125 0.006666666666666666 0.0085
9 0.513 0.22625 0.006 0.006500000000000001
4 0.5643333333333334 0.22425 0.022 0.0225
2 0.5646666666666667 0.20650000000000002 0.009333333333333332 0.008
1 0.506 0.21825 0.005333333333333333 0.006500000000000001
9 0.507 0.22375 0.006 0.0075
1 0.502 0.21625 0.004 0.006500000000000001
1 0.5013333333333333 0.2135 0.005333333333333333 0.006
9 0.5023333333333333 0.21825 0.004666666666666666 0.006500000000000001
1 0.497 0.2025 0.007333333333333333 0.008
9 0.49666666666666665 0.20750000000000002 0.005333333333333333 0.006
