3 0.973984771573604 0.3221428571428571 0.09010152284263959 0.04
3 0.9314720812182741 0.35035714285714287 0.08883248730964466 0.03785714285714286
3 0.897208121827411 0.38035714285714284 0.07868020304568528 0.04357142857142857
3 0.8413705583756345 0.41785714285714287 0.08883248730964466 0.045714285714285714
3 0.7728426395939085 0.4471428571428571 0.09898477157360405 0.05285714285714286
3 0.7398477157360406 0.47964285714285715 0.09644670050761421 0.045
3 1.1300761421319796 0.22678571428571428 0.07741116751269035 0.030714285714285715
3 1.159263959390863 0.20964285714285713 0.06725888324873096 0.027857142857142858
3 1.1821065989847714 0.19357142857142856 0.07741116751269035 0.03
3 1.2049492385786802 0.1725 0.07233502538071065 0.035
3 1.2354060913705582 0.16 0.0748730964467005 0.02857142857142857
3 1.2601522842639592 0.14464285714285716 0.07106598984771573 0.027857142857142858
3 1.276015228426396 0.13142857142857142 0.06979695431472081 0.03
3 1.3026649746192893 0.11964285714285715 0.07741116751269035 0.023571428571428573
3 1.4130710659898476 0.27071428571428574 0.05456852791878172 0.04
3 1.405456852791878 0.09821428571428571 0.04441624365482233 0.029285714285714286
3 1.4435279187817258 0.06428571428571428 0.04187817258883248 0.024285714285714285
3 1.513959390862944 0.05357142857142857 0.053299492385786795 0.027142857142857142
3 1.498730964467005 0.024642857142857143 0.04314720812182741 0.019285714285714285
3 1.564720812182741 0.08107142857142857 0.04568527918781726 0.025
3 1.6116751269035532 0.13035714285714287 0.04314720812182741 0.027857142857142858
3 1.5678934010152283 0.15678571428571428 0.04695431472081218 0.027857142857142858
3 1.5843908629441623 0.19535714285714287 0.05456852791878172 0.03214285714285714
3 1.4993654822335025 0.24642857142857144 0.05456852791878172 0.03
3 1.6903553299492384 0.062142857142857146 0.04314720812182741 0.025714285714285714
3 1.6605329949238576 0.04107142857142857 0.03934010152284264 0.02214285714285714
3 1.6408629441624365 0.2732142857142857 0.09644670050761421 0.025
3 1.6763959390862944 0.3057142857142857 0.08121827411167512 0.02857142857142857
3 1.7214467005076142 0.3267857142857143 0.08248730964467005 0.030714285714285715
3 1.66751269035533 0.3914285714285714 0.09644670050761421 0.041428571428571426
3 1.5012690355329947 0.3364285714285714 0.09390862944162436 0.04285714285714286
3 1.4746192893401013 0.35285714285714287 0.08629441624365482 0.04428571428571428
3 1.464467005076142 0.3782142857142857 0.09137055837563451 0.04071428571428572
3 1.421954314720812 0.4175 0.09771573604060912 0.04214285714285714
4 1.438451776649746 0.3939285714285714 0.08502538071065989 0.039285714285714285
3 1.3711928934010151 0.4739285714285714 0.09517766497461928 0.04071428571428572
3 1.3477157360406091 0.5089285714285714 0.09644670050761421 0.047857142857142855
3 1.2868020304568526 0.5435714285714286 0.09390862944162436 0.03571428571428571
3 1.7335025380710658 0.12071428571428572 0.07868020304568528 0.03
3 1.7100253807106598 0.029642857142857144 0.031725888324873094 0.02214285714285714
3 1.7322335025380708 0.008928571428571428 0.04060913705583756 0.019285714285714285
3 0.907994923857868 0.20035714285714284 0.0748730964467005 0.029285714285714286
3 0.8775380710659898 0.21535714285714286 0.07741116751269035 0.029285714285714286
3 0.8401015228426395 0.22785714285714287 0.07360406091370558 0.03
3 0.7512690355329948 0.2767857142857143 0.07360406091370558 0.030714285714285715
3 0.8147208121827411 0.2475 0.06598984771573603 0.03214285714285714
3 0.7227157360406091 0.29714285714285715 0.07233502538071065 0.032857142857142856
3 0.6928934010152283 0.3157142857142857 0.07868020304568528 0.03428571428571429
3 0.6630710659898477 0.33214285714285713 0.09517766497461928 0.04285714285714286
3 0.6269035532994923 0.35214285714285715 0.08629441624365482 0.04285714285714286
3 0.5945431472081217 0.36964285714285716 0.07741116751269035 0.03642857142857143
3 0.5545685279187816 0.39571428571428574 0.08629441624365482 0.03571428571428571
3 0.515228426395939 0.4142857142857143 0.08375634517766496 0.041428571428571426
3 0.4841370558375634 0.4375 0.07994923857868019 0.04357142857142857
3 0.4378172588832487 0.455 0.09644670050761421 0.05142857142857143
3 0.12309644670050761 0.4446428571428571 0.09390862944162436 0.04071428571428572
3 0.1846446700507614 0.5132142857142857 0.06218274111675126 0.05785714285714286
3 0.17195431472081216 0.4203571428571429 0.08248730964467005 0.04214285714285714
3 0.22017766497461927 0.3975 0.08756345177664974 0.04357142857142857
3 0.3064720812182741 0.3575 0.09010152284263959 0.04357142857142857
3 0.3515228426395939 0.33964285714285714 0.09137055837563451 0.04071428571428572
3 0.38515228426395937 0.32142857142857145 0.08248730964467005 0.037142857142857144
3 0.42385786802030456 0.30214285714285716 0.07868020304568528 0.032857142857142856
3 0.45368020304568524 0.285 0.06979695431472081 0.03571428571428571
3 0.4873096446700507 0.2671428571428571 0.07868020304568528 0.03857142857142857
3 0.524746192893401 0.2475 0.06218274111675126 0.03214285714285714
3 0.8711928934010151 0.10928571428571429 0.06979695431472081 0.03142857142857143
3 0.9270304568527918 0.08071428571428571 0.06218274111675126 0.025714285714285714
3 1.0241116751269035 0.03357142857142857 0.06598984771573603 0.024285714285714285
3 1.1053299492385786 0.05892857142857143 0.053299492385786795 0.030714285714285715
3 0.9530456852791878 0.07107142857142858 0.06852791878172589 0.02642857142857143
5 0.8058375634517766 0.15285714285714286 0.08629441624365482 0.04285714285714286
4 0.26078680203045684 0.3757142857142857 0.09010152284263959 0.045714285714285714
4 0.19606598984771573 0.46 0.09771573604060912 0.05142857142857143
3 1.0266497461928934 0.13464285714285715 0.055837563451776644 0.03357142857142857
3 1.0824873096446699 0.10642857142857143 0.050761421319796954 0.03142857142857143
3 1.1338832487309645 0.07571428571428572 0.05964467005076142 0.03
3 0.6110406091370558 0.5425 0.09771573604060912 0.03785714285714286
4 1.6205583756345177 0.23142857142857143 0.08375634517766496 0.025714285714285714
5 1.6763959390862944 0.19071428571428573 0.048223350253807105 0.03428571428571429
9 1.387690355329949 0.455 0.03934010152284264 0.015714285714285715
2 0.9873096446700507 0.29392857142857143 0.027918781725888322 0.012142857142857143
9 1.3280456852791878 0.15607142857142858 0.029187817258883246 0.02214285714285714
3 1.7544416243654821 0.3475 0.04187817258883248 0.027857142857142858
