3 0.5571065989847716 0.09 0.04060913705583756 0.037142857142857144
3 0.5647208121827411 0.13178571428571428 0.035532994923857864 0.03357142857142857
3 0.5843908629441624 0.16857142857142857 0.04187817258883248 0.03142857142857143
3 0.7810913705583755 0.2835714285714286 0.07741116751269035 0.037142857142857144
3 0.8210659898477157 0.26857142857142857 0.06852791878172589 0.03428571428571429
3 0.8527918781725887 0.32321428571428573 0.08629441624365482 0.03642857142857143
3 0.6110406091370558 0.385 0.052030456852791875 0.05285714285714286
3 0.6675126903553299 0.38571428571428573 0.04568527918781726 0.045714285714285714
3 0.9073604060913705 0.27 0.07614213197969542 0.03571428571428571
3 1.0767766497461928 0.40214285714285714 0.09517766497461928 0.04428571428571428
3 1.182741116751269 0.4357142857142857 0.09644670050761421 0.04857142857142857
3 1.2880710659898476 0.48214285714285715 0.10152284263959391 0.05142857142857143
3 1.5856598984771573 0.5392857142857143 0.11802030456852791 0.04428571428571428
3 1.5196700507614211 0.4882142857142857 0.10279187817258882 0.047857142857142855
3 1.7030456852791878 0.5464285714285714 0.10152284263959391 0.03
3 0.2899746192893401 0.4082142857142857 0.09263959390862943 0.019285714285714285
3 0.28236040609137053 0.42928571428571427 0.09517766497461928 0.02
3 0.2779187817258883 0.4496428571428571 0.09390862944162436 0.027857142857142858
3 0.27347715736040606 0.49964285714285717 0.05456852791878172 0.04642857142857143
3 0.20685279187817257 0.4717857142857143 0.11675126903553298 0.027857142857142858
3 0.19289340101522842 0.4982142857142857 0.10913705583756345 0.025
3 0.16751269035532992 0.5239285714285714 0.11167512690355329 0.02642857142857143
3 0.15291878172588833 0.5492857142857143 0.11548223350253806 0.024285714285714285
3 0.2506345177664974 0.5428571428571428 0.06472081218274112 0.037142857142857144
4 0.7436548223350253 0.2325 0.07360406091370558 0.04071428571428572
4 0.9111675126903552 0.30357142857142855 0.07106598984771573 0.03571428571428571
4 1.0006345177664975 0.30178571428571427 0.08502538071065989 0.045
4 0.9682741116751268 0.3560714285714286 0.08629441624365482 0.045
4 1.1281725888324872 0.3792857142857143 0.08629441624365482 0.04857142857142857
4 1.3248730964467004 0.41535714285714287 0.10406091370558375 0.05071428571428571
4 1.2182741116751268 0.37607142857142856 0.08883248730964466 0.04928571428571429
4 1.280456852791878 0.4357142857142857 0.09898477157360405 0.04857142857142857
4 1.4282994923857868 0.48964285714285716 0.11548223350253806 0.05357142857142857
5 1.424492385786802 0.5264285714285715 0.133248730964467 0.06428571428571428
4 0.9999999999999999 0.40714285714285714 0.09137055837563451 0.04857142857142857
8 1.012690355329949 0.33964285714285714 0.11928934010152284 0.055
8 0.6738578680203046 0.22392857142857142 0.15228426395939085 0.08928571428571429
