3 0.9547619047619048 0.7017857142857142 0.27904761904761904 0.09071428571428572
3 0.4938095238095238 0.6471428571428571 0.10952380952380952 0.18142857142857144
3 0.6161904761904762 0.5810714285714286 0.09333333333333334 0.16214285714285714
3 0.07809523809523809 0.48642857142857143 0.1523809523809524 0.14285714285714285
3 0.518095238095238 0.45607142857142857 0.08571428571428572 0.13071428571428573
3 0.5271428571428571 0.3082142857142857 0.07333333333333333 0.09214285714285714
3 0.21476190476190476 0.25857142857142856 0.09619047619047619 0.08428571428571428
3 0.2542857142857143 0.18642857142857142 0.0838095238095238 0.06857142857142857
3 0.31857142857142856 0.08178571428571428 0.06190476190476191 0.04928571428571429
3 0.3461904761904762 0.0375 0.05619047619047619 0.04642857142857143
4 0.3680952380952381 0.011785714285714287 0.04666666666666667 0.025
4 0.2876190476190476 0.12392857142857143 0.06285714285714286 0.06357142857142857
3 0.5585714285714286 0.015 0.037142857142857144 0.03142857142857143
3 0.6014285714285714 0.0175 0.035238095238095235 0.035
3 0.550952380952381 0.045714285714285714 0.04285714285714286 0.04285714285714286
4 0.5433333333333333 0.09285714285714286 0.05047619047619047 0.047142857142857146
9 0.599047619047619 0.09285714285714286 0.022857142857142857 0.02142857142857143
3 0.5361904761904762 0.21857142857142858 0.05714285714285714 0.07571428571428572
3 0.7857142857142857 0.19357142857142856 0.13333333333333333 0.05285714285714286
3 0.8042857142857143 0.25857142857142856 0.14952380952380953 0.06
3 0.7780952380952381 0.15928571428571428 0.12761904761904763 0.04428571428571428
4 0.7766666666666666 0.13357142857142856 0.10952380952380952 0.04
9 0.7719047619047619 0.10428571428571429 0.04285714285714286 0.025714285714285714
9 0.768095238095238 0.11107142857142857 0.03333333333333333 0.020714285714285713
9 0.7333333333333333 0.10928571428571429 0.030476190476190476 0.02142857142857143
9 0.7390476190476191 0.07571428571428572 0.0380952380952381 0.024285714285714285
3 0.7471428571428571 0.05964285714285714 0.08857142857142856 0.03642857142857143
3 0.7342857142857143 0.04392857142857143 0.08952380952380952 0.03357142857142857
4 0.7314285714285714 0.025714285714285714 0.10285714285714286 0.03857142857142857
3 0.7257142857142858 0.015357142857142857 0.08952380952380952 0.02642857142857143
4 0.729047619047619 0.009642857142857142 0.07333333333333333 0.020714285714285713
9 0.5333333333333333 0.13392857142857142 0.015238095238095238 0.023571428571428573
