3 0.6233333333333333 0.7321428571428571 0.05238095238095238 0.03428571428571429
3 0.6466666666666666 0.6457142857142857 0.05142857142857143 0.07571428571428572
3 0.43523809523809526 0.5592857142857143 0.05523809523809524 0.08
3 0.5604761904761905 0.5753571428571429 0.05619047619047619 0.08214285714285714
3 0.66 0.5496428571428571 0.047619047619047616 0.07642857142857143
3 0.7933333333333333 0.6946428571428571 0.10476190476190476 0.08071428571428571
3 0.9938095238095238 0.73 0.11523809523809524 0.03857142857142857
4 0.9842857142857143 0.6375 0.10571428571428572 0.04357142857142857
3 0.9838095238095238 0.585 0.10857142857142857 0.04
3 0.9823809523809524 0.5421428571428571 0.10380952380952381 0.041428571428571426
3 0.8076190476190476 0.57 0.08952380952380952 0.07428571428571429
4 0.9747619047619047 0.5017857142857143 0.0980952380952381 0.039285714285714285
3 0.8166666666666667 0.5160714285714286 0.08666666666666667 0.06928571428571428
3 0.8176190476190476 0.4525 0.08666666666666667 0.06642857142857143
3 0.5828571428571429 0.47928571428571426 0.05333333333333333 0.08285714285714285
3 0.6728571428571428 0.45285714285714285 0.04857142857142857 0.07857142857142857
9 0.6733333333333333 0.4114285714285714 0.0380952380952381 0.011428571428571429
9 1.1247619047619049 0.505 0.01904761904761905 0.03142857142857143
3 0.9857142857142858 0.4275 0.10095238095238095 0.03642857142857143
3 0.9909523809523809 0.3921428571428571 0.09428571428571429 0.03571428571428571
4 0.8242857142857143 0.40464285714285714 0.08666666666666667 0.06785714285714285
3 0.6019047619047619 0.37535714285714283 0.045714285714285714 0.06785714285714285
3 0.6914285714285714 0.3610714285714286 0.045714285714285714 0.06785714285714285
3 0.8276190476190476 0.3578571428571429 0.08571428571428572 0.06
3 0.8319047619047619 0.3171428571428571 0.07904761904761905 0.054285714285714284
3 0.6219047619047618 0.3057142857142857 0.0419047619047619 0.06285714285714286
4 0.8333333333333334 0.2675 0.07809523809523809 0.056428571428571425
3 0.9828571428571429 0.32285714285714284 0.08190476190476191 0.032857142857142856
3 0.9728571428571429 0.29 0.09047619047619047 0.032857142857142856
3 0.9680952380952381 0.25857142857142856 0.09238095238095238 0.03428571428571429
4 1.1514285714285715 0.1957142857142857 0.09333333333333334 0.03571428571428571
3 1.2552380952380953 0.1325 0.045714285714285714 0.05357142857142857
3 1.2114285714285715 0.1275 0.0419047619047619 0.05357142857142857
3 1.1704761904761904 0.12392857142857143 0.04 0.05071428571428571
3 1.1261904761904762 0.12142857142857143 0.040952380952380955 0.045714285714285714
3 0.9766666666666667 0.1767857142857143 0.08476190476190476 0.03214285714285714
3 0.9761904761904762 0.15285714285714286 0.0838095238095238 0.03142857142857143
3 0.8376190476190476 0.23035714285714284 0.07523809523809524 0.05357142857142857
3 0.8376190476190476 0.185 0.07714285714285714 0.04857142857142857
3 0.5314285714285715 0.24107142857142858 0.04380952380952381 0.05928571428571429
3 0.7176190476190476 0.2125 0.039047619047619046 0.05785714285714286
3 0.8442857142857143 0.15321428571428572 0.06952380952380953 0.05071428571428571
3 0.7247619047619047 0.15214285714285714 0.03428571428571429 0.05285714285714286
3 0.6676190476190477 0.1025 0.03619047619047619 0.05357142857142857
5 0.5619047619047619 0.13 0.0419047619047619 0.05
3 0.8480952380952381 0.12178571428571429 0.06761904761904762 0.045
3 0.8580952380952381 0.09214285714285714 0.06666666666666667 0.045714285714285714
3 0.7352380952380952 0.09071428571428572 0.03619047619047619 0.05
3 0.8595238095238095 0.06464285714285714 0.06571428571428571 0.04357142857142857
3 0.741904761904762 0.03642857142857143 0.03428571428571429 0.05
3 0.8590476190476191 0.031785714285714285 0.06095238095238095 0.04928571428571429
3 0.9719047619047619 0.055357142857142855 0.07523809523809524 0.029285714285714286
3 0.9771428571428571 0.0325 0.06666666666666667 0.027857142857142858
3 0.9680952380952381 0.011785714285714287 0.07523809523809524 0.025
3 0.8623809523809524 0.008928571428571428 0.06190476190476191 0.019285714285714285
3 0.49 0.3917857142857143 0.05238095238095238 0.06928571428571428
5 0.5752380952380952 0.06571428571428571 0.045714285714285714 0.08142857142857143
3 0.6719047619047619 0.05678571428571429 0.03333333333333333 0.047857142857142855
3 0.6766666666666666 0.016785714285714286 0.03142857142857143 0.035
