2 0.64 0.48 0.04 0.018571428571428572
1 0.6376190476190476 0.4760714285714286 0.021904761904761906 0.017857142857142856
1 0.5419047619047619 0.4682142857142857 0.01904761904761905 0.020714285714285713
2 0.5423809523809524 0.4717857142857143 0.035238095238095235 0.019285714285714285
1 0.44571428571428573 0.4525 0.017142857142857144 0.019285714285714285
2 0.44666666666666666 0.4585714285714286 0.0380952380952381 0.015714285714285715
9 0.43952380952380954 0.41464285714285715 0.03142857142857143 0.017857142857142856
1 0.43857142857142856 0.4092857142857143 0.01619047619047619 0.018571428571428572
2 0.3047619047619048 0.41285714285714287 0.024761904761904763 0.015714285714285715
1 0.30238095238095236 0.4057142857142857 0.01619047619047619 0.018571428571428572
3 0.11904761904761904 0.16964285714285715 0.05142857142857143 0.013571428571428571
