3 0.05142857142857143 0.10607142857142857 0.10476190476190476 0.08214285714285714
3 0.06428571428571428 0.03428571428571429 0.07904761904761905 0.05285714285714286
3 0.19904761904761906 0.0575 0.08571428571428572 0.06928571428571428
5 0.43 0.18857142857142858 0.11333333333333333 0.13
3 0.6109523809523809 0.01892857142857143 0.04666666666666667 0.039285714285714285
3 0.6104761904761905 0.07035714285714285 0.05714285714285714 0.060714285714285714
3 0.5366666666666666 0.10357142857142858 0.06761904761904762 0.07428571428571429
3 0.6066666666666667 0.1525 0.06476190476190476 0.08214285714285714
3 0.539047619047619 0.047142857142857146 0.05523809523809524 0.054285714285714284
3 0.5152380952380953 0.3289285714285714 0.09523809523809523 0.12214285714285714
3 0.6776190476190476 0.3435714285714286 0.10380952380952381 0.12
3 0.42238095238095236 0.4810714285714286 0.11523809523809524 0.15214285714285714
4 0.5357142857142857 0.6392857142857142 0.12095238095238095 0.21714285714285714
9 0.8004761904761905 0.11285714285714285 0.05238095238095238 0.018571428571428572
9 0.7957142857142857 0.09821428571428571 0.037142857142857144 0.020714285714285713
9 0.8033333333333333 0.08428571428571428 0.04285714285714286 0.017142857142857144
9 0.7957142857142857 0.07178571428571429 0.04666666666666667 0.02214285714285714
4 0.7742857142857142 0.18071428571428572 0.14095238095238094 0.05714285714285714
9 0.8266666666666667 0.15 0.049523809523809526 0.02142857142857143
2 0.8942857142857142 0.16428571428571428 0.022857142857142857 0.04428571428571428
3 0.8023809523809524 0.23214285714285715 0.16857142857142857 0.05285714285714286
3 0.82 0.2867857142857143 0.19047619047619047 0.05785714285714286
3 0.8690476190476191 0.4725 0.2257142857142857 0.125
