1 0.7336666666666667 0.58 0.03266666666666666 0.03
3 0.6946666666666667 0.39375 0.14533333333333334 0.0785
4 0.8036666666666666 0.649 0.10733333333333334 0.19
5 0.9143333333333333 0.512 0.2633333333333333 0.184
4 0.877 0.41350000000000003 0.13666666666666666 0.056
3 1.0706666666666667 0.39075 0.17866666666666667 0.0605
1 1.0476666666666665 0.35025 0.026 0.0275
6 1.0296666666666667 0.3525 0.07133333333333333 0.037
4 1.014 0.28525 0.13466666666666666 0.0555
3 0.7876666666666666 0.3085 0.13533333333333333 0.047
3 0.6083333333333333 0.28 0.09533333333333333 0.06
3 0.33399999999999996 0.389 0.07866666666666666 0.096
3 0.36533333333333334 0.28800000000000003 0.06 0.069
3 0.37766666666666665 0.201 0.051333333333333335 0.058
1 0.4656666666666667 0.17350000000000002 0.016666666666666666 0.025
2 0.4643333333333333 0.181 0.015333333333333332 0.025
2 0.41966666666666663 0.156 0.016666666666666666 0.025
9 0.5036666666666666 0.15625 0.019333333333333334 0.025500000000000002
2 0.5173333333333333 0.12075 0.013333333333333332 0.0245
4 0.39066666666666666 0.12175 0.04933333333333333 0.0475
1 0.39699999999999996 0.0725 0.014 0.015
1 0.5053333333333333 0.08750000000000001 0.013333333333333332 0.024
1 0.39899999999999997 0.029500000000000002 0.012666666666666666 0.012
6 0.4023333333333333 0.0385 0.020666666666666667 0.021
2 0.43 0.019 0.010666666666666666 0.02
1 0.48166666666666663 0.01025 0.014 0.0195
9 0.48033333333333333 0.01325 0.011333333333333332 0.0175
9 0.505 0.0155 0.012666666666666666 0.018000000000000002
3 1.2773333333333332 0.38625 0.11066666666666666 0.0565
3 1.29 0.2555 0.08533333333333333 0.052000000000000005
3 1.279 0.14350000000000002 0.09266666666666666 0.034
9 1.1219999999999999 0.14425 0.04133333333333333 0.025500000000000002
3 0.9463333333333332 0.16275 0.09799999999999999 0.0305
3 0.867 0.18625 0.10866666666666666 0.0405
4 0.854 0.24375 0.10266666666666667 0.0485
4 0.8253333333333333 0.14925 0.096 0.0505
3 0.6586666666666666 0.0925 0.044 0.044
3 0.761 0.04425 0.078 0.0265
9 0.7933333333333333 0.0565 0.030666666666666665 0.02
2 0.8363333333333333 0.0495 0.028666666666666667 0.016
9 0.8513333333333333 0.052000000000000005 0.024 0.018000000000000002
6 0.852 0.06075 0.036 0.0185
6 0.848 0.08825 0.034666666666666665 0.0305
2 0.8983333333333333 0.0835 0.016666666666666666 0.023
2 0.9206666666666666 0.10350000000000001 0.02 0.025
6 0.634 0.01575 0.022666666666666665 0.0265
3 1.2726666666666666 0.0955 0.092 0.032
3 1.2283333333333333 0.0645 0.08066666666666666 0.03
3 1.1973333333333334 0.048 0.08399999999999999 0.028
