4 0.9976190476190476 0.20464285714285715 0.13047619047619047 0.12642857142857142
1 0.5928571428571429 0.4521428571428571 0.03333333333333333 0.04
1 0.4880952380952381 0.14214285714285715 0.03333333333333333 0.02857142857142857
2 0.5942857142857143 0.4710714285714286 0.04380952380952381 0.047857142857142855
9 0.49142857142857144 0.16 0.03619047619047619 0.055714285714285716
6 0.6980952380952381 0.25107142857142856 0.13714285714285715 0.14785714285714285
3 0.66 0.10928571428571429 0.09142857142857143 0.10285714285714286
3 0.5319047619047619 0.05821428571428571 0.07333333333333333 0.09071428571428572
3 0.32857142857142857 0.2025 0.21714285714285714 0.08214285714285714
3 0.35095238095238096 0.13142857142857142 0.19523809523809524 0.05857142857142857
3 0.3380952380952381 0.08571428571428572 0.18476190476190477 0.06285714285714286
3 0.3361904761904762 0.047142857142857146 0.1961904761904762 0.06142857142857143
3 0.24 0.5289285714285714 0.29333333333333333 0.15642857142857142
3 0.12476190476190477 0.4835714285714286 0.24 0.18
3 0.37047619047619046 0.016785714285714286 0.16952380952380952 0.03357142857142857
3 0.034761904761904765 0.21535714285714286 0.07142857142857142 0.08214285714285714
3 0.05333333333333333 0.4407142857142857 0.10857142857142857 0.12285714285714286
