1 1.1914285714285715 0.4782142857142857 0.03238095238095238 0.04357142857142857
4 1.1176190476190475 0.49642857142857144 0.18761904761904763 0.07857142857142857
4 0.26095238095238094 0.33035714285714285 0.14666666666666667 0.11071428571428571
4 0.3738095238095238 0.3364285714285714 0.11523809523809524 0.09142857142857143
3 0.6704761904761904 0.33785714285714286 0.06857142857142857 0.07857142857142857
3 0.5761904761904761 0.3457142857142857 0.08190476190476191 0.07285714285714286
3 0.4666666666666667 0.3414285714285714 0.10095238095238095 0.07571428571428572
3 0.9542857142857143 0.2935714285714286 0.15428571428571428 0.04857142857142857
3 0.950952380952381 0.2646428571428571 0.1457142857142857 0.04071428571428572
3 0.9566666666666667 0.24107142857142858 0.12095238095238095 0.039285714285714285
3 0.8657142857142857 0.1975 0.047619047619047616 0.04071428571428572
3 0.7938095238095239 0.19714285714285715 0.05238095238095238 0.047142857142857146
3 0.7195238095238096 0.1357142857142857 0.039047619047619046 0.03
3 0.7166666666666667 0.1975 0.04857142857142857 0.047857142857142855
3 0.5580952380952381 0.19678571428571429 0.05523809523809524 0.04928571428571429
3 0.6319047619047619 0.19678571428571429 0.05047619047619047 0.04214285714285714
5 0.4804761904761905 0.19857142857142857 0.08857142857142856 0.06857142857142857
4 0.30523809523809525 0.19142857142857142 0.10571428571428572 0.04428571428571428
3 0.4319047619047619 0.1125 0.054285714285714284 0.035
3 0.2780952380952381 0.21285714285714286 0.09714285714285714 0.037142857142857144
3 0.7838095238095238 0.14214285714285715 0.04 0.032857142857142856
9 0.8028571428571428 0.12035714285714286 0.013333333333333332 0.020714285714285713
9 0.7780952380952381 0.1225 0.015238095238095238 0.025
