3 0.32857142857142857 0.053214285714285714 0.05142857142857143 0.04357142857142857
9 0.33 0.010357142857142856 0.023809523809523808 0.015
2 0.24476190476190476 0.1732142857142857 0.03619047619047619 0.015
9 0.22714285714285715 0.18214285714285713 0.04285714285714286 0.017142857142857144
2 0.2619047619047619 0.2417857142857143 0.03619047619047619 0.03214285714285714
3 0.5447619047619048 0.004285714285714286 0.030476190476190476 0.01
3 0.6171428571428571 0.012857142857142857 0.022857142857142857 0.027142857142857142
3 0.6614285714285715 0.03142857142857143 0.03142857142857143 0.04285714285714286
3 0.5280952380952381 0.032857142857142856 0.035238095238095235 0.041428571428571426
3 0.4380952380952381 0.039285714285714285 0.04380952380952381 0.03857142857142857
3 0.42 0.08678571428571429 0.045714285714285714 0.045
3 0.5 0.09035714285714286 0.04380952380952381 0.04928571428571429
4 0.48523809523809525 0.13178571428571428 0.04476190476190476 0.04928571428571429
2 0.5828571428571429 0.08714285714285715 0.013333333333333332 0.024285714285714285
1 0.5838095238095238 0.07285714285714286 0.015238095238095238 0.014285714285714285
4 0.5347619047619048 0.15642857142857142 0.04476190476190476 0.06714285714285714
3 0.4780952380952381 0.18928571428571428 0.049523809523809526 0.06571428571428571
5 0.3933333333333333 0.14214285714285715 0.05523809523809524 0.06285714285714286
3 0.38285714285714284 0.21 0.045714285714285714 0.05714285714285714
3 0.6871428571428572 0.23607142857142857 0.04857142857142857 0.075
3 0.45095238095238094 0.28 0.06952380952380953 0.08285714285714285
3 0.3676190476190476 0.2839285714285714 0.06857142857142857 0.08642857142857142
3 0.20476190476190476 0.3325 0.16 0.04214285714285714
3 0.21333333333333332 0.3817857142857143 0.17523809523809525 0.05785714285714286
3 0.4057142857142857 0.3607142857142857 0.14666666666666667 0.06285714285714286
3 0.08428571428571428 0.44392857142857145 0.17047619047619048 0.05785714285714286
9 0.5919047619047619 0.44535714285714284 0.025714285714285714 0.035
1 0.5871428571428572 0.4235714285714286 0.023809523809523808 0.02857142857142857
4 0.4014285714285714 0.44571428571428573 0.08285714285714285 0.11
3 0.47523809523809524 0.49107142857142855 0.08190476190476191 0.11928571428571429
3 0.3547619047619048 0.6110714285714286 0.09047619047619047 0.13642857142857143
4 0.24666666666666667 0.575 0.1180952380952381 0.16285714285714287
3 0.8580952380952381 0.0064285714285714285 0.0380952380952381 0.014285714285714285
3 0.8728571428571429 0.027857142857142858 0.04285714285714286 0.03571428571428571
3 0.8976190476190476 0.06678571428571428 0.04857142857142857 0.03785714285714286
3 0.9147619047619048 0.10928571428571429 0.05238095238095238 0.04428571428571428
3 0.9414285714285714 0.16035714285714286 0.06 0.05357142857142857
3 0.97 0.22 0.06190476190476191 0.05285714285714286
5 1.010952380952381 0.2875 0.10952380952380952 0.10357142857142858
3 0.9080952380952381 0.40035714285714286 0.07904761904761905 0.09357142857142857
2 1.289047619047619 0.3557142857142857 0.02 0.03142857142857143
2 1.3033333333333332 0.3578571428571429 0.02 0.03
4 1.2780952380952382 0.4282142857142857 0.09904761904761905 0.056428571428571425
3 1.1752380952380952 0.6453571428571429 0.18476190476190477 0.165
3 0.4480952380952381 0.6978571428571428 0.10761904761904761 0.10142857142857142
5 0.31142857142857144 0.7167857142857142 0.12571428571428572 0.06357142857142857
