3 0.4642857142857143 0.0425 0.04857142857142857 0.07071428571428572
3 0.5552380952380952 0.016428571428571428 0.04380952380952381 0.03428571428571429
3 0.770952380952381 0.05142857142857143 0.04666666666666667 0.07285714285714286
3 0.7633333333333333 0.13464285714285715 0.04666666666666667 0.07214285714285715
4 0.5561904761904762 0.0925 0.0419047619047619 0.06785714285714285
4 0.780952380952381 0.2417857142857143 0.04 0.06928571428571428
4 0.49047619047619045 0.6014285714285714 0.049523809523809526 0.08714285714285715
4 0.32904761904761903 0.6821428571428572 0.12476190476190477 0.04285714285714286
3 0.3233333333333333 0.7285714285714285 0.11523809523809524 0.03571428571428571
3 0.55 0.6646428571428571 0.054285714285714284 0.085
9 0.31761904761904763 0.6225 0.03333333333333333 0.027857142857142858
3 0.7961904761904762 0.6792857142857143 0.049523809523809526 0.09714285714285714
4 0.7861904761904762 0.5839285714285715 0.040952380952380955 0.07214285714285715
3 0.5514285714285714 0.5478571428571428 0.05142857142857143 0.09428571428571429
3 0.7833333333333333 0.4925 0.04666666666666667 0.07785714285714286
3 0.7842857142857143 0.4032142857142857 0.04285714285714286 0.07071428571428572
3 0.6423809523809524 0.4564285714285714 0.05238095238095238 0.09285714285714286
3 0.55 0.45357142857142857 0.04666666666666667 0.07714285714285714
9 0.6857142857142857 0.4082142857142857 0.024761904761904763 0.05071428571428571
1 0.6814285714285714 0.4025 0.014285714285714285 0.02214285714285714
3 0.4342857142857143 0.42928571428571427 0.049523809523809526 0.07714285714285714
2 0.4876190476190476 0.36 0.0380952380952381 0.01
1 0.48142857142857143 0.35892857142857143 0.012380952380952381 0.007857142857142858
3 0.3761904761904762 0.30392857142857144 0.11238095238095239 0.03357142857142857
3 0.49238095238095236 0.23642857142857143 0.049523809523809526 0.08142857142857143
5 0.5447619047619048 0.1825 0.05523809523809524 0.10357142857142858
2 0.3680952380952381 0.15892857142857142 0.02 0.025
9 0.32857142857142857 0.14785714285714285 0.01904761904761905 0.02
2 0.3361904761904762 0.21357142857142858 0.024761904761904763 0.02
