2 0.6714285714285714 0.5775 0.01904761904761905 0.03642857142857143
1 0.670952380952381 0.5782142857142857 0.018095238095238095 0.019285714285714285
9 0.731904761904762 0.6182142857142857 0.025714285714285714 0.04642857142857143
9 0.731904761904762 0.5664285714285714 0.025714285714285714 0.045714285714285714
3 0.7404761904761905 0.48 0.06 0.10714285714285714
6 0.6914285714285714 0.41535714285714287 0.030476190476190476 0.04642857142857143
1 0.6938095238095238 0.4064285714285714 0.02 0.017142857142857144
5 0.75 0.36 0.054285714285714284 0.10857142857142857
2 0.7523809523809524 0.21 0.02857142857142857 0.02857142857142857
5 0.7719047619047619 0.15035714285714286 0.04476190476190476 0.062142857142857146
3 0.7795238095238095 0.08607142857142858 0.04476190476190476 0.06642857142857143
2 0.7133333333333334 0.08857142857142856 0.015238095238095238 0.03571428571428571
1 0.7133333333333334 0.08321428571428571 0.013333333333333332 0.02642857142857143
3 0.8014285714285714 0.020714285714285713 0.07142857142857142 0.03571428571428571
