3 0.6687817258883249 0.013214285714285715 0.06345177664974619 0.027857142857142858
3 0.5647208121827411 0.06428571428571428 0.06345177664974619 0.037142857142857144
4 0.700507614213198 0.04535714285714286 0.08883248730964466 0.03642857142857143
4 0.6129441624365481 0.10571428571428572 0.07106598984771573 0.04857142857142857
5 0.7868020304568527 0.09964285714285714 0.10406091370558375 0.07357142857142857
3 0.6668781725888324 0.15892857142857142 0.0748730964467005 0.047857142857142855
3 0.7347715736040609 0.2082142857142857 0.07614213197969542 0.05071428571428571
9 0.8565989847715736 0.14714285714285713 0.04314720812182741 0.018571428571428572
9 0.8642131979695431 0.15357142857142858 0.04060913705583756 0.022857142857142857
9 0.8781725888324873 0.16107142857142856 0.035532994923857864 0.02214285714285714
9 0.8807106598984771 0.16642857142857143 0.048223350253807105 0.022857142857142857
9 0.890228426395939 0.1707142857142857 0.04441624365482233 0.022857142857142857
9 0.8946700507614213 0.18 0.04314720812182741 0.02
9 0.9048223350253807 0.185 0.04314720812182741 0.022857142857142857
9 0.9143401015228426 0.19142857142857142 0.04441624365482233 0.02
9 0.9225888324873096 0.19714285714285715 0.04568527918781726 0.02142857142857143
9 0.9295685279187816 0.2017857142857143 0.052030456852791875 0.029285714285714286
9 0.9340101522842639 0.21285714285714286 0.04314720812182741 0.018571428571428572
9 0.9441624365482233 0.22107142857142856 0.04568527918781726 0.017857142857142856
9 0.9517766497461928 0.22607142857142856 0.03807106598984771 0.017857142857142856
9 0.9638324873096445 0.23464285714285715 0.03680203045685279 0.017857142857142856
9 0.9847715736040609 0.24642857142857144 0.048223350253807105 0.022857142857142857
9 1.0019035532994922 0.2710714285714286 0.03426395939086294 0.017857142857142856
9 0.9968274111675126 0.26071428571428573 0.04441624365482233 0.02142857142857143
9 0.9930203045685279 0.25357142857142856 0.03680203045685279 0.018571428571428572
9 0.5425126903553299 0.3335714285714286 0.031725888324873094 0.012857142857142857
2 0.91497461928934 0.3892857142857143 0.02284263959390863 0.02
