3 0.876 0.62775 0.16 0.11750000000000001
1 0.853 0.50775 0.022 0.0135
3 0.9586666666666667 0.4615 0.12666666666666665 0.077
3 0.9933333333333333 0.428 0.13066666666666665 0.073
4 0.9986666666666666 0.3785 0.12533333333333332 0.085
3 0.8833333333333333 0.34075 0.07466666666666666 0.0655
3 0.7646666666666666 0.37775000000000003 0.08 0.07150000000000001
3 0.6576666666666666 0.3055 0.07266666666666667 0.055
3 0.7486666666666666 0.24675 0.06666666666666667 0.0455
3 0.7849999999999999 0.20475000000000002 0.048666666666666664 0.035500000000000004
4 0.8206666666666667 0.16975 0.048 0.0405
2 0.8733333333333333 0.08025 0.010666666666666666 0.0135
3 0.9093333333333333 0.0945 0.036 0.026000000000000002
4 0.9273333333333333 0.077 0.03333333333333333 0.027
3 0.9486666666666667 0.0655 0.028 0.019
3 0.9603333333333333 0.053 0.028666666666666667 0.017
3 0.9733333333333333 0.0425 0.024 0.02
3 0.988 0.0325 0.025333333333333333 0.017
3 1.0003333333333333 0.02025 0.022 0.0135
3 1.007 0.01375 0.020666666666666667 0.0145
3 1.018 0.006500000000000001 0.02 0.014
3 1.048 0.07150000000000001 0.029333333333333333 0.022
4 1.0796666666666666 0.0135 0.024666666666666667 0.022
3 1.314 0.38325000000000004 0.03733333333333333 0.0615
4 1.316 0.2535 0.03333333333333333 0.033
3 1.319 0.13 0.02733333333333333 0.024
3 1.321 0.114 0.02333333333333333 0.022
3 1.3283333333333334 0.08025 0.008666666666666666 0.0145
4 1.3236666666666665 0.06525 0.018 0.0195
3 1.32 0.05625 0.025333333333333333 0.0165
3 1.318 0.02925 0.026666666666666665 0.0145
3 1.313 0.0225 0.033999999999999996 0.014
3 1.3216666666666665 0.014750000000000001 0.022 0.0105
3 1.321 0.01 0.022 0.013000000000000001
3 1.3173333333333332 0.00425 0.026666666666666665 0.0095
3 1.3076666666666665 0.162 0.04066666666666666 0.027
3 1.2276666666666667 0.2405 0.04733333333333333 0.038
3 1.2426666666666666 0.17400000000000002 0.04133333333333333 0.029
3 1.2483333333333333 0.08125 0.028666666666666667 0.0205
3 1.1516666666666666 0.202 0.038 0.028
3 1.1563333333333332 0.16725 0.03266666666666666 0.0245
1 1.1416666666666666 0.17975 0.012666666666666666 0.0195
1 1.1636666666666666 0.128 0.008666666666666666 0.008
3 1.2033333333333334 0.01625 0.02 0.0175
