8 1.0964467005076142 0.5317857142857143 0.08375634517766496 0.05928571428571429
3 0.9530456852791878 0.3535714285714286 0.050761421319796954 0.047142857142857146
3 0.7715736040609137 0.3157142857142857 0.04314720812182741 0.04
9 0.7658629441624365 0.18321428571428572 0.016497461928934008 0.017857142857142856
3 0.8908629441624365 0.1367857142857143 0.032994923857868015 0.027857142857142858
3 0.9371827411167512 0.12357142857142857 0.03680203045685279 0.03
3 1.3851522842639592 0.3375 0.049492385786802026 0.047857142857142855
3 1.145939086294416 0.16785714285714284 0.03807106598984771 0.025714285714285714
8 1.1313451776649746 0.1325 0.04695431472081218 0.04071428571428572
8 1.1364213197969542 0.0675 0.06472081218274112 0.056428571428571425
3 1.1986040609137054 0.07892857142857143 0.03426395939086294 0.023571428571428573
3 1.1725888324873095 0.055 0.027918781725888322 0.02
5 1.0977157360406091 0.08321428571428571 0.06598984771573603 0.05357142857142857
5 1.0355329949238579 0.026785714285714284 0.03807106598984771 0.029285714285714286
5 1.130710659898477 0.013571428571428571 0.050761421319796954 0.02857142857142857
8 0.7036802030456852 0.11964285714285715 0.05456852791878172 0.08071428571428571
3 0.6630710659898477 0.06321428571428571 0.026649746192893398 0.020714285714285713
3 0.7474619289340101 0.012857142857142857 0.02284263959390863 0.017142857142857144
3 1.016497461928934 0.007857142857142858 0.027918781725888322 0.011428571428571429
