3 0.723984771573604 0.45714285714285713 0.07233502538071065 0.07571428571428572
3 0.6814720812182741 0.31464285714285717 0.053299492385786795 0.062142857142857146
3 0.7931472081218274 0.41464285714285715 0.07868020304568528 0.075
3 0.5374365482233502 0.3985714285714286 0.0748730964467005 0.06571428571428571
3 0.5596446700507614 0.3167857142857143 0.055837563451776644 0.06785714285714285
3 0.5431472081218274 0.25821428571428573 0.050761421319796954 0.052142857142857144
3 0.5348984771573604 0.21392857142857144 0.04187817258883248 0.04357142857142857
3 0.5666243654822335 0.1407142857142857 0.049492385786802026 0.055714285714285716
3 0.6472081218274112 0.09428571428571429 0.04060913705583756 0.045714285714285714
3 0.5126903553299492 0.1475 0.050761421319796954 0.05785714285714286
3 0.516497461928934 0.10892857142857143 0.048223350253807105 0.04214285714285714
3 0.5793147208121827 0.09214285714285714 0.05964467005076142 0.05142857142857143
3 0.5031725888324873 0.07142857142857142 0.052030456852791875 0.04
3 0.5685279187817258 0.048928571428571425 0.04314720812182741 0.04071428571428572
3 0.9733502538071065 0.3975 0.12182741116751268 0.039285714285714285
3 0.9803299492385786 0.4325 0.11802030456852791 0.03785714285714286
3 1.2417512690355328 0.4210714285714286 0.11040609137055837 0.035
3 1.2170050761421318 0.5407142857142857 0.15228426395939085 0.041428571428571426
3 1.1611675126903553 0.33464285714285713 0.10913705583756345 0.039285714285714285
3 1.189720812182741 0.36178571428571427 0.11040609137055837 0.039285714285714285
3 1.2170050761421318 0.39035714285714285 0.11675126903553298 0.03642857142857143
3 1.3553299492385786 0.41 0.12182741116751268 0.03857142857142857
3 1.3261421319796953 0.37892857142857145 0.10659898477157359 0.03357142857142857
3 1.307741116751269 0.3482142857142857 0.11548223350253806 0.03357142857142857
3 1.464467005076142 0.3025 0.12944162436548223 0.04214285714285714
3 1.489213197969543 0.3264285714285714 0.13578680203045684 0.041428571428571426
3 1.548223350253807 0.36714285714285716 0.10659898477157359 0.06142857142857143
3 1.6110406091370557 0.3082142857142857 0.11040609137055837 0.039285714285714285
3 1.5824873096446699 0.29 0.12690355329949238 0.032857142857142856
3 1.5609137055837563 0.4225 0.09137055837563451 0.05928571428571429
3 1.6218274111675126 0.3682142857142857 0.08629441624365482 0.060714285714285714
3 1.7093908629441623 0.3871428571428571 0.11421319796954314 0.04857142857142857
3 1.6922588832487309 0.40714285714285714 0.11040609137055837 0.047142857142857146
3 1.6713197969543145 0.4257142857142857 0.12182741116751268 0.05285714285714286
3 1.647208121827411 0.4517857142857143 0.12690355329949238 0.056428571428571425
3 1.6243654822335025 0.4735714285714286 0.14720812182741116 0.054285714285714284
3 1.6148477157360406 0.5010714285714286 0.1281725888324873 0.05357142857142857
3 1.5970812182741116 0.5271428571428571 0.16370558375634517 0.06
3 1.5666243654822334 0.5478571428571428 0.14340101522842638 0.027142857142857142
5 1.7182741116751268 0.28785714285714287 0.11421319796954314 0.04857142857142857
3 1.6954314720812182 0.3367857142857143 0.06345177664974619 0.05071428571428571
3 1.748730964467005 0.3467857142857143 0.053299492385786795 0.030714285714285715
3 1.2944162436548223 0.31857142857142856 0.10659898477157359 0.03
3 0.4289340101522842 0.04964285714285714 0.06852791878172589 0.020714285714285713
