3 0.6076666666666667 0.7010000000000001 0.078 0.097
3 0.6823333333333333 0.62825 0.06866666666666667 0.1225
3 0.5846666666666667 0.5750000000000001 0.06666666666666667 0.095
3 0.4746666666666666 0.65225 0.13733333333333334 0.1095
3 0.5036666666666666 0.5225 0.062 0.092
3 0.6736666666666666 0.52075 0.05266666666666667 0.0775
3 0.5766666666666667 0.45775 0.050666666666666665 0.07050000000000001
3 0.6523333333333333 0.43875000000000003 0.08333333333333333 0.0695
1 0.3133333333333333 0.41225 0.010666666666666666 0.0125
1 0.35333333333333333 0.41175 0.018666666666666665 0.0185
9 0.35266666666666663 0.41550000000000004 0.04 0.011
9 0.3783333333333333 0.35175 0.035333333333333335 0.0155
3 0.478 0.076 0.021333333333333333 0.019
1 0.5233333333333333 0.03375 0.004 0.0075
5 0.5153333333333333 0.10675 0.028 0.0375
3 0.5876666666666667 0.010750000000000001 0.014 0.0115
3 0.5883333333333333 0.01925 0.014 0.0095
3 0.585 0.02525 0.01 0.006500000000000001
3 0.5843333333333333 0.032 0.012666666666666666 0.009000000000000001
3 0.5843333333333333 0.03875 0.011333333333333332 0.0085
3 0.5836666666666667 0.056 0.014 0.014
4 0.5913333333333333 0.08700000000000001 0.017333333333333333 0.021
3 0.5646666666666667 0.1 0.021333333333333333 0.019
3 0.5589999999999999 0.126 0.020666666666666667 0.018000000000000002
3 0.593 0.11075 0.03266666666666666 0.0185
3 0.6113333333333333 0.12725 0.024 0.0205
3 0.643 0.12375 0.02333333333333333 0.0165
3 0.6186666666666667 0.153 0.024 0.022
3 0.6486666666666666 0.16125 0.028 0.0245
3 0.6556666666666666 0.184 0.02733333333333333 0.022
3 0.6213333333333333 0.1895 0.029333333333333333 0.023
3 0.6226666666666666 0.22375 0.03333333333333333 0.0285
4 0.657 0.22225 0.03 0.0395
5 0.6719999999999999 0.27375 0.04133333333333333 0.0575
3 0.6336666666666666 0.29625 0.04066666666666666 0.0345
4 0.592 0.29875 0.04133333333333333 0.0565
3 0.5873333333333333 0.25875 0.03333333333333333 0.0325
3 0.5486666666666666 0.259 0.034666666666666665 0.034
9 0.5436666666666666 0.23225 0.016666666666666666 0.0175
3 0.7443333333333333 0.053 0.03666666666666667 0.013000000000000001
3 0.7096666666666667 0.10025 0.020666666666666667 0.0175
3 0.8133333333333334 0.105 0.050666666666666665 0.018000000000000002
5 0.724 0.27825 0.04 0.0495
1 0.6759999999999999 0.2995 0.010666666666666666 0.015
6 0.6639999999999999 0.31325000000000003 0.018666666666666665 0.0195
1 0.6629999999999999 0.3095 0.014 0.016
9 0.6703333333333333 0.371 0.020666666666666667 0.025
3 0.7733333333333333 0.35375 0.088 0.0315
2 0.7063333333333333 0.33325 0.03266666666666666 0.0155
1 0.709 0.332 0.012666666666666666 0.024
3 0.5493333333333333 0.29825 0.04133333333333333 0.0455
3 0.526 0.3375 0.076 0.035
9 0.4493333333333333 0.39625 0.03733333333333333 0.0115
9 0.4993333333333333 0.4025 0.030666666666666665 0.018000000000000002
1 0.5026666666666666 0.39875 0.021333333333333333 0.021500000000000002
3 0.519 0.3685 0.08066666666666666 0.042
9 0.522 0.41275 0.03866666666666667 0.0125
1 0.52 0.40975 0.016 0.0205
6 0.5723333333333334 0.4045 0.05266666666666667 0.021
9 0.5549999999999999 0.39125 0.03 0.0225
1 0.5546666666666666 0.38725 0.012 0.0245
4 0.8069999999999999 0.51675 0.056666666666666664 0.0795
9 0.6343333333333333 0.39575 0.026 0.0235
1 0.6323333333333333 0.3925 0.016666666666666666 0.026000000000000002
3 0.6136666666666667 0.37125 0.057999999999999996 0.051500000000000004
3 0.7453333333333333 0.391 0.09733333333333333 0.041
4 0.903 0.363 0.06466666666666666 0.025
5 0.8433333333333333 0.3275 0.09999999999999999 0.036000000000000004
5 1.0823333333333334 0.30825 0.12866666666666665 0.0505
5 1.0713333333333332 0.44275000000000003 0.15466666666666667 0.0905
1 1.2543333333333333 0.44925 0.022 0.0185
1 1.2663333333333333 0.442 0.026 0.015
4 1.101 0.41425 0.10466666666666666 0.0445
1 1.2393333333333334 0.33675 0.021333333333333333 0.0175
