3 1.4727157360406091 0.43392857142857144 0.0748730964467005 0.047857142857142855
3 1.1713197969543145 0.4710714285714286 0.015228426395939085 0.017857142857142856
3 1.1840101522842639 0.46964285714285714 0.015228426395939085 0.019285714285714285
3 0.6954314720812182 0.4642857142857143 0.05837563451776649 0.06285714285714286
3 0.8293147208121827 0.5042857142857143 0.049492385786802026 0.054285714285714284
3 0.9130710659898477 0.18285714285714286 0.03680203045685279 0.032857142857142856
3 0.9022842639593908 0.0725 0.027918781725888322 0.023571428571428573
3 0.8439086294416243 0.047142857142857146 0.027918781725888322 0.02
3 0.9340101522842639 0.0075 0.02030456852791878 0.016428571428571428
3 0.5926395939086294 0.033928571428571426 0.03045685279187817 0.013571428571428571
5 0.7760152284263959 0.31107142857142855 0.06218274111675126 0.07071428571428572
9 1.046954314720812 0.30214285714285716 0.017766497461928932 0.018571428571428572
1 1.0456852791878173 0.29928571428571427 0.015228426395939085 0.011428571428571429
