3 0.6827458256029685 0.2599164926931106 0.08719851576994435 0.06784968684759916
3 0.5732838589981447 0.37212943632567846 0.10018552875695733 0.06680584551148225
8 0.4137291280148423 0.5190501043841336 0.1038961038961039 0.08507306889352817
3 0.325139146567718 0.5190501043841336 0.08998144712430427 0.07254697286012525
1 0.9216141001855288 0.10099164926931105 0.0176252319109462 0.013048016701461376
1 0.974025974025974 0.07254697286012525 0.016697588126159554 0.014613778705636741
1 0.9684601113172542 0.11482254697286011 0.016697588126159554 0.009394572025052192
9 1.0037105751391466 0.09890396659707723 0.04081632653061225 0.019311064718162838
9 0.9322820037105751 0.1299582463465553 0.0463821892393321 0.021920668058455113
9 0.9216141001855288 0.1782359081419624 0.03246753246753247 0.022442588726513567
9 1.2073283858998145 0.19650313152400833 0.039888682745825604 0.025574112734864297
3 1.1312615955473098 0.24608559498956156 0.11038961038961038 0.06106471816283924
3 1.186456400742115 0.2760960334029227 0.10575139146567718 0.05532359081419624
3 1.351113172541744 0.3734342379958246 0.11595547309833024 0.05897703549060542
3 1.4995361781076066 0.4642484342379958 0.1326530612244898 0.062108559498956155
1 1.6247680890538034 0.4501565762004175 0.0287569573283859 0.010960334029227557
1 1.6493506493506493 0.46607515657620036 0.025974025974025976 0.010438413361169102
9 1.6048237476808906 0.48277661795407095 0.0352504638218924 0.020876826722338204
