5 0.9340101522842639 0.3967857142857143 0.053299492385786795 0.07071428571428572
3 0.9390862944162436 0.3492857142857143 0.032994923857868015 0.032857142857142856
4 0.9378172588832486 0.3171428571428571 0.032994923857868015 0.03428571428571429
3 0.9371827411167512 0.29214285714285715 0.031725888324873094 0.025714285714285714
3 0.9397208121827411 0.26321428571428573 0.031725888324873094 0.03214285714285714
3 0.8223350253807106 0.18928571428571428 0.027918781725888322 0.022857142857142857
3 0.8305837563451776 0.11071428571428571 0.04187817258883248 0.011428571428571429
3 0.965736040609137 0.09285714285714286 0.032994923857868015 0.012857142857142857
3 0.9422588832487309 0.08571428571428572 0.016497461928934008 0.011428571428571429
3 1.0685279187817258 0.1025 0.055837563451776644 0.013571428571428571
3 1.1199238578680202 0.10464285714285715 0.04441624365482233 0.012142857142857143
3 1.1700507614213198 0.10678571428571429 0.04568527918781726 0.012142857142857143
3 1.2176395939086293 0.10892857142857143 0.04187817258883248 0.010714285714285714
3 1.3401015228426394 0.11535714285714285 0.035532994923857864 0.012142857142857143
5 1.288705583756345 0.10714285714285714 0.05964467005076142 0.02
5 1.3838832487309645 0.11464285714285714 0.049492385786802026 0.016428571428571428
3 1.4346446700507614 0.11642857142857142 0.026649746192893398 0.01
4 1.5063451776649746 0.11464285714285714 0.032994923857868015 0.013571428571428571
3 1.5215736040609136 0.16607142857142856 0.032994923857868015 0.027857142857142858
3 1.421954314720812 0.10464285714285715 0.029187817258883246 0.013571428571428571
8 1.395939086294416 0.09107142857142857 0.03807106598984771 0.017857142857142856
3 0.9435279187817258 0.07428571428571429 0.024111675126903553 0.015714285714285715
3 0.9397208121827411 0.06357142857142857 0.016497461928934008 0.011428571428571429
3 0.9378172588832486 0.052142857142857144 0.015228426395939085 0.012857142857142857
4 0.9390862944162436 0.044642857142857144 0.015228426395939085 0.012142857142857143
