3 0.7227157360406091 0.4175 0.031725888324873094 0.04071428571428572
3 0.6364213197969543 0.4332142857142857 0.03934010152284264 0.04214285714285714
3 0.5444162436548223 0.4010714285714286 0.053299492385786795 0.035
3 0.7417512690355329 0.30392857142857144 0.029187817258883246 0.030714285714285715
5 0.6516497461928934 0.3196428571428571 0.049492385786802026 0.06642857142857143
4 0.8083756345177664 0.22392857142857142 0.027918781725888322 0.035
5 0.8546954314720812 0.20214285714285715 0.03426395939086294 0.05142857142857143
3 0.7290609137055837 0.11714285714285715 0.029187817258883246 0.024285714285714285
3 0.7601522842639593 0.08035714285714286 0.027918781725888322 0.02214285714285714
8 0.690989847715736 0.0375 0.029187817258883246 0.03785714285714286
