3 0.638 0.34850000000000003 0.08533333333333333 0.1
3 0.45766666666666667 0.23225 0.07133333333333333 0.0635
4 0.6043333333333333 0.23500000000000001 0.062 0.07100000000000001
3 0.5623333333333334 0.20575000000000002 0.08733333333333333 0.0345
4 0.5539999999999999 0.16275 0.03333333333333333 0.0405
4 1.033 0.21525 0.106 0.0575
4 1.2243333333333333 0.19575 0.11666666666666667 0.0505
4 1.2523333333333333 0.18675 0.10466666666666666 0.051500000000000004
4 1.1936666666666667 0.169 0.08733333333333333 0.037
3 0.27 0.11625 0.03866666666666667 0.0185
3 0.289 0.1055 0.03666666666666667 0.021
3 0.3133333333333333 0.096 0.032 0.016
3 0.3313333333333333 0.08425 0.029333333333333333 0.0185
4 0.3433333333333333 0.077 0.022666666666666665 0.017
4 0.21933333333333332 0.10275000000000001 0.032 0.0225
3 0.21866666666666665 0.12475 0.06 0.021500000000000002
3 0.2063333333333333 0.113 0.038 0.018000000000000002
3 0.35533333333333333 0.0735 0.024 0.013000000000000001
3 0.309 0.12875 0.03133333333333333 0.0275
3 0.36566666666666664 0.06725 0.022 0.0145
3 0.3753333333333333 0.06275 0.02 0.0115
4 0.39466666666666667 0.092 0.028 0.018000000000000002
4 0.36433333333333334 0.10775 0.03133333333333333 0.0195
3 0.33266666666666667 0.14525 0.058666666666666666 0.0275
4 0.3433333333333333 0.16375 0.06133333333333333 0.0335
1 0.30733333333333335 0.21325 0.02 0.0225
9 0.49 0.179 0.034666666666666665 0.015
1 0.513 0.14350000000000002 0.012666666666666666 0.016
1 0.5263333333333333 0.14150000000000001 0.012666666666666666 0.013000000000000001
1 0.592 0.17400000000000002 0.010666666666666666 0.018000000000000002
9 0.6373333333333333 0.1825 0.036 0.018000000000000002
1 0.6386666666666666 0.17125 0.013333333333333332 0.0165
9 0.43866666666666665 0.30225 0.04 0.0305
9 0.6236666666666666 0.69125 0.056666666666666664 0.1065
9 0.694 0.5327500000000001 0.08933333333333333 0.0565
2 0.7633333333333333 0.4585 0.076 0.043000000000000003
9 0.824 0.42475 0.07466666666666666 0.0375
9 0.7026666666666667 0.34725 0.03333333333333333 0.0425
4 0.8646666666666666 0.21775 0.11599999999999999 0.0405
2 1.1256666666666666 0.122 0.02733333333333333 0.014
1 1.1736666666666666 0.1495 0.018 0.017
6 1.1666666666666665 0.152 0.034666666666666665 0.021
4 1.2 0.13525 0.08 0.0325
1 1.2166666666666666 0.14725 0.016 0.0155
9 1.0873333333333333 0.124 0.021333333333333333 0.017
1 1.0903333333333334 0.11875000000000001 0.014 0.0185
1 1.148 0.20700000000000002 0.014666666666666666 0.021
4 0.71 0.1575 0.048 0.035
4 0.6936666666666667 0.13925 0.03933333333333333 0.0335
4 0.693 0.13875 0.03933333333333333 0.0335
5 0.6363333333333333 0.135 0.11 0.033
9 0.6336666666666666 0.12225 0.014 0.0195
9 0.2743333333333333 0.496 0.09 0.043000000000000003
9 0.09233333333333334 0.468 0.08066666666666666 0.036000000000000004
9 0.16033333333333333 0.67475 0.14466666666666667 0.0765
3 0.7413333333333333 0.03075 0.024 0.0075
3 0.7306666666666667 0.02775 0.024 0.0075
3 0.6403333333333333 0.03675 0.02333333333333333 0.0075
3 0.6769999999999999 0.0365 0.028666666666666667 0.007
3 0.7233333333333333 0.025500000000000002 0.021333333333333333 0.008
3 0.714 0.02325 0.021333333333333333 0.0075
3 0.7186666666666667 0.0245 0.021333333333333333 0.008
5 0.7036666666666667 0.01975 0.024666666666666667 0.0095
5 0.6963333333333334 0.017 0.028666666666666667 0.009000000000000001
3 0.6756666666666666 0.02025 0.01 0.0055
3 0.6366666666666666 0.03475 0.024 0.0085
3 0.6273333333333333 0.0325 0.02 0.007
3 0.6233333333333333 0.03 0.02 0.007
3 0.6193333333333333 0.025750000000000002 0.021333333333333333 0.0075
3 0.615 0.02425 0.022 0.0075
3 0.6126666666666667 0.021750000000000002 0.021333333333333333 0.0075
3 0.5583333333333333 0.04225 0.026 0.0085
5 0.661 0.0245 0.03133333333333333 0.01
5 0.6639999999999999 0.03075 0.030666666666666665 0.0125
4 0.6496666666666666 0.0245 0.026 0.008
4 0.6376666666666666 0.02 0.026 0.008
9 1.1516666666666666 0.2195 0.049999999999999996 0.028
