3 0.7176666666666667 0.6705 0.066 0.052000000000000005
3 0.773 0.54325 0.056666666666666664 0.0375
3 0.8153333333333334 0.51275 0.04933333333333333 0.035500000000000004
3 0.78 0.50375 0.04933333333333333 0.0305
3 0.847 0.52425 0.049999999999999996 0.0375
3 0.8336666666666667 0.5710000000000001 0.054 0.038
3 0.8766666666666666 0.5357500000000001 0.044 0.0325
3 0.739 0.533 0.05266666666666667 0.035
3 0.7563333333333333 0.48775 0.04733333333333333 0.035500000000000004
3 0.711 0.51675 0.054 0.0325
3 0.8813333333333333 0.4435 0.048 0.027
3 0.8926666666666666 0.4285 0.04666666666666666 0.026000000000000002
3 0.38666666666666666 0.335 0.029333333333333333 0.016
3 0.40499999999999997 0.32775 0.03666666666666667 0.0175
3 0.42866666666666664 0.31775000000000003 0.036 0.0175
3 0.4533333333333333 0.31375000000000003 0.036 0.0175
1 0.5456666666666666 0.306 0.007333333333333333 0.01
2 0.5453333333333333 0.309 0.012 0.009000000000000001
3 0.5556666666666666 0.28125 0.028666666666666667 0.0125
2 0.42166666666666663 0.384 0.011333333333333332 0.01
2 0.425 0.386 0.012666666666666666 0.009000000000000001
2 0.48233333333333334 0.41100000000000003 0.012666666666666666 0.011
2 0.4443333333333333 0.3965 0.015333333333333332 0.009000000000000001
2 0.4323333333333333 0.39 0.015333333333333332 0.011
2 0.487 0.37075 0.012666666666666666 0.0115
2 0.49766666666666665 0.37325 0.011333333333333332 0.0105
2 0.5033333333333333 0.37625000000000003 0.012 0.0105
2 0.507 0.37775000000000003 0.012666666666666666 0.0105
2 0.5196666666666666 0.38225000000000003 0.012666666666666666 0.0095
2 0.5263333333333333 0.38425 0.014 0.0085
2 0.5293333333333333 0.38625 0.012 0.0095
2 0.5459999999999999 0.39225 0.013333333333333332 0.0095
3 0.48966666666666664 0.29975 0.043333333333333335 0.0165
3 0.02333333333333333 0.4575 0.048 0.027
3 1.051 0.12 0.020666666666666667 0.007
3 1.0673333333333332 0.11225 0.025333333333333333 0.0075
3 1.076 0.1095 0.025333333333333333 0.009000000000000001
3 1.0923333333333334 0.1055 0.022 0.008
3 1.0986666666666667 0.10325000000000001 0.02 0.0075
3 1.1196666666666666 0.097 0.020666666666666667 0.007
3 1.2243333333333333 0.107 0.016666666666666666 0.006
3 1.1543333333333332 0.11950000000000001 0.015333333333333332 0.006
3 1.1753333333333333 0.12075 0.018666666666666665 0.0075
3 1.2156666666666667 0.126 0.018 0.007
3 1.2206666666666666 0.12275 0.02 0.0055
3 1.2516666666666667 0.123 0.022 0.009000000000000001
3 1.206 0.139 0.025333333333333333 0.008
3 1.3213333333333332 0.15275 0.018666666666666665 0.0095
3 1.3026666666666666 0.133 0.025333333333333333 0.013000000000000001
3 1.327 0.13625 0.011333333333333332 0.0095
3 0.17666666666666667 0.00675 0.022666666666666665 0.006500000000000001
3 0.19 0.0055 0.024 0.007
