3 0.5823809523809523 0.6596428571428572 0.025714285714285714 0.023571428571428573
3 0.5290476190476191 0.5992857142857143 0.021904761904761906 0.02142857142857143
3 0.4038095238095238 0.5389285714285714 0.017142857142857144 0.013571428571428571
4 0.5823809523809523 0.535 0.02761904761904762 0.011428571428571429
3 0.5376190476190477 0.5110714285714286 0.012380952380952381 0.010714285714285714
4 0.5166666666666667 0.5117857142857143 0.010476190476190476 0.012142857142857143
4 0.4957142857142857 0.4992857142857143 0.014285714285714285 0.014285714285714285
3 0.48523809523809525 0.45785714285714285 0.008571428571428572 0.007142857142857143
4 0.5119047619047619 0.4714285714285714 0.010476190476190476 0.008571428571428572
3 0.5347619047619048 0.4585714285714286 0.008571428571428572 0.007142857142857143
3 0.5538095238095239 0.4614285714285714 0.008571428571428572 0.007142857142857143
3 0.52 0.4521428571428571 0.009523809523809525 0.007142857142857143
3 0.48857142857142855 0.4332142857142857 0.007619047619047619 0.0064285714285714285
3 0.49952380952380954 0.42428571428571427 0.006666666666666666 0.004285714285714286
4 0.49666666666666665 0.4203571428571429 0.006666666666666666 0.0064285714285714285
3 0.5276190476190477 0.42714285714285716 0.007619047619047619 0.005714285714285714
3 0.53 0.42178571428571426 0.006666666666666666 0.005
3 0.5428571428571428 0.4207142857142857 0.005714285714285714 0.004285714285714286
4 0.5442857142857143 0.4132142857142857 0.004761904761904762 0.005
3 0.5333333333333333 0.4117857142857143 0.005714285714285714 0.0035714285714285713
3 0.5057142857142857 0.41 0.005714285714285714 0.004285714285714286
3 0.5604761904761905 0.40964285714285714 0.006666666666666666 0.0035714285714285713
3 0.5457142857142857 0.4075 0.005714285714285714 0.0035714285714285713
3 0.5380952380952381 0.4017857142857143 0.0038095238095238095 0.0035714285714285713
5 0.5476190476190477 0.4010714285714286 0.007619047619047619 0.0064285714285714285
3 0.540952380952381 0.39714285714285713 0.0038095238095238095 0.002857142857142857
4 0.5471428571428572 0.3939285714285714 0.004761904761904762 0.0035714285714285713
3 0.5395238095238095 0.3914285714285714 0.004761904761904762 0.002857142857142857
3 0.5214285714285715 0.395 0.004761904761904762 0.002857142857142857
3 0.5285714285714286 0.3821428571428571 0.0038095238095238095 0.002857142857142857
3 0.52 0.37892857142857145 0.0038095238095238095 0.002142857142857143
3 0.520952380952381 0.3767857142857143 0.0038095238095238095 0.002142857142857143
3 1.0409523809523809 0.41285714285714287 0.015238095238095238 0.004285714285714286
