9 0.6042857142857143 0.6953571428571429 0.010476190476190476 0.017857142857142856
1 0.6038095238095238 0.6953571428571429 0.011428571428571429 0.009285714285714286
9 0.6033333333333334 0.5992857142857143 0.012380952380952381 0.02
1 0.6028571428571429 0.6003571428571428 0.013333333333333332 0.012142857142857143
3 0.6704761904761904 0.5603571428571429 0.03428571428571429 0.05785714285714286
2 0.5938095238095238 0.5664285714285714 0.010476190476190476 0.02
9 0.5876190476190476 0.5 0.011428571428571429 0.02142857142857143
3 0.6657142857142857 0.4207142857142857 0.03428571428571429 0.05714285714285714
9 0.5023809523809524 0.37857142857142856 0.01619047619047619 0.025714285714285714
4 0.5423809523809524 0.3485714285714286 0.06571428571428571 0.022857142857142857
