3 1.0857142857142856 0.5914285714285714 0.11428571428571428 0.15571428571428572
3 1.0347619047619048 0.43357142857142855 0.1019047619047619 0.12571428571428572
3 0.9666666666666667 0.285 0.09333333333333334 0.10142857142857142
4 0.9214285714285714 0.1825 0.08095238095238096 0.09071428571428572
4 0.878095238095238 0.12071428571428572 0.08190476190476191 0.07
3 0.8666666666666667 0.06107142857142857 0.07809523809523809 0.056428571428571425
4 0.9723809523809523 0.07035714285714285 0.11619047619047619 0.04928571428571429
3 0.9476190476190476 0.03892857142857143 0.11428571428571428 0.035
3 1.0571428571428572 0.18214285714285713 0.08 0.09
3 1.0895238095238096 0.2857142857142857 0.09714285714285714 0.09714285714285714
3 1.1528571428571428 0.4117857142857143 0.09428571428571429 0.11214285714285714
3 1.1404761904761904 0.036071428571428574 0.07904761904761905 0.056428571428571425
