3 0.6695238095238095 0.5542857142857143 0.05714285714285714 0.08285714285714285
3 0.6204761904761905 0.4575 0.054285714285714284 0.060714285714285714
3 0.6852380952380952 0.4735714285714286 0.05047619047619047 0.05714285714285714
3 0.7614285714285715 0.4982142857142857 0.054285714285714284 0.062142857142857146
3 0.7528571428571429 0.5721428571428572 0.05619047619047619 0.08142857142857143
3 1.029047619047619 0.49857142857142855 0.06190476190476191 0.06428571428571428
8 0.7423809523809524 0.2642857142857143 0.039047619047619046 0.055714285714285716
3 0.75 0.22464285714285714 0.023809523809523808 0.017857142857142856
3 0.758095238095238 0.195 0.02095238095238095 0.02142857142857143
3 0.7395238095238095 0.17107142857142857 0.018095238095238095 0.019285714285714285
3 0.7614285714285715 0.13071428571428573 0.012380952380952381 0.02
3 0.7695238095238095 0.115 0.015238095238095238 0.011428571428571429
3 0.768095238095238 0.17857142857142858 0.021904761904761906 0.015714285714285715
3 0.7428571428571429 0.055714285714285716 0.005714285714285714 0.004285714285714286
3 0.7671428571428571 0.08535714285714285 0.012380952380952381 0.009285714285714286
3 0.7880952380952381 0.10964285714285714 0.012380952380952381 0.009285714285714286
3 0.7823809523809524 0.09 0.012380952380952381 0.008571428571428572
3 0.7976190476190477 0.06785714285714285 0.010476190476190476 0.004285714285714286
3 0.780952380952381 0.05285714285714286 0.007619047619047619 0.005714285714285714
3 0.7861904761904762 0.04607142857142857 0.006666666666666666 0.005
3 0.7961904761904762 0.054642857142857146 0.009523809523809525 0.005
3 0.7976190476190477 0.06107142857142857 0.006666666666666666 0.005
3 0.809047619047619 0.029285714285714286 0.004761904761904762 0.004285714285714286
3 0.8528571428571429 0.046785714285714285 0.006666666666666666 0.005
3 0.8685714285714285 0.0575 0.007619047619047619 0.0035714285714285713
3 0.8404761904761905 0.024285714285714285 0.008571428571428572 0.004285714285714286
3 0.8366666666666667 0.023214285714285715 0.006666666666666666 0.005
3 0.8385714285714285 0.015714285714285715 0.004761904761904762 0.004285714285714286
3 0.8004761904761905 0.024285714285714285 0.006666666666666666 0.004285714285714286
9 0.9033333333333333 0.10892857142857143 0.006666666666666666 0.007857142857142858
1 0.9033333333333333 0.10642857142857143 0.006666666666666666 0.005714285714285714
