4 0.8047309833024119 0.32072025052192066 0.06215213358070501 0.02139874739039666
4 0.7843228200371057 0.30741127348643005 0.05844155844155844 0.019832985386221292
4 0.7448979591836735 0.278705636743215 0.055658627087198514 0.018789144050104383
3 0.9095547309833024 0.5169624217118998 0.06029684601113173 0.04227557411273486
5 0.7286641929499073 0.5448851774530271 0.1679035250463822 0.033402922755741124
9 0.46614100185528756 0.4676409185803757 0.036178107606679034 0.011482254697286011
3 0.4730983302411874 0.4444154488517745 0.05009276437847866 0.02661795407098121
9 0.5009276437847866 0.3843945720250522 0.027829313543599257 0.012004175365344467
9 0.46335807050092764 0.3875260960334029 0.030612244897959183 0.013048016701461376
9 0.4684601113172542 0.4170146137787056 0.029684601113172542 0.014613778705636741
9 0.4730983302411874 0.420929018789144 0.02411873840445269 0.009916492693110646
9 0.4782003710575139 0.4245824634655532 0.02504638218923933 0.015135699373695197
3 0.5120593692022264 0.3209812108559499 0.07421150278293136 0.019832985386221292
3 0.5561224489795918 0.3053235908141962 0.07142857142857142 0.019832985386221292
4 0.4930426716141002 0.2956680584551148 0.07699443413729128 0.02766179540709812
5 0.4995361781076067 0.25548016701461373 0.03803339517625232 0.03183716075156576
5 1.4346011131725418 0.36195198329853856 0.16048237476808905 0.06941544885177452
4 1.0542671614100185 0.23799582463465552 0.039888682745825604 0.01774530271398747
