5 0.7509523809523809 0.6414285714285715 0.1457142857142857 0.10428571428571429
5 0.42142857142857143 0.7167857142857142 0.14 0.065
9 0.2680952380952381 0.6885714285714286 0.03333333333333333 0.05142857142857143
9 0.30523809523809525 0.6667857142857143 0.039047619047619046 0.045
9 0.579047619047619 0.6103571428571428 0.05142857142857143 0.025
9 0.5614285714285714 0.5835714285714285 0.054285714285714284 0.02142857142857143
5 0.5371428571428571 0.4125 0.10476190476190476 0.075
4 0.4795238095238095 0.3807142857142857 0.1019047619047619 0.06285714285714286
3 0.42857142857142855 0.35928571428571426 0.09714285714285714 0.06
9 0.6852380952380952 0.38821428571428573 0.029523809523809525 0.023571428571428573
3 0.13904761904761906 0.325 0.04380952380952381 0.05714285714285714
3 0.38095238095238093 0.32321428571428573 0.10285714285714286 0.052142857142857144
3 0.34 0.30357142857142855 0.09523809523809523 0.055714285714285716
3 0.32476190476190475 0.2735714285714286 0.09714285714285714 0.047142857142857146
3 0.3538095238095238 0.20035714285714284 0.09428571428571429 0.05071428571428571
1 0.32571428571428573 0.18607142857142858 0.022857142857142857 0.02214285714285714
3 0.2895238095238095 0.16142857142857142 0.08952380952380952 0.041428571428571426
9 0.13428571428571429 0.09678571428571428 0.017142857142857144 0.02214285714285714
1 0.13285714285714287 0.09107142857142857 0.014285714285714285 0.013571428571428571
9 0.2623809523809524 0.09678571428571428 0.03142857142857143 0.023571428571428573
3 0.2995238095238095 0.0425 0.039047619047619046 0.03785714285714286
6 0.18047619047619048 0.03571428571428571 0.029523809523809525 0.03428571428571429
3 0.016666666666666666 0.07321428571428572 0.035238095238095235 0.027857142857142858
3 0.041428571428571426 0.04107142857142857 0.06571428571428571 0.029285714285714286
9 0.4776190476190476 0.2764285714285714 0.02761904761904762 0.025714285714285714
9 0.539047619047619 0.28535714285714286 0.024761904761904763 0.02642857142857143
9 0.5314285714285715 0.31607142857142856 0.026666666666666665 0.025
9 0.570952380952381 0.2925 0.014285714285714285 0.02642857142857143
9 0.5842857142857143 0.2960714285714286 0.018095238095238095 0.029285714285714286
9 0.8376190476190476 0.325 0.025714285714285714 0.024285714285714285
9 0.920952380952381 0.2914285714285714 0.015238095238095238 0.025714285714285714
3 0.9857142857142858 0.2867857142857143 0.0838095238095238 0.05071428571428571
9 0.9604761904761905 0.19 0.04285714285714286 0.015714285714285715
9 1.0104761904761905 0.21678571428571428 0.02857142857142857 0.027857142857142858
9 1.0380952380952382 0.21107142857142858 0.022857142857142857 0.02214285714285714
3 1.1442857142857144 0.20142857142857143 0.07904761904761905 0.04285714285714286
9 1.1323809523809525 0.165 0.024761904761904763 0.024285714285714285
3 1.2157142857142857 0.1692857142857143 0.07333333333333333 0.04285714285714286
1 1.1433333333333333 0.10285714285714286 0.014285714285714285 0.011428571428571429
1 1.1585714285714286 0.09678571428571428 0.014285714285714285 0.016428571428571428
4 1.2952380952380953 0.12857142857142856 0.07428571428571429 0.045714285714285714
9 1.276190476190476 0.09357142857142857 0.03428571428571429 0.02
