3 0.42633333333333334 0.69375 0.126 0.1085
4 0.65 0.39425 0.09466666666666666 0.0955
3 0.3423333333333333 0.419 0.08333333333333333 0.1
3 0.32866666666666666 0.3405 0.07333333333333333 0.067
3 0.3133333333333333 0.28550000000000003 0.058666666666666666 0.052000000000000005
3 0.30266666666666664 0.20375000000000001 0.050666666666666665 0.0395
3 0.29866666666666664 0.17350000000000002 0.042666666666666665 0.029
3 0.28633333333333333 0.1485 0.03933333333333333 0.031
3 0.27599999999999997 0.12775 0.034666666666666665 0.025500000000000002
3 0.2783333333333333 0.112 0.043333333333333335 0.025
3 0.2653333333333333 0.08475 0.028 0.0205
3 0.348 0.05225 0.024 0.0165
4 0.45666666666666667 0.10925 0.034666666666666665 0.0285
3 0.2633333333333333 0.07375 0.026666666666666665 0.0175
3 0.263 0.064 0.02733333333333333 0.017
2 0.21833333333333332 0.07625 0.02333333333333333 0.0125
2 0.21766666666666665 0.21775 0.014 0.0205
1 0.217 0.20725000000000002 0.016666666666666666 0.0245
2 0.12366666666666666 0.71825 0.048666666666666664 0.0625
2 0.46399999999999997 0.47450000000000003 0.022666666666666665 0.041
1 0.4613333333333333 0.4595 0.029333333333333333 0.039
4 0.9713333333333333 0.15 0.03733333333333333 0.032
9 0.7856666666666666 0.1655 0.015333333333333332 0.017
1 0.7859999999999999 0.16 0.014666666666666666 0.018000000000000002
3 0.7869999999999999 0.1115 0.043333333333333335 0.022
3 0.7676666666666666 0.13125 0.046 0.021500000000000002
4 0.773 0.08575 0.043333333333333335 0.0245
3 0.7163333333333333 0.10025 0.043333333333333335 0.0205
3 0.7426666666666667 0.08025 0.04666666666666666 0.0195
3 0.7273333333333333 0.076 0.044 0.018000000000000002
3 0.7056666666666667 0.06675 0.046 0.0175
4 0.6859999999999999 0.059750000000000004 0.04933333333333333 0.0185
3 0.6649999999999999 0.0585 0.051333333333333335 0.014
3 0.6076666666666667 0.10200000000000001 0.04066666666666666 0.022
3 0.5903333333333333 0.0605 0.028666666666666667 0.015
3 0.54 0.06875 0.032 0.0165
3 0.5663333333333334 0.04175 0.02733333333333333 0.0145
9 0.5903333333333333 0.03275 0.014 0.006500000000000001
1 0.5896666666666667 0.029 0.007333333333333333 0.011
3 0.6506666666666666 0.05375 0.04 0.0145
3 0.649 0.048 0.043333333333333335 0.012
4 0.6356666666666666 0.04175 0.03933333333333333 0.0165
3 0.6313333333333333 0.04 0.048 0.013000000000000001
3 0.6446666666666666 0.0345 0.042666666666666665 0.012
4 0.6406666666666666 0.03 0.034666666666666665 0.013000000000000001
4 0.6523333333333333 0.02225 0.03266666666666666 0.0135
4 0.6886666666666666 0.02075 0.030666666666666665 0.0085
4 0.691 0.028 0.028666666666666667 0.011
4 0.7016666666666667 0.01875 0.020666666666666667 0.0135
4 0.725 0.021 0.026 0.014
4 0.7206666666666667 0.015 0.018666666666666665 0.01
4 0.745 0.02025 0.020666666666666667 0.0135
3 0.7633333333333333 0.0195 0.022666666666666665 0.012
5 0.7993333333333333 0.025 0.044 0.019
4 0.7879999999999999 0.017750000000000002 0.029333333333333333 0.0105
5 0.826 0.0145 0.034666666666666665 0.018000000000000002
3 0.8496666666666667 0.01675 0.022 0.0115
3 0.8786666666666666 0.017750000000000002 0.021333333333333333 0.0075
4 0.609 0.021500000000000002 0.03 0.015
4 0.5743333333333334 0.02 0.02333333333333333 0.016
9 0.5323333333333333 0.04 0.01 0.009000000000000001
1 0.5333333333333333 0.03775 0.009333333333333332 0.0125
4 0.7403333333333333 0.015 0.019333333333333334 0.013000000000000001
5 0.5333333333333333 0.0225 0.04 0.017
3 0.5196666666666666 0.0085 0.018 0.011
3 0.508 0.01875 0.016 0.0115
3 0.48733333333333334 0.00975 0.028 0.0115
9 0.5066666666666666 0.01025 0.006666666666666666 0.0085
3 0.4563333333333333 0.00625 0.018 0.0095
9 0.4543333333333333 0.01225 0.004666666666666666 0.0075
1 0.45366666666666666 0.0095 0.004666666666666666 0.007
3 0.48066666666666663 0.00625 0.021333333333333333 0.0085
3 0.42766666666666664 0.0175 0.019333333333333334 0.011
3 0.38 0.01725 0.03866666666666667 0.0115
3 0.3813333333333333 0.014750000000000001 0.044 0.0105
4 0.374 0.0085 0.04 0.014
3 0.416 0.0045000000000000005 0.017333333333333333 0.01
1 0.23466666666666666 0.0225 0.008 0.007
3 0.24933333333333332 0.014 0.017333333333333333 0.014
2 0.243 0.0225 0.004666666666666666 0.009000000000000001
3 0.253 0.00725 0.018 0.0105
