4 0.14 0.6575 0.0419047619047619 0.04071428571428572
3 0.3223809523809524 0.6157142857142857 0.05238095238095238 0.03
3 0.3595238095238095 0.6646428571428571 0.06571428571428571 0.04071428571428572
3 0.38476190476190475 0.5917857142857142 0.06095238095238095 0.03785714285714286
4 0.5114285714285715 0.6292857142857143 0.06095238095238095 0.06428571428571428
3 0.5271428571428571 0.6039285714285715 0.039047619047619046 0.039285714285714285
4 0.4680952380952381 0.5189285714285714 0.04476190476190476 0.045
3 0.68 0.5296428571428572 0.05523809523809524 0.03214285714285714
1 0.6114285714285714 0.4807142857142857 0.013333333333333332 0.01
1 0.5752380952380952 0.5046428571428572 0.011428571428571429 0.009285714285714286
1 0.5866666666666667 0.5014285714285714 0.011428571428571429 0.008571428571428572
3 0.7857142857142857 0.46785714285714286 0.015238095238095238 0.012857142857142857
5 0.8766666666666667 0.46535714285714286 0.058095238095238096 0.030714285714285715
9 0.8361904761904762 0.38142857142857145 0.015238095238095238 0.014285714285714285
9 0.8638095238095238 0.3964285714285714 0.009523809523809525 0.012857142857142857
9 0.87 0.3921428571428571 0.008571428571428572 0.015714285714285715
3 0.9123809523809524 0.38035714285714284 0.05142857142857143 0.03642857142857143
3 0.9366666666666666 0.39071428571428574 0.04476190476190476 0.03142857142857143
3 0.9576190476190476 0.4075 0.058095238095238096 0.035
5 0.9728571428571429 0.4235714285714286 0.06190476190476191 0.03857142857142857
9 0.9404761904761905 0.5032142857142857 0.039047619047619046 0.017857142857142856
3 1.0185714285714285 0.38357142857142856 0.04857142857142857 0.03
2 0.9476190476190476 0.35535714285714287 0.01904761904761905 0.009285714285714286
2 0.9580952380952381 0.3492857142857143 0.022857142857142857 0.012857142857142857
3 1.0114285714285713 0.36428571428571427 0.047619047619047616 0.03
5 1.0652380952380953 0.3292857142857143 0.054285714285714284 0.025714285714285714
3 1.0861904761904762 0.3167857142857143 0.04857142857142857 0.030714285714285715
3 1.1647619047619047 0.21928571428571428 0.024761904761904763 0.03142857142857143
3 1.2804761904761905 0.34 0.06 0.025714285714285714
3 1.111904761904762 0.7335714285714285 0.04476190476190476 0.03142857142857143
3 0.9714285714285714 0.7164285714285714 0.06285714285714286 0.041428571428571426
9 1.1523809523809523 0.6203571428571428 0.015238095238095238 0.015
9 1.1666666666666667 0.6075 0.024761904761904763 0.013571428571428571
9 1.178095238095238 0.6039285714285715 0.022857142857142857 0.012142857142857143
2 1.1928571428571428 0.6589285714285714 0.012380952380952381 0.016428571428571428
9 1.200952380952381 0.5907142857142857 0.03238095238095238 0.017142857142857144
