1 0.6861904761904762 0.6546428571428572 0.012380952380952381 0.007857142857142858
1 0.7057142857142857 0.6492857142857142 0.013333333333333332 0.01
1 0.7014285714285714 0.6857142857142857 0.01619047619047619 0.008571428571428572
1 0.5090476190476191 0.6385714285714286 0.01619047619047619 0.007142857142857143
9 0.4471428571428571 0.59 0.029523809523809525 0.011428571428571429
6 0.5319047619047619 0.5382142857142858 0.025714285714285714 0.039285714285714285
9 0.5295238095238095 0.4760714285714286 0.03619047619047619 0.015
3 0.67 0.4442857142857143 0.040952380952380955 0.06571428571428571
3 0.7347619047619047 0.45964285714285713 0.08285714285714285 0.029285714285714286
9 0.5447619047619048 0.39571428571428574 0.026666666666666665 0.008571428571428572
9 0.5542857142857143 0.3514285714285714 0.026666666666666665 0.008571428571428572
9 0.550952380952381 0.34 0.03333333333333333 0.01
9 0.5647619047619048 0.3157142857142857 0.03238095238095238 0.008571428571428572
9 0.7861904761904762 0.23142857142857143 0.023809523809523808 0.014285714285714285
9 0.5747619047619048 0.22535714285714287 0.021904761904761906 0.012142857142857143
6 0.5719047619047619 0.14357142857142857 0.054285714285714284 0.02142857142857143
3 0.7947619047619048 0.12535714285714286 0.08666666666666667 0.030714285714285715
2 0.5842857142857143 0.12035714285714286 0.029523809523809525 0.010714285714285714
2 0.5895238095238096 0.11071428571428571 0.030476190476190476 0.014285714285714285
9 0.5966666666666667 0.10035714285714285 0.035238095238095235 0.010714285714285714
9 0.5980952380952381 0.08714285714285715 0.03238095238095238 0.011428571428571429
2 0.6061904761904762 0.07321428571428572 0.03142857142857143 0.007857142857142858
9 0.6042857142857143 0.061785714285714284 0.03142857142857143 0.013571428571428571
9 0.5461904761904762 0.06428571428571428 0.014285714285714285 0.025714285714285714
9 0.5314285714285715 0.044642857142857144 0.013333333333333332 0.029285714285714286
9 0.6 0.037142857142857144 0.03619047619047619 0.014285714285714285
9 0.7876190476190477 0.054642857142857146 0.01904761904761905 0.029285714285714286
