3 0.1538095238095238 0.6303571428571428 0.19333333333333333 0.16785714285714284
3 1.06 0.6607142857142857 0.3295238095238095 0.17714285714285713
4 1.2580952380952382 0.6664285714285715 0.14857142857142858 0.14857142857142858
3 0.9995238095238095 0.5378571428571428 0.23714285714285716 0.13428571428571429
1 0.08857142857142856 0.40714285714285714 0.05523809523809524 0.037142857142857144
9 0.08857142857142856 0.41464285714285715 0.07047619047619047 0.04642857142857143
3 0.8438095238095238 0.33964285714285714 0.14095238095238094 0.085
4 0.6414285714285715 0.3632142857142857 0.15523809523809523 0.09214285714285714
3 0.8604761904761905 0.24392857142857144 0.10761904761904761 0.07785714285714286
3 0.5380952380952381 0.2889285714285714 0.17333333333333334 0.06357142857142857
1 0.8761904761904762 0.14821428571428572 0.026666666666666665 0.023571428571428573
9 1.0914285714285714 0.24642857142857144 0.0419047619047619 0.041428571428571426
9 1.0638095238095238 0.23535714285714285 0.03619047619047619 0.03785714285714286
9 0.8514285714285714 0.17821428571428571 0.02095238095238095 0.03357142857142857
9 0.9128571428571428 0.19321428571428573 0.025714285714285714 0.03642857142857143
9 0.7023809523809523 0.1792857142857143 0.037142857142857144 0.027142857142857142
9 0.7747619047619048 0.18071428571428572 0.04285714285714286 0.03
9 0.6628571428571428 0.16071428571428573 0.0380952380952381 0.02857142857142857
2 0.7276190476190476 0.15178571428571427 0.0419047619047619 0.02214285714285714
9 0.5538095238095239 0.12571428571428572 0.037142857142857144 0.02857142857142857
9 0.539047619047619 0.12464285714285714 0.03238095238095238 0.023571428571428573
2 0.5528571428571428 0.095 0.023809523809523808 0.02
2 0.5233333333333333 0.08678571428571429 0.02 0.025
3 0.27095238095238094 0.011785714285714287 0.06380952380952382 0.02214285714285714
3 0.24666666666666667 0.024285714285714285 0.08571428571428572 0.024285714285714285
3 0.24904761904761905 0.03892857142857143 0.06 0.035
3 0.2733333333333333 0.05357142857142857 0.08761904761904762 0.04428571428571428
3 0.28809523809523807 0.06714285714285714 0.08857142857142856 0.04285714285714286
3 0.31761904761904763 0.07035714285714285 0.09619047619047619 0.04642857142857143
3 0.3880952380952381 0.0975 0.10571428571428572 0.04928571428571429
3 0.36952380952380953 0.2639285714285714 0.1219047619047619 0.06642857142857143
3 0.1676190476190476 0.29642857142857143 0.11428571428571428 0.07
4 0.32047619047619047 0.22678571428571428 0.09047619047619047 0.06357142857142857
3 0.25476190476190474 0.19321428571428573 0.0980952380952381 0.05357142857142857
3 0.12142857142857143 0.12428571428571429 0.07714285714285714 0.041428571428571426
3 0.06571428571428571 0.105 0.07809523809523809 0.04428571428571428
3 0.03190476190476191 0.08178571428571428 0.06571428571428571 0.04071428571428572
