3 0.13079777365491652 0.03940501043841336 0.11131725417439703 0.04123173277661795
4 0.15862708719851576 0.02009394572025052 0.11873840445269017 0.04018789144050104
2 0.7708719851576995 0.011482254697286011 0.03896103896103896 0.012526096033402922
1 0.7662337662337663 0.0060020876826722335 0.016697588126159554 0.013048016701461376
3 0.5705009276437848 0.3507306889352818 0.0816326530612245 0.08037578288100208
3 0.5403525046382189 0.44963465553235904 0.08812615955473098 0.098643006263048
3 0.8283858998144713 0.3603862212943632 0.11688311688311688 0.07567849686847598
3 0.8288497217068646 0.5247912317327765 0.08070500927643785 0.07359081419624217
6 0.9174397031539889 0.12108559498956158 0.0816326530612245 0.030271398747390394
3 1.261595547309833 0.10882045929018788 0.061224489795918366 0.050626304801670144
3 1.3376623376623378 0.1156054279749478 0.05380333951762523 0.05793319415448851
3 1.4879406307977736 0.13961377870563674 0.0686456400742115 0.04749478079331941
9 1.089517625231911 0.1591858037578288 0.015769944341372914 0.021920668058455113
9 1.1168831168831168 0.16336116910229642 0.01855287569573284 0.022964509394572022
9 1.1479591836734695 0.15762004175365343 0.021335807050092765 0.027139874739039664
9 1.174860853432282 0.15814196242171188 0.015769944341372914 0.024008350730688934
2 1.177643784786642 0.180062630480167 0.015769944341372914 0.024008350730688934
6 1.2569573283859 0.19911273486430062 0.04081632653061225 0.032881002087682666
9 1.2852504638218925 0.1884133611691023 0.0176252319109462 0.031315240083507306
9 1.3891465677179964 0.16179540709812107 0.0176252319109462 0.029227557411273482
9 1.4967532467532467 0.19311064718162838 0.0176252319109462 0.019832985386221292
2 1.4545454545454546 0.1894572025052192 0.04081632653061225 0.018789144050104383
9 1.6057513914656771 0.19363256784968683 0.027829313543599257 0.020876826722338204
2 1.551948051948052 0.17327766179540707 0.027829313543599257 0.025052192066805843
2 1.762987012987013 0.17458246346555323 0.021335807050092765 0.023486430062630476
3 1.4893320964749537 0.010438413361169102 0.10111317254174397 0.021920668058455113
4 1.6641929499072357 0.015396659707724424 0.10760667903525047 0.03079331941544885
6 1.74721706864564 0.020354906054279746 0.05658627087198516 0.024008350730688934
