3 0.9866751269035532 0.34714285714285714 0.029187817258883246 0.03142857142857143
3 0.9060913705583755 0.3182142857142857 0.03045685279187817 0.027857142857142858
3 0.8559644670050761 0.23785714285714285 0.021573604060913704 0.015714285714285715
3 0.8350253807106598 0.19285714285714287 0.017766497461928932 0.015714285714285715
3 0.8705583756345177 0.1707142857142857 0.02030456852791878 0.012857142857142857
3 0.9232233502538071 0.1732142857142857 0.024111675126903553 0.016428571428571428
3 0.9911167512690354 0.1957142857142857 0.02030456852791878 0.017142857142857144
3 0.9847715736040609 0.10142857142857142 0.015228426395939085 0.011428571428571429
3 0.9105329949238578 0.025357142857142856 0.016497461928934008 0.009285714285714286
3 0.9593908629441623 0.013571428571428571 0.012690355329949238 0.008571428571428572
4 0.947969543147208 0.2525 0.02284263959390863 0.02642857142857143
4 0.9835025380710659 0.08285714285714285 0.015228426395939085 0.017142857142857144
4 0.9809644670050761 0.06285714285714286 0.01015228426395939 0.012857142857142857
3 0.9809644670050761 0.019642857142857142 0.012690355329949238 0.012142857142857143
3 0.9371827411167512 0.033928571428571426 0.011421319796954314 0.009285714285714286
9 0.9581218274111675 0.1875 0.0076142131979695426 0.009285714285714286
8 0.9885786802030456 0.13892857142857143 0.03045685279187817 0.047857142857142855
8 0.8109137055837563 0.15928571428571428 0.04060913705583756 0.047142857142857146
