3 0.06916243654822335 0.24142857142857144 0.052030456852791875 0.017142857142857144
3 0.015862944162436547 0.23285714285714285 0.03426395939086294 0.018571428571428572
3 0.02347715736040609 0.31392857142857145 0.049492385786802026 0.035
3 0.6751269035532994 0.06785714285714285 0.03045685279187817 0.008571428571428572
5 0.6871827411167513 0.005714285714285714 0.019035532994923856 0.011428571428571429
3 0.6928934010152283 0.017857142857142856 0.01015228426395939 0.007142857142857143
3 0.7315989847715736 0.018214285714285714 0.013959390862944161 0.007857142857142858
3 0.6960659898477157 0.08714285714285715 0.019035532994923856 0.01
3 0.7024111675126903 0.105 0.016497461928934008 0.012857142857142857
3 0.7544416243654821 0.11214285714285714 0.013959390862944161 0.011428571428571429
3 0.7055837563451776 0.18392857142857144 0.02284263959390863 0.013571428571428571
4 0.7315989847715736 0.1825 0.019035532994923856 0.013571428571428571
4 0.7100253807106598 0.2017857142857143 0.026649746192893398 0.019285714285714285
3 0.7138324873096447 0.22142857142857142 0.024111675126903553 0.014285714285714285
3 0.7392131979695431 0.19892857142857143 0.021573604060913704 0.013571428571428571
4 0.8604060913705583 0.27035714285714285 0.032994923857868015 0.025
3 0.8762690355329948 0.3028571428571429 0.03680203045685279 0.02
3 0.8978426395939085 0.35535714285714287 0.03680203045685279 0.02214285714285714
4 0.9098984771573604 0.38392857142857145 0.04060913705583756 0.030714285714285715
3 0.9441624365482233 0.4514285714285714 0.050761421319796954 0.03142857142857143
3 0.9238578680203045 0.4175 0.050761421319796954 0.03357142857142857
3 0.964467005076142 0.48928571428571427 0.06345177664974619 0.041428571428571426
3 1.0913705583756343 0.5467857142857143 0.08883248730964466 0.027857142857142858
4 1.2258883248730963 0.5521428571428572 0.10913705583756345 0.018571428571428572
4 1.3534263959390862 0.5507142857142857 0.10786802030456852 0.018571428571428572
4 0.8197969543147208 0.18321428571428572 0.025380710659898477 0.019285714285714285
4 0.09771573604060912 0.18428571428571427 0.032994923857868015 0.018571428571428572
