3 0.9157142857142857 0.6957142857142857 0.11333333333333333 0.10714285714285714
3 0.9633333333333334 0.5696428571428571 0.08476190476190476 0.08357142857142857
3 0.9780952380952381 0.48714285714285716 0.07809523809523809 0.07285714285714286
3 0.9942857142857143 0.41928571428571426 0.07809523809523809 0.07714285714285714
4 1.0252380952380953 0.3 0.04285714285714286 0.045714285714285714
3 1.029047619047619 0.245 0.037142857142857144 0.03
4 1.0180952380952382 0.225 0.0380952380952381 0.027142857142857142
4 1.0047619047619047 0.215 0.04 0.022857142857142857
3 0.9228571428571428 0.17464285714285716 0.05523809523809524 0.017857142857142856
3 0.991904761904762 0.14642857142857144 0.025714285714285714 0.017142857142857144
3 0.9876190476190476 0.13607142857142857 0.022857142857142857 0.016428571428571428
3 0.9504761904761905 0.13964285714285715 0.02095238095238095 0.017857142857142856
3 1.302857142857143 0.3578571428571429 0.05714285714285714 0.047142857142857146
3 1.2385714285714287 0.2567857142857143 0.05047619047619047 0.035
3 1.1928571428571428 0.2082142857142857 0.040952380952380955 0.019285714285714285
3 1.1504761904761904 0.1657142857142857 0.03238095238095238 0.02
3 1.119047619047619 0.1457142857142857 0.02857142857142857 0.018571428571428572
4 1.1361904761904762 0.15392857142857141 0.02857142857142857 0.023571428571428573
3 0.9323809523809524 0.07571428571428572 0.017142857142857144 0.01
