4 0.8191094619666048 0.04671189979123173 0.04081632653061225 0.04540709812108559
3 0.8780148423005566 0.04305845511482254 0.049165120593692026 0.05271398747390396
3 0.9471243042671614 0.03992693110647181 0.04823747680890538 0.05167014613778705
3 1.0176252319109462 0.04410229645093945 0.05380333951762523 0.05167014613778705
3 1.1915584415584415 0.03940501043841336 0.04730983302411874 0.055845511482254695
5 1.1020408163265307 0.04018789144050104 0.0686456400742115 0.08141962421711899
3 1.25278293135436 0.06993736951983298 0.05287569573283859 0.05323590814196242
5 1.3167903525046383 0.06132567849686847 0.07328385899814471 0.06837160751565761
3 1.4114100185528757 0.058716075156576196 0.05844155844155844 0.05480167014613778
4 1.5551948051948052 0.04906054279749478 0.06586270871985157 0.04697286012526095
9 1.6391465677179964 0.08533402922755741 0.022263450834879406 0.025574112734864297
5 1.7184601113172542 0.05427974947807933 0.11038961038961038 0.10960334029227556
3 1.3868274582560296 0.23590814196242169 0.0686456400742115 0.06576200417536533
3 1.3102968460111317 0.2387787056367432 0.05658627087198516 0.07045929018789143
4 1.2295918367346939 0.22259916492693108 0.05102040816326531 0.062108559498956155
3 1.1354359925788498 0.22207724425887262 0.0575139146567718 0.06419624217118998
3 0.9907235621521336 0.25365344467640916 0.055658627087198514 0.05323590814196242
3 0.8724489795918368 0.24478079331941544 0.05658627087198516 0.06367432150313151
9 0.9842300556586271 0.3410751565762004 0.04823747680890538 0.016179540709812108
3 0.4967532467532468 0.5073068893528183 0.07884972170686456 0.08768267223382045
