3 0.44904761904761903 0.024285714285714285 0.04857142857142857 0.05
3 0.6514285714285715 0.01107142857142857 0.0419047619047619 0.023571428571428573
4 0.819047619047619 0.023571428571428573 0.0838095238095238 0.04857142857142857
3 0.8480952380952381 0.055 0.08857142857142856 0.07142857142857142
3 0.4419047619047619 0.09678571428571428 0.047619047619047616 0.07928571428571428
3 0.4423809523809524 0.18464285714285714 0.04857142857142857 0.07928571428571428
4 0.6523809523809524 0.07107142857142858 0.0380952380952381 0.07642857142857143
3 0.8909523809523809 0.06964285714285715 0.08285714285714285 0.07071428571428572
4 0.7595238095238095 0.18142857142857144 0.09047619047619047 0.06
4 0.6580952380952381 0.21892857142857142 0.06476190476190476 0.085
4 0.42523809523809525 0.3460714285714286 0.06 0.10642857142857143
4 0.4195238095238095 0.4742857142857143 0.04476190476190476 0.07142857142857142
4 1.2395238095238095 0.7035714285714286 0.14 0.045714285714285714
3 1.2571428571428571 0.65 0.11619047619047619 0.045714285714285714
3 1.1314285714285715 0.6642857142857143 0.1180952380952381 0.04
3 1.2933333333333332 0.5803571428571429 0.07809523809523809 0.04357142857142857
3 1.1690476190476191 0.5914285714285714 0.11523809523809524 0.037142857142857144
3 1.3176190476190477 0.3678571428571429 0.029523809523809525 0.03142857142857143
3 1.2533333333333334 0.38107142857142856 0.10857142857142857 0.062142857142857146
3 1.1452380952380952 0.38821428571428573 0.1019047619047619 0.04214285714285714
3 1.1395238095238096 0.4675 0.11142857142857143 0.04071428571428572
3 1.0285714285714285 0.39785714285714285 0.09904761904761905 0.03571428571428571
3 0.9204761904761904 0.4064285714285714 0.08095238095238096 0.05285714285714286
3 0.81 0.3921428571428571 0.11333333333333333 0.05
3 0.830952380952381 0.32571428571428573 0.10952380952380952 0.047142857142857146
3 0.69 0.30892857142857144 0.04857142857142857 0.06357142857142857
4 0.7995238095238095 0.21464285714285714 0.1019047619047619 0.055
3 1.29 0.22142857142857142 0.05238095238095238 0.07857142857142857
3 1.2342857142857142 0.21857142857142858 0.049523809523809526 0.08142857142857143
3 1.1795238095238094 0.22285714285714286 0.05619047619047619 0.07
3 1.0985714285714285 0.20107142857142857 0.08666666666666667 0.07785714285714286
3 1.0571428571428572 0.17 0.08571428571428572 0.07
3 0.9142857142857143 0.7228571428571429 0.10476190476190476 0.05142857142857143
3 0.8485714285714285 0.6307142857142857 0.10857142857142857 0.06
3 0.729047619047619 0.6932142857142857 0.09428571428571429 0.085
3 0.4204761904761905 0.5685714285714286 0.05238095238095238 0.08
3 0.42333333333333334 0.6775 0.05238095238095238 0.085
