8 0.03743654822335025 0.14142857142857143 0.0748730964467005 0.017142857142857144
3 0.09898477157360405 0.13214285714285715 0.03045685279187817 0.004285714285714286
3 0.1351522842639594 0.12857142857142856 0.026649746192893398 0.005714285714285714
3 0.14340101522842638 0.13035714285714287 0.025380710659898477 0.0064285714285714285
4 0.14403553299492386 0.13464285714285715 0.049492385786802026 0.009285714285714286
5 0.1630710659898477 0.13428571428571429 0.04441624365482233 0.012857142857142857
5 0.19225888324873094 0.1357142857142857 0.03934010152284264 0.011428571428571429
5 0.1782994923857868 0.12678571428571428 0.04441624365482233 0.009285714285714286
4 0.2709390862944162 0.12321428571428572 0.024111675126903553 0.0064285714285714285
3 0.21954314720812182 0.12821428571428573 0.025380710659898477 0.0064285714285714285
4 0.24555837563451774 0.12214285714285714 0.026649746192893398 0.005714285714285714
8 0.274746192893401 0.11535714285714285 0.06218274111675126 0.013571428571428571
8 0.416243654822335 0.10678571428571429 0.06091370558375634 0.016428571428571428
8 0.42385786802030456 0.12214285714285714 0.050761421319796954 0.011428571428571429
4 0.4644670050761421 0.1125 0.025380710659898477 0.0064285714285714285
5 0.5012690355329948 0.10607142857142857 0.032994923857868015 0.007857142857142858
3 0.5260152284263959 0.10892857142857143 0.024111675126903553 0.005
3 0.35342639593908626 0.12 0.024111675126903553 0.005714285714285714
3 0.2975888324873096 0.125 0.026649746192893398 0.007142857142857143
3 0.2709390862944162 0.13392857142857142 0.026649746192893398 0.0064285714285714285
4 0.2696700507614213 0.12964285714285714 0.024111675126903553 0.005
4 0.31218274111675126 0.11928571428571429 0.02284263959390863 0.005714285714285714
3 0.34200507614213194 0.12607142857142858 0.024111675126903553 0.005
4 0.3648477157360406 0.11607142857142858 0.024111675126903553 0.005
4 0.5501269035532994 0.10535714285714286 0.021573604060913704 0.005
3 0.5488578680203046 0.10178571428571428 0.021573604060913704 0.005
3 0.5786802030456852 0.10535714285714286 0.02284263959390863 0.005
4 0.6281725888324873 0.1 0.02284263959390863 0.004285714285714286
3 0.6846446700507614 0.1 0.019035532994923856 0.005714285714285714
3 0.6960659898477157 0.09714285714285714 0.019035532994923856 0.005714285714285714
3 0.706218274111675 0.10964285714285714 0.016497461928934008 0.005
3 0.6763959390862944 0.09321428571428571 0.02030456852791878 0.0064285714285714285
3 0.6903553299492385 0.08464285714285714 0.0076142131979695426 0.0064285714285714285
3 0.7017766497461928 0.07785714285714286 0.0076142131979695426 0.004285714285714286
3 0.7354060913705583 0.1 0.024111675126903553 0.005714285714285714
1 0.7493654822335025 0.2825 0.0038071065989847713 0.0035714285714285713
1 0.7151015228426395 0.22321428571428573 0.0038071065989847713 0.0035714285714285713
1 0.772208121827411 0.2925 0.006345177664974619 0.0035714285714285713
1 0.6725888324873096 0.15392857142857141 0.005076142131979695 0.0035714285714285713
2 0.6719543147208121 0.155 0.006345177664974619 0.005714285714285714
2 0.715736040609137 0.22357142857142856 0.0076142131979695426 0.005714285714285714
2 0.7493654822335025 0.2835714285714286 0.006345177664974619 0.005714285714285714
2 0.772208121827411 0.29464285714285715 0.008883248730964466 0.0064285714285714285
8 0.6389593908629441 0.02892857142857143 0.013959390862944161 0.010714285714285714
3 0.6465736040609137 0.036071428571428574 0.013959390862944161 0.0064285714285714285
3 0.6675126903553299 0.009285714285714286 0.0076142131979695426 0.005714285714285714
4 0.6744923857868019 0.014285714285714285 0.008883248730964466 0.007142857142857143
4 0.6947969543147208 0.023214285714285715 0.006345177664974619 0.005
4 0.7030456852791878 0.03142857142857143 0.01015228426395939 0.007142857142857143
3 0.6865482233502538 0.024285714285714285 0.0076142131979695426 0.004285714285714286
3 0.7043147208121827 0.022857142857142857 0.0076142131979695426 0.002857142857142857
4 0.7106598984771573 0.04321428571428571 0.015228426395939085 0.005
3 0.6833756345177664 0.044642857142857144 0.016497461928934008 0.002142857142857143
3 0.6656091370558375 0.04321428571428571 0.019035532994923856 0.005
3 0.7557106598984771 0.054642857142857146 0.011421319796954314 0.005
3 0.7684010152284263 0.06321428571428571 0.011421319796954314 0.005
3 0.7836294416243654 0.08142857142857143 0.011421319796954314 0.005714285714285714
5 0.7227157360406091 0.055 0.016497461928934008 0.011428571428571429
3 0.7265228426395939 0.06607142857142857 0.008883248730964466 0.005
3 0.7341370558375634 0.07214285714285715 0.011421319796954314 0.007142857142857143
5 0.7480964467005076 0.07142857142857142 0.016497461928934008 0.01
3 0.7455583756345177 0.08392857142857142 0.013959390862944161 0.0064285714285714285
3 0.7614213197969543 0.08285714285714285 0.01015228426395939 0.005714285714285714
3 0.7538071065989848 0.07928571428571428 0.01015228426395939 0.005714285714285714
3 0.7430203045685279 0.08071428571428571 0.008883248730964466 0.005714285714285714
3 0.8064720812182741 0.08714285714285715 0.021573604060913704 0.005714285714285714
3 0.8210659898477157 0.10714285714285714 0.015228426395939085 0.007142857142857143
3 0.8432741116751269 0.12035714285714286 0.016497461928934008 0.007857142857142858
3 0.8991116751269035 0.15178571428571427 0.016497461928934008 0.009285714285714286
8 0.7918781725888324 0.12035714285714286 0.027918781725888322 0.02214285714285714
8 0.7430203045685279 0.12321428571428572 0.024111675126903553 0.017857142857142856
8 0.7645939086294415 0.12571428571428572 0.026649746192893398 0.02142857142857143
3 0.7506345177664974 0.11714285714285715 0.013959390862944161 0.011428571428571429
8 0.7639593908629441 0.11428571428571428 0.017766497461928932 0.011428571428571429
1 0.7709390862944162 0.09071428571428572 0.0038071065989847713 0.002857142857142857
9 0.7709390862944162 0.09214285714285714 0.008883248730964466 0.002857142857142857
4 0.7868020304568527 0.1325 0.012690355329949238 0.009285714285714286
4 0.8083756345177664 0.165 0.015228426395939085 0.01
8 0.7880710659898477 0.14642857142857144 0.017766497461928932 0.014285714285714285
3 0.7918781725888324 0.13785714285714284 0.01015228426395939 0.005714285714285714
3 0.7766497461928933 0.14035714285714285 0.01015228426395939 0.007857142857142858
3 0.7633248730964466 0.1432142857142857 0.013959390862944161 0.007857142857142858
3 0.772208121827411 0.15107142857142858 0.011421319796954314 0.0064285714285714285
3 0.7804568527918782 0.15714285714285714 0.01015228426395939 0.007142857142857143
3 0.7918781725888324 0.1675 0.012690355329949238 0.007857142857142858
3 0.8223350253807106 0.1757142857142857 0.015228426395939085 0.008571428571428572
3 0.8331218274111675 0.18785714285714286 0.016497461928934008 0.008571428571428572
3 0.9263959390862944 0.125 0.025380710659898477 0.007142857142857143
3 0.9206852791878172 0.26 0.019035532994923856 0.01
3 0.9124365482233502 0.2735714285714286 0.017766497461928932 0.01
3 1.2417512690355328 0.45785714285714285 0.04187817258883248 0.022857142857142857
3 1.0158629441624365 0.1025 0.016497461928934008 0.007857142857142858
3 1.0241116751269035 0.10142857142857142 0.017766497461928932 0.008571428571428572
4 1.0907360406091369 0.2007142857142857 0.021573604060913704 0.007142857142857143
3 1.0862944162436547 0.1975 0.02030456852791878 0.005
3 1.1091370558375633 0.21321428571428572 0.027918781725888322 0.007857142857142858
3 1.1522842639593909 0.23142857142857143 0.027918781725888322 0.007142857142857143
