3 0.4680952380952381 0.6989285714285715 0.19333333333333333 0.10071428571428571
3 0.26476190476190475 0.6832142857142857 0.2361904761904762 0.13214285714285715
3 0.1919047619047619 0.6192857142857143 0.23142857142857143 0.14285714285714285
3 0.6680952380952381 0.5392857142857143 0.16095238095238096 0.11571428571428571
3 0.5723809523809524 0.49 0.15047619047619049 0.08857142857142856
3 0.44904761904761903 0.4735714285714286 0.15333333333333332 0.08714285714285715
1 0.44142857142857145 0.3442857142857143 0.01619047619047619 0.02
1 0.4828571428571429 0.32357142857142857 0.011428571428571429 0.02142857142857143
3 0.2780952380952381 0.29464285714285715 0.1180952380952381 0.05357142857142857
3 0.19238095238095237 0.2975 0.11619047619047619 0.05357142857142857
3 0.3323809523809524 0.24678571428571427 0.10666666666666666 0.045
3 0.4514285714285714 0.2125 0.08571428571428572 0.039285714285714285
4 0.5442857142857143 0.17821428571428571 0.07333333333333333 0.04357142857142857
4 0.6109523809523809 0.15607142857142858 0.06 0.03357142857142857
3 0.6747619047619048 0.13535714285714287 0.05619047619047619 0.030714285714285715
3 0.04476190476190476 0.07821428571428571 0.07047619047619047 0.019285714285714285
3 0.0880952380952381 0.06642857142857143 0.06 0.015714285714285715
3 0.05047619047619047 0.03142857142857143 0.06095238095238095 0.015714285714285715
3 0.03619047619047619 0.027857142857142858 0.047619047619047616 0.015714285714285715
3 0.02095238095238095 0.026785714285714284 0.04380952380952381 0.016428571428571428
3 0.07238095238095238 0.020714285714285713 0.05523809523809524 0.015714285714285715
3 0.01904761904761905 0.01107142857142857 0.04 0.010714285714285714
3 0.015238095238095238 0.025 0.03238095238095238 0.018571428571428572
8 0.23142857142857143 0.0175 0.07238095238095238 0.02642857142857143
3 0.13428571428571429 0.006071428571428571 0.03428571428571429 0.013571428571428571
3 0.11238095238095239 0.004642857142857143 0.02857142857142857 0.010714285714285714
9 0.27095238095238094 0.03357142857142857 0.014285714285714285 0.017142857142857144
8 0.8395238095238096 0.18071428571428572 0.11523809523809524 0.08
9 0.76 0.08714285714285715 0.02095238095238095 0.018571428571428572
3 1.2576190476190476 0.1992857142857143 0.07333333333333333 0.05
4 0.7342857142857143 0.029285714285714286 0.049523809523809526 0.017142857142857144
3 0.7323809523809524 0.040357142857142855 0.0419047619047619 0.015
8 0.6361904761904762 0.04 0.1219047619047619 0.04
3 0.4838095238095238 0.029642857142857144 0.03238095238095238 0.012142857142857143
3 0.5028571428571429 0.02142857142857143 0.024761904761904763 0.011428571428571429
3 0.3980952380952381 0.02142857142857143 0.02857142857142857 0.012857142857142857
