3 1.086734693877551 0.40240083507306884 0.09183673469387756 0.08141962421711899
3 1.0296846011131726 0.31915448851774525 0.08534322820037106 0.0662839248434238
3 1.0250463821892393 0.26774530271398744 0.06679035250463822 0.044885177453027135
3 1.0296846011131726 0.23042797494780792 0.06493506493506494 0.03810020876826722
3 1.0408163265306123 0.20172233820459287 0.059369202226345084 0.028705636743215027
3 1.0602968460111317 0.17301670146137785 0.04823747680890538 0.03392484342379958
3 1.1099257884972171 0.03705636743215031 0.015769944341372914 0.0073068893528183704
3 1.1094619666048238 0.040970772442588725 0.016697588126159554 0.009916492693110646
3 1.3761595547309833 0.5187891440501043 0.2717996289424861 0.0720250521920668
6 1.3937847866419295 0.4076200417536534 0.11781076066790352 0.056367432150313146
3 1.306122448979592 0.30193110647181626 0.15955473098330242 0.04018789144050104
6 1.0797773654916512 0.06941544885177452 0.016697588126159554 0.010438413361169102
3 1.0769944341372912 0.060803757828810014 0.01855287569573284 0.009916492693110646
3 1.0834879406307978 0.05819415448851774 0.012987012987012988 0.008872651356993735
3 1.082560296846011 0.04958246346555323 0.016697588126159554 0.010438413361169102
1 1.511595547309833 0.4065762004175365 0.015769944341372914 0.015657620041753653
5 1.1103896103896105 0.25704592901878914 0.06307977736549165 0.05271398747390396
3 1.0482374768089053 0.5052192066805845 0.12430426716141002 0.11273486430062629
