8 0.9194162436548222 0.3682142857142857 0.133248730964467 0.08928571428571429
8 0.7538071065989848 0.39535714285714285 0.16751269035532992 0.08642857142857142
8 0.45177664974619286 0.38285714285714284 0.13451776649746192 0.08285714285714285
8 0.3496192893401015 0.2839285714285714 0.11548223350253806 0.06928571428571428
8 0.28172588832487305 0.22607142857142856 0.09644670050761421 0.05785714285714286
8 0.42703045685279184 0.20607142857142857 0.08248730964467005 0.05357142857142857
8 1.034263959390863 0.14357142857142857 0.12944162436548223 0.04428571428571428
3 1.1605329949238579 0.22714285714285715 0.03934010152284264 0.02142857142857143
3 1.2436548223350252 0.2985714285714286 0.05837563451776649 0.025714285714285714
3 1.2963197969543145 0.3296428571428571 0.06218274111675126 0.029285714285714286
3 1.3661167512690355 0.3607142857142857 0.06979695431472081 0.03142857142857143
8 1.4156091370558375 0.2839285714285714 0.09517766497461928 0.05071428571428571
9 1.1941624365482233 0.07785714285714286 0.012690355329949238 0.01
3 1.3559644670050761 0.08178571428571428 0.024111675126903553 0.015
3 1.3756345177664973 0.06535714285714286 0.02030456852791878 0.013571428571428571
