1 0.03385899814471243 0.4407620041753653 0.03803339517625232 0.017223382045929016
4 0.01437847866419295 0.09498956158663882 0.030612244897959183 0.020876826722338204
4 0.021799628942486087 0.19311064718162838 0.045454545454545456 0.030271398747390394
3 0.04313543599257885 0.24217118997912315 0.05844155844155844 0.030271398747390394
5 0.19851576994434136 0.33220250521920663 0.09647495361781076 0.07567849686847598
9 0.15445269016697588 0.5190501043841336 0.045454545454545456 0.03183716075156576
6 0.7430426716141002 0.40057411273486426 0.0686456400742115 0.03810020876826722
3 0.48562152133580705 0.2836638830897703 0.06029684601113173 0.04331941544885177
6 0.5162337662337663 0.2588726513569937 0.07884972170686456 0.025052192066805843
9 0.6136363636363636 0.2904488517745302 0.04730983302411874 0.01826722338204593
1 0.6150278293135436 0.3194154488517745 0.022263450834879406 0.018789144050104383
9 0.6164192949907236 0.3233298538622129 0.0287569573283859 0.02661795407098121
6 0.6456400742115028 0.3382045929018789 0.0686456400742115 0.033402922755741124
3 0.6966604823747681 0.37186847599164924 0.12987012987012989 0.0464509394572025
9 0.6229128014842301 0.2372129436325678 0.01948051948051948 0.017223382045929016
6 0.673469387755102 0.23355949895615863 0.0575139146567718 0.022442588726513567
1 0.7472170686456401 0.2693110647181628 0.026901669758812616 0.01774530271398747
9 0.7490723562152134 0.2706158663883089 0.0287569573283859 0.016179540709812108
6 0.7857142857142857 0.2674843423799582 0.04823747680890538 0.023486430062630476
3 1.3552875695732838 0.3896137787056367 0.04081632653061225 0.01826722338204593
3 1.3905380333951762 0.3763048016701461 0.09647495361781076 0.04697286012526095
1 1.4308905380333952 0.36743215031315235 0.01948051948051948 0.021920668058455113
1 1.4397031539888683 0.37108559498956156 0.027829313543599257 0.013569937369519832
9 1.427643784786642 0.36847599164926925 0.0352504638218924 0.022964509394572022
9 1.4355287569573285 0.3262004175365344 0.039888682745825604 0.014613778705636741
9 1.407699443413729 0.33481210855949894 0.043599257884972174 0.014091858037578286
9 1.3998144712430427 0.32567849686847594 0.04081632653061225 0.016701461377870562
9 1.3951762523191096 0.31706680584551145 0.03710575139146568 0.013048016701461376
1 0.9679962894248608 0.25652400835073064 0.015769944341372914 0.015135699373695197
9 0.9628942486085343 0.26017745302713985 0.03153988868274583 0.016179540709812108
1 0.9243970315398887 0.24504175365344466 0.015769944341372914 0.015135699373695197
9 0.9257884972170687 0.2481732776617954 0.03710575139146568 0.013048016701461376
1 0.7894248608534323 0.22703549060542796 0.012987012987012988 0.016701461377870562
1 0.786178107606679 0.2267745302713987 0.015769944341372914 0.014091858037578286
9 0.7898886827458256 0.23094989561586637 0.02504638218923933 0.013048016701461376
5 1.317717996289425 0.21555323590814193 0.09183673469387756 0.027139874739039664
6 1.309369202226345 0.15970772442588724 0.04730983302411874 0.019832985386221292
9 1.3543599257884973 0.13152400835073066 0.020408163265306124 0.012526096033402922
9 1.4230055658627088 0.14248434237995825 0.016697588126159554 0.012526096033402922
6 1.489795918367347 0.1325678496868476 0.03896103896103896 0.021920668058455113
9 1.5111317254174397 0.1296972860125261 0.02411873840445269 0.009916492693110646
9 1.5412801484230056 0.1299582463465553 0.026901669758812616 0.010438413361169102
9 1.538961038961039 0.12265135699373694 0.016697588126159554 0.011482254697286011
9 1.556586270871985 0.12265135699373694 0.020408163265306124 0.011482254697286011
6 1.5746753246753247 0.11717118997912317 0.030612244897959183 0.014091858037578286
6 1.6261595547309833 0.10960334029227556 0.05194805194805195 0.016701461377870562
6 1.594155844155844 0.09551148225469727 0.0287569573283859 0.012526096033402922
9 1.677643784786642 0.10125260960334029 0.015769944341372914 0.012526096033402922
9 1.6952690166975881 0.10177453027139874 0.026901669758812616 0.010438413361169102
9 1.6971243042671615 0.098643006263048 0.0176252319109462 0.009394572025052192
9 1.7226345083487942 0.09681628392484341 0.02411873840445269 0.012004175365344467
9 1.725417439703154 0.09420668058455114 0.01855287569573284 0.010960334029227557
9 1.7444341372912802 0.09185803757828809 0.0176252319109462 0.010438413361169102
9 1.7476808905380334 0.09081419624217119 0.020408163265306124 0.011482254697286011
9 1.6832096474953617 0.0824634655532359 0.01948051948051948 0.0073068893528183704
2 1.728200371057514 0.07515657620041753 0.016697588126159554 0.009394572025052192
1 0.9758812615955473 0.18136743215031315 0.011131725417439703 0.012004175365344467
9 1.176252319109462 0.1688413361169102 0.022263450834879406 0.013048016701461376
9 1.1535250463821893 0.17301670146137785 0.021335807050092765 0.010960334029227557
9 1.1456400742115027 0.174321503131524 0.020408163265306124 0.012526096033402922
9 1.1354359925788498 0.17719206680584548 0.016697588126159554 0.012004175365344467
9 1.1312615955473098 0.17667014613778703 0.015769944341372914 0.010960334029227557
9 1.12569573283859 0.17588726513569936 0.0176252319109462 0.012526096033402922
9 1.1131725417439704 0.1779749478079332 0.020408163265306124 0.010438413361169102
9 1.1057513914656771 0.18058455114822544 0.020408163265306124 0.013569937369519832
9 1.0964749536178109 0.18267223382045927 0.02411873840445269 0.014613778705636741
9 1.0909090909090908 0.1829331941544885 0.022263450834879406 0.010960334029227557
9 1.088126159554731 0.18345511482254695 0.022263450834879406 0.009916492693110646
9 1.077922077922078 0.1839770354906054 0.027829313543599257 0.012004175365344467
9 1.0714285714285714 0.18580375782881 0.02411873840445269 0.011482254697286011
9 1.0644712430426717 0.1884133611691023 0.02319109461966605 0.012526096033402922
9 1.056122448979592 0.18893528183716074 0.02504638218923933 0.012526096033402922
9 1.0496289424860854 0.18971816283924842 0.02504638218923933 0.016179540709812108
9 1.040352504638219 0.19076200417536532 0.021335807050092765 0.016179540709812108
9 1.025974025974026 0.19311064718162838 0.022263450834879406 0.013569937369519832
9 1.019016697588126 0.1962421711899791 0.02504638218923933 0.013569937369519832
9 1.0598330241187384 0.20302713987473903 0.026901669758812616 0.016701461377870562
6 1.0352504638218925 0.2077244258872651 0.0352504638218924 0.020876826722338204
6 1.1781076066790352 0.18267223382045927 0.04267161410018553 0.025052192066805843
9 1.1066790352504638 0.16283924843423797 0.020408163265306124 0.010438413361169102
9 1.1150278293135436 0.16153444676409184 0.016697588126159554 0.010960334029227557
9 1.082096474953618 0.16649269311064716 0.01948051948051948 0.013569937369519832
9 1.070964749536178 0.16753653444676408 0.015769944341372914 0.013569937369519832
9 1.0626159554730983 0.1696242171189979 0.01948051948051948 0.014613778705636741
9 1.051948051948052 0.16910229645093944 0.014842300556586271 0.015657620041753653
9 1.0435992578849722 0.1724947807933194 0.016697588126159554 0.016179540709812108
9 1.0394248608534322 0.17197286012526095 0.01948051948051948 0.014091858037578286
9 1.025974025974026 0.174321503131524 0.022263450834879406 0.012526096033402922
9 1.00278293135436 0.17667014613778703 0.022263450834879406 0.012004175365344467
9 0.9925788497217068 0.180062630480167 0.025974025974025976 0.012526096033402922
9 0.9628942486085343 0.197286012526096 0.01855287569573284 0.015657620041753653
9 0.9512987012987013 0.1980688935281837 0.021335807050092765 0.015135699373695197
9 0.924860853432282 0.197286012526096 0.01855287569573284 0.014613778705636741
9 0.9165120593692022 0.19859081419624214 0.01855287569573284 0.014091858037578286
2 0.8534322820037106 0.19024008350730687 0.029684601113172542 0.013048016701461376
9 0.9095547309833024 0.23068893528183715 0.026901669758812616 0.012526096033402922
9 0.8821892393320965 0.23303757828810018 0.03710575139146568 0.012004175365344467
9 0.8807977736549165 0.22860125260960332 0.03432282003710575 0.012526096033402922
9 0.9002782931354361 0.21920668058455112 0.021335807050092765 0.011482254697286011
1 0.7773654916512059 0.2132045929018789 0.012987012987012988 0.010960334029227557
1 0.774582560296846 0.2113778705636743 0.016697588126159554 0.011482254697286011
9 0.774582560296846 0.2124217118997912 0.02411873840445269 0.015657620041753653
9 0.7031539888682746 0.17562630480167013 0.025974025974025976 0.015135699373695197
9 0.6563079777365491 0.18371607515657618 0.036178107606679034 0.016701461377870562
1 0.6192022263450835 0.1659707724425887 0.013914656771799629 0.012526096033402922
2 0.7337662337662337 0.13596033402922755 0.01855287569573284 0.012004175365344467
6 0.6785714285714286 0.1516179540709812 0.015769944341372914 0.014091858037578286
6 0.5672541743970315 0.1401356993736952 0.049165120593692026 0.015135699373695197
2 0.6006493506493507 0.10542797494780792 0.012059369202226345 0.009394572025052192
6 0.6020408163265306 0.0957724425887265 0.027829313543599257 0.015135699373695197
1 0.5705009276437848 0.09994780793319415 0.012987012987012988 0.010960334029227557
9 0.5718923933209648 0.10281837160751564 0.01948051948051948 0.011482254697286011
1 0.5120593692022264 0.11508350730688933 0.014842300556586271 0.008872651356993735
1 0.5046382189239332 0.08376826722338204 0.012987012987012988 0.010960334029227557
1 0.48515769944341375 0.07828810020876827 0.00927643784786642 0.009394572025052192
6 0.5023191094619666 0.08507306889352817 0.01948051948051948 0.013569937369519832
2 0.4819109461966605 0.07828810020876827 0.015769944341372914 0.006263048016701461
9 0.49860853432282004 0.11821503131524007 0.012059369202226345 0.006784968684759916
9 0.5004638218923934 0.10490605427974947 0.0176252319109462 0.009394572025052192
3 0.33070500927643787 0.10568893528183715 0.06957328385899815 0.017223382045929016
3 0.2815398886827458 0.092901878914405 0.03803339517625232 0.019832985386221292
6 0.38589981447124305 0.09707724425887264 0.04081632653061225 0.011482254697286011
9 0.4387755102040816 0.07098121085594988 0.011131725417439703 0.009394572025052192
6 0.4359925788497217 0.05427974947807933 0.022263450834879406 0.010438413361169102
9 0.4619666048237477 0.04436325678496868 0.020408163265306124 0.0073068893528183704
6 0.46567717996289426 0.041492693110647176 0.020408163265306124 0.009916492693110646
9 0.47866419294990725 0.047233820459290185 0.020408163265306124 0.007828810020876827
1 0.4285714285714286 0.0360125260960334 0.012987012987012988 0.0073068893528183704
1 0.4271799628942486 0.035751565762004174 0.012059369202226345 0.008872651356993735
9 0.4285714285714286 0.03705636743215031 0.014842300556586271 0.008350730688935281
1 0.41697588126159557 0.042536534446764085 0.010204081632653062 0.008872651356993735
9 0.41836734693877553 0.04462421711899791 0.012987012987012988 0.007828810020876827
9 0.4461966604823748 0.06524008350730688 0.022263450834879406 0.010438413361169102
1 0.4100185528756957 0.02740083507306889 0.0074211502782931356 0.008872651356993735
1 0.39935064935064934 0.029227557411273482 0.013914656771799629 0.008350730688935281
9 0.4100185528756957 0.030010438413361165 0.011131725417439703 0.008872651356993735
9 0.39935064935064934 0.02974947807933194 0.012059369202226345 0.008350730688935281
6 0.3914656771799629 0.008872651356993735 0.01855287569573284 0.008350730688935281
9 0.42810760667903525 0.0057411273486430055 0.015769944341372914 0.0073068893528183704
3 0.3205009276437848 0.30741127348643005 0.06029684601113173 0.043841336116910226
