3 0.018095238095238095 0.7257142857142858 0.0380952380952381 0.047142857142857146
3 0.14523809523809525 0.42714285714285716 0.12666666666666668 0.03428571428571429
3 0.660952380952381 0.5267857142857143 0.08571428571428572 0.08357142857142857
3 0.7052380952380952 0.4682142857142857 0.07904761904761905 0.056428571428571425
3 0.9566666666666667 0.45107142857142857 0.09047619047619047 0.04071428571428572
3 1.1357142857142857 0.5696428571428571 0.13238095238095238 0.06785714285714285
3 1.101904761904762 0.42392857142857143 0.09142857142857143 0.027857142857142858
3 1.207142857142857 0.3989285714285714 0.06761904761904762 0.023571428571428573
3 1.2823809523809524 0.3821428571428571 0.058095238095238096 0.015714285714285715
3 1.2519047619047619 0.37107142857142855 0.058095238095238096 0.015
3 1.1633333333333333 0.3575 0.058095238095238096 0.019285714285714285
3 1.2285714285714286 0.3492857142857143 0.05333333333333333 0.02
3 1.2261904761904763 0.34 0.04285714285714286 0.011428571428571429
3 1.309047619047619 0.3407142857142857 0.04476190476190476 0.014285714285714285
3 1.0552380952380953 0.32607142857142857 0.0419047619047619 0.019285714285714285
3 1.0219047619047619 0.3267857142857143 0.04 0.020714285714285713
3 0.9938095238095238 0.32535714285714284 0.029523809523809525 0.017857142857142856
3 0.9519047619047619 0.32607142857142857 0.023809523809523808 0.019285714285714285
3 0.9195238095238095 0.3417857142857143 0.06380952380952382 0.017857142857142856
3 0.9147619047619048 0.32571428571428573 0.025714285714285714 0.015714285714285715
3 0.9485714285714286 0.4032142857142857 0.08190476190476191 0.027857142857142858
3 0.8323809523809523 0.4085714285714286 0.0761904761904762 0.03
3 0.7561904761904762 0.37642857142857145 0.05714285714285714 0.02142857142857143
3 0.6880952380952381 0.39464285714285713 0.05619047619047619 0.03214285714285714
3 0.660952380952381 0.35678571428571426 0.03428571428571429 0.023571428571428573
3 0.6995238095238095 0.3485714285714286 0.035238095238095235 0.018571428571428572
3 0.6252380952380953 0.3335714285714286 0.03142857142857143 0.02
3 0.5885714285714285 0.30892857142857144 0.030476190476190476 0.015
3 0.37952380952380954 0.30892857142857144 0.021904761904761906 0.015
3 0.37285714285714283 0.29464285714285715 0.018095238095238095 0.013571428571428571
3 0.36904761904761907 0.27714285714285714 0.014285714285714285 0.012857142857142857
3 0.3647619047619048 0.24785714285714286 0.01904761904761905 0.008571428571428572
3 0.03666666666666667 0.35642857142857143 0.07142857142857142 0.02142857142857143
3 0.022857142857142857 0.3317857142857143 0.04 0.020714285714285713
3 0.11523809523809524 0.32392857142857145 0.0419047619047619 0.023571428571428573
3 0.15285714285714286 0.3192857142857143 0.04666666666666667 0.017142857142857144
3 0.17285714285714285 0.31107142857142855 0.06380952380952382 0.020714285714285713
3 0.27380952380952384 0.32607142857142857 0.02761904761904762 0.03214285714285714
3 0.2838095238095238 0.31357142857142856 0.02095238095238095 0.02
3 0.2866666666666667 0.2985714285714286 0.02095238095238095 0.018571428571428572
9 0.35285714285714287 0.5442857142857143 0.06571428571428571 0.03857142857142857
9 0.12 0.6710714285714285 0.0761904761904762 0.03357142857142857
9 0.44095238095238093 0.4375 0.026666666666666665 0.03642857142857143
9 0.21285714285714286 0.3482142857142857 0.01619047619047619 0.02214285714285714
9 0.85 0.34785714285714286 0.023809523809523808 0.017142857142857144
9 0.8776190476190476 0.3717857142857143 0.018095238095238095 0.015
8 0.8790476190476191 0.4775 0.25523809523809526 0.13214285714285715
8 1.2147619047619047 0.5582142857142857 0.23523809523809525 0.16357142857142856
4 0.15476190476190477 0.7142857142857143 0.19333333333333333 0.07
4 0.07142857142857142 0.3246428571428571 0.07047619047619047 0.027857142857142858
3 0.36714285714285716 0.26107142857142857 0.01619047619047619 0.009285714285714286
4 0.49952380952380954 0.35714285714285715 0.05047619047619047 0.02857142857142857
8 0.5523809523809524 0.2639285714285714 0.04 0.02642857142857143
9 0.5352380952380953 0.2714285714285714 0.007619047619047619 0.008571428571428572
9 0.49952380952380954 0.25142857142857145 0.006666666666666666 0.008571428571428572
5 0.79 0.3225 0.04857142857142857 0.027857142857142858
8 0.44857142857142857 0.21464285714285714 0.01904761904761905 0.013571428571428571
3 0.44095238095238093 0.2257142857142857 0.007619047619047619 0.004285714285714286
3 0.4338095238095238 0.21035714285714285 0.006666666666666666 0.005
3 0.4004761904761905 0.2032142857142857 0.006666666666666666 0.0035714285714285713
3 0.1819047619047619 0.2985714285714286 0.06095238095238095 0.014285714285714285
3 0.1919047619047619 0.295 0.054285714285714284 0.015714285714285715
3 0.2195238095238095 0.27071428571428574 0.04666666666666667 0.014285714285714285
3 0.2123809523809524 0.275 0.04380952380952381 0.012857142857142857
3 0.2057142857142857 0.27964285714285714 0.05142857142857143 0.012142857142857143
3 0.2038095238095238 0.285 0.05714285714285714 0.017142857142857144
4 0.8809523809523809 0.31535714285714284 0.030476190476190476 0.016428571428571428
3 0.8433333333333334 0.32035714285714284 0.035238095238095235 0.015
3 0.6176190476190476 0.39 0.040952380952380955 0.03142857142857143
4 1.0314285714285714 0.3917857142857143 0.0761904761904762 0.029285714285714286
3 0.09047619047619047 0.3725 0.049523809523809526 0.016428571428571428
1 0.12476190476190477 0.6735714285714286 0.03428571428571429 0.03857142857142857
1 0.3547619047619048 0.5439285714285714 0.03142857142857143 0.035
1 0.44 0.43464285714285716 0.01904761904761905 0.02642857142857143
1 0.5357142857142857 0.27214285714285713 0.006666666666666666 0.007142857142857143
1 0.4990476190476191 0.25142857142857145 0.005714285714285714 0.008571428571428572
1 0.5233333333333333 0.2646428571428571 0.004761904761904762 0.0064285714285714285
9 0.5238095238095238 0.2667857142857143 0.005714285714285714 0.007857142857142858
1 0.8771428571428571 0.37142857142857144 0.011428571428571429 0.012857142857142857
1 0.8504761904761905 0.3485714285714286 0.011428571428571429 0.015714285714285715
1 1.0457142857142858 0.3507142857142857 0.007619047619047619 0.014285714285714285
9 1.0433333333333332 0.3532142857142857 0.012380952380952381 0.009285714285714286
3 1.25 0.4575 0.05619047619047619 0.035
