9 0.387291280148423 0.4634655532359081 0.02504638218923933 0.028183716075156573
9 0.49489795918367346 0.39405010438413357 0.0287569573283859 0.033402922755741124
3 0.5700371057513914 0.4284968684759916 0.08256029684601113 0.07098121085594988
9 0.7203153988868275 0.3843945720250522 0.02319109461966605 0.028705636743215027
2 0.5950834879406308 0.26591858037578286 0.03803339517625232 0.01826722338204593
9 0.640074211502783 0.25260960334029225 0.04267161410018553 0.015657620041753653
6 0.7546382189239332 0.34655532359081415 0.041743970315398886 0.032359081419624215
3 0.8061224489795918 0.34081419624217113 0.059369202226345084 0.05532359081419624
9 0.6164192949907236 0.229384133611691 0.03803339517625232 0.016179540709812108
9 0.6247680890538033 0.22259916492693108 0.03432282003710575 0.016179540709812108
3 0.8501855287569573 0.2218162839248434 0.04730983302411874 0.04175365344467641
3 0.8585343228200372 0.15996868475991646 0.03803339517625232 0.03079331941544885
9 0.7448979591836735 0.17275574112734862 0.03710575139146568 0.011482254697286011
9 0.7625231910946196 0.12239039665970772 0.02411873840445269 0.007828810020876827
9 0.862708719851577 0.13282881002087682 0.025974025974025976 0.012004175365344467
4 0.8835807050092764 0.10594989561586637 0.03432282003710575 0.032359081419624215
1 0.9359925788497218 0.159446764091858 0.012987012987012988 0.01826722338204593
1 0.9401669758812616 0.15422755741127347 0.0176252319109462 0.017223382045929016
6 0.935064935064935 0.1584029227557411 0.027829313543599257 0.03079331941544885
5 0.8998144712430427 0.0889874739039666 0.029684601113172542 0.02661795407098121
4 1.0310760667903525 0.21842379958246344 0.049165120593692026 0.04853862212943632
3 0.8042671614100185 0.4337160751565762 0.07235621521335807 0.08559498956158663
1 1.0927643784786643 0.47599164926931103 0.03339517625231911 0.018789144050104383
9 1.1525974025974026 0.46972860125260957 0.049165120593692026 0.025052192066805843
9 1.1869202226345084 0.5013048016701461 0.05844155844155844 0.03079331941544885
9 1.1850649350649352 0.5313152400835073 0.0640074211502783 0.028183716075156573
9 1.1943413729128014 0.5446242171189979 0.06029684601113173 0.019311064718162838
9 1.348330241187384 0.5221816283924843 0.05844155844155844 0.02139874739039666
9 1.176252319109462 0.43736951983298533 0.0352504638218924 0.028183716075156573
9 1.153061224489796 0.43345511482254695 0.04267161410018553 0.02453027139874739
9 1.1349721706864564 0.420929018789144 0.03246753246753247 0.03079331941544885
9 1.164656771799629 0.4120563674321503 0.036178107606679034 0.025574112734864297
9 1.1331168831168832 0.3903966597077244 0.045454545454545456 0.021920668058455113
9 1.1396103896103895 0.3575156576200417 0.03803339517625232 0.018789144050104383
1 1.3501855287569573 0.42588726513569936 0.0176252319109462 0.016701461377870562
6 1.264378478664193 0.35882045929018785 0.08348794063079777 0.025574112734864297
9 1.1850649350649352 0.26591858037578286 0.03432282003710575 0.015135699373695197
6 1.1192022263450836 0.2802713987473904 0.03432282003710575 0.026096033402922752
1 1.0078849721706864 0.30480167014613774 0.01948051948051948 0.013569937369519832
1 1.0064935064935066 0.3003653444676409 0.020408163265306124 0.017223382045929016
9 1.0060296846011132 0.3045407098121085 0.02319109461966605 0.025574112734864297
9 1.1001855287569573 0.26122129436325675 0.04823747680890538 0.017223382045929016
9 1.114100185528757 0.25548016701461373 0.029684601113172542 0.023486430062630476
9 1.0936920222634507 0.2463465553235908 0.0352504638218924 0.016701461377870562
9 1.0756029684601114 0.24034446764091855 0.036178107606679034 0.016179540709812108
6 1.072356215213358 0.19963465553235907 0.03710575139146568 0.032881002087682666
9 1.0960111317254175 0.1998956158663883 0.030612244897959183 0.016701461377870562
9 1.092300556586271 0.19311064718162838 0.0287569573283859 0.013569937369519832
9 1.082560296846011 0.1764091858037578 0.03153988868274583 0.013569937369519832
6 1.0774582560296846 0.15005219206680584 0.030612244897959183 0.02139874739039666
1 1.056122448979592 0.14065762004175364 0.010204081632653062 0.016179540709812108
9 1.0556586270871986 0.14352818371607515 0.029684601113172542 0.010438413361169102
6 1.0589053803339519 0.12160751565762003 0.05287569573283859 0.021920668058455113
4 1.012987012987013 0.11899791231732776 0.03710575139146568 0.031315240083507306
1 1.0148423005565863 0.10203549060542796 0.014842300556586271 0.009916492693110646
9 1.098330241187384 0.0957724425887265 0.029684601113172542 0.010960334029227557
9 1.0551948051948052 0.098643006263048 0.02504638218923933 0.012526096033402922
9 1.056122448979592 0.09603340292275574 0.02504638218923933 0.014613778705636741
9 0.9239332096474954 0.10281837160751564 0.012987012987012988 0.013569937369519832
1 0.923469387755102 0.0994258872651357 0.012059369202226345 0.016179540709812108
6 1.0468460111317255 0.08455114822546972 0.043599257884972174 0.019832985386221292
6 1.0473098330241188 0.07985386221294362 0.04267161410018553 0.01774530271398747
3 0.9865491651205938 0.05375782881002087 0.036178107606679034 0.018789144050104383
9 1.034786641929499 0.03783924843423799 0.013914656771799629 0.008872651356993735
9 1.032931354359926 0.03496868475991649 0.02319109461966605 0.0073068893528183704
3 0.8854359925788498 0.007045929018789143 0.0287569573283859 0.015135699373695197
9 1.0069573283859 0.004697286012526096 0.01948051948051948 0.008350730688935281
6 0.9962894248608535 0.016440501043841333 0.03339517625231911 0.012004175365344467
