1 0.7557142857142857 0.6775 0.035238095238095235 0.052142857142857144
1 0.7938095238095239 0.6692857142857143 0.05238095238095238 0.08142857142857143
9 0.95 0.66 0.11523809523809524 0.05285714285714286
9 1.0838095238095238 0.6242857142857143 0.09333333333333334 0.06142857142857143
2 1.0833333333333333 0.4317857142857143 0.06761904761904762 0.03357142857142857
2 0.8195238095238095 0.16892857142857143 0.02761904761904762 0.019285714285714285
2 0.6404761904761904 0.1775 0.035238095238095235 0.023571428571428573
2 0.5866666666666667 0.2975 0.02857142857142857 0.035
2 0.6333333333333333 0.32535714285714284 0.03238095238095238 0.039285714285714285
2 0.4604761904761905 0.2367857142857143 0.023809523809523808 0.03214285714285714
2 0.4895238095238095 0.24214285714285713 0.02095238095238095 0.03
2 0.5057142857142857 0.2375 0.024761904761904763 0.029285714285714286
2 0.490952380952381 0.2775 0.06571428571428571 0.027857142857142858
