3 0.023809523809523808 0.6607142857142857 0.049523809523809526 0.08
3 0.11047619047619048 0.6157142857142857 0.07809523809523809 0.07
9 0.21428571428571427 0.6192857142857143 0.03238095238095238 0.027142857142857142
9 0.31047619047619046 0.6532142857142857 0.03428571428571429 0.02642857142857143
1 0.3057142857142857 0.6492857142857142 0.022857142857142857 0.017142857142857144
3 0.36857142857142855 0.6332142857142857 0.08190476190476191 0.06785714285714285
9 0.40285714285714286 0.6132142857142857 0.03619047619047619 0.027857142857142858
3 0.31238095238095237 0.5610714285714286 0.06857142857142857 0.060714285714285714
9 0.16952380952380952 0.5735714285714286 0.03428571428571429 0.022857142857142857
1 0.1680952380952381 0.5710714285714286 0.02 0.016428571428571428
1 0.21 0.6153571428571428 0.023809523809523808 0.016428571428571428
9 0.16523809523809524 0.5185714285714286 0.02761904761904762 0.025714285714285714
1 0.16285714285714287 0.5139285714285714 0.022857142857142857 0.016428571428571428
9 0.08333333333333333 0.5271428571428571 0.02761904761904762 0.024285714285714285
1 0.08 0.5239285714285714 0.01904761904761905 0.016428571428571428
9 0.11714285714285715 0.48464285714285715 0.02857142857142857 0.019285714285714285
1 0.11428571428571428 0.48142857142857143 0.01904761904761905 0.011428571428571429
3 0.2714285714285714 0.5010714285714286 0.05523809523809524 0.047857142857142855
3 0.2276190476190476 0.4446428571428571 0.047619047619047616 0.04357142857142857
3 0.02238095238095238 0.5135714285714286 0.04666666666666667 0.04857142857142857
9 0.024761904761904763 0.4589285714285714 0.024761904761904763 0.019285714285714285
1 0.02142857142857143 0.45571428571428574 0.02 0.012857142857142857
9 0.19047619047619047 0.4114285714285714 0.03238095238095238 0.02142857142857143
1 0.1880952380952381 0.4064285714285714 0.02 0.017142857142857144
3 0.060476190476190475 0.3846428571428571 0.07714285714285714 0.030714285714285715
9 0.10571428571428572 0.3742857142857143 0.02857142857142857 0.018571428571428572
1 0.10285714285714286 0.3732142857142857 0.01904761904761905 0.015
9 0.25952380952380955 0.3775 0.037142857142857144 0.017857142857142856
1 0.2542857142857143 0.3807142857142857 0.017142857142857144 0.012857142857142857
1 0.2604761904761905 0.37464285714285717 0.01619047619047619 0.010714285714285714
9 0.2776190476190476 0.3457142857142857 0.023809523809523808 0.022857142857142857
1 0.27714285714285714 0.34285714285714286 0.02095238095238095 0.018571428571428572
9 0.31142857142857144 0.3514285714285714 0.02857142857142857 0.018571428571428572
9 0.3352380952380952 0.3892857142857143 0.030476190476190476 0.02142857142857143
1 0.3333333333333333 0.38642857142857145 0.015238095238095238 0.014285714285714285
3 0.3647619047619048 0.4660714285714286 0.06666666666666667 0.047857142857142855
8 0.18619047619047618 0.3157142857142857 0.16666666666666666 0.08571428571428572
9 0.5423809523809524 0.4407142857142857 0.01619047619047619 0.025714285714285714
9 0.5704761904761905 0.42964285714285716 0.01904761904761905 0.02214285714285714
9 0.599047619047619 0.44035714285714284 0.024761904761904763 0.039285714285714285
9 0.6147619047619047 0.4253571428571429 0.02 0.025
9 0.3871428571428571 0.3585714285714286 0.023809523809523808 0.02
9 0.3419047619047619 0.3267857142857143 0.03238095238095238 0.015
1 0.34 0.3267857142857143 0.015238095238095238 0.015
1 0.3852380952380952 0.3578571428571429 0.014285714285714285 0.018571428571428572
9 0.3647619047619048 0.3053571428571429 0.02095238095238095 0.017857142857142856
3 0.4604761904761905 0.3510714285714286 0.07714285714285714 0.03357142857142857
9 0.4680952380952381 0.30714285714285716 0.03142857142857143 0.017142857142857144
9 0.47 0.29464285714285715 0.014285714285714285 0.02214285714285714
9 0.48 0.2889285714285714 0.015238095238095238 0.017857142857142856
9 0.38571428571428573 0.24285714285714285 0.017142857142857144 0.018571428571428572
9 0.4057142857142857 0.2332142857142857 0.022857142857142857 0.015
9 0.34095238095238095 0.2367857142857143 0.02857142857142857 0.015
4 0.1595238095238095 0.27285714285714285 0.04285714285714286 0.03142857142857143
3 0.058095238095238096 0.3271428571428571 0.05333333333333333 0.03571428571428571
3 0.025238095238095237 0.3032142857142857 0.05047619047619047 0.03642857142857143
3 0.6352380952380953 0.5710714285714286 0.10095238095238095 0.04071428571428572
3 0.539047619047619 0.5439285714285714 0.08952380952380952 0.047857142857142855
3 0.4461904761904762 0.5107142857142857 0.07523809523809524 0.04857142857142857
1 0.6461904761904762 0.45607142857142857 0.012380952380952381 0.010714285714285714
1 0.6561904761904762 0.4517857142857143 0.013333333333333332 0.016428571428571428
1 0.660952380952381 0.4632142857142857 0.013333333333333332 0.009285714285714286
1 0.7995238095238095 0.4692857142857143 0.014285714285714285 0.017142857142857144
1 0.8152380952380952 0.42964285714285716 0.013333333333333332 0.012142857142857143
1 0.8271428571428572 0.42964285714285716 0.012380952380952381 0.013571428571428571
9 0.8733333333333333 0.45357142857142857 0.030476190476190476 0.011428571428571429
2 0.9095238095238095 0.42428571428571427 0.013333333333333332 0.02142857142857143
9 0.9266666666666666 0.4525 0.030476190476190476 0.023571428571428573
9 0.9890476190476191 0.44642857142857145 0.01619047619047619 0.022857142857142857
2 0.9985714285714286 0.44285714285714284 0.01619047619047619 0.02142857142857143
2 1.0042857142857142 0.4442857142857143 0.014285714285714285 0.02142857142857143
9 1.05 0.4325 0.02761904761904762 0.027857142857142858
9 1.0709523809523809 0.42607142857142855 0.02 0.02642857142857143
9 1.0904761904761904 0.43857142857142856 0.015238095238095238 0.022857142857142857
9 1.1028571428571428 0.43214285714285716 0.017142857142857144 0.025714285714285714
9 1.1238095238095238 0.45571428571428574 0.024761904761904763 0.02857142857142857
4 0.8638095238095238 0.6510714285714285 0.05714285714285714 0.07928571428571428
3 0.9738095238095238 0.6125 0.06190476190476191 0.07928571428571428
4 1.0447619047619048 0.5953571428571428 0.07238095238095238 0.06928571428571428
3 1.0971428571428572 0.5892857142857143 0.06857142857142857 0.06857142857142857
3 1.1642857142857144 0.5892857142857143 0.06380952380952382 0.06428571428571428
3 1.2676190476190476 0.58 0.07809523809523809 0.07571428571428572
9 0.9404761904761905 0.37535714285714283 0.018095238095238095 0.02214285714285714
