4 0.741904761904762 0.5457142857142857 0.07238095238095238 0.05
5 0.7385714285714285 0.6139285714285714 0.10952380952380952 0.07642857142857143
3 0.03333333333333333 0.7392857142857143 0.0419047619047619 0.02
3 0.07380952380952381 0.7264285714285714 0.06380952380952382 0.045714285714285714
3 0.10952380952380952 0.7110714285714286 0.06095238095238095 0.062142857142857146
3 0.15571428571428572 0.695 0.06761904761904762 0.06142857142857143
9 0.3823809523809524 0.7275 0.02761904761904762 0.016428571428571428
1 0.37952380952380954 0.7292857142857143 0.01619047619047619 0.01
3 0.36333333333333334 0.5896428571428571 0.07333333333333333 0.047857142857142855
3 0.5680952380952381 0.475 0.07523809523809524 0.05142857142857143
4 0.5323809523809524 0.73 0.0761904761904762 0.03857142857142857
3 0.6323809523809524 0.45821428571428574 0.06285714285714286 0.05071428571428571
3 0.6628571428571428 0.44035714285714284 0.05714285714285714 0.04642857142857143
3 0.6919047619047619 0.41928571428571426 0.06761904761904762 0.05
3 0.7247619047619047 0.4035714285714286 0.06285714285714286 0.05142857142857143
6 0.7766666666666666 0.41964285714285715 0.03333333333333333 0.045
3 0.9376190476190476 0.3560714285714286 0.06571428571428571 0.045
3 0.8995238095238095 0.31214285714285717 0.06 0.04857142857142857
5 0.9466666666666667 0.295 0.09523809523809523 0.06571428571428571
3 0.9614285714285714 0.26964285714285713 0.06190476190476191 0.04642857142857143
4 0.9966666666666667 0.2532142857142857 0.07142857142857142 0.04928571428571429
3 1.0514285714285714 0.28535714285714286 0.06095238095238095 0.04357142857142857
2 1.0476190476190477 0.3317857142857143 0.022857142857142857 0.015
1 1.0523809523809524 0.3264285714285714 0.015238095238095238 0.011428571428571429
3 1.0971428571428572 0.3467857142857143 0.06285714285714286 0.039285714285714285
3 1.0776190476190477 0.15214285714285714 0.06 0.041428571428571426
3 1.1433333333333333 0.12035714285714286 0.06190476190476191 0.04071428571428572
3 1.1566666666666667 0.09857142857142857 0.06190476190476191 0.04428571428571428
3 1.1747619047619047 0.07535714285714286 0.06380952380952382 0.04357142857142857
4 1.2280952380952381 0.045 0.06380952380952382 0.05714285714285714
3 0.9166666666666666 0.7228571428571429 0.06571428571428571 0.05285714285714286
3 0.9528571428571428 0.7146428571428571 0.07523809523809524 0.06357142857142857
3 0.9757142857142858 0.6885714285714286 0.06952380952380953 0.05857142857142857
4 1.016190476190476 0.6692857142857143 0.06857142857142857 0.05857142857142857
3 1.0485714285714285 0.6457142857142857 0.07047619047619047 0.05857142857142857
3 1.0757142857142856 0.6225 0.06571428571428571 0.055
3 1.1514285714285715 0.7382142857142857 0.07428571428571429 0.02214285714285714
3 1.2657142857142858 0.6917857142857143 0.08190476190476191 0.056428571428571425
3 1.1614285714285715 0.5625 0.06952380952380953 0.05785714285714286
3 1.25 0.2975 0.06380952380952382 0.04071428571428572
