3 0.8692893401015228 0.5425 0.04314720812182741 0.03785714285714286
3 0.7810913705583755 0.3025 0.04187817258883248 0.045
4 0.7994923857868019 0.22607142857142856 0.04314720812182741 0.045
3 0.6916243654822335 0.2275 0.04060913705583756 0.04357142857142857
3 0.7055837563451776 0.16892857142857143 0.03807106598984771 0.039285714285714285
3 0.7715736040609137 0.16357142857142856 0.04060913705583756 0.04
3 0.8217005076142131 0.16392857142857142 0.03680203045685279 0.04071428571428572
3 0.5736040609137055 0.31535714285714284 0.03807106598984771 0.04642857142857143
3 0.5507614213197969 0.24321428571428572 0.04314720812182741 0.03785714285714286
3 0.5203045685279187 0.19142857142857142 0.04314720812182741 0.04
