4 1.4790609137055837 0.29 0.133248730964467 0.037142857142857144
4 1.7024111675126903 0.26035714285714284 0.13071065989847716 0.047857142857142855
4 1.3553299492385786 0.21964285714285714 0.053299492385786795 0.052142857142857144
4 1.28743654822335 0.2257142857142857 0.05964467005076142 0.054285714285714284
4 1.2227157360406091 0.2332142857142857 0.05710659898477157 0.055
4 1.142766497461929 0.2557142857142857 0.06725888324873096 0.05714285714285714
3 1.6230964467005076 0.15857142857142856 0.08883248730964466 0.03
8 1.2157360406091369 0.09928571428571428 0.09898477157360405 0.09571428571428571
3 1.1199238578680202 0.13428571428571429 0.05456852791878172 0.04857142857142857
8 1.0666243654822334 0.11035714285714286 0.11548223350253806 0.10785714285714286
4 1.0539340101522843 0.2125 0.06472081218274112 0.055
8 0.9828680203045684 0.20857142857142857 0.10786802030456852 0.09857142857142857
3 1.12246192893401 0.0475 0.052030456852791875 0.03357142857142857
3 0.9048223350253807 0.42464285714285716 0.09390862944162436 0.06928571428571428
8 0.8940355329949238 0.32392857142857145 0.15355329949238578 0.1392857142857143
5 0.6516497461928934 0.49892857142857144 0.23223350253807104 0.06642857142857143
4 0.565989847715736 0.41785714285714287 0.12690355329949238 0.05
8 0.3210659898477157 0.36 0.2893401015228426 0.1
3 0.1148477157360406 0.30892857142857144 0.07741116751269035 0.03357142857142857
8 0.04187817258883248 0.2907142857142857 0.08121827411167512 0.07285714285714286
3 0.5469543147208121 0.18607142857142858 0.07106598984771573 0.039285714285714285
3 0.6776649746192893 0.26857142857142857 0.09644670050761421 0.032857142857142856
5 1.1446700507614211 0.012142857142857143 0.053299492385786795 0.024285714285714285
8 1.6738578680203045 0.09785714285714285 0.20304568527918782 0.07285714285714286
8 1.4600253807106598 0.06892857142857142 0.23730964467005075 0.06785714285714285
