3 0.9244923857868019 0.2692857142857143 0.03426395939086294 0.025714285714285714
3 1.0019035532994922 0.16535714285714287 0.019035532994923856 0.016428571428571428
3 0.8883248730964466 0.12071428571428572 0.015228426395939085 0.01
3 1.026015228426396 0.05 0.016497461928934008 0.007142857142857143
3 1.0710659898477157 0.06571428571428571 0.01015228426395939 0.01
3 0.9498730964467005 0.047142857142857146 0.011421319796954314 0.007142857142857143
3 0.9942893401015228 0.021785714285714287 0.011421319796954314 0.0064285714285714285
3 0.965736040609137 0.026785714285714284 0.01015228426395939 0.007857142857142858
3 0.9435279187817258 0.027142857142857142 0.011421319796954314 0.007142857142857143
3 0.9758883248730964 0.014642857142857143 0.01015228426395939 0.005
3 1.017766497461929 0.005714285714285714 0.0076142131979695426 0.004285714285714286
3 1.0101522842639594 0.019285714285714285 0.01015228426395939 0.007142857142857143
3 1.137690355329949 0.08928571428571429 0.029187817258883246 0.011428571428571429
4 1.138959390862944 0.08428571428571428 0.029187817258883246 0.01
4 1.1370558375634516 0.07714285714285714 0.03045685279187817 0.01
3 1.1065989847715736 0.02 0.027918781725888322 0.008571428571428572
8 0.831218274111675 0.13142857142857142 0.03807106598984771 0.03857142857142857
8 1.0615482233502538 0.2592857142857143 0.03934010152284264 0.06428571428571428
3 1.008248730964467 0.32821428571428574 0.031725888324873094 0.027857142857142858
4 0.9593908629441623 0.31107142857142855 0.03045685279187817 0.030714285714285715
3 1.0850253807106598 0.16392857142857142 0.017766497461928932 0.013571428571428571
3 0.9124365482233502 0.45714285714285713 0.050761421319796954 0.04857142857142857
4 1.0253807106598984 0.49857142857142855 0.035532994923857864 0.04428571428571428
3 0.9968274111675126 0.3560714285714286 0.024111675126903553 0.02642857142857143
