4 0.5621827411167513 0.09607142857142857 0.017766497461928932 0.016428571428571428
3 0.5799492385786802 0.12 0.012690355329949238 0.017142857142857144
3 0.6516497461928934 0.23892857142857143 0.013959390862944161 0.015
3 0.6782994923857868 0.165 0.013959390862944161 0.017142857142857144
3 0.6427664974619289 0.15392857142857141 0.011421319796954314 0.016428571428571428
8 0.6167512690355329 0.09178571428571429 0.02284263959390863 0.039285714285714285
4 0.6395939086294415 0.06571428571428571 0.012690355329949238 0.015714285714285715
3 0.6763959390862944 0.09035714285714286 0.012690355329949238 0.015
3 0.7055837563451776 0.1125 0.017766497461928932 0.017857142857142856
3 0.706218274111675 0.15464285714285714 0.013959390862944161 0.015
5 0.706218274111675 0.205 0.021573604060913704 0.037142857142857144
4 0.5723350253807106 0.2567857142857143 0.02284263959390863 0.03214285714285714
3 0.7208121827411167 0.05071428571428571 0.0076142131979695426 0.011428571428571429
4 0.7315989847715736 0.165 0.013959390862944161 0.02142857142857143
4 0.017766497461928932 0.48428571428571426 0.03807106598984771 0.012857142857142857
3 0.5666243654822335 0.3414285714285714 0.016497461928934008 0.02
8 0.6383248730964467 0.38285714285714284 0.027918781725888322 0.05142857142857143
3 0.6795685279187816 0.47928571428571426 0.016497461928934008 0.02
4 0.7131979695431472 0.41285714285714287 0.015228426395939085 0.02142857142857143
3 0.723984771573604 0.48857142857142855 0.016497461928934008 0.015714285714285715
3 0.6681472081218274 0.3782142857142857 0.013959390862944161 0.015
3 0.7823604060913705 0.4025 0.016497461928934008 0.019285714285714285
3 0.657994923857868 0.29214285714285715 0.013959390862944161 0.018571428571428572
4 0.6986040609137055 0.30642857142857144 0.013959390862944161 0.02142857142857143
4 0.8401015228426395 0.06678571428571428 0.03045685279187817 0.009285714285714286
3 0.9892131979695431 0.1225 0.016497461928934008 0.017857142857142856
3 0.9714467005076142 0.12178571428571429 0.011421319796954314 0.016428571428571428
3 0.9403553299492385 0.16142857142857142 0.012690355329949238 0.018571428571428572
3 0.9467005076142131 0.1792857142857143 0.015228426395939085 0.017142857142857144
3 0.8178934010152283 0.10357142857142858 0.016497461928934008 0.014285714285714285
4 0.8826142131979695 0.1717857142857143 0.013959390862944161 0.016428571428571428
4 0.8680203045685279 0.17107142857142857 0.015228426395939085 0.019285714285714285
4 0.8527918781725887 0.16857142857142857 0.015228426395939085 0.015714285714285715
4 0.8299492385786802 0.14714285714285713 0.015228426395939085 0.014285714285714285
4 0.9130710659898477 0.17464285714285716 0.016497461928934008 0.017857142857142856
3 0.9295685279187816 0.18035714285714285 0.013959390862944161 0.016428571428571428
4 0.9549492385786801 0.16071428571428573 0.013959390862944161 0.014285714285714285
3 0.9251269035532994 0.15857142857142856 0.012690355329949238 0.014285714285714285
3 0.9073604060913705 0.15714285714285714 0.017766497461928932 0.012857142857142857
3 0.8762690355329948 0.1525 0.016497461928934008 0.015
3 0.8610406091370558 0.15 0.011421319796954314 0.014285714285714285
4 0.8439086294416243 0.14857142857142858 0.017766497461928932 0.014285714285714285
4 0.8927664974619288 0.15464285714285714 0.021573604060913704 0.016428571428571428
4 0.9428934010152283 0.1175 0.015228426395939085 0.015
4 0.9105329949238578 0.11464285714285714 0.016497461928934008 0.016428571428571428
3 0.9263959390862944 0.11678571428571428 0.012690355329949238 0.016428571428571428
3 0.9340101522842639 0.09928571428571428 0.01015228426395939 0.011428571428571429
3 0.9187817258883249 0.09821428571428571 0.015228426395939085 0.015
4 0.8661167512690354 0.1075 0.013959390862944161 0.015
4 0.8464467005076142 0.10821428571428571 0.02030456852791878 0.015
4 0.83248730964467 0.10428571428571429 0.01015228426395939 0.015714285714285715
4 0.8293147208121827 0.08607142857142858 0.019035532994923856 0.015
3 0.8432741116751269 0.08821428571428572 0.013959390862944161 0.010714285714285714
4 0.8578680203045684 0.09142857142857143 0.017766497461928932 0.014285714285714285
9 0.9993654822335024 0.11357142857142857 0.016497461928934008 0.007142857142857143
9 1.0031725888324872 0.10857142857142857 0.013959390862944161 0.004285714285714286
9 1.0038071065989846 0.10357142857142858 0.012690355329949238 0.007142857142857143
4 0.9758883248730964 0.22142857142857142 0.015228426395939085 0.015714285714285715
3 1.0241116751269035 0.22964285714285715 0.02030456852791878 0.015
4 1.3477157360406091 0.11392857142857143 0.017766497461928932 0.019285714285714285
3 1.306472081218274 0.16214285714285714 0.011421319796954314 0.014285714285714285
3 1.3109137055837563 0.1407142857142857 0.015228426395939085 0.015714285714285715
3 1.3293147208121827 0.145 0.011421319796954314 0.014285714285714285
3 1.3477157360406091 0.14642857142857144 0.01015228426395939 0.015714285714285715
4 1.3432741116751268 0.16178571428571428 0.016497461928934008 0.017857142857142856
3 1.3597715736040608 0.1657142857142857 0.013959390862944161 0.015714285714285715
3 1.2963197969543145 0.20035714285714284 0.013959390862944161 0.017857142857142856
3 1.314720812182741 0.2032142857142857 0.017766497461928932 0.019285714285714285
3 1.3096446700507614 0.22214285714285714 0.015228426395939085 0.02
3 1.3274111675126903 0.22178571428571428 0.015228426395939085 0.015
3 1.173223350253807 0.24714285714285714 0.016497461928934008 0.015714285714285715
3 1.1383248730964466 0.24214285714285713 0.015228426395939085 0.015714285714285715
3 1.1548223350253806 0.245 0.012690355329949238 0.017142857142857144
3 1.0406091370558375 0.2342857142857143 0.015228426395939085 0.017142857142857144
3 0.9911167512690354 0.22535714285714287 0.015228426395939085 0.016428571428571428
4 1.0590101522842639 0.2342857142857143 0.019035532994923856 0.015714285714285715
3 1.0761421319796953 0.23607142857142857 0.015228426395939085 0.016428571428571428
4 1.0939086294416243 0.23785714285714285 0.015228426395939085 0.014285714285714285
3 1.2030456852791878 0.2725 0.03045685279187817 0.009285714285714286
3 1.1986040609137054 0.28785714285714287 0.03426395939086294 0.011428571428571429
3 1.1935279187817258 0.30642857142857144 0.03426395939086294 0.011428571428571429
3 1.1960659898477157 0.29678571428571426 0.03426395939086294 0.010714285714285714
3 1.1878172588832487 0.32607142857142857 0.035532994923857864 0.010714285714285714
3 1.189720812182741 0.31642857142857145 0.03426395939086294 0.011428571428571429
9 1.189720812182741 0.24821428571428572 0.008883248730964466 0.010714285714285714
9 1.1998730964467004 0.25285714285714284 0.008883248730964466 0.008571428571428572
9 1.1928934010152283 0.2525 0.0076142131979695426 0.010714285714285714
9 1.2074873096446699 0.2532142857142857 0.006345177664974619 0.007857142857142858
9 1.2112944162436547 0.2625 0.016497461928934008 0.005
9 1.2214467005076142 0.2546428571428571 0.008883248730964466 0.010714285714285714
4 1.182741116751269 0.33464285714285713 0.032994923857868015 0.010714285714285714
3 1.1795685279187815 0.3539285714285714 0.031725888324873094 0.012142857142857143
3 1.1808375634517765 0.34464285714285714 0.03426395939086294 0.012142857142857143
3 1.1763959390862944 0.36607142857142855 0.035532994923857864 0.013571428571428571
3 1.2918781725888324 0.4139285714285714 0.012690355329949238 0.016428571428571428
3 1.274746192893401 0.4085714285714286 0.013959390862944161 0.015714285714285715
3 1.2544416243654821 0.40964285714285714 0.019035532994923856 0.019285714285714285
3 1.2373096446700507 0.4067857142857143 0.012690355329949238 0.02214285714285714
3 1.5501269035532994 0.34964285714285714 0.03426395939086294 0.012142857142857143
4 1.545685279187817 0.35642857142857143 0.04314720812182741 0.011428571428571429
4 1.4625634517766497 0.12714285714285714 0.013959390862944161 0.015714285714285715
3 1.3800761421319796 0.11821428571428572 0.019035532994923856 0.016428571428571428
3 1.3965736040609136 0.11785714285714285 0.016497461928934008 0.015714285714285715
4 1.3781725888324872 0.15035714285714286 0.012690355329949238 0.013571428571428571
4 1.3743654822335025 0.1667857142857143 0.017766497461928932 0.017857142857142856
3 1.3940355329949237 0.15035714285714286 0.013959390862944161 0.015
3 1.4105329949238579 0.15357142857142858 0.011421319796954314 0.014285714285714285
3 1.5856598984771573 0.06464285714285714 0.03680203045685279 0.007857142857142858
3 1.581218274111675 0.08785714285714286 0.04060913705583756 0.01
3 1.5831218274111674 0.07964285714285714 0.03680203045685279 0.010714285714285714
3 1.5805837563451774 0.07285714285714286 0.04187817258883248 0.012857142857142857
