4 1.7156771799628943 0.2283402922755741 0.05658627087198516 0.04123173277661795
3 1.6859925788497216 0.19076200417536532 0.05473098330241188 0.03183716075156576
3 0.8371985157699443 0.24243215031315238 0.07884972170686456 0.02453027139874739
3 0.8520408163265306 0.16936325678496866 0.06771799628942486 0.019311064718162838
3 0.8585343228200372 0.09994780793319415 0.06215213358070501 0.01826722338204593
3 0.8562152133580705 0.08533402922755741 0.04452690166975881 0.014091858037578286
3 0.8617810760667903 0.06002087682672233 0.05380333951762523 0.013569937369519832
3 1.0653988868274582 0.04958246346555323 0.06029684601113173 0.015657620041753653
3 1.135899814471243 0.04906054279749478 0.05473098330241188 0.015657620041753653
3 0.8636363636363636 0.03992693110647181 0.059369202226345084 0.015135699373695197
3 0.8687384044526901 0.003914405010438413 0.05287569573283859 0.008872651356993735
3 0.30565862708719854 0.21163883089770352 0.08256029684601113 0.022442588726513567
3 0.41512059369202226 0.09107515657620041 0.0640074211502783 0.019311064718162838
9 0.37569573283859 0.11247390396659707 0.01855287569573284 0.017223382045929016
4 0.4452690166975881 0.050626304801670144 0.059369202226345084 0.01774530271398747
4 0.3228200371057514 0.31236951983298533 0.08348794063079777 0.02453027139874739
3 0.3033395176252319 0.3392484342379958 0.09647495361781076 0.025052192066805843
5 0.09183673469387756 0.34655532359081415 0.09090909090909091 0.058455114822546964
3 0.029684601113172542 0.43188935281837154 0.061224489795918366 0.03079331941544885
3 0.8167903525046383 0.46059498956158657 0.10667903525046382 0.03079331941544885
3 0.7472170686456401 0.521920668058455 0.11224489795918367 0.03549060542797494
3 1.1539888682745825 0.4642484342379958 0.10204081632653061 0.028705636743215027
