3 0.12833969465648853 0.6895565092989986 0.258587786259542 0.09728183118741059
3 0.13358778625954199 0.592274678111588 0.26526717557251905 0.0844062947067239
3 0.9384541984732824 0.7142346208869814 0.291030534351145 0.06223175965665236
3 0.8964694656488549 0.6373390557939914 0.25095419847328243 0.08869814020028613
2 0.9794847328244275 0.57689556509299 0.046755725190839696 0.05507868383404864
4 0.8716603053435115 0.4917739628040057 0.191793893129771 0.0736766809728183
3 0.8139312977099237 0.43597997138769673 0.17557251908396945 0.07224606580829757
3 0.3330152671755725 0.43204577968526464 0.09923664122137404 0.09298998569384835
3 0.23377862595419846 0.42560801144492133 0.13931297709923662 0.09871244635193133
3 0.15791984732824427 0.42131616595135907 0.1364503816793893 0.08869814020028613
3 0.03435114503816794 0.3998569384835479 0.07061068702290076 0.06580829756795423
3 0.1894083969465649 0.2625178826895565 0.10782442748091603 0.030042918454935622
3 0.4518129770992366 0.265379113018598 0.11736641221374046 0.032904148783977114
3 1.1369274809160306 0.20851216022889843 0.08492366412213741 0.027896995708154508
3 1.080152671755725 0.23104434907010013 0.09732824427480916 0.030042918454935622
3 0.7294847328244275 0.22746781115879827 0.10209923664122136 0.034334763948497854
3 0.6722328244274809 0.26180257510729615 0.11354961832061068 0.03719599427753934
2 0.4451335877862595 0.31509298998569385 0.03721374045801527 0.027896995708154508
2 0.26288167938931295 0.31509298998569385 0.04293893129770992 0.022174535050071532
2 0.11211832061068702 0.3111587982832618 0.04293893129770992 0.02575107296137339
2 0.10543893129770993 0.34048640915593703 0.05438931297709924 0.017167381974248927
2 0.0982824427480916 0.3082975679542203 0.04961832061068702 0.020028612303290415
9 0.2123091603053435 0.3133047210300429 0.023854961832061067 0.027181688125894134
2 0.3883587786259542 0.31223175965665234 0.047709923664122134 0.020743919885550785
2 0.39360687022900764 0.2925608011444921 0.03148854961832061 0.01430615164520744
9 0.40219465648854963 0.3437052932761087 0.046755725190839696 0.015021459227467811
9 0.39503816793893126 0.32868383404864093 0.047709923664122134 0.012160228898426323
1 0.4002862595419847 0.3354792560801145 0.016221374045801526 0.020028612303290415
3 0.5806297709923663 0.19992846924177396 0.05820610687022901 0.022174535050071532
3 0.5100190839694656 0.14484978540772533 0.05248091603053435 0.019313304721030045
3 0.48759541984732824 0.13125894134477825 0.030534351145038167 0.027896995708154508
3 0.20896946564885496 0.16416309012875535 0.08206106870229007 0.019313304721030045
4 0.3893129770992366 0.15450643776824036 0.0782442748091603 0.030042918454935622
3 0.5911259541984732 0.14771101573676682 0.04484732824427481 0.020743919885550785
3 0.6149809160305343 0.13125894134477825 0.03530534351145038 0.019313304721030045
3 0.6450381679389313 0.12696709585121602 0.02862595419847328 0.019313304721030045
3 0.7137404580152672 0.15236051502145923 0.05725190839694656 0.020028612303290415
3 0.711354961832061 0.1323319027181688 0.04866412213740458 0.020028612303290415
3 0.7151717557251908 0.11373390557939914 0.04484732824427481 0.01430615164520744
3 0.6884541984732824 0.12732474964234622 0.03721374045801527 0.015736766809728183
3 0.704675572519084 0.12160228898426323 0.03721374045801527 0.01430615164520744
3 0.7977099236641221 0.1255364806866953 0.022900763358778626 0.017882689556509297
3 0.8029580152671756 0.11444921316165951 0.029580152671755722 0.015736766809728183
3 0.7194656488549618 0.11051502145922747 0.047709923664122134 0.016452074391988557
3 0.7137404580152672 0.10264663805436337 0.047709923664122134 0.015021459227467811
3 0.7185114503816794 0.09620886981402003 0.04389312977099236 0.012160228898426323
3 0.7199427480916031 0.09370529327610873 0.04293893129770992 0.015736766809728183
3 0.7175572519083969 0.08726752503576538 0.04198473282442748 0.012875536480686695
3 0.7542938931297709 0.07725321888412018 0.03912213740458015 0.012875536480686695
3 0.7562022900763359 0.06938483547925609 0.03912213740458015 0.011444921316165951
3 0.7557251908396946 0.06509298998569385 0.03435114503816794 0.011444921316165951
3 0.7542938931297709 0.06258941344778254 0.03721374045801527 0.015021459227467811
3 0.7466603053435115 0.0536480686695279 0.029580152671755722 0.011444921316165951
3 0.7423664122137404 0.04148783977110157 0.013358778625954198 0.010014306151645207
3 0.7905534351145038 0.09048640915593706 0.025763358778625952 0.015021459227467811
3 0.8721374045801527 0.1123032904148784 0.02480916030534351 0.01430615164520744
3 0.7962786259541984 0.14377682403433475 0.05820610687022901 0.017167381974248927
5 1.067270992366412 0.18776824034334763 0.09064885496183206 0.033619456366237484
4 1.0443702290076335 0.16416309012875535 0.05248091603053435 0.02646638054363376
4 1.1059160305343512 0.16201716738197425 0.04580152671755725 0.023605150214592273
4 0.9021946564885496 0.1298283261802575 0.04103053435114504 0.0407725321888412
8 1.03912213740458 0.09012875536480687 0.07061068702290076 0.035765379113018594
8 0.8940839694656488 0.04113018597997139 0.03435114503816794 0.01072961373390558
9 1.0243320610687023 0.1402002861230329 0.01049618320610687 0.011444921316165951
1 1.0252862595419847 0.1348354792560801 0.01049618320610687 0.007868383404864092
