4 1.6846011131725418 0.31263048016701456 0.06307977736549165 0.037578288100208766
4 1.4647495361781075 0.2552192066805845 0.07792207792207792 0.03549060542797494
3 1.3840445269016697 0.21216075156576197 0.07606679035250465 0.03392484342379958
3 1.3492578849721708 0.18084551148225467 0.06771799628942486 0.03079331941544885
3 1.3789424860853432 0.1724947807933194 0.06771799628942486 0.03183716075156576
3 0.8325602968460112 0.43763048016701456 0.04730983302411874 0.04436325678496868
3 0.5496289424860854 0.4853862212943632 0.06215213358070501 0.058455114822546964
3 0.2810760667903525 0.4097077244258872 0.0575139146567718 0.05532359081419624
3 0.3172541743970315 0.5305323590814196 0.0705009276437848 0.062108559498956155
3 0.24953617810760667 0.5354906054279749 0.07606679035250465 0.052192066805845504
3 0.41929499072356213 0.2492171189979123 0.04823747680890538 0.03705636743215031
3 0.3167903525046382 0.20981210855949894 0.0640074211502783 0.029227557411273482
3 0.3784786641929499 0.10751565762004174 0.07235621521335807 0.022964509394572022
3 0.49165120593692024 0.09629436325678496 0.03896103896103896 0.023486430062630476
3 0.462430426716141 0.052453027139874736 0.039888682745825604 0.02661795407098121
3 1.3474025974025974 0.3230688935281837 0.06586270871985157 0.022964509394572022
3 1.2810760667903525 0.20433194154488515 0.03339517625231911 0.025574112734864297
3 1.4383116883116884 0.43006263048016696 0.07884972170686456 0.037578288100208766
