1 0.6003333333333333 0.6105 0.018 0.014
3 0.5883333333333333 0.5427500000000001 0.10866666666666666 0.043500000000000004
3 0.6033333333333333 0.4945 0.09999999999999999 0.037
1 0.5526666666666666 0.43575 0.014666666666666666 0.0175
1 0.6103333333333333 0.37525000000000003 0.012666666666666666 0.0205
9 0.6106666666666667 0.38175000000000003 0.013333333333333332 0.0165
2 0.579 0.36775 0.016666666666666666 0.0195
1 0.611 0.36325 0.011333333333333332 0.0135
2 0.6116666666666667 0.36675 0.014 0.0155
1 0.629 0.36675 0.007333333333333333 0.0115
9 0.635 0.37575000000000003 0.015333333333333332 0.0155
2 0.631 0.384 0.016666666666666666 0.016
6 0.5716666666666667 0.38275000000000003 0.022 0.021500000000000002
6 0.618 0.327 0.024 0.011
1 0.6073333333333333 0.3175 0.013333333333333332 0.013000000000000001
1 0.5693333333333334 0.303 0.005333333333333333 0.008
1 0.6013333333333333 0.30025 0.012 0.0115
1 0.6123333333333333 0.30225 0.01 0.0135
1 0.62 0.30825 0.008 0.0155
1 0.5453333333333333 0.27025 0.004 0.006500000000000001
1 0.5476666666666666 0.2615 0.004666666666666666 0.007
1 0.5723333333333334 0.234 0.007333333333333333 0.009000000000000001
3 0.6326666666666666 0.21075 0.021333333333333333 0.0195
3 0.5993333333333333 0.201 0.029333333333333333 0.014
4 0.5526666666666666 0.17475000000000002 0.029333333333333333 0.0135
4 0.5853333333333333 0.16325 0.028 0.0115
4 0.5619999999999999 0.1535 0.016 0.014
3 0.5576666666666666 0.14925 0.02333333333333333 0.0115
4 0.5376666666666666 0.14575 0.019333333333333334 0.0135
3 0.5196666666666666 0.13925 0.018 0.0115
4 0.508 0.13125 0.02 0.0135
4 0.48433333333333334 0.133 0.019333333333333334 0.013000000000000001
3 0.488 0.12425 0.02 0.0105
3 0.48466666666666663 0.1475 0.02 0.011
3 0.4683333333333333 0.13925 0.022 0.0105
1 0.751 0.54975 0.018 0.025500000000000002
9 0.7513333333333333 0.55325 0.018666666666666665 0.0325
1 0.853 0.53425 0.020666666666666667 0.0185
1 0.7949999999999999 0.4655 0.014 0.021
1 0.8116666666666666 0.4585 0.011333333333333332 0.019
1 0.7136666666666667 0.40775 0.014 0.0145
1 0.701 0.39675 0.011333333333333332 0.0165
1 0.697 0.39225 0.012666666666666666 0.0135
1 0.6856666666666666 0.38225000000000003 0.012666666666666666 0.0165
9 0.5546666666666666 0.22525 0.008 0.0115
3 0.6566666666666666 0.222 0.032 0.019
3 0.6903333333333334 0.21925 0.035333333333333335 0.0195
1 0.7066666666666667 0.2105 0.005333333333333333 0.008
1 0.7186666666666667 0.2115 0.006666666666666666 0.008
4 0.051666666666666666 0.2195 0.056666666666666664 0.02
5 0.11266666666666666 0.20675000000000002 0.08266666666666667 0.0315
4 0.518 0.20075 0.029333333333333333 0.0195
1 0.7316666666666667 0.20775000000000002 0.004666666666666666 0.006500000000000001
1 0.7543333333333333 0.21275 0.007333333333333333 0.0135
9 0.7543333333333333 0.2145 0.014 0.009000000000000001
1 0.7543333333333333 0.2085 0.004666666666666666 0.011
2 0.7513333333333333 0.212 0.013333333333333332 0.008
5 0.7949999999999999 0.202 0.04066666666666666 0.019
2 0.7836666666666666 0.4255 0.018 0.022
9 0.9803333333333333 0.5660000000000001 0.035333333333333335 0.03
3 1.28 0.444 0.10533333333333333 0.048
3 1.15 0.3905 0.08933333333333333 0.039
4 1.062 0.35050000000000003 0.07466666666666666 0.036000000000000004
3 0.9843333333333333 0.3255 0.07266666666666667 0.032
4 0.9169999999999999 0.29525 0.049999999999999996 0.0335
4 0.8673333333333333 0.2755 0.056 0.033
3 0.8263333333333333 0.28250000000000003 0.05266666666666667 0.024
6 0.8223333333333334 0.255 0.02733333333333333 0.02
1 0.8166666666666667 0.23475000000000001 0.008 0.0085
3 0.8206666666666667 0.21325 0.04133333333333333 0.0165
2 0.7663333333333333 0.20550000000000002 0.012666666666666666 0.008
5 0.9203333333333333 0.21475 0.06066666666666667 0.0285
1 0.9643333333333333 0.1915 0.004666666666666666 0.012
9 0.9623333333333333 0.19375 0.014 0.0085
1 0.9856666666666666 0.20075 0.004666666666666666 0.0115
9 0.983 0.20275 0.016666666666666666 0.0085
3 0.9756666666666667 0.16275 0.04066666666666666 0.0145
3 0.9923333333333333 0.14025 0.033999999999999996 0.0115
1 1.0896666666666666 0.63675 0.024666666666666667 0.0235
1 1.0923333333333334 0.6385000000000001 0.016666666666666666 0.006
1 1.099 0.65825 0.022 0.0165
1 1.2296666666666667 0.7262500000000001 0.03266666666666666 0.0275
