9 0.07238095238095238 0.16178571428571428 0.022857142857142857 0.009285714285714286
9 0.20333333333333334 0.08107142857142857 0.01619047619047619 0.009285714285714286
9 0.4585714285714286 0.15892857142857142 0.01619047619047619 0.012142857142857143
9 0.38285714285714284 0.16964285714285715 0.022857142857142857 0.009285714285714286
9 0.9952380952380953 0.32535714285714284 0.024761904761904763 0.009285714285714286
1 0.07142857142857142 0.15892857142857142 0.009523809523809525 0.009285714285714286
1 0.20285714285714285 0.07857142857142857 0.009523809523809525 0.007142857142857143
3 0.17666666666666667 0.21892857142857142 0.054285714285714284 0.023571428571428573
1 0.3823809523809524 0.1667857142857143 0.010476190476190476 0.013571428571428571
1 0.4585714285714286 0.15642857142857142 0.006666666666666666 0.011428571428571429
1 0.4623809523809524 0.15678571428571428 0.006666666666666666 0.010714285714285714
3 0.47333333333333333 0.43714285714285717 0.09714285714285714 0.041428571428571426
3 0.47904761904761906 0.40535714285714286 0.09714285714285714 0.027857142857142858
4 0.4876190476190476 0.12678571428571428 0.0419047619047619 0.015
4 0.4614285714285714 0.015714285714285715 0.023809523809523808 0.02142857142857143
4 0.48142857142857143 0.06928571428571428 0.01619047619047619 0.018571428571428572
4 0.37333333333333335 0.02142857142857143 0.022857142857142857 0.02
3 0.3261904761904762 0.03428571428571429 0.02 0.011428571428571429
4 0.6019047619047619 0.048214285714285716 0.015238095238095238 0.010714285714285714
3 0.58 0.10535714285714286 0.024761904761904763 0.013571428571428571
9 0.49523809523809526 0.15285714285714286 0.017142857142857144 0.01
1 0.4980952380952381 0.1492857142857143 0.007619047619047619 0.01
3 0.7761904761904762 0.49714285714285716 0.10285714285714286 0.037142857142857144
3 0.69 0.22857142857142856 0.05619047619047619 0.015714285714285715
3 0.8304761904761905 0.4142857142857143 0.08761904761904762 0.03428571428571429
3 0.9628571428571429 0.4325 0.09714285714285714 0.03357142857142857
3 0.9495238095238095 0.40535714285714286 0.09523809523809523 0.027857142857142858
3 0.7542857142857143 0.37 0.08761904761904762 0.027142857142857142
3 0.7504761904761905 0.3489285714285714 0.08 0.02214285714285714
3 0.741904761904762 0.3296428571428571 0.08 0.023571428571428573
3 0.73 0.31357142857142856 0.06952380952380953 0.024285714285714285
3 0.7214285714285714 0.29714285714285715 0.07523809523809524 0.024285714285714285
3 0.8271428571428572 0.275 0.07142857142857142 0.02142857142857143
3 0.849047619047619 0.29214285714285715 0.06761904761904762 0.02142857142857143
3 0.8814285714285715 0.32357142857142857 0.07333333333333333 0.025714285714285714
3 0.9142857142857143 0.3628571428571429 0.08571428571428572 0.02857142857142857
9 0.9876190476190476 0.31214285714285717 0.030476190476190476 0.012857142857142857
9 0.9719047619047619 0.2982142857142857 0.02761904761904762 0.015
4 0.8552380952380952 0.18892857142857142 0.02857142857142857 0.025
3 0.7657142857142857 0.18857142857142858 0.05714285714285714 0.017142857142857144
3 0.7933333333333333 0.22392857142857142 0.045714285714285714 0.019285714285714285
3 0.790952380952381 0.2125 0.058095238095238096 0.015
3 0.7804761904761904 0.20464285714285715 0.05238095238095238 0.015
3 0.6842857142857143 0.21571428571428572 0.06190476190476191 0.017142857142857144
3 0.6833333333333333 0.2067857142857143 0.054285714285714284 0.015
3 0.6771428571428572 0.19964285714285715 0.05523809523809524 0.015
3 0.6704761904761904 0.19035714285714286 0.047619047619047616 0.017857142857142856
