4 1.4615027829313545 0.293580375782881 0.0640074211502783 0.020354906054279746
3 1.4619666048237476 0.3431628392484342 0.055658627087198514 0.028705636743215027
3 1.1873840445269017 0.36090814196242166 0.0705009276437848 0.03496868475991649
3 1.015769944341373 0.29227557411273486 0.059369202226345084 0.028183716075156573
3 0.9373840445269017 0.2620041753653444 0.0640074211502783 0.025052192066805843
3 0.7996289424860854 0.21398747390396658 0.061224489795918366 0.024008350730688934
3 0.6623376623376623 0.15709812108559498 0.055658627087198514 0.020876826722338204
4 0.6461038961038961 0.15031315240083507 0.05473098330241188 0.020876826722338204
3 1.1985157699443414 0.48669102296450933 0.07606679035250465 0.04123173277661795
3 1.059369202226345 0.4149269311064718 0.07421150278293136 0.03653444676409186
3 1.025974025974026 0.3977035490605428 0.07606679035250465 0.03444676409185803
3 0.975417439703154 0.3791753653444676 0.075139146567718 0.03183716075156576
5 0.9406307977736549 0.3650835073068893 0.09461966604823747 0.0464509394572025
3 0.9063079777365491 0.3478601252609603 0.07421150278293136 0.032881002087682666
5 0.8729128014842301 0.33141962421711896 0.09090909090909091 0.04070981210855949
3 0.8464749536178108 0.3199373695198329 0.07142857142857142 0.03444676409185803
5 0.8042671614100185 0.29201461377870563 0.1038961038961039 0.04018789144050104
3 0.6150278293135436 0.2124217118997912 0.06679035250463822 0.020876826722338204
5 0.5640074211502784 0.18058455114822544 0.08534322820037106 0.026096033402922752
3 0.525974025974026 0.17301670146137785 0.05194805194805195 0.01826722338204593
3 0.5445269016697588 0.07332985386221294 0.05009276437847866 0.014091858037578286
3 0.5909090909090909 0.06524008350730688 0.0463821892393321 0.013569937369519832
3 0.01948051948051948 0.5146137787056367 0.04081632653061225 0.04906054279749478
