1 0.48333333333333334 0.5396428571428571 0.029523809523809525 0.03214285714285714
1 0.5019047619047619 0.5321428571428571 0.024761904761904763 0.025714285714285714
1 0.5147619047619048 0.5246428571428572 0.03142857142857143 0.02642857142857143
1 0.5214285714285715 0.5114285714285715 0.025714285714285714 0.032857142857142856
1 0.5380952380952381 0.5017857142857143 0.02857142857142857 0.02642857142857143
1 0.6442857142857142 0.4010714285714286 0.02 0.027857142857142858
1 0.6371428571428571 0.40785714285714286 0.02095238095238095 0.027142857142857142
1 0.6076190476190476 0.1467857142857143 0.017142857142857144 0.015
1 0.6161904761904762 0.14535714285714285 0.011428571428571429 0.017857142857142856
1 0.6242857142857143 0.14392857142857143 0.01619047619047619 0.012142857142857143
1 0.7452380952380953 0.21785714285714286 0.01619047619047619 0.017142857142857144
1 0.7642857142857142 0.21964285714285714 0.012380952380952381 0.015
1 0.7776190476190477 0.2275 0.012380952380952381 0.017857142857142856
1 0.7757142857142857 0.21464285714285714 0.01619047619047619 0.015
1 0.7795238095238095 0.19857142857142857 0.012380952380952381 0.012857142857142857
1 0.8085714285714286 0.19892857142857143 0.009523809523809525 0.017857142857142856
1 0.8004761904761905 0.21321428571428572 0.014285714285714285 0.019285714285714285
1 0.7157142857142857 0.16392857142857142 0.014285714285714285 0.016428571428571428
1 0.7352380952380952 0.15964285714285714 0.011428571428571429 0.016428571428571428
1 0.7452380952380953 0.15464285714285714 0.012380952380952381 0.016428571428571428
1 0.7576190476190476 0.15321428571428572 0.01619047619047619 0.012142857142857143
1 0.76 0.14464285714285716 0.015238095238095238 0.017857142857142856
