3 0.41929499072356213 0.4405010438413361 0.04452690166975881 0.03444676409185803
3 0.474025974025974 0.4295407098121085 0.05194805194805195 0.03653444676409186
3 0.525974025974026 0.4230167014613778 0.05009276437847866 0.03183716075156576
3 0.5760667903525046 0.41153444676409184 0.05380333951762523 0.03496868475991649
3 0.7685528756957328 0.38152400835073064 0.06029684601113173 0.028183716075156573
3 0.8084415584415584 0.3757828810020876 0.06029684601113173 0.028183716075156573
3 0.9526901669758813 0.34994780793319413 0.0575139146567718 0.028705636743215027
3 1.0932282003710576 0.328027139874739 0.05473098330241188 0.020354906054279746
4 1.1544526901669758 0.3175887265135699 0.05102040816326531 0.02139874739039666
3 1.2574211502782933 0.29749478079331937 0.043599257884972174 0.018789144050104383
3 1.3010204081632653 0.29201461377870563 0.06029684601113173 0.020354906054279746
3 1.3172541743970316 0.28392484342379953 0.0575139146567718 0.01774530271398747
3 1.346938775510204 0.2797494780793319 0.05009276437847866 0.016701461377870562
3 1.6966604823747682 0.17092901878914404 0.03896103896103896 0.013048016701461376
3 1.7161410018552876 0.16936325678496866 0.0352504638218924 0.009916492693110646
3 1.7277365491651206 0.16623173277661793 0.03432282003710575 0.009916492693110646
3 1.7360853432282004 0.1631002087682672 0.03803339517625232 0.009916492693110646
3 1.7551020408163265 0.1610125260960334 0.027829313543599257 0.009916492693110646
3 1.762987012987013 0.1573590814196242 0.02504638218923933 0.009916492693110646
3 0.15769944341372913 0.15005219206680584 0.022263450834879406 0.009916492693110646
3 0.16651205936920224 0.15474947807933193 0.0176252319109462 0.007828810020876827
3 0.17207792207792208 0.16049060542797494 0.01948051948051948 0.010960334029227557
3 0.16883116883116883 0.1779749478079332 0.025974025974025976 0.011482254697286011
3 0.07096474953617811 0.2272964509394572 0.045454545454545456 0.010960334029227557
3 0.0686456400742115 0.223643006263048 0.03710575139146568 0.010960334029227557
3 0.13775510204081634 0.3525574112734864 0.030612244897959183 0.022442588726513567
