3 0.22077922077922077 0.43580375782881 0.10946196660482375 0.09498956158663882
4 0.3432282003710575 0.2823590814196242 0.10575139146567718 0.07620041753653443
6 0.4044526901669759 0.2103340292275574 0.07606679035250465 0.05949895615866388
3 0.450834879406308 0.13413361169102295 0.10204081632653061 0.08455114822546972
3 0.5435992578849722 0.023747390396659705 0.0686456400742115 0.04853862212943632
3 0.7300556586270872 0.13413361169102295 0.07792207792207792 0.07620041753653443
3 0.901669758812616 0.04801670146137787 0.07606679035250465 0.07933194154488517
6 0.9424860853432282 0.18110647181628392 0.10946196660482375 0.024008350730688934
4 0.935064935064935 0.3251565762004175 0.1280148423005566 0.044885177453027135
6 1.094155844155844 0.03496868475991649 0.08441558441558442 0.024008350730688934
9 0.9833024118738405 0.11247390396659707 0.05009276437847866 0.016179540709812108
9 1.0700371057513915 0.07176409185803757 0.049165120593692026 0.016179540709812108
9 1.067717996289425 0.1933716075156576 0.05009276437847866 0.013048016701461376
4 0.8079777365491652 0.21007306889352817 0.06679035250463822 0.06315240083507306
1 0.7639146567717996 0.28757828810020875 0.026901669758812616 0.015657620041753653
2 0.7736549165120594 0.29436325678496866 0.05380333951762523 0.019832985386221292
9 1.187847866419295 0.19206680584551147 0.02319109461966605 0.018789144050104383
1 1.1938775510204083 0.17980167014613777 0.022263450834879406 0.019311064718162838
6 1.067717996289425 0.2552192066805845 0.12987012987012989 0.030271398747390394
6 1.0658627087198516 0.22755741127348642 0.11317254174397032 0.028183716075156573
9 1.075139146567718 0.20902922755741124 0.04823747680890538 0.013048016701461376
9 0.9684601113172542 0.2567849686847599 0.05009276437847866 0.012526096033402922
9 0.9540816326530612 0.35855949895615863 0.05844155844155844 0.019832985386221292
9 1.0213358070500929 0.5062630480167014 0.06493506493506494 0.015657620041753653
2 0.9313543599257885 0.5274008350730688 0.0686456400742115 0.028705636743215027
6 1.0398886827458256 0.41753653444676403 0.07792207792207792 0.03444676409185803
3 0.800556586270872 0.5511482254697285 0.17068645640074212 0.020876826722338204
2 1.3520408163265307 0.19415448851774528 0.0176252319109462 0.028183716075156573
