9 0.9833333333333333 0.14 0.023809523809523808 0.008571428571428572
9 0.9738095238095238 0.12821428571428573 0.02 0.009285714285714286
9 1.0376190476190477 0.13428571428571429 0.018095238095238095 0.01
9 1.03 0.125 0.025714285714285714 0.008571428571428572
9 1.0395238095238095 0.14607142857142857 0.008571428571428572 0.017857142857142856
9 1.0195238095238095 0.1457142857142857 0.021904761904761906 0.008571428571428572
9 1.0085714285714287 0.15857142857142856 0.015238095238095238 0.014285714285714285
9 1.0142857142857142 0.17714285714285713 0.015238095238095238 0.01
9 1.0142857142857142 0.18285714285714286 0.015238095238095238 0.008571428571428572
9 1.016190476190476 0.18892857142857142 0.017142857142857144 0.007857142857142858
9 1.0214285714285714 0.19285714285714287 0.006666666666666666 0.011428571428571429
9 1.0285714285714285 0.18785714285714286 0.017142857142857144 0.005714285714285714
9 1.0104761904761905 0.16892857142857143 0.013333333333333332 0.0064285714285714285
9 1.1176190476190475 0.19535714285714287 0.008571428571428572 0.023571428571428573
9 0.9361904761904762 0.15428571428571428 0.02095238095238095 0.015714285714285715
1 0.5076190476190476 0.5060714285714286 0.017142857142857144 0.015
1 0.8642857142857143 0.7153571428571428 0.014285714285714285 0.017857142857142856
1 0.830952380952381 0.7385714285714285 0.012380952380952381 0.017142857142857144
1 0.8133333333333334 0.7367857142857143 0.015238095238095238 0.013571428571428571
1 0.79 0.7264285714285714 0.02761904761904762 0.014285714285714285
