3 0.06095238095238095 0.2125 0.08571428571428572 0.039285714285714285
3 0.12380952380952381 0.24428571428571427 0.08761904761904762 0.041428571428571426
3 0.19857142857142857 0.2825 0.1 0.052142857142857144
3 0.3038095238095238 0.2889285714285714 0.08 0.05785714285714286
3 0.550952380952381 0.30142857142857143 0.14952380952380953 0.05285714285714286
3 0.7076190476190476 0.27071428571428574 0.12571428571428572 0.04857142857142857
3 0.5738095238095238 0.375 0.19142857142857142 0.06571428571428571
3 0.5671428571428572 0.4210714285714286 0.17809523809523808 0.07357142857142857
3 0.5838095238095238 0.4782142857142857 0.24 0.08642857142857142
3 0.6866666666666666 0.5535714285714286 0.22476190476190477 0.13857142857142857
3 0.830952380952381 0.6196428571428572 0.20476190476190476 0.15214285714285714
3 0.7357142857142858 0.33107142857142857 0.15142857142857144 0.062142857142857146
3 0.8738095238095238 0.2882142857142857 0.12285714285714286 0.047857142857142855
3 0.8442857142857143 0.23607142857142857 0.11904761904761904 0.04357142857142857
3 1.101904761904762 0.17607142857142857 0.08952380952380952 0.03214285714285714
3 1.1023809523809525 0.24321428571428572 0.08476190476190476 0.023571428571428573
