5 0.47866666666666663 0.51275 0.11599999999999999 0.3015
1 0.31066666666666665 0.53725 0.022666666666666665 0.0375
2 0.30933333333333335 0.54975 0.022666666666666665 0.0285
3 1.156 0.5935 0.17466666666666666 0.063
3 1.2353333333333334 0.65025 0.184 0.07050000000000001
3 1.2956666666666665 0.5700000000000001 0.074 0.07100000000000001
4 0.46199999999999997 0.34675 0.04 0.035500000000000004
3 0.45799999999999996 0.2955 0.036 0.027
3 0.5153333333333333 0.2495 0.021333333333333333 0.022
5 0.4553333333333333 0.2115 0.04133333333333333 0.061
5 0.45366666666666666 0.1665 0.028666666666666667 0.038
5 0.5576666666666666 0.23125 0.04733333333333333 0.0425
5 0.6323333333333333 0.25975 0.074 0.0685
4 0.5263333333333333 0.16925 0.018 0.0125
4 0.5163333333333333 0.15575 0.016666666666666666 0.0125
3 0.5033333333333333 0.14275000000000002 0.013333333333333332 0.0075
5 0.49366666666666664 0.1235 0.015333333333333332 0.012
5 0.5203333333333333 0.12225 0.014 0.0135
3 0.44966666666666666 0.1405 0.012666666666666666 0.009000000000000001
4 0.4523333333333333 0.131 0.012666666666666666 0.008
4 0.45666666666666667 0.128 0.010666666666666666 0.009000000000000001
4 0.45166666666666666 0.12525 0.01 0.006500000000000001
5 0.4523333333333333 0.11575 0.015333333333333332 0.0175
4 0.421 0.05575 0.006 0.0025
3 1.0966666666666667 0.316 0.07466666666666666 0.022
3 1.0636666666666665 0.3065 0.07533333333333334 0.021
6 1.236 0.304 0.029333333333333333 0.018000000000000002
9 1.2076666666666667 0.29425 0.018 0.0135
9 1.1776666666666666 0.29125 0.012666666666666666 0.0155
9 1.189 0.29275 0.012666666666666666 0.0135
9 1.1613333333333333 0.2765 0.018666666666666665 0.016
9 1.143 0.27925 0.020666666666666667 0.0165
3 1.0873333333333333 0.25975 0.008 0.0185
3 1.0126666666666666 0.225 0.04533333333333333 0.015
9 1.0116666666666667 0.21125 0.016666666666666666 0.0095
3 0.979 0.20625000000000002 0.046 0.0145
4 0.9016666666666666 0.19425 0.024666666666666667 0.0175
9 0.9289999999999999 0.19675 0.014 0.0115
9 0.9289999999999999 0.1945 0.016666666666666666 0.011
9 0.8686666666666666 0.184 0.005333333333333333 0.009000000000000001
9 0.855 0.17925 0.012666666666666666 0.0075
4 0.8059999999999999 0.16925 0.022666666666666665 0.0125
4 0.7893333333333333 0.1585 0.016 0.013000000000000001
4 0.872 0.22775 0.048 0.0145
4 0.863 0.22 0.051333333333333335 0.016
4 0.848 0.21675 0.04533333333333333 0.0145
4 0.831 0.21425 0.04466666666666667 0.0155
4 0.8213333333333334 0.212 0.04533333333333333 0.016
4 0.8089999999999999 0.19925 0.041999999999999996 0.0165
4 0.7946666666666666 0.19525 0.03733333333333333 0.0135
4 0.7906666666666666 0.19175 0.04133333333333333 0.0145
4 0.7866666666666666 0.18825 0.04133333333333333 0.0125
3 0.7193333333333333 0.16 0.034666666666666665 0.012
4 0.7736666666666666 0.14275000000000002 0.02733333333333333 0.0105
3 0.7463333333333333 0.1375 0.028666666666666667 0.008
6 0.6853333333333333 0.12175 0.009333333333333332 0.006500000000000001
3 0.655 0.1125 0.016666666666666666 0.006
3 0.657 0.11375 0.016666666666666666 0.0045000000000000005
3 0.661 0.1115 0.018 0.006
3 0.64 0.1075 0.010666666666666666 0.006
4 0.6173333333333333 0.09825 0.013333333333333332 0.0055
3 0.609 0.10025 0.018 0.0045000000000000005
3 0.5863333333333333 0.14 0.02333333333333333 0.007
