3 0.6186666666666667 0.7165 0.2573333333333333 0.066
5 0.31266666666666665 0.35325 0.16133333333333333 0.0615
1 0.30266666666666664 0.273 0.017333333333333333 0.018000000000000002
9 0.31766666666666665 0.706 0.07666666666666666 0.06
9 0.30433333333333334 0.59275 0.05533333333333333 0.0505
9 0.446 0.583 0.07466666666666666 0.037
3 0.41233333333333333 0.61325 0.06866666666666667 0.0455
9 0.45766666666666667 0.5015000000000001 0.057999999999999996 0.062
3 0.25366666666666665 0.4585 0.062 0.032
3 0.358 0.45775 0.06533333333333333 0.0345
9 0.24633333333333332 0.52675 0.06999999999999999 0.0345
9 0.2886666666666667 0.5357500000000001 0.06933333333333333 0.035500000000000004
9 0.2773333333333333 0.5255 0.05733333333333333 0.03
9 0.447 0.2585 0.048666666666666664 0.029
9 0.48433333333333334 0.3135 0.043333333333333335 0.024
5 1.0476666666666665 0.6205 0.21533333333333332 0.136
3 0.9623333333333333 0.56875 0.182 0.0975
5 0.8696666666666666 0.503 0.17933333333333332 0.096
4 0.7999999999999999 0.446 0.14533333333333334 0.075
4 0.7323333333333333 0.4165 0.16066666666666665 0.077
3 0.6683333333333333 0.3905 0.14866666666666667 0.065
4 0.651 0.34700000000000003 0.142 0.063
4 0.61 0.32525 0.128 0.0625
3 0.6296666666666666 0.274 0.126 0.053
3 0.604 0.23875000000000002 0.10933333333333332 0.0475
3 0.6736666666666666 0.21575 0.049999999999999996 0.0445
3 1.222 0.51375 0.19599999999999998 0.1135
3 1.0453333333333332 0.41350000000000003 0.09733333333333333 0.092
4 0.9433333333333334 0.3555 0.08 0.084
3 1.2306666666666666 0.36525 0.152 0.0735
3 0.8216666666666667 0.29925 0.10333333333333333 0.0675
3 0.6243333333333333 0.195 0.041999999999999996 0.04
3 0.5786666666666667 0.17500000000000002 0.04 0.038
3 0.579 0.14275000000000002 0.049999999999999996 0.0305
3 0.6623333333333333 0.1405 0.06066666666666667 0.031
3 0.6566666666666666 0.11075 0.05333333333333333 0.025500000000000002
3 0.6033333333333333 0.09225 0.042666666666666665 0.0245
4 0.5246666666666666 0.14775 0.056 0.0405
3 0.481 0.1275 0.05266666666666667 0.029
3 0.46099999999999997 0.1105 0.051333333333333335 0.029
4 0.449 0.09025 0.054 0.0305
3 0.42033333333333334 0.08775000000000001 0.04733333333333333 0.0245
3 0.39699999999999996 0.077 0.035333333333333335 0.022
3 0.421 0.055 0.038 0.021
3 0.36866666666666664 0.06475 0.036 0.0225
3 0.3476666666666667 0.052000000000000005 0.04466666666666667 0.025
3 0.3933333333333333 0.02825 0.032 0.0165
3 0.312 0.034 0.025333333333333333 0.019
4 0.2733333333333333 0.022 0.056 0.024
3 0.249 0.00575 0.028666666666666667 0.0125
3 1.2803333333333333 0.197 0.10066666666666667 0.033
3 1.1793333333333333 0.1715 0.092 0.03
4 1.0813333333333333 0.14125000000000001 0.07466666666666666 0.0325
3 1.0076666666666667 0.1255 0.06733333333333333 0.027
3 0.8263333333333333 0.09725 0.057999999999999996 0.021500000000000002
3 0.7959999999999999 0.07 0.04933333333333333 0.023
3 0.7463333333333333 0.059750000000000004 0.04066666666666666 0.0185
3 0.7006666666666667 0.0495 0.03866666666666667 0.017
3 0.656 0.0345 0.036 0.018000000000000002
4 0.5026666666666666 0.03625 0.058666666666666666 0.0225
3 0.483 0.03425 0.051333333333333335 0.0155
3 0.47966666666666663 0.0305 0.049999999999999996 0.015
3 0.5103333333333333 0.028 0.04066666666666666 0.016
6 0.9069999999999999 0.1985 0.046 0.029
1 0.5766666666666667 0.01525 0.006666666666666666 0.0125
2 0.577 0.01825 0.006 0.0105
2 0.5549999999999999 0.009000000000000001 0.006 0.009000000000000001
