3 0.42195431472081213 0.03321428571428572 0.026649746192893398 0.010714285714285714
4 0.574238578680203 0.03142857142857143 0.05710659898477157 0.017142857142857144
9 0.5418781725888324 0.052142857142857144 0.025380710659898477 0.01
9 0.5450507614213198 0.055 0.029187817258883246 0.011428571428571429
9 0.5507614213197969 0.05785714285714286 0.027918781725888322 0.011428571428571429
9 0.5583756345177665 0.0625 0.032994923857868015 0.010714285714285714
9 0.5609137055837563 0.06392857142857143 0.032994923857868015 0.010714285714285714
9 0.5666243654822335 0.06571428571428571 0.03426395939086294 0.012857142857142857
9 0.5704314720812182 0.06678571428571428 0.03426395939086294 0.012142857142857143
9 0.58248730964467 0.07321428571428572 0.03045685279187817 0.013571428571428571
3 0.5970812182741116 0.07892857142857143 0.026649746192893398 0.013571428571428571
4 0.6104060913705583 0.08821428571428572 0.032994923857868015 0.02214285714285714
4 0.6370558375634517 0.09928571428571428 0.04314720812182741 0.025714285714285714
3 0.6598984771573604 0.1125 0.050761421319796954 0.025
4 0.6954314720812182 0.12714285714285714 0.048223350253807105 0.02857142857142857
4 0.7366751269035532 0.14535714285714285 0.05456852791878172 0.03214285714285714
4 0.773477157360406 0.165 0.05964467005076142 0.032857142857142856
3 0.8121827411167513 0.19 0.06345177664974619 0.03142857142857143
4 0.8604060913705583 0.21035714285714285 0.07106598984771573 0.04357142857142857
4 0.9866751269035532 0.28214285714285714 0.09010152284263959 0.05142857142857143
4 0.9156091370558375 0.24392857142857144 0.09010152284263959 0.04642857142857143
3 1.0672588832487309 0.33 0.10659898477157359 0.05857142857142857
4 1.1598984771573604 0.37714285714285717 0.13197969543147206 0.08142857142857143
9 1.5190355329949237 0.5557142857142857 0.04314720812182741 0.011428571428571429
9 1.4790609137055837 0.5489285714285714 0.06725888324873096 0.025
9 1.447969543147208 0.5442857142857143 0.08375634517766496 0.03428571428571429
9 1.4225888324873095 0.5339285714285714 0.08121827411167512 0.03642857142857143
9 1.409263959390863 0.5153571428571428 0.09010152284263959 0.03785714285714286
9 1.3864213197969542 0.5060714285714286 0.07741116751269035 0.035
9 1.232233502538071 0.4235714285714286 0.07868020304568528 0.02857142857142857
9 1.267766497461929 0.4407142857142857 0.06852791878172589 0.032857142857142856
9 1.274746192893401 0.45107142857142857 0.05456852791878172 0.02642857142857143
9 1.3039340101522843 0.4564285714285714 0.07994923857868019 0.037142857142857144
9 1.3267766497461928 0.4675 0.07994923857868019 0.03785714285714286
9 1.3381979695431472 0.4835714285714286 0.049492385786802026 0.027142857142857142
9 1.3648477157360406 0.49642857142857144 0.05710659898477157 0.024285714285714285
4 1.440989847715736 0.24285714285714285 0.12309644670050761 0.04857142857142857
4 1.5076142131979695 0.2092857142857143 0.11675126903553298 0.041428571428571426
3 1.5996192893401013 0.20285714285714285 0.08756345177664974 0.03142857142857143
4 1.6668781725888324 0.1925 0.07741116751269035 0.027857142857142858
5 1.6256345177664973 0.16714285714285715 0.08121827411167512 0.041428571428571426
4 1.659263959390863 0.16714285714285715 0.08502538071065989 0.03857142857142857
4 1.696700507614213 0.17035714285714285 0.07614213197969542 0.027857142857142858
