3 0.20952380952380953 0.3217857142857143 0.03619047619047619 0.013571428571428571
3 0.2780952380952381 0.30178571428571427 0.0419047619047619 0.013571428571428571
3 0.4261904761904762 0.3196428571428571 0.037142857142857144 0.013571428571428571
3 0.008095238095238095 0.29464285714285715 0.018095238095238095 0.012142857142857143
3 0.007142857142857143 0.3107142857142857 0.01619047619047619 0.012857142857142857
3 0.006666666666666666 0.32535714285714284 0.015238095238095238 0.012142857142857143
3 0.4642857142857143 0.3632142857142857 0.035238095238095235 0.012142857142857143
3 0.46523809523809523 0.3032142857142857 0.035238095238095235 0.012142857142857143
3 0.5314285714285715 0.36428571428571427 0.03619047619047619 0.011428571428571429
3 0.569047619047619 0.3007142857142857 0.040952380952380955 0.015714285714285715
3 0.7395238095238095 0.10392857142857143 0.018095238095238095 0.025
3 0.7633333333333333 0.11035714285714286 0.018095238095238095 0.02642857142857143
3 0.77 0.30607142857142855 0.02761904761904762 0.025
3 0.8 0.3125 0.01904761904761905 0.029285714285714286
3 0.8180952380952381 0.29928571428571427 0.02095238095238095 0.027142857142857142
3 0.8766666666666667 0.2735714285714286 0.018095238095238095 0.025714285714285714
3 0.9047619047619048 0.2717857142857143 0.022857142857142857 0.029285714285714286
3 0.929047619047619 0.26535714285714285 0.02 0.027857142857142858
4 0.949047619047619 0.26035714285714284 0.021904761904761906 0.027857142857142858
3 0.9923809523809524 0.2557142857142857 0.017142857142857144 0.027142857142857142
3 1.0080952380952382 0.24428571428571427 0.02 0.027142857142857142
4 1.0080952380952382 0.19321428571428573 0.02761904761904762 0.02214285714285714
3 0.99 0.16535714285714287 0.021904761904761906 0.027857142857142858
3 0.9738095238095238 0.13285714285714287 0.025714285714285714 0.025714285714285714
5 0.9619047619047619 0.09892857142857144 0.02095238095238095 0.029285714285714286
4 0.9647619047619047 0.005714285714285714 0.022857142857142857 0.012857142857142857
3 1.0933333333333333 0.21857142857142858 0.02857142857142857 0.017142857142857144
3 1.0976190476190477 0.23142857142857143 0.035238095238095235 0.017142857142857144
3 1.081904761904762 0.24857142857142858 0.02857142857142857 0.014285714285714285
3 1.1066666666666667 0.25357142857142856 0.02857142857142857 0.024285714285714285
3 1.1342857142857143 0.2575 0.03238095238095238 0.019285714285714285
5 0.8871428571428571 0.3457142857142857 0.04666666666666667 0.018571428571428572
3 0.9185714285714286 0.3375 0.02 0.027857142857142858
3 0.9376190476190476 0.33214285714285713 0.023809523809523808 0.027142857142857142
3 0.9561904761904761 0.3317857142857143 0.015238095238095238 0.020714285714285713
5 1.0004761904761905 0.3296428571428571 0.04857142857142857 0.020714285714285713
3 0.9895238095238095 0.315 0.03428571428571429 0.015714285714285715
3 1.0571428571428572 0.3775 0.015238095238095238 0.02642857142857143
3 1.141904761904762 0.30214285714285716 0.03238095238095238 0.017142857142857144
3 1.1504761904761904 0.31464285714285717 0.03428571428571429 0.016428571428571428
3 1.1642857142857144 0.3417857142857143 0.037142857142857144 0.016428571428571428
3 1.0609523809523809 0.4092857142857143 0.017142857142857144 0.024285714285714285
5 1.0814285714285714 0.4828571428571429 0.023809523809523808 0.032857142857142856
3 1.0876190476190477 0.5221428571428571 0.017142857142857144 0.02857142857142857
4 1.0938095238095238 0.5578571428571428 0.021904761904761906 0.027142857142857142
3 1.1442857142857144 0.5325 0.037142857142857144 0.016428571428571428
3 1.2090476190476191 0.555 0.035238095238095235 0.018571428571428572
5 1.1142857142857143 0.6475 0.03238095238095238 0.039285714285714285
5 1.1795238095238094 0.645 0.039047619047619046 0.02142857142857143
5 1.1895238095238094 0.6775 0.04 0.016428571428571428
4 1.1914285714285715 0.6939285714285715 0.02857142857142857 0.015
4 1.2014285714285715 0.71 0.037142857142857144 0.018571428571428572
3 1.2038095238095239 0.7271428571428571 0.0380952380952381 0.014285714285714285
3 1.2057142857142857 0.7421428571428571 0.0380952380952381 0.014285714285714285
3 1.0966666666666667 0.1407142857142857 0.035238095238095235 0.018571428571428572
3 1.1028571428571428 0.15964285714285714 0.030476190476190476 0.017857142857142856
3 1.0942857142857143 0.12071428571428572 0.02857142857142857 0.014285714285714285
3 0.8628571428571429 0.3892857142857143 0.01904761904761905 0.03
3 0.8657142857142857 0.42142857142857143 0.015238095238095238 0.024285714285714285
3 0.8280952380952381 0.49964285714285717 0.02 0.029285714285714286
3 0.8038095238095239 0.5103571428571428 0.017142857142857144 0.025
3 0.8385714285714285 0.5378571428571428 0.018095238095238095 0.02857142857142857
4 0.87 0.5428571428571428 0.021904761904761906 0.03428571428571429
4 0.8657142857142857 0.5835714285714285 0.017142857142857144 0.027142857142857142
3 0.8485714285714285 0.5967857142857143 0.017142857142857144 0.02642857142857143
3 0.8633333333333333 0.6885714285714286 0.018095238095238095 0.02857142857142857
9 0.8185714285714286 0.24928571428571428 0.012380952380952381 0.012857142857142857
9 0.8566666666666667 0.265 0.012380952380952381 0.011428571428571429
9 0.8971428571428571 0.2985714285714286 0.017142857142857144 0.005714285714285714
9 0.8323809523809523 0.28 0.011428571428571429 0.012857142857142857
9 0.7757142857142857 0.2092857142857143 0.010476190476190476 0.01
9 0.7785714285714286 0.16607142857142856 0.006666666666666666 0.010714285714285714
9 0.6833333333333333 0.3007142857142857 0.012380952380952381 0.01
9 0.64 0.3 0.011428571428571429 0.011428571428571429
9 0.6185714285714285 0.32785714285714285 0.014285714285714285 0.007142857142857143
9 0.4614285714285714 0.3442857142857143 0.021904761904761906 0.01
9 0.8561904761904762 0.6396428571428572 0.011428571428571429 0.016428571428571428
9 0.8728571428571429 0.6185714285714285 0.008571428571428572 0.012857142857142857
3 1.1323809523809525 0.40214285714285714 0.0419047619047619 0.018571428571428572
