3 0.03380952380952381 0.5596428571428571 0.06952380952380953 0.030714285714285715
3 0.055714285714285716 0.5178571428571429 0.07904761904761905 0.022857142857142857
4 0.9947619047619047 0.7103571428571429 0.09428571428571429 0.047857142857142855
3 0.7957142857142857 0.5525 0.039047619047619046 0.052142857142857144
3 0.9980952380952381 0.5539285714285714 0.04380952380952381 0.04928571428571429
3 0.8509523809523809 0.485 0.06380952380952382 0.02142857142857143
3 0.8542857142857143 0.5064285714285715 0.06476190476190476 0.022857142857142857
5 0.8471428571428572 0.5517857142857143 0.04285714285714286 0.056428571428571425
3 0.7423809523809524 0.335 0.04857142857142857 0.018571428571428572
3 0.7490476190476191 0.3182142857142857 0.05047619047619047 0.016428571428571428
3 0.9028571428571428 0.3989285714285714 0.06285714285714286 0.02214285714285714
3 0.7280952380952381 0.1982142857142857 0.039047619047619046 0.017857142857142856
3 0.8185714285714286 0.19357142857142856 0.029523809523809525 0.014285714285714285
3 0.5647619047619048 0.30178571428571427 0.024761904761904763 0.025
3 0.6685714285714286 0.12 0.017142857142857144 0.017142857142857144
3 0.31 0.125 0.03333333333333333 0.011428571428571429
3 0.39 0.13285714285714287 0.03333333333333333 0.011428571428571429
3 0.39571428571428574 0.12642857142857142 0.035238095238095235 0.01
4 0.4166666666666667 0.11107142857142857 0.029523809523809525 0.012142857142857143
5 0.27 0.15785714285714286 0.039047619047619046 0.012857142857142857
3 0.28285714285714286 0.145 0.03619047619047619 0.012857142857142857
5 0.24714285714285714 0.1875 0.06 0.017857142857142856
5 0.28 0.22428571428571428 0.03619047619047619 0.014285714285714285
4 0.15 0.24821428571428572 0.04285714285714286 0.019285714285714285
3 0.28 0.2517857142857143 0.0380952380952381 0.012142857142857143
6 0.6757142857142857 0.26035714285714284 0.02761904761904762 0.015
9 0.5866666666666667 0.2375 0.009523809523809525 0.012142857142857143
9 0.6147619047619047 0.225 0.008571428571428572 0.012857142857142857
9 0.920952380952381 0.4660714285714286 0.026666666666666665 0.012142857142857143
9 0.9461904761904761 0.46535714285714286 0.02761904761904762 0.012142857142857143
6 0.9223809523809524 0.4471428571428571 0.05047619047619047 0.018571428571428572
9 0.9295238095238095 0.43214285714285716 0.022857142857142857 0.011428571428571429
9 0.9433333333333334 0.42428571428571427 0.021904761904761906 0.012857142857142857
9 0.9661904761904762 0.5032142857142857 0.012380952380952381 0.017857142857142856
9 0.9976190476190476 0.52 0.02761904761904762 0.011428571428571429
9 1.0171428571428571 0.5335714285714286 0.015238095238095238 0.02
9 1.0333333333333334 0.535 0.01904761904761905 0.022857142857142857
1 0.5861904761904762 0.23535714285714285 0.006666666666666666 0.007857142857142858
1 0.6157142857142857 0.22285714285714286 0.006666666666666666 0.007142857142857143
4 0.4114285714285714 0.09607142857142857 0.026666666666666665 0.013571428571428571
9 0.6742857142857143 0.07214285714285715 0.005714285714285714 0.01
9 0.6823809523809524 0.047142857142857146 0.006666666666666666 0.01
9 0.8323809523809523 0.22785714285714287 0.013333333333333332 0.011428571428571429
9 0.8404761904761905 0.22892857142857143 0.010476190476190476 0.010714285714285714
9 0.8304761904761905 0.2807142857142857 0.01904761904761905 0.01
9 0.829047619047619 0.2667857142857143 0.018095238095238095 0.009285714285714286
