3 0.6719047619047619 0.4114285714285714 0.002857142857142857 0.002857142857142857
3 0.6757142857142857 0.41464285714285715 0.002857142857142857 0.002142857142857143
3 0.6757142857142857 0.41285714285714287 0.002857142857142857 0.002857142857142857
3 0.6604761904761904 0.41892857142857143 0.002857142857142857 0.0035714285714285713
3 0.6595238095238095 0.42392857142857143 0.004761904761904762 0.0035714285714285713
3 0.6585714285714286 0.42714285714285716 0.004761904761904762 0.004285714285714286
3 0.6671428571428571 0.4275 0.004761904761904762 0.0035714285714285713
3 0.6723809523809524 0.4332142857142857 0.005714285714285714 0.005
3 0.6738095238095239 0.44 0.006666666666666666 0.004285714285714286
3 0.659047619047619 0.44142857142857145 0.005714285714285714 0.004285714285714286
3 0.679047619047619 0.44821428571428573 0.007619047619047619 0.005
3 0.6619047619047619 0.45285714285714285 0.007619047619047619 0.004285714285714286
3 0.6476190476190476 0.4496428571428571 0.007619047619047619 0.005
3 0.6352380952380953 0.4125 0.0038095238095238095 0.0035714285714285713
3 0.6252380952380953 0.42607142857142855 0.004761904761904762 0.0035714285714285713
5 0.6328571428571429 0.4357142857142857 0.018095238095238095 0.005714285714285714
5 0.6980952380952381 0.4357142857142857 0.01904761904761905 0.007142857142857143
5 0.5838095238095238 0.4421428571428571 0.015238095238095238 0.005714285714285714
3 0.599047619047619 0.45571428571428574 0.017142857142857144 0.005714285714285714
3 0.6190476190476191 0.4425 0.015238095238095238 0.005
3 0.6338095238095238 0.4421428571428571 0.012380952380952381 0.004285714285714286
4 0.6352380952380953 0.43964285714285717 0.013333333333333332 0.005
3 0.5895238095238096 0.43892857142857145 0.015238095238095238 0.005
3 0.5914285714285714 0.43607142857142855 0.015238095238095238 0.005
3 0.5942857142857143 0.43464285714285716 0.015238095238095238 0.005
3 0.5995238095238096 0.42857142857142855 0.012380952380952381 0.004285714285714286
3 0.6028571428571429 0.42607142857142855 0.013333333333333332 0.005
3 0.6352380952380953 0.43392857142857144 0.013333333333333332 0.005
3 0.6361904761904762 0.4317857142857143 0.013333333333333332 0.005
3 0.64 0.43107142857142855 0.013333333333333332 0.005
3 0.6414285714285715 0.4257142857142857 0.014285714285714285 0.004285714285714286
3 0.6433333333333333 0.4210714285714286 0.014285714285714285 0.0035714285714285713
3 0.6442857142857142 0.41892857142857143 0.014285714285714285 0.0035714285714285713
3 0.6423809523809524 0.4203571428571429 0.014285714285714285 0.0035714285714285713
3 0.6966666666666667 0.4307142857142857 0.014285714285714285 0.004285714285714286
3 0.6957142857142857 0.4235714285714286 0.014285714285714285 0.004285714285714286
3 0.6947619047619048 0.4278571428571429 0.014285714285714285 0.004285714285714286
3 0.6947619047619048 0.4207142857142857 0.014285714285714285 0.004285714285714286
3 0.6928571428571428 0.41785714285714287 0.014285714285714285 0.004285714285714286
3 0.6928571428571428 0.4164285714285714 0.014285714285714285 0.004285714285714286
3 0.6919047619047619 0.41714285714285715 0.014285714285714285 0.004285714285714286
3 0.7395238095238095 0.43892857142857145 0.01619047619047619 0.0035714285714285713
3 0.7447619047619047 0.43714285714285717 0.013333333333333332 0.004285714285714286
3 0.7371428571428571 0.43357142857142855 0.011428571428571429 0.004285714285714286
3 0.7361904761904762 0.4303571428571429 0.009523809523809525 0.005
3 0.731904761904762 0.42892857142857144 0.010476190476190476 0.0035714285714285713
3 0.7228571428571429 0.4232142857142857 0.011428571428571429 0.0035714285714285713
3 0.7095238095238096 0.41892857142857143 0.007619047619047619 0.0035714285714285713
3 0.7204761904761905 0.4185714285714286 0.010476190476190476 0.002857142857142857
3 0.719047619047619 0.41678571428571426 0.011428571428571429 0.0035714285714285713
3 0.6971428571428572 0.44392857142857145 0.013333333333333332 0.005
3 0.7 0.43857142857142856 0.013333333333333332 0.004285714285714286
3 0.7361904761904762 0.49464285714285716 0.026666666666666665 0.0064285714285714285
5 0.7509523809523809 0.49392857142857144 0.035238095238095235 0.015
4 0.7519047619047619 0.5014285714285714 0.023809523809523808 0.01
3 0.7528571428571429 0.5107142857142857 0.02761904761904762 0.007142857142857143
5 0.7438095238095238 0.5192857142857142 0.03428571428571429 0.011428571428571429
5 0.7461904761904762 0.5282142857142857 0.035238095238095235 0.012142857142857143
5 0.7485714285714286 0.5339285714285714 0.03428571428571429 0.013571428571428571
4 0.7557142857142857 0.5442857142857143 0.014285714285714285 0.015714285714285715
5 0.7823809523809524 0.5428571428571428 0.03333333333333333 0.02
3 0.7852380952380953 0.5707142857142857 0.023809523809523808 0.025714285714285714
3 0.7547619047619047 0.5725 0.021904761904761906 0.019285714285714285
3 0.7328571428571429 0.5575 0.037142857142857144 0.012142857142857143
3 0.780952380952381 0.5557142857142857 0.03619047619047619 0.011428571428571429
1 0.8642857142857143 0.5589285714285714 0.008571428571428572 0.010714285714285714
2 0.8647619047619047 0.5603571428571429 0.01904761904761905 0.007857142857142858
3 0.8233333333333334 0.5460714285714285 0.02 0.012142857142857143
3 0.8952380952380953 0.5475 0.022857142857142857 0.013571428571428571
3 0.840952380952381 0.5678571428571428 0.024761904761904763 0.017142857142857144
3 0.9295238095238095 0.5467857142857143 0.022857142857142857 0.015
3 0.95 0.5482142857142858 0.021904761904761906 0.016428571428571428
5 0.9114285714285715 0.575 0.03619047619047619 0.024285714285714285
3 0.919047619047619 0.6071428571428571 0.05523809523809524 0.017142857142857144
3 0.8652380952380953 0.5989285714285715 0.05238095238095238 0.015
3 0.8461904761904762 0.6085714285714285 0.054285714285714284 0.015714285714285715
3 0.7866666666666666 0.6014285714285714 0.045714285714285714 0.014285714285714285
3 0.9180952380952381 0.6539285714285714 0.03238095238095238 0.023571428571428573
3 0.8923809523809524 0.7232142857142857 0.08190476190476191 0.027857142857142858
3 0.7495238095238095 0.6846428571428571 0.030476190476190476 0.02642857142857143
4 0.6357142857142857 0.655 0.023809523809523808 0.032857142857142856
3 0.5957142857142858 0.6789285714285714 0.03333333333333333 0.030714285714285715
3 0.6852380952380952 0.5682142857142857 0.01619047619047619 0.015
3 0.6261904761904762 0.6035714285714285 0.021904761904761906 0.024285714285714285
3 0.5966666666666667 0.5978571428571429 0.021904761904761906 0.024285714285714285
3 0.6371428571428571 0.5753571428571429 0.017142857142857144 0.016428571428571428
3 0.6095238095238096 0.5757142857142857 0.017142857142857144 0.017142857142857144
3 0.6323809523809524 0.5542857142857143 0.017142857142857144 0.017142857142857144
3 0.6061904761904762 0.5567857142857143 0.018095238095238095 0.017857142857142856
3 0.6152380952380953 0.5428571428571428 0.015238095238095238 0.012857142857142857
3 0.6442857142857142 0.535 0.014285714285714285 0.015714285714285715
3 0.6819047619047619 0.5264285714285715 0.015238095238095238 0.011428571428571429
3 0.6442857142857142 0.5225 0.014285714285714285 0.010714285714285714
3 0.6242857142857143 0.5232142857142857 0.014285714285714285 0.012142857142857143
3 0.6485714285714286 0.5067857142857143 0.011428571428571429 0.012142857142857143
3 0.6290476190476191 0.4975 0.012380952380952381 0.009285714285714286
3 0.65 0.49142857142857144 0.010476190476190476 0.008571428571428572
3 0.6442857142857142 0.4857142857142857 0.014285714285714285 0.008571428571428572
3 0.5885714285714285 0.5042857142857143 0.02857142857142857 0.007142857142857143
3 0.589047619047619 0.5078571428571429 0.023809523809523808 0.007142857142857143
3 0.5847619047619048 0.5117857142857143 0.02857142857142857 0.007857142857142858
5 0.5219047619047619 0.5 0.0380952380952381 0.015714285714285715
3 0.5171428571428571 0.5075 0.022857142857142857 0.007857142857142858
4 0.5114285714285715 0.5103571428571428 0.024761904761904763 0.009285714285714286
3 0.51 0.5142857142857142 0.023809523809523808 0.008571428571428572
3 0.5 0.5171428571428571 0.030476190476190476 0.008571428571428572
3 0.49714285714285716 0.5260714285714285 0.02857142857142857 0.010714285714285714
4 0.4857142857142857 0.5292857142857142 0.026666666666666665 0.01
3 0.4857142857142857 0.5364285714285715 0.03238095238095238 0.011428571428571429
3 0.5252380952380953 0.5357142857142857 0.029523809523809525 0.012857142857142857
3 0.5576190476190476 0.5221428571428571 0.03333333333333333 0.01
3 0.5742857142857143 0.5303571428571429 0.030476190476190476 0.010714285714285714
3 0.5719047619047619 0.5360714285714285 0.03142857142857143 0.010714285714285714
3 0.559047619047619 0.5403571428571429 0.03619047619047619 0.013571428571428571
3 0.53 0.55 0.039047619047619046 0.012857142857142857
5 0.5252380952380953 0.5585714285714286 0.04666666666666667 0.015714285714285715
3 0.49238095238095236 0.5632142857142857 0.03428571428571429 0.013571428571428571
3 0.4776190476190476 0.5696428571428571 0.035238095238095235 0.013571428571428571
3 0.4576190476190476 0.5735714285714286 0.037142857142857144 0.012857142857142857
3 0.42238095238095236 0.5764285714285714 0.037142857142857144 0.015714285714285715
1 0.2742857142857143 0.595 0.005714285714285714 0.007142857142857143
3 0.3047619047619048 0.5710714285714286 0.030476190476190476 0.015
3 0.2733333333333333 0.5728571428571428 0.03428571428571429 0.017142857142857144
1 0.20238095238095238 0.5953571428571428 0.008571428571428572 0.009285714285714286
9 0.20333333333333334 0.5978571428571429 0.018095238095238095 0.007142857142857143
9 0.2757142857142857 0.5978571428571429 0.018095238095238095 0.008571428571428572
3 0.22 0.5703571428571429 0.03619047619047619 0.015
3 0.19666666666666666 0.5703571428571429 0.037142857142857144 0.015
1 0.03619047619047619 0.5967857142857143 0.007619047619047619 0.009285714285714286
9 0.03666666666666667 0.6 0.018095238095238095 0.008571428571428572
3 0.16333333333333333 0.5725 0.039047619047619046 0.016428571428571428
3 0.13333333333333333 0.5714285714285714 0.04 0.015714285714285715
3 0.10238095238095238 0.5735714285714286 0.040952380952380955 0.015714285714285715
3 0.07857142857142857 0.5728571428571428 0.04285714285714286 0.015714285714285715
5 0.05285714285714286 0.5671428571428572 0.04857142857142857 0.025714285714285714
3 0.024761904761904763 0.5725 0.04 0.013571428571428571
3 0.011904761904761904 0.5707142857142857 0.025714285714285714 0.015714285714285715
3 0.014285714285714285 0.6085714285714285 0.030476190476190476 0.018571428571428572
3 0.14857142857142858 0.6075 0.05714285714285714 0.016428571428571428
3 0.1676190476190476 0.5882142857142857 0.05142857142857143 0.013571428571428571
3 0.21571428571428572 0.6189285714285714 0.054285714285714284 0.016428571428571428
3 0.3547619047619048 0.6235714285714286 0.058095238095238096 0.017142857142857144
3 0.4438095238095238 0.6196428571428572 0.05523809523809524 0.015
3 0.3942857142857143 0.5835714285714285 0.02857142857142857 0.018571428571428572
3 0.44857142857142857 0.59 0.045714285714285714 0.018571428571428572
3 0.5304761904761904 0.6210714285714286 0.0419047619047619 0.019285714285714285
1 0.43333333333333335 0.6375 0.009523809523809525 0.009285714285714286
9 0.4342857142857143 0.6421428571428571 0.022857142857142857 0.01
3 0.5661904761904762 0.6467857142857143 0.037142857142857144 0.023571428571428573
3 0.530952380952381 0.6585714285714286 0.04857142857142857 0.027142857142857142
3 0.2671428571428571 0.6689285714285714 0.04857142857142857 0.030714285714285715
4 0.3319047619047619 0.6689285714285714 0.07333333333333333 0.03357142857142857
8 0.4238095238095238 0.6682142857142858 0.08190476190476191 0.045
3 0.42714285714285716 0.6939285714285715 0.07904761904761905 0.023571428571428573
3 0.4176190476190476 0.7153571428571428 0.07714285714285714 0.023571428571428573
3 0.3433333333333333 0.735 0.08666666666666667 0.027142857142857142
3 0.06761904761904762 0.7296428571428571 0.09904761904761905 0.03642857142857143
3 0.07095238095238095 0.7410714285714286 0.09047619047619047 0.016428571428571428
