3 1.2715736040609136 0.41214285714285714 0.2182741116751269 0.15
3 0.8845177664974618 0.4714285714285714 0.13959390862944163 0.13857142857142857
4 0.7373096446700507 0.4496428571428571 0.15989847715736039 0.17357142857142857
3 0.5945431472081217 0.4367857142857143 0.15609137055837563 0.1492857142857143
5 0.3889593908629441 0.43464285714285716 0.3312182741116751 0.25357142857142856
3 0.2842639593908629 0.4025 0.18527918781725886 0.145
3 0.16243654822335024 0.3896428571428571 0.1751269035532995 0.135
3 0.059010152284263956 0.3632142857142857 0.12055837563451775 0.15071428571428572
3 0.9435279187817258 0.11571428571428571 0.17893401015228425 0.1357142857142857
3 0.47715736040609136 0.05678571428571429 0.2512690355329949 0.08928571428571429
3 0.4098984771573604 0.02214285714285714 0.20558375634517764 0.045714285714285714
