5 0.17764378478664195 0.39065762004175364 0.35714285714285715 0.07254697286012525
5 0.1906307977736549 0.35412317327766174 0.38311688311688313 0.0464509394572025
5 0.41280148423005564 0.18580375782881 0.03339517625231911 0.025052192066805843
3 0.5732838589981447 0.2849686847599165 0.05009276437847866 0.024008350730688934
5 1.3455473098330242 0.39300626304801667 0.5241187384044527 0.18893528183716074
5 1.0459183673469388 0.27322546972860123 0.12708719851576994 0.04853862212943632
5 1.540352504638219 0.3275052192066806 0.12894248608534323 0.055845511482254695
3 0.6762523191094619 0.21007306889352817 0.05009276437847866 0.012004175365344467
3 0.6433209647495362 0.2074634655532359 0.05658627087198516 0.013048016701461376
4 0.650278293135436 0.2009394572025052 0.05194805194805195 0.013569937369519832
