3 0.29568527918781723 0.485 0.09137055837563451 0.03428571428571429
3 0.016497461928934008 0.4875 0.035532994923857864 0.030714285714285715
3 0.01015228426395939 0.19214285714285714 0.02284263959390863 0.018571428571428572
4 0.21002538071065988 0.38857142857142857 0.0748730964467005 0.03857142857142857
4 0.5545685279187816 0.30892857142857144 0.07868020304568528 0.025
3 0.6795685279187816 0.29678571428571426 0.0748730964467005 0.02214285714285714
3 0.8965736040609137 0.2689285714285714 0.06979695431472081 0.02214285714285714
8 0.6643401015228426 0.0375 0.10025380710659898 0.06642857142857143
8 0.7163705583756345 0.037142857142857144 0.09010152284263959 0.06714285714285714
8 0.6326142131979695 0.09464285714285714 0.10025380710659898 0.07071428571428572
8 0.6681472081218274 0.10857142857142857 0.06725888324873096 0.054285714285714284
8 0.7538071065989848 0.1692857142857143 0.09644670050761421 0.045714285714285714
8 0.7709390862944162 0.15142857142857144 0.1383248730964467 0.06285714285714286
8 0.7874365482233502 0.13214285714285715 0.14086294416243653 0.06142857142857143
8 0.7925126903553299 0.11142857142857143 0.13578680203045684 0.06
8 0.8381979695431472 0.10607142857142857 0.07994923857868019 0.03785714285714286
8 0.8280456852791878 0.08142857142857143 0.1383248730964467 0.06142857142857143
8 0.8331218274111675 0.06285714285714286 0.1383248730964467 0.05714285714285714
8 0.8369289340101522 0.04357142857142857 0.13071065989847716 0.055714285714285716
8 0.8705583756345177 0.01892857142857143 0.10659898477157359 0.039285714285714285
8 0.891497461928934 0.012857142857142857 0.10786802030456852 0.027142857142857142
4 1.526015228426396 0.5564285714285714 0.08502538071065989 0.01
3 1.0958121827411167 0.1357142857142857 0.03680203045685279 0.03142857142857143
3 1.1833756345177664 0.20642857142857143 0.04695431472081218 0.03571428571428571
8 1.1782994923857868 0.10214285714285715 0.05456852791878172 0.04857142857142857
