3 0.4023809523809524 0.23607142857142857 0.040952380952380955 0.04214285714285714
3 0.4238095238095238 0.02892857142857143 0.03428571428571429 0.012142857142857143
3 0.5095238095238095 0.028214285714285713 0.03619047619047619 0.009285714285714286
9 0.4080952380952381 0.1957142857142857 0.040952380952380955 0.018571428571428572
3 0.5347619047619048 0.26821428571428574 0.029523809523809525 0.04071428571428572
9 0.5376190476190477 0.32392857142857145 0.018095238095238095 0.03357142857142857
3 0.5119047619047619 0.4492857142857143 0.04285714285714286 0.06
3 0.5019047619047619 0.5307142857142857 0.0419047619047619 0.054285714285714284
3 0.49857142857142855 0.7092857142857143 0.06190476190476191 0.08
5 0.6261904761904762 0.6589285714285714 0.058095238095238096 0.16357142857142856
9 0.5819047619047619 0.4975 0.015238095238095238 0.030714285714285715
3 0.6419047619047619 0.39107142857142857 0.03619047619047619 0.062142857142857146
3 0.5714285714285714 0.3817857142857143 0.03428571428571429 0.05357142857142857
9 0.6033333333333334 0.31535714285714284 0.012380952380952381 0.030714285714285715
3 0.43857142857142856 0.3007142857142857 0.039047619047619046 0.04857142857142857
3 0.5795238095238096 0.024285714285714285 0.029523809523809525 0.011428571428571429
3 0.6238095238095238 0.010714285714285714 0.013333333333333332 0.01
3 0.6 0.004285714285714286 0.013333333333333332 0.01
3 0.6385714285714286 0.06964285714285715 0.01619047619047619 0.013571428571428571
3 0.6142857142857143 0.07142857142857142 0.017142857142857144 0.012857142857142857
3 0.5866666666666667 0.10107142857142858 0.022857142857142857 0.02214285714285714
3 0.6204761904761905 0.09392857142857143 0.018095238095238095 0.012142857142857143
3 0.6161904761904762 0.08321428571428571 0.017142857142857144 0.012142857142857143
3 0.6352380952380953 0.06 0.013333333333333332 0.008571428571428572
9 0.6561904761904762 0.06571428571428571 0.005714285714285714 0.01
1 0.6561904761904762 0.06321428571428571 0.0038095238095238095 0.0035714285714285713
3 0.5442857142857143 0.19035714285714286 0.021904761904761906 0.02214285714285714
3 0.5457142857142857 0.1717857142857143 0.022857142857142857 0.019285714285714285
3 0.5514285714285714 0.12357142857142857 0.01904761904761905 0.015714285714285715
3 0.55 0.1382142857142857 0.023809523809523808 0.019285714285714285
3 0.5476190476190477 0.15285714285714286 0.026666666666666665 0.012857142857142857
3 0.5366666666666666 0.24142857142857144 0.035238095238095235 0.027142857142857142
3 0.539047619047619 0.21571428571428572 0.030476190476190476 0.025714285714285714
9 0.6852380952380952 0.355 0.014285714285714285 0.024285714285714285
1 0.6857142857142857 0.3492857142857143 0.007619047619047619 0.011428571428571429
3 0.7928571428571428 0.5328571428571428 0.058095238095238096 0.08
3 0.741904761904762 0.39464285714285713 0.0380952380952381 0.052142857142857144
9 0.7114285714285714 0.33964285714285714 0.015238095238095238 0.02642857142857143
3 0.709047619047619 0.2671428571428571 0.029523809523809525 0.03
3 0.7214285714285714 0.3003571428571429 0.037142857142857144 0.030714285714285715
3 0.6885714285714286 0.1667857142857143 0.02857142857142857 0.025
3 0.6819047619047619 0.14607142857142857 0.03238095238095238 0.02642857142857143
8 0.8342857142857143 0.6685714285714286 0.10095238095238095 0.16142857142857142
8 0.829047619047619 0.46214285714285713 0.07714285714285714 0.12142857142857143
9 0.8552380952380952 0.4203571428571429 0.01904761904761905 0.03214285714285714
1 0.8557142857142858 0.41285714285714287 0.008571428571428572 0.011428571428571429
5 0.7547619047619047 0.10928571428571429 0.039047619047619046 0.017142857142857144
5 0.7623809523809524 0.11857142857142858 0.040952380952380955 0.015714285714285715
5 0.7738095238095238 0.12928571428571428 0.039047619047619046 0.014285714285714285
3 0.7980952380952381 0.16964285714285715 0.049523809523809526 0.019285714285714285
3 0.7914285714285715 0.15821428571428572 0.05142857142857143 0.019285714285714285
3 0.7814285714285715 0.14642857142857144 0.04857142857142857 0.02142857142857143
3 0.9171428571428571 0.09 0.024761904761904763 0.022857142857142857
3 0.3376190476190476 0.3275 0.08666666666666667 0.030714285714285715
3 0.35333333333333333 0.3053571428571429 0.07809523809523809 0.027857142857142858
3 0.35333333333333333 0.2835714285714286 0.0761904761904762 0.024285714285714285
3 0.3538095238095238 0.26321428571428573 0.06380952380952382 0.025
3 0.3585714285714286 0.24464285714285713 0.054285714285714284 0.025
3 0.29 0.4082142857142857 0.09619047619047619 0.03642857142857143
3 0.2438095238095238 0.5053571428571428 0.06666666666666667 0.07214285714285715
3 0.13142857142857142 0.6960714285714286 0.11428571428571428 0.10642857142857143
3 0.19047619047619047 0.5860714285714286 0.08571428571428572 0.075
3 0.32047619047619047 0.6135714285714285 0.07714285714285714 0.10428571428571429
