3 0.22599999999999998 0.5700000000000001 0.14933333333333332 0.07100000000000001
3 1.182 0.46625 0.108 0.0305
3 1.0466666666666666 0.48775 0.112 0.0375
2 1.1193333333333333 0.51925 0.030666666666666665 0.0205
1 1.1219999999999999 0.51275 0.016 0.025500000000000002
1 1.134 0.5155 0.008 0.021
3 0.8446666666666667 0.5005000000000001 0.06 0.037
3 0.7756666666666666 0.50025 0.062 0.0385
3 0.6933333333333334 0.47775 0.032 0.0315
3 0.62 0.48 0.04666666666666666 0.034
3 0.5566666666666666 0.48975 0.04533333333333333 0.035500000000000004
3 0.5076666666666666 0.47050000000000003 0.06333333333333332 0.03
3 0.4563333333333333 0.4665 0.078 0.03
4 0.4026666666666667 0.46075 0.08 0.0375
3 0.309 0.45075 0.07533333333333334 0.0285
3 0.27066666666666667 0.44575000000000004 0.072 0.025500000000000002
3 0.17433333333333334 0.4335 0.09 0.024
3 0.19 0.41200000000000003 0.07733333333333334 0.019
3 0.191 0.4 0.078 0.016
4 0.19166666666666665 0.38875 0.08333333333333333 0.025500000000000002
3 0.215 0.38075000000000003 0.05533333333333333 0.0145
3 0.23333333333333334 0.36125 0.052 0.0135
3 0.24066666666666667 0.35575 0.03866666666666667 0.0075
3 0.24533333333333332 0.34825 0.044 0.0095
3 0.25066666666666665 0.3395 0.042666666666666665 0.01
3 0.17633333333333331 0.3345 0.020666666666666667 0.013000000000000001
3 0.15166666666666667 0.34475 0.046 0.0105
3 0.13733333333333334 0.35225 0.04933333333333333 0.0105
3 0.11633333333333333 0.363 0.056666666666666664 0.012
3 0.10466666666666666 0.3715 0.06 0.014
3 0.08666666666666667 0.38125000000000003 0.07066666666666667 0.0155
3 0.035666666666666666 0.40725 0.07266666666666667 0.0185
3 0.02033333333333333 0.426 0.041999999999999996 0.021
