3 0.2661904761904762 0.1742857142857143 0.12476190476190477 0.04428571428571428
3 0.38952380952380955 0.4882142857142857 0.06095238095238095 0.09357142857142857
3 0.3719047619047619 0.6153571428571428 0.06571428571428571 0.10357142857142858
3 0.3523809523809524 0.7221428571428572 0.07047619047619047 0.054285714285714284
1 0.22142857142857142 0.7207142857142858 0.023809523809523808 0.017142857142857144
2 0.2257142857142857 0.7167857142857142 0.022857142857142857 0.04214285714285714
1 0.41 0.7389285714285714 0.025714285714285714 0.016428571428571428
2 0.4142857142857143 0.7335714285714285 0.013333333333333332 0.03142857142857143
4 0.3980952380952381 0.3817857142857143 0.05714285714285714 0.07214285714285715
3 0.4195238095238095 0.2789285714285714 0.06380952380952382 0.08785714285714286
4 0.5457142857142857 0.43714285714285717 0.07047619047619047 0.10285714285714286
3 1.26 0.505 0.08571428571428572 0.09571428571428571
3 1.0685714285714285 0.1925 0.05523809523809524 0.07357142857142857
4 1.0861904761904762 0.017857142857142856 0.09428571428571429 0.037142857142857144
3 0.8385714285714285 0.7085714285714285 0.06571428571428571 0.08142857142857143
2 0.2261904761904762 0.37035714285714283 0.04285714285714286 0.02642857142857143
9 0.25761904761904764 0.2671428571428571 0.04857142857142857 0.015714285714285715
9 0.2761904761904762 0.24214285714285713 0.0419047619047619 0.02
2 0.2671428571428571 0.22535714285714287 0.04285714285714286 0.016428571428571428
2 0.24714285714285714 0.295 0.04285714285714286 0.012857142857142857
2 0.19904761904761906 0.27071428571428574 0.03238095238095238 0.03142857142857143
2 0.2257142857142857 0.26285714285714284 0.02857142857142857 0.02142857142857143
9 0.2985714285714286 0.2789285714285714 0.04285714285714286 0.023571428571428573
2 0.25142857142857145 0.3221428571428571 0.04 0.012857142857142857
2 0.21285714285714286 0.13357142857142856 0.021904761904761906 0.03
6 1.100952380952381 0.6596428571428572 0.06476190476190476 0.030714285714285715
5 0.929047619047619 0.5332142857142858 0.06380952380952382 0.11928571428571429
