3 0.7968460111317255 0.3849164926931106 0.07235621521335807 0.019311064718162838
3 0.8140074211502784 0.37108559498956156 0.06771799628942486 0.016701461377870562
3 0.8205009276437848 0.35882045929018785 0.07142857142857142 0.016179540709812108
3 0.7096474953617811 0.3100208768267223 0.0575139146567718 0.016701461377870562
4 0.7731910946196661 0.27766179540709807 0.05102040816326531 0.016701461377870562
3 0.7546382189239332 0.2881002087682672 0.05287569573283859 0.015657620041753653
3 0.8979591836734694 0.30193110647181626 0.04081632653061225 0.014091858037578286
9 0.7346938775510204 0.25574112734864296 0.012987012987012988 0.008350730688935281
1 0.7346938775510204 0.25260960334029225 0.0055658627087198514 0.008350730688935281
6 0.8038033395176253 0.21503131524008348 0.021335807050092765 0.011482254697286011
1 0.812152133580705 0.21189979123173275 0.0027829313543599257 0.005219206680584551
1 0.8056586270871985 0.2113778705636743 0.006493506493506494 0.005219206680584551
5 0.8928571428571429 0.20720250521920666 0.03803339517625232 0.014613778705636741
5 0.7954545454545454 0.1933716075156576 0.06586270871985157 0.02974947807933194
6 0.6929499072356216 0.21477035490605426 0.016697588126159554 0.007828810020876827
9 0.6818181818181819 0.21216075156576197 0.014842300556586271 0.0057411273486430055
9 0.6739332096474954 0.2074634655532359 0.0176252319109462 0.0057411273486430055
9 0.666048237476809 0.20433194154488515 0.014842300556586271 0.006784968684759916
9 0.6358998144712431 0.1951983298538622 0.013914656771799629 0.005219206680584551
3 0.6377551020408163 0.1847599164926931 0.02504638218923933 0.010438413361169102
3 0.6349721706864564 0.15866388308977034 0.026901669758812616 0.011482254697286011
3 0.6535250463821892 0.15709812108559498 0.02504638218923933 0.010438413361169102
3 0.6753246753246753 0.15474947807933193 0.025974025974025976 0.009916492693110646
3 0.6957328385899815 0.15187891440501042 0.025974025974025976 0.010438413361169102
3 0.7166048237476809 0.15031315240083507 0.02319109461966605 0.010438413361169102
3 0.7360853432282004 0.147964509394572 0.02504638218923933 0.009916492693110646
1 0.27087198515769945 0.19754697286012524 0.0055658627087198514 0.006784968684759916
9 0.27087198515769945 0.20041753653444674 0.00927643784786642 0.006263048016701461
3 0.3079777365491651 0.2189457202505219 0.025974025974025976 0.012004175365344467
3 0.3399814471243043 0.20328810020876825 0.045454545454545456 0.012004175365344467
3 0.32606679035250463 0.19702505219206679 0.03803339517625232 0.012004175365344467
3 0.2829313543599258 0.24582463465553234 0.025974025974025976 0.016701461377870562
3 0.3014842300556586 0.2847077244258872 0.0463821892393321 0.015135699373695197
3 0.3339517625231911 0.32567849686847594 0.06679035250463822 0.014613778705636741
3 0.34369202226345086 0.3355949895615866 0.05658627087198516 0.012526096033402922
6 0.4179035250463822 0.3854384133611691 0.03246753246753247 0.016179540709812108
3 0.24628942486085342 0.2207724425887265 0.026901669758812616 0.013569937369519832
4 0.2342300556586271 0.1951983298538622 0.03432282003710575 0.011482254697286011
3 0.2606679035250464 0.10673277661795406 0.0352504638218924 0.006784968684759916
4 0.8028756957328386 0.16753653444676408 0.02319109461966605 0.012526096033402922
3 0.8580705009276438 0.13387265135699372 0.022263450834879406 0.010960334029227557
3 0.87847866419295 0.1354384133611691 0.022263450834879406 0.009916492693110646
5 0.8070500927643784 0.12787056367432148 0.027829313543599257 0.013569937369519832
3 0.7963821892393321 0.14483298538622127 0.01948051948051948 0.009916492693110646
4 0.8140074211502784 0.10699373695198329 0.0176252319109462 0.008350730688935281
3 0.8469387755102041 0.1062108559498956 0.022263450834879406 0.006784968684759916
3 0.8715213358070502 0.09968684759916492 0.01948051948051948 0.0073068893528183704
3 0.851113172541744 0.09159707724425886 0.01948051948051948 0.007828810020876827
3 0.8933209647495362 0.0889874739039666 0.020408163265306124 0.007828810020876827
3 0.9369202226345084 0.09629436325678496 0.020408163265306124 0.006784968684759916
5 0.9735621521335808 0.11586638830897703 0.03246753246753247 0.012526096033402922
5 0.9448051948051949 0.08455114822546972 0.02319109461966605 0.009394572025052192
5 0.9791280148423006 0.08272442588726513 0.02504638218923933 0.009916492693110646
3 0.9921150278293136 0.08324634655532358 0.012059369202226345 0.006784968684759916
4 1.0051020408163265 0.0824634655532359 0.02319109461966605 0.008350730688935281
3 0.9369202226345084 0.10986430062630478 0.027829313543599257 0.007828810020876827
3 1.332560296846011 0.23747390396659707 0.041743970315398886 0.013569937369519832
3 1.3752319109461968 0.23277661795407095 0.03803339517625232 0.011482254697286011
3 1.411873840445269 0.22025052192066805 0.04081632653061225 0.015657620041753653
3 1.4415584415584415 0.20015657620041752 0.03710575139146568 0.013048016701461376
3 1.466604823747681 0.2066805845511482 0.0352504638218924 0.012526096033402922
3 1.4846938775510203 0.21163883089770352 0.030612244897959183 0.012004175365344467
4 1.426252319109462 0.24504175365344466 0.039888682745825604 0.014091858037578286
3 1.4512987012987013 0.2518267223382046 0.03803339517625232 0.012004175365344467
3 1.3738404452690167 0.2092901878914405 0.04081632653061225 0.013569937369519832
5 1.3316326530612246 0.21920668058455112 0.049165120593692026 0.016701461377870562
4 1.3116883116883118 0.2132045929018789 0.0352504638218924 0.013048016701461376
3 1.3566790352504638 0.19754697286012524 0.036178107606679034 0.012004175365344467
6 1.3817254174397031 0.18997912317327764 0.02319109461966605 0.010438413361169102
4 1.429035250463822 0.1714509394572025 0.03432282003710575 0.013048016701461376
3 1.299165120593692 0.18058455114822544 0.03246753246753247 0.010438413361169102
3 1.269016697588126 0.2038100208768267 0.029684601113172542 0.008872651356993735
