3 0.19904761904761906 0.3442857142857143 0.0419047619047619 0.015714285714285715
3 0.10904761904761905 0.5639285714285714 0.05238095238095238 0.023571428571428573
3 0.19476190476190477 0.5528571428571428 0.04476190476190476 0.017142857142857144
3 0.48857142857142855 0.6964285714285714 0.05523809523809524 0.02
3 0.4638095238095238 0.5635714285714286 0.045714285714285714 0.018571428571428572
3 0.589047619047619 0.5407142857142857 0.02 0.032857142857142856
3 0.4576190476190476 0.5453571428571429 0.04666666666666667 0.020714285714285713
3 0.4519047619047619 0.49964285714285717 0.04476190476190476 0.017857142857142856
3 0.44904761904761903 0.47785714285714287 0.05047619047619047 0.018571428571428572
3 0.44095238095238093 0.43464285714285716 0.04 0.029285714285714286
3 0.44476190476190475 0.45357142857142857 0.03619047619047619 0.024285714285714285
3 0.4514285714285714 0.39535714285714285 0.04 0.016428571428571428
3 0.45285714285714285 0.4110714285714286 0.04666666666666667 0.017857142857142856
3 0.5047619047619047 0.3389285714285714 0.01904761904761905 0.027857142857142858
3 0.4595238095238095 0.30464285714285716 0.02 0.027857142857142858
3 0.42904761904761907 0.3807142857142857 0.040952380952380955 0.017142857142857144
4 0.42523809523809525 0.36464285714285716 0.03333333333333333 0.017857142857142856
3 0.4080952380952381 0.18571428571428572 0.037142857142857144 0.014285714285714285
3 0.5828571428571429 0.20535714285714285 0.017142857142857144 0.02214285714285714
3 0.45476190476190476 0.0125 0.014285714285714285 0.017857142857142856
3 0.38095238095238093 0.02107142857142857 0.03238095238095238 0.012142857142857143
8 0.6419047619047619 0.3407142857142857 0.045714285714285714 0.07571428571428572
3 0.6438095238095238 0.64 0.026666666666666665 0.03857142857142857
3 0.5066666666666667 0.7182142857142857 0.05142857142857143 0.029285714285714286
3 0.5071428571428571 0.6671428571428571 0.05047619047619047 0.022857142857142857
3 0.5104761904761905 0.6157142857142857 0.047619047619047616 0.02142857142857143
3 0.48523809523809525 0.6414285714285715 0.05238095238095238 0.022857142857142857
3 0.5028571428571429 0.4967857142857143 0.047619047619047616 0.015
3 0.5009523809523809 0.4367857142857143 0.01904761904761905 0.029285714285714286
3 0.5085714285714286 0.47035714285714286 0.02095238095238095 0.029285714285714286
3 0.48333333333333334 0.46 0.021904761904761906 0.03428571428571429
3 0.5233333333333333 0.4332142857142857 0.02 0.029285714285714286
4 0.5314285714285715 0.46535714285714286 0.024761904761904763 0.03785714285714286
5 0.4957142857142857 0.28035714285714286 0.021904761904761906 0.03357142857142857
4 0.5033333333333333 0.31214285714285717 0.018095238095238095 0.024285714285714285
3 0.4742857142857143 0.29178571428571426 0.01904761904761905 0.023571428571428573
3 0.48095238095238096 0.31607142857142856 0.017142857142857144 0.020714285714285713
3 0.4919047619047619 0.25392857142857145 0.018095238095238095 0.023571428571428573
3 0.46904761904761905 0.25607142857142856 0.018095238095238095 0.025
3 0.6566666666666666 0.26821428571428574 0.02 0.025
3 0.4580952380952381 0.1657142857142857 0.015238095238095238 0.022857142857142857
3 0.4438095238095238 0.11607142857142858 0.015238095238095238 0.02214285714285714
3 0.44333333333333336 0.06678571428571428 0.014285714285714285 0.019285714285714285
3 0.43523809523809526 0.007142857142857143 0.015238095238095238 0.015714285714285715
1 0.5380952380952381 0.38607142857142857 0.005714285714285714 0.007857142857142858
2 0.5385714285714286 0.38785714285714284 0.006666666666666666 0.012857142857142857
4 0.6923809523809524 0.38785714285714284 0.02095238095238095 0.024285714285714285
3 0.6852380952380952 0.36428571428571427 0.01619047619047619 0.02142857142857143
3 0.6628571428571428 0.29178571428571426 0.02095238095238095 0.023571428571428573
3 0.6285714285714286 0.1767857142857143 0.01904761904761905 0.023571428571428573
3 0.6233333333333333 0.15392857142857141 0.01619047619047619 0.020714285714285713
3 0.6166666666666667 0.1325 0.01619047619047619 0.017857142857142856
3 0.6109523809523809 0.10964285714285714 0.01619047619047619 0.020714285714285713
3 0.5976190476190476 0.06892857142857142 0.014285714285714285 0.019285714285714285
4 1.21 0.5378571428571428 0.04666666666666667 0.015714285714285715
3 1.0466666666666666 0.31392857142857145 0.0380952380952381 0.015
3 1.28 0.23357142857142857 0.03619047619047619 0.02
3 1.27 0.17785714285714285 0.037142857142857144 0.012857142857142857
3 1.3176190476190477 0.19678571428571429 0.02761904761904762 0.023571428571428573
4 1.2652380952380953 0.13892857142857143 0.018095238095238095 0.020714285714285713
4 1.3214285714285714 0.13357142857142856 0.01619047619047619 0.02142857142857143
3 1.2295238095238095 0.13535714285714287 0.015238095238095238 0.020714285714285713
3 1.2457142857142858 0.1432142857142857 0.015238095238095238 0.025
4 0.48333333333333334 0.33785714285714286 0.01619047619047619 0.02142857142857143
3 0.8361904761904762 0.6135714285714285 0.047619047619047616 0.02
9 0.7923809523809524 0.6664285714285715 0.013333333333333332 0.018571428571428572
9 0.78 0.6585714285714286 0.011428571428571429 0.02142857142857143
9 0.41333333333333333 0.3275 0.017142857142857144 0.007857142857142858
