3 1.000952380952381 0.5707142857142857 0.10666666666666666 0.07285714285714286
3 0.5838095238095238 0.5853571428571429 0.13142857142857142 0.05928571428571429
3 0.4066666666666667 0.5857142857142857 0.13142857142857142 0.06285714285714286
3 0.24 0.6203571428571428 0.13333333333333333 0.062142857142857146
3 0.4819047619047619 0.5025 0.08 0.065
3 0.4576190476190476 0.3975 0.05047619047619047 0.039285714285714285
3 0.5657142857142857 0.4810714285714286 0.06285714285714286 0.062142857142857146
3 0.6190476190476191 0.4860714285714286 0.049523809523809526 0.05785714285714286
3 0.63 0.5342857142857143 0.10571428571428572 0.055714285714285716
3 0.6738095238095239 0.4739285714285714 0.04476190476190476 0.05357142857142857
3 0.7676190476190476 0.505 0.10285714285714286 0.05142857142857143
3 0.8885714285714286 0.4828571428571429 0.09523809523809523 0.03857142857142857
3 0.8552380952380952 0.4357142857142857 0.049523809523809526 0.05
3 0.7980952380952381 0.3225 0.0761904761904762 0.025
3 0.7780952380952381 0.29714285714285715 0.06285714285714286 0.02142857142857143
3 0.929047619047619 0.42714285714285716 0.04476190476190476 0.04857142857142857
3 1.1033333333333333 0.29035714285714287 0.058095238095238096 0.02642857142857143
3 1.0114285714285713 0.21285714285714286 0.04380952380952381 0.02
3 0.8195238095238095 0.14142857142857143 0.025714285714285714 0.012857142857142857
3 0.520952380952381 0.38857142857142857 0.049523809523809526 0.045714285714285714
3 0.38952380952380955 0.5225 0.09714285714285714 0.07214285714285715
3 0.18285714285714286 0.5539285714285714 0.10666666666666666 0.08357142857142857
3 0.7495238095238095 0.44571428571428573 0.05142857142857143 0.05
3 0.8057142857142857 0.44 0.047619047619047616 0.05285714285714286
3 0.6823809523809524 0.36607142857142855 0.054285714285714284 0.04214285714285714
3 0.72 0.3610714285714286 0.06476190476190476 0.04071428571428572
3 0.7547619047619047 0.34964285714285714 0.06952380952380953 0.03357142857142857
3 0.638095238095238 0.37285714285714283 0.05523809523809524 0.04428571428571428
3 1.0133333333333334 0.41285714285714287 0.05904761904761905 0.03571428571428571
3 1.1085714285714285 0.3603571428571429 0.06285714285714286 0.02642857142857143
3 1.072857142857143 0.3464285714285714 0.05619047619047619 0.027142857142857142
3 1.0514285714285714 0.335 0.06285714285714286 0.024285714285714285
3 1.0252380952380953 0.3192857142857143 0.05619047619047619 0.024285714285714285
3 0.9485714285714286 0.29035714285714287 0.05523809523809524 0.023571428571428573
3 0.9147619047619048 0.2760714285714286 0.05047619047619047 0.019285714285714285
3 0.9014285714285715 0.2639285714285714 0.04666666666666667 0.016428571428571428
3 0.8838095238095238 0.25535714285714284 0.05333333333333333 0.016428571428571428
3 0.87 0.24714285714285714 0.05238095238095238 0.012857142857142857
3 0.840952380952381 0.2367857142857143 0.0419047619047619 0.016428571428571428
3 0.7857142857142857 0.21857142857142858 0.04 0.015714285714285715
3 0.8285714285714286 0.1625 0.03238095238095238 0.013571428571428571
3 0.8690476190476191 0.13642857142857143 0.025714285714285714 0.012857142857142857
3 0.8419047619047619 0.13035714285714287 0.022857142857142857 0.013571428571428571
3 0.8214285714285714 0.12464285714285714 0.023809523809523808 0.012142857142857143
3 0.7357142857142858 0.11071428571428571 0.02 0.008571428571428572
3 0.6752380952380952 0.0975 0.017142857142857144 0.007857142857142858
3 0.7328571428571429 0.09964285714285714 0.018095238095238095 0.007857142857142858
3 0.6109523809523809 0.07142857142857142 0.02 0.007142857142857143
3 0.5638095238095238 0.07178571428571429 0.011428571428571429 0.0064285714285714285
3 0.590952380952381 0.06964285714285715 0.010476190476190476 0.0064285714285714285
3 0.6 0.07357142857142857 0.009523809523809525 0.005714285714285714
3 0.4633333333333333 0.029642857142857144 0.006666666666666666 0.005
4 0.63 0.09285714285714286 0.018095238095238095 0.01
4 0.6604761904761904 0.09142857142857143 0.01619047619047619 0.008571428571428572
3 0.7552380952380953 0.11428571428571428 0.013333333333333332 0.01
3 0.7195238095238096 0.09464285714285714 0.014285714285714285 0.007857142857142858
3 0.7052380952380952 0.09214285714285714 0.01619047619047619 0.008571428571428572
3 0.6880952380952381 0.08857142857142856 0.02 0.007142857142857143
3 0.679047619047619 0.08607142857142858 0.015238095238095238 0.007857142857142858
3 0.6680952380952381 0.08357142857142857 0.018095238095238095 0.008571428571428572
3 0.6623809523809524 0.08214285714285714 0.02 0.007142857142857143
3 0.6276190476190476 0.06857142857142857 0.015238095238095238 0.008571428571428572
5 0.5685714285714286 0.05964285714285714 0.024761904761904763 0.015
3 0.5571428571428572 0.05964285714285714 0.009523809523809525 0.0064285714285714285
3 0.549047619047619 0.056428571428571425 0.008571428571428572 0.005714285714285714
3 0.5347619047619048 0.054285714285714284 0.010476190476190476 0.005714285714285714
3 0.5247619047619048 0.05107142857142857 0.009523809523809525 0.0064285714285714285
3 0.5219047619047619 0.047857142857142855 0.009523809523809525 0.005714285714285714
3 0.5138095238095238 0.04535714285714286 0.008571428571428572 0.005
3 0.5071428571428571 0.04357142857142857 0.010476190476190476 0.005714285714285714
3 0.4928571428571429 0.04 0.008571428571428572 0.005714285714285714
3 0.48238095238095235 0.03571428571428571 0.008571428571428572 0.005714285714285714
3 0.45571428571428574 0.0275 0.006666666666666666 0.005
8 0.43047619047619046 0.020714285714285713 0.013333333333333332 0.01
3 0.7595238095238095 0.20714285714285716 0.03142857142857143 0.015714285714285715
3 0.7157142857142857 0.12428571428571429 0.021904761904761906 0.01
3 0.9342857142857143 0.15535714285714286 0.02857142857142857 0.015
3 0.97 0.30142857142857143 0.06 0.022857142857142857
4 0.8095238095238095 0.22642857142857142 0.045714285714285714 0.025714285714285714
3 0.7447619047619047 0.2857142857142857 0.05714285714285714 0.02
3 0.7423809523809524 0.2710714285714286 0.05047619047619047 0.017857142857142856
3 0.7333333333333333 0.2625 0.05523809523809524 0.017857142857142856
3 1.2180952380952381 0.2357142857142857 0.0419047619047619 0.017142857142857144
3 1.3071428571428572 0.35214285714285715 0.05047619047619047 0.037142857142857144
4 0.5961904761904762 0.3992857142857143 0.0761904761904762 0.03142857142857143
2 0.43476190476190474 0.4107142857142857 0.023809523809523808 0.02
9 0.4080952380952381 0.405 0.014285714285714285 0.02142857142857143
9 0.40095238095238095 0.4132142857142857 0.017142857142857144 0.02214285714285714
4 0.2523809523809524 0.5514285714285714 0.09142857142857143 0.07285714285714286
3 0.06 0.5896428571428571 0.09523809523809523 0.08357142857142857
3 0.029523809523809525 0.4675 0.06095238095238095 0.05071428571428571
9 0.11952380952380952 0.4135714285714286 0.01619047619047619 0.024285714285714285
9 0.10714285714285714 0.4132142857142857 0.01619047619047619 0.023571428571428573
9 0.026666666666666665 0.42142857142857143 0.01904761904761905 0.027142857142857142
9 0.01 0.42142857142857143 0.021904761904761906 0.024285714285714285
9 0.05857142857142857 0.42142857142857143 0.018095238095238095 0.024285714285714285
9 0.07095238095238095 0.4203571428571429 0.014285714285714285 0.02214285714285714
3 0.07666666666666666 0.6910714285714286 0.15523809523809523 0.07214285714285715
