3 0.09238095238095238 0.40035714285714286 0.07809523809523809 0.025
3 0.370952380952381 0.38535714285714284 0.07523809523809524 0.025
3 0.6971428571428572 0.3725 0.06857142857142857 0.035
3 0.8 0.3464285714285714 0.07428571428571429 0.027142857142857142
3 0.9433333333333334 0.3435714285714286 0.07142857142857142 0.025714285714285714
3 1.090952380952381 0.3325 0.06952380952380953 0.025
3 1.2538095238095237 0.36142857142857143 0.06761904761904762 0.022857142857142857
3 0.5676190476190476 0.6557142857142857 0.03238095238095238 0.05
3 0.6257142857142857 0.6017857142857143 0.03428571428571429 0.055
3 0.7157142857142857 0.5664285714285714 0.03142857142857143 0.05285714285714286
5 0.7171428571428572 0.6896428571428571 0.047619047619047616 0.10214285714285715
6 0.6704761904761904 0.6203571428571428 0.02095238095238095 0.03785714285714286
6 0.5623809523809524 0.48857142857142855 0.02 0.027142857142857142
9 0.6819047619047619 0.1732142857142857 0.013333333333333332 0.02214285714285714
9 0.5723809523809524 0.11178571428571428 0.011428571428571429 0.025
9 0.8323809523809523 0.30714285714285716 0.02857142857142857 0.011428571428571429
9 0.8623809523809524 0.39535714285714285 0.03142857142857143 0.009285714285714286
9 0.9233333333333333 0.3846428571428571 0.029523809523809525 0.009285714285714286
9 0.6585714285714286 0.4967857142857143 0.012380952380952381 0.019285714285714285
9 0.6442857142857142 0.4692857142857143 0.014285714285714285 0.02
9 0.5971428571428572 0.46035714285714285 0.013333333333333332 0.023571428571428573
9 0.5804761904761905 0.4739285714285714 0.012380952380952381 0.020714285714285713
9 0.5138095238095238 0.4639285714285714 0.014285714285714285 0.023571428571428573
2 0.5504761904761905 0.21535714285714286 0.013333333333333332 0.020714285714285713
2 0.11714285714285715 0.3225 0.02857142857142857 0.009285714285714286
9 1.1223809523809525 0.355 0.037142857142857144 0.01
9 1.079047619047619 0.3871428571428571 0.03619047619047619 0.008571428571428572
1 0.580952380952381 0.4757142857142857 0.013333333333333332 0.01
1 0.659047619047619 0.49785714285714283 0.009523809523809525 0.011428571428571429
1 0.5980952380952381 0.46285714285714286 0.011428571428571429 0.011428571428571429
1 0.6447619047619048 0.46964285714285714 0.009523809523809525 0.010714285714285714
1 0.56 0.4860714285714286 0.011428571428571429 0.009285714285714286
1 0.8642857142857143 0.395 0.014285714285714285 0.01
1 1.0833333333333333 0.3871428571428571 0.014285714285714285 0.008571428571428572
1 1.1266666666666667 0.3557142857142857 0.013333333333333332 0.007142857142857143
1 0.8342857142857143 0.30714285714285716 0.013333333333333332 0.011428571428571429
1 0.6819047619047619 0.1717857142857143 0.011428571428571429 0.009285714285714286
1 0.9233333333333333 0.3842857142857143 0.008571428571428572 0.007142857142857143
1 0.5723809523809524 0.11071428571428571 0.007619047619047619 0.008571428571428572
9 0.5452380952380952 0.05714285714285714 0.012380952380952381 0.02
