4 0.7982233502538071 0.008571428571428572 0.017766497461928932 0.01
3 0.8991116751269035 0.08964285714285715 0.016497461928934008 0.017857142857142856
3 0.9251269035532994 0.06928571428571428 0.017766497461928932 0.014285714285714285
4 0.9257614213197969 0.0875 0.016497461928934008 0.020714285714285713
3 0.9270304568527918 0.10678571428571429 0.019035532994923856 0.016428571428571428
3 0.9276649746192893 0.12428571428571429 0.017766497461928932 0.018571428571428572
4 0.8946700507614213 0.13142857142857142 0.02284263959390863 0.024285714285714285
3 0.6776649746192893 0.25607142857142856 0.027918781725888322 0.023571428571428573
8 0.8565989847715736 0.20214285714285715 0.035532994923857864 0.05857142857142857
3 0.8908629441624365 0.22607142857142856 0.02284263959390863 0.02642857142857143
3 0.8940355329949238 0.19035714285714286 0.021573604060913704 0.019285714285714285
3 0.9244923857868019 0.19678571428571429 0.026649746192893398 0.020714285714285713
4 0.9289340101522842 0.23392857142857143 0.025380710659898477 0.029285714285714286
3 0.8876903553299492 0.2710714285714286 0.029187817258883246 0.02642857142857143
3 0.7480964467005076 0.30178571428571427 0.029187817258883246 0.025
3 0.7024111675126903 0.32142857142857145 0.029187817258883246 0.024285714285714285
4 0.6491116751269035 0.3460714285714286 0.03934010152284264 0.035
3 0.6776649746192893 0.3914285714285714 0.035532994923857864 0.03428571428571429
3 0.7284263959390862 0.39071428571428574 0.032994923857868015 0.03571428571428571
3 0.6618020304568527 0.4539285714285714 0.03680203045685279 0.03785714285714286
4 0.6465736040609137 0.53 0.03934010152284264 0.04857142857142857
4 0.7043147208121827 0.5232142857142857 0.03807106598984771 0.04642857142857143
4 0.7170050761421319 0.4542857142857143 0.04060913705583756 0.045714285714285714
4 1.655456852791878 0.08678571428571429 0.026649746192893398 0.016428571428571428
