4 0.9076190476190477 0.4082142857142857 0.10476190476190476 0.12642857142857142
3 1.1866666666666668 0.19892857142857143 0.09333333333333334 0.07357142857142857
4 1.1128571428571428 0.08178571428571428 0.10952380952380952 0.09071428571428572
3 1.2466666666666666 0.31 0.11238095238095239 0.1
3 0.6633333333333333 0.7185714285714285 0.09428571428571429 0.054285714285714284
3 0.24904761904761905 0.7189285714285715 0.25047619047619046 0.05357142857142857
3 0.2714285714285714 0.6414285714285715 0.21904761904761905 0.06428571428571428
3 0.28809523809523807 0.5575 0.21619047619047618 0.05785714285714286
3 0.30047619047619045 0.4810714285714286 0.20857142857142857 0.062142857142857146
4 0.32285714285714284 0.4082142857142857 0.16380952380952382 0.05928571428571429
3 0.3319047619047619 0.35035714285714287 0.17238095238095238 0.05785714285714286
3 0.3433333333333333 0.29428571428571426 0.15714285714285714 0.05142857142857143
3 0.3585714285714286 0.24928571428571428 0.16666666666666666 0.04428571428571428
3 0.36 0.2042857142857143 0.15428571428571428 0.041428571428571426
3 0.37523809523809526 0.1632142857142857 0.12571428571428572 0.03642857142857143
3 0.3761904761904762 0.12571428571428572 0.13333333333333333 0.041428571428571426
3 0.3961904761904762 0.060714285714285714 0.13142857142857142 0.04428571428571428
3 0.4 0.026071428571428572 0.12380952380952381 0.04071428571428572
3 0.05238095238095238 0.21 0.10666666666666666 0.05142857142857143
3 0.04523809523809524 0.26964285714285713 0.09238095238095238 0.06642857142857143
3 0.03238095238095238 0.3382142857142857 0.06666666666666667 0.05928571428571429
9 0.18142857142857144 0.07642857142857143 0.037142857142857144 0.037142857142857144
9 0.22 0.02142857142857143 0.049523809523809526 0.027142857142857142
3 1.2733333333333334 0.16178571428571428 0.10476190476190476 0.07785714285714286
