4 0.2876666666666667 0.47800000000000004 0.048666666666666664 0.042
3 0.574 0.6755 0.056 0.078
3 0.8493333333333333 0.61325 0.07466666666666666 0.0625
3 0.7243333333333333 0.491 0.041999999999999996 0.032
3 1.0183333333333333 0.55225 0.094 0.0365
3 1.0016666666666667 0.52975 0.09799999999999999 0.0325
3 0.9736666666666667 0.507 0.086 0.032
3 0.9279999999999999 0.4865 0.08266666666666667 0.031
3 0.9056666666666666 0.47150000000000003 0.07933333333333333 0.026000000000000002
3 0.8106666666666666 0.438 0.064 0.022
3 0.8676666666666666 0.4455 0.07266666666666667 0.023
4 0.8876666666666666 0.45575 0.06333333333333332 0.0275
5 0.7706666666666666 0.406 0.032 0.024
3 0.579 0.44825 0.03133333333333333 0.0325
3 0.5826666666666667 0.423 0.03333333333333333 0.025
3 0.5786666666666667 0.4025 0.025333333333333333 0.02
3 0.5776666666666667 0.385 0.024666666666666667 0.018000000000000002
3 0.6673333333333333 0.389 0.024 0.017
3 0.6986666666666667 0.36425 0.021333333333333333 0.0145
2 0.7776666666666666 0.36375 0.014 0.0075
2 0.7523333333333333 0.3615 0.011333333333333332 0.008
4 0.5403333333333333 0.36275 0.015333333333333332 0.0175
1 0.5703333333333334 0.36025 0.01 0.0095
9 0.5723333333333334 0.363 0.004666666666666666 0.01
3 0.733 0.353 0.046 0.011
3 0.737 0.34850000000000003 0.03933333333333333 0.01
3 0.7413333333333333 0.34225 0.03866666666666667 0.0105
3 0.6543333333333333 0.33925 0.03933333333333333 0.0135
4 0.719 0.335 0.03133333333333333 0.013000000000000001
2 0.6976666666666667 0.33175 0.01 0.0055
9 0.7033333333333333 0.334 0.013333333333333332 0.006
1 0.698 0.33 0.004 0.009000000000000001
4 0.7076666666666667 0.3245 0.03266666666666666 0.011
3 0.7063333333333333 0.32275 0.035333333333333335 0.0105
3 0.701 0.3195 0.033999999999999996 0.009000000000000001
1 0.7096666666666667 0.307 0.006 0.006
3 0.6866666666666666 0.3085 0.029333333333333333 0.009000000000000001
3 0.413 0.4845 0.07666666666666666 0.026000000000000002
3 0.41466666666666663 0.46525 0.07333333333333333 0.021500000000000002
4 0.42866666666666664 0.45025 0.06 0.0245
4 0.4403333333333333 0.42975 0.057999999999999996 0.0235
5 0.5506666666666666 0.32 0.017333333333333333 0.021
1 0.46066666666666667 0.322 0.004 0.007
9 0.4603333333333333 0.32375 0.004666666666666666 0.0055
1 0.48266666666666663 0.32275 0.004 0.006500000000000001
9 0.48266666666666663 0.32425 0.004 0.006500000000000001
3 0.5833333333333333 0.334 0.016 0.012
3 0.5833333333333333 0.325 0.014666666666666666 0.01
3 0.6163333333333333 0.30975 0.014 0.0095
3 0.579 0.31325000000000003 0.014 0.0095
9 0.6826666666666666 0.30175 0.012 0.0055
3 0.5843333333333333 0.30525 0.011333333333333332 0.0085
3 0.5816666666666667 0.29975 0.01 0.0075
3 0.6113333333333333 0.29475 0.012 0.0075
1 0.6769999999999999 0.32775 0.004666666666666666 0.0075
9 0.6769999999999999 0.32925 0.004666666666666666 0.0075
3 0.611 0.27875 0.008666666666666666 0.006500000000000001
3 0.6056666666666667 0.27375 0.008666666666666666 0.006500000000000001
6 0.592 0.29325 0.008 0.006500000000000001
3 0.5796666666666667 0.295 0.01 0.006
3 0.5816666666666667 0.29075 0.01 0.0075
4 0.582 0.28300000000000003 0.008 0.009000000000000001
3 0.5826666666666667 0.27775 0.008 0.0075
3 0.5813333333333334 0.27375 0.010666666666666666 0.0055
5 0.5776666666666667 0.2675 0.014 0.009000000000000001
6 0.5616666666666666 0.281 0.007333333333333333 0.007
