3 1.2620593692022264 0.14770354906054278 0.05473098330241188 0.044885177453027135
3 1.4137291280148423 0.5018267223382046 0.06307977736549165 0.0662839248434238
3 1.3260667903525047 0.4840814196242171 0.06215213358070501 0.05897703549060542
3 1.0616883116883118 0.418580375782881 0.07142857142857142 0.0615866388308977
3 0.7147495361781077 0.3243736951983298 0.075139146567718 0.05271398747390396
3 0.6382189239332097 0.30741127348643005 0.07792207792207792 0.05323590814196242
3 0.5287569573283859 0.2836638830897703 0.07606679035250465 0.050626304801670144
9 0.563543599257885 0.295929018789144 0.0287569573283859 0.015657620041753653
9 0.5477736549165121 0.31263048016701456 0.0287569573283859 0.016701461377870562
9 0.5575139146567718 0.3376826722338204 0.022263450834879406 0.018789144050104383
1 0.5412801484230055 0.3483820459290188 0.01948051948051948 0.009916492693110646
1 0.5412801484230055 0.3629958246346555 0.015769944341372914 0.008872651356993735
3 0.46985157699443414 0.2674843423799582 0.08256029684601113 0.04958246346555323
3 0.42439703153988867 0.25652400835073064 0.07699443413729128 0.04853862212943632
3 0.3181818181818182 0.23277661795407095 0.07792207792207792 0.04697286012526095
