3 0.4638095238095238 0.039285714285714285 0.15047619047619049 0.06714285714285714
3 0.7280952380952381 0.0325 0.1761904761904762 0.06357142857142857
3 0.979047619047619 0.04071428571428572 0.17523809523809525 0.07
5 1.0123809523809524 0.1717857142857143 0.24 0.08642857142857142
3 1.2680952380952382 0.3532142857142857 0.12857142857142856 0.06785714285714285
4 0.3842857142857143 0.21928571428571428 0.22952380952380952 0.07714285714285714
9 0.07904761904761905 0.19285714285714287 0.04380952380952381 0.05142857142857143
2 0.37761904761904763 0.7021428571428572 0.08666666666666667 0.022857142857142857
2 0.36904761904761907 0.6625 0.08285714285714285 0.020714285714285713
2 0.3761904761904762 0.6789285714285714 0.0838095238095238 0.027857142857142858
3 0.8876190476190476 0.7125 0.10476190476190476 0.07071428571428572
3 1.0804761904761904 0.5075 0.16476190476190475 0.07357142857142857
