1 0.3852380952380952 0.5960714285714286 0.05047619047619047 0.04928571428571429
1 1.1457142857142857 0.38821428571428573 0.047619047619047616 0.045
1 1.3004761904761906 0.45964285714285713 0.04285714285714286 0.04642857142857143
1 0.9971428571428571 0.2507142857142857 0.03428571428571429 0.03857142857142857
1 0.3423809523809524 0.18178571428571427 0.02761904761904762 0.020714285714285713
1 0.31333333333333335 0.2317857142857143 0.022857142857142857 0.03785714285714286
1 0.23047619047619047 0.16035714285714286 0.024761904761904763 0.027857142857142858
2 0.38952380952380955 0.6071428571428571 0.10285714285714286 0.037142857142857144
2 1.2909523809523809 0.4732142857142857 0.05047619047619047 0.06642857142857143
9 1.1438095238095238 0.4025 0.05142857142857143 0.04928571428571429
9 0.9928571428571429 0.26285714285714284 0.029523809523809525 0.03857142857142857
9 0.31761904761904763 0.24392857142857144 0.058095238095238096 0.025
9 0.41904761904761906 0.0075 0.011428571428571429 0.016428571428571428
3 0.2995238095238095 0.09321428571428571 0.07333333333333333 0.04928571428571429
3 0.2419047619047619 0.08785714285714286 0.0838095238095238 0.054285714285714284
3 0.18285714285714286 0.0875 0.07238095238095238 0.045
4 0.14095238095238094 0.07428571428571429 0.07047619047619047 0.04428571428571428
3 0.06952380952380953 0.08285714285714285 0.07809523809523809 0.04285714285714286
4 0.02619047619047619 0.07714285714285714 0.054285714285714284 0.06142857142857143
3 0.11142857142857143 0.2 0.15047619047619049 0.03571428571428571
3 0.12380952380952381 0.24035714285714285 0.15428571428571428 0.055
3 0.17476190476190476 0.2960714285714286 0.18 0.06642857142857143
4 0.37 0.2775 0.18 0.06928571428571428
5 0.2780952380952381 0.4660714285714286 0.36 0.14642857142857144
3 0.47714285714285715 0.4357142857142857 0.22285714285714286 0.08857142857142856
3 0.6980952380952381 0.38035714285714284 0.18857142857142858 0.08071428571428571
3 0.7042857142857143 0.3264285714285714 0.18 0.06714285714285714
3 0.8185714285714286 0.30214285714285716 0.16095238095238096 0.05714285714285714
3 0.6252380952380953 0.25821428571428573 0.15714285714285714 0.052142857142857144
4 0.9780952380952381 0.4585714285714286 0.19047619047619047 0.11142857142857143
4 1.01 0.3982142857142857 0.19904761904761906 0.09214285714285714
3 0.3047619047619048 0.21071428571428572 0.12571428571428572 0.04857142857142857
6 0.31142857142857144 0.1725 0.08190476190476191 0.035
6 0.24476190476190476 0.1367857142857143 0.10095238095238095 0.04928571428571429
1 0.729047619047619 0.065 0.012380952380952381 0.014285714285714285
9 0.73 0.07214285714285715 0.02 0.017142857142857144
3 1.0638095238095238 0.16285714285714287 0.08 0.054285714285714284
3 0.9804761904761905 0.15785714285714286 0.08476190476190476 0.05714285714285714
3 1.0042857142857142 0.11928571428571429 0.07142857142857142 0.045714285714285714
3 0.9385714285714286 0.1125 0.06952380952380953 0.05357142857142857
3 0.8695238095238095 0.12785714285714286 0.06857142857142857 0.05142857142857143
3 0.8695238095238095 0.09464285714285714 0.04380952380952381 0.04071428571428572
3 0.8776190476190476 0.05785714285714286 0.058095238095238096 0.041428571428571426
3 0.8257142857142857 0.06285714285714286 0.04380952380952381 0.03857142857142857
3 0.9180952380952381 0.04642857142857143 0.05333333333333333 0.04
5 0.9614285714285714 0.07642857142857143 0.07142857142857142 0.047142857142857146
3 0.8866666666666667 0.02642857142857143 0.049523809523809526 0.032857142857142856
3 0.8438095238095238 0.03428571428571429 0.047619047619047616 0.03142857142857143
3 0.7919047619047619 0.03321428571428572 0.04285714285714286 0.029285714285714286
3 0.8314285714285714 0.0125 0.0380952380952381 0.025
3 0.7804761904761904 0.015714285714285715 0.035238095238095235 0.03142857142857143
8 0.7619047619047619 0.045 0.09142857142857143 0.09142857142857143
3 0.8657142857142857 0.008214285714285714 0.04 0.017857142857142856
8 0.789047619047619 0.1707142857142857 0.11714285714285715 0.15571428571428572
1 1.2842857142857143 0.013214285714285715 0.01619047619047619 0.012142857142857143
1 1.29 0.047142857142857146 0.01619047619047619 0.02
1 1.2852380952380953 0.06 0.014285714285714285 0.014285714285714285
1 1.2033333333333334 0.05678571428571429 0.02 0.019285714285714285
1 1.2023809523809523 0.025714285714285714 0.014285714285714285 0.015714285714285715
9 1.2028571428571428 0.03142857142857143 0.017142857142857144 0.014285714285714285
9 1.2028571428571428 0.06107142857142857 0.024761904761904763 0.020714285714285713
9 1.2833333333333334 0.06607142857142857 0.021904761904761906 0.016428571428571428
2 1.2871428571428571 0.053214285714285714 0.025714285714285714 0.015
3 1.2619047619047619 0.6589285714285714 0.14095238095238094 0.09642857142857143
