3 1.2185714285714286 0.59 0.06 0.04285714285714286
3 1.0395238095238095 0.45071428571428573 0.05619047619047619 0.03857142857142857
9 0.9704761904761905 0.4685714285714286 0.024761904761904763 0.017142857142857144
3 0.9471428571428572 0.4092857142857143 0.04666666666666667 0.03428571428571429
9 0.9876190476190476 0.38321428571428573 0.02095238095238095 0.019285714285714285
5 1.0457142857142858 0.3939285714285714 0.07428571428571429 0.045
3 0.7728571428571429 0.41464285714285715 0.04285714285714286 0.039285714285714285
3 0.8676190476190476 0.3167857142857143 0.047619047619047616 0.03357142857142857
3 0.789047619047619 0.2567857142857143 0.04476190476190476 0.029285714285714286
6 0.7685714285714286 0.27071428571428574 0.024761904761904763 0.02142857142857143
3 0.6466666666666666 0.18321428571428572 0.04 0.027857142857142858
3 0.6533333333333333 0.15 0.0380952380952381 0.03
3 0.5904761904761905 0.0925 0.03428571428571429 0.02642857142857143
5 0.30238095238095236 0.0225 0.035238095238095235 0.027857142857142858
3 0.4719047619047619 0.2782142857142857 0.04666666666666667 0.023571428571428573
3 0.48714285714285716 0.3142857142857143 0.04857142857142857 0.024285714285714285
3 0.36047619047619045 0.4025 0.054285714285714284 0.02642857142857143
