3 0.7790476190476191 0.3467857142857143 0.08 0.03357142857142857
3 0.8557142857142858 0.2960714285714286 0.06380952380952382 0.027857142857142858
3 0.7652380952380953 0.30392857142857144 0.06380952380952382 0.029285714285714286
3 0.8271428571428572 0.2832142857142857 0.05619047619047619 0.02642857142857143
3 1.0452380952380953 0.24535714285714286 0.04666666666666667 0.020714285714285713
3 0.9947619047619047 0.24142857142857144 0.04285714285714286 0.02142857142857143
3 1.049047619047619 0.21857142857142858 0.04285714285714286 0.018571428571428572
3 1.0514285714285714 0.17821428571428571 0.04 0.016428571428571428
3 1.099047619047619 0.20357142857142857 0.0380952380952381 0.015714285714285715
3 1.128095238095238 0.21107142857142858 0.035238095238095235 0.016428571428571428
3 0.6461904761904762 0.26035714285714284 0.04857142857142857 0.023571428571428573
3 0.07666666666666666 0.34714285714285714 0.06952380952380953 0.032857142857142856
3 0.024285714285714285 0.32535714285714284 0.05047619047619047 0.029285714285714286
4 0.4076190476190476 0.2732142857142857 0.05523809523809524 0.02642857142857143
3 0.5542857142857143 0.2757142857142857 0.06476190476190476 0.018571428571428572
3 0.5885714285714285 0.2646428571428571 0.05142857142857143 0.019285714285714285
3 0.63 0.25392857142857145 0.04476190476190476 0.019285714285714285
3 0.6052380952380952 0.25142857142857145 0.04476190476190476 0.02142857142857143
3 0.5876190476190476 0.24714285714285714 0.049523809523809526 0.024285714285714285
3 0.7361904761904762 0.23464285714285715 0.047619047619047616 0.017857142857142856
3 0.7133333333333334 0.2282142857142857 0.045714285714285714 0.019285714285714285
3 0.6919047619047619 0.22714285714285715 0.040952380952380955 0.018571428571428572
3 1.01 0.1657142857142857 0.029523809523809525 0.01
1 1.1152380952380951 0.2714285714285714 0.011428571428571429 0.012857142857142857
9 1.1138095238095238 0.2757142857142857 0.018095238095238095 0.014285714285714285
9 1.0414285714285714 0.5428571428571428 0.05047619047619047 0.03
1 1.0433333333333332 0.5407142857142857 0.023809523809523808 0.027142857142857142
1 1.0976190476190477 0.4446428571428571 0.021904761904761906 0.020714285714285713
1 1.1314285714285715 0.6139285714285714 0.03238095238095238 0.03214285714285714
1 1.14 0.6407142857142857 0.030476190476190476 0.032857142857142856
1 1.0852380952380953 0.43785714285714283 0.025714285714285714 0.024285714285714285
1 1.2880952380952382 0.5385714285714286 0.03333333333333333 0.03
1 1.318095238095238 0.5496428571428571 0.024761904761904763 0.02642857142857143
2 1.1366666666666667 0.6442857142857142 0.06380952380952382 0.03428571428571429
2 1.1233333333333333 0.6275 0.06190476190476191 0.035
3 0.06523809523809523 0.5242857142857142 0.13238095238095238 0.08
1 0.4685714285714286 0.3075 0.011428571428571429 0.015
9 0.4695238095238095 0.3125 0.03238095238095238 0.013571428571428571
