3 1.023 0.72675 0.09133333333333334 0.0455
3 0.9673333333333333 0.614 0.108 0.092
3 0.5646666666666667 0.6905 0.15466666666666667 0.11800000000000001
3 0.5803333333333334 0.57825 0.11933333333333333 0.0825
3 0.584 0.52175 0.096 0.0695
3 0.5916666666666667 0.47275 0.09533333333333333 0.0565
3 0.5936666666666667 0.40675 0.03666666666666667 0.0445
3 0.6103333333333333 0.376 0.074 0.028
3 0.8046666666666666 0.41000000000000003 0.06266666666666666 0.032
3 1.1346666666666667 0.36675 0.06666666666666667 0.0335
3 0.9723333333333333 0.41725 0.057999999999999996 0.0485
3 0.9436666666666667 0.33675 0.048666666666666664 0.0235
3 0.7776666666666666 0.36825 0.05266666666666667 0.0305
3 0.761 0.34700000000000003 0.056666666666666664 0.025
3 0.761 0.33625 0.05266666666666667 0.0225
3 0.6046666666666667 0.33675 0.025333333333333333 0.0265
3 0.6063333333333333 0.316 0.026 0.021
3 0.6106666666666667 0.30175 0.024 0.0185
3 0.654 0.301 0.02 0.017
3 0.6869999999999999 0.30975 0.02333333333333333 0.0165
3 0.6773333333333333 0.28 0.02 0.015
3 0.9286666666666666 0.271 0.025333333333333333 0.018000000000000002
3 0.9226666666666666 0.2545 0.024 0.015
3 0.7543333333333333 0.317 0.026 0.018000000000000002
5 0.7373333333333333 0.28575 0.030666666666666665 0.0285
3 0.717 0.268 0.018 0.014
3 0.7123333333333333 0.26075 0.014 0.0115
3 0.7066666666666667 0.24725 0.014666666666666666 0.0105
3 0.6483333333333333 0.23900000000000002 0.014 0.012
3 0.6466666666666666 0.225 0.010666666666666666 0.009000000000000001
3 0.6126666666666667 0.267 0.017333333333333333 0.012
3 0.615 0.24575 0.014 0.0105
3 0.6156666666666667 0.24 0.012666666666666666 0.009000000000000001
3 0.6186666666666667 0.23600000000000002 0.012 0.007
3 0.62 0.22225 0.010666666666666666 0.0095
3 0.6203333333333333 0.218 0.01 0.006
3 0.6203333333333333 0.21375 0.01 0.006500000000000001
3 0.625 0.195 0.006 0.005
3 0.653 0.1855 0.006 0.004
3 0.6366666666666666 0.16975 0.004 0.0025
3 0.7506666666666666 0.20550000000000002 0.017333333333333333 0.007
3 0.7753333333333333 0.19925 0.009333333333333332 0.0045000000000000005
3 0.825 0.226 0.014 0.009000000000000001
3 0.7673333333333333 0.25375000000000003 0.034666666666666665 0.0105
3 0.8516666666666667 0.251 0.026 0.013000000000000001
3 0.8226666666666667 0.24675 0.021333333333333333 0.0105
5 0.838 0.253 0.029333333333333333 0.025
1 0.695 0.26625 0.004666666666666666 0.0085
6 0.6953333333333334 0.26975 0.008 0.0095
1 0.6903333333333334 0.25175000000000003 0.004666666666666666 0.0075
1 0.634 0.2465 0.004 0.007
1 0.633 0.21525 0.003333333333333333 0.0055
1 0.6873333333333334 0.22375 0.0026666666666666666 0.0055
9 0.6326666666666666 0.2165 0.004 0.005
9 0.6873333333333334 0.22625 0.004 0.0055
9 0.634 0.24875 0.004 0.0085
9 0.6906666666666667 0.25375000000000003 0.005333333333333333 0.0075
6 1.0183333333333333 0.32075 0.015333333333333332 0.0125
9 1.252 0.3765 0.022666666666666665 0.017
9 1.1733333333333333 0.38125000000000003 0.026666666666666665 0.0185
1 0.741 0.41625 0.011333333333333332 0.0165
1 0.7393333333333333 0.40925 0.012 0.0175
9 0.74 0.41500000000000004 0.013333333333333332 0.02
