4 1.0158629441624365 0.32821428571428574 0.04695431472081218 0.056428571428571425
4 0.8210659898477157 0.2692857142857143 0.04314720812182741 0.041428571428571426
3 0.9219543147208121 0.14857142857142858 0.03426395939086294 0.03
3 0.8274111675126903 0.11678571428571428 0.027918781725888322 0.025
9 0.7684010152284263 0.11607142857142858 0.019035532994923856 0.017857142857142856
4 0.7290609137055837 0.08821428571428572 0.03680203045685279 0.030714285714285715
4 1.0190355329949239 0.08178571428571428 0.03807106598984771 0.035
4 0.9111675126903552 0.047142857142857146 0.035532994923857864 0.03428571428571429
3 0.9625634517766497 0.036071428571428574 0.026649746192893398 0.023571428571428573
5 0.7874365482233502 0.025357142857142856 0.04187817258883248 0.039285714285714285
5 1.489213197969543 0.41214285714285714 0.14593908629441624 0.10142857142857142
4 1.706218274111675 0.4225 0.06979695431472081 0.052142857142857144
4 1.5640862944162435 0.29678571428571426 0.06472081218274112 0.04214285714285714
4 1.5279187817258881 0.25642857142857145 0.05837563451776649 0.03571428571428571
4 1.4898477157360406 0.22785714285714287 0.048223350253807105 0.037142857142857144
4 1.3661167512690355 0.2782142857142857 0.05964467005076142 0.039285714285714285
4 1.2715736040609136 0.15071428571428572 0.04568527918781726 0.02857142857142857
4 1.2233502538071066 0.1125 0.03807106598984771 0.023571428571428573
4 1.4606598984771573 0.19964285714285715 0.048223350253807105 0.027857142857142858
4 1.4352791878172588 0.17607142857142857 0.04060913705583756 0.027857142857142858
4 1.4073604060913705 0.15 0.04314720812182741 0.02857142857142857
3 1.3546954314720812 0.13 0.05456852791878172 0.02142857142857143
3 1.397208121827411 0.10964285714285714 0.06091370558375634 0.019285714285714285
3 1.3261421319796953 0.08821428571428572 0.035532994923857864 0.025
3 1.1643401015228425 0.01107142857142857 0.031725888324873094 0.019285714285714285
