3 0.22666666666666666 0.20392857142857143 0.07809523809523809 0.06357142857142857
3 0.04 0.5210714285714285 0.08 0.12785714285714286
3 0.15095238095238095 0.35535714285714287 0.1361904761904762 0.10642857142857143
9 0.16952380952380952 0.10214285714285715 0.03428571428571429 0.027142857142857142
9 0.10523809523809524 0.1325 0.04666666666666667 0.025
9 0.03 0.18214285714285713 0.054285714285714284 0.022857142857142857
9 0.21476190476190476 0.02214285714285714 0.025714285714285714 0.025714285714285714
9 0.2633333333333333 0.006071428571428571 0.018095238095238095 0.013571428571428571
3 0.3219047619047619 0.09285714285714286 0.047619047619047616 0.05142857142857143
4 0.4138095238095238 0.19392857142857142 0.07904761904761905 0.08928571428571429
9 0.4676190476190476 0.031071428571428573 0.015238095238095238 0.02214285714285714
2 0.48095238095238096 0.08607142857142858 0.013333333333333332 0.029285714285714286
3 0.4238095238095238 0.0675 0.05523809523809524 0.04928571428571429
3 0.43333333333333335 0.040357142857142855 0.045714285714285714 0.035
2 0.7547619047619047 0.7264285714285714 0.0980952380952381 0.041428571428571426
3 0.7328571428571429 0.6085714285714285 0.10571428571428572 0.16142857142857142
3 0.71 0.4282142857142857 0.09047619047619047 0.11357142857142857
3 0.6895238095238095 0.2975 0.06476190476190476 0.07357142857142857
4 0.6190476190476191 0.22714285714285715 0.05714285714285714 0.06714285714285714
3 0.6804761904761905 0.21392857142857144 0.05238095238095238 0.062142857142857146
3 0.6657142857142857 0.1525 0.05523809523809524 0.062142857142857146
3 0.6071428571428571 0.0925 0.04666666666666667 0.039285714285714285
3 0.6604761904761904 0.10678571428571429 0.04857142857142857 0.045
3 0.6614285714285715 0.06642857142857143 0.039047619047619046 0.03857142857142857
4 0.6576190476190477 0.02892857142857143 0.037142857142857144 0.03785714285714286
3 0.7742857142857142 0.013214285714285715 0.04 0.027857142857142858
9 0.810952380952381 0.038214285714285715 0.01619047619047619 0.023571428571428573
9 0.8471428571428572 0.14214285714285715 0.029523809523809525 0.03
9 0.8642857142857143 0.17357142857142857 0.03333333333333333 0.032857142857142856
4 0.8161904761904762 0.105 0.05333333333333333 0.05857142857142857
4 0.8861904761904762 0.2417857142857143 0.07523809523809524 0.085
3 0.9342857142857143 0.3442857142857143 0.10666666666666666 0.09285714285714286
9 0.9814285714285714 0.43214285714285716 0.08476190476190476 0.037142857142857144
9 0.8909523809523809 0.42392857142857143 0.04476190476190476 0.04642857142857143
9 0.9923809523809524 0.5589285714285714 0.09333333333333334 0.03642857142857143
9 1.0180952380952382 0.5975 0.09523809523809523 0.030714285714285715
3 1.0495238095238095 0.6778571428571428 0.259047619047619 0.14142857142857143
9 1.1166666666666667 0.37714285714285717 0.039047619047619046 0.04857142857142857
9 1.079047619047619 0.3392857142857143 0.04380952380952381 0.04428571428571428
9 1.0119047619047619 0.24714285714285714 0.018095238095238095 0.037142857142857144
1 1.05 0.21714285714285714 0.021904761904761906 0.03142857142857143
