3 0.6842857142857143 0.4139285714285714 0.040952380952380955 0.056428571428571425
3 0.7052380952380952 0.5817857142857142 0.054285714285714284 0.07357142857142857
3 0.6247619047619047 0.39714285714285713 0.03428571428571429 0.05285714285714286
3 0.6095238095238096 0.26821428571428574 0.026666666666666665 0.03357142857142857
3 0.6095238095238096 0.17785714285714285 0.024761904761904763 0.027142857142857142
3 0.6580952380952381 0.14357142857142857 0.01904761904761905 0.02142857142857143
3 0.6076190476190476 0.13 0.02095238095238095 0.018571428571428572
3 0.6495238095238095 0.05714285714285714 0.015238095238095238 0.015714285714285715
3 0.6928571428571428 0.04071428571428572 0.012380952380952381 0.011428571428571429
3 0.6466666666666666 0.026071428571428572 0.017142857142857144 0.012142857142857143
3 0.6585714285714286 0.30642857142857144 0.02761904761904762 0.03428571428571429
3 1.0395238095238095 0.6846428571428571 0.1361904761904762 0.10214285714285715
3 0.7966666666666666 0.7132142857142857 0.054285714285714284 0.07214285714285715
9 0.5642857142857143 0.48392857142857143 0.01619047619047619 0.029285714285714286
1 0.5647619047619048 0.4732142857142857 0.015238095238095238 0.019285714285714285
