4 0.773854961832061 0.5060801144492132 0.18702290076335878 0.10515021459227468
4 0.8525763358778625 0.572961373390558 0.2013358778625954 0.13733905579399142
3 0.9661259541984732 0.6219599427753935 0.1784351145038168 0.13948497854077252
3 0.9346374045801527 0.45243204577968527 0.15553435114503816 0.11516452074391989
3 0.3220419847328244 0.21494992846924177 0.09446564885496182 0.07510729613733906
3 0.16269083969465647 0.09799713876967096 0.08110687022900763 0.06151645207439199
5 0.2008587786259542 0.5368383404864091 0.3101145038167939 0.19670958512160228
1 0.5271946564885496 0.5021459227467812 0.025763358778625952 0.031473533619456366
1 0.125 0.12303290414878398 0.019083969465648856 0.024320457796852647
1 0.34446564885496184 0.31402002861230327 0.02862595419847328 0.031473533619456366
1 0.26240458015267176 0.3186695278969957 0.03816793893129771 0.032188841201716736
1 0.8883587786259541 0.37553648068669526 0.026717557251908396 0.024320457796852647
1 0.9107824427480916 0.3644492131616595 0.01812977099236641 0.017882689556509297
1 0.9250954198473282 0.35586552217453504 0.025763358778625952 0.019313304721030045
9 0.282442748091603 0.32045779685264664 0.051526717557251904 0.03719599427753934
2 0.35448473282442744 0.3272532188841202 0.027671755725190837 0.03791130185979971
2 0.13311068702290077 0.13304721030042918 0.027671755725190837 0.031473533619456366
2 0.5338740458015266 0.505722460658083 0.03530534351145038 0.04291845493562232
2 1.1159351145038168 0.5203862660944206 0.046755725190839696 0.04220314735336195
2 0.7061068702290076 0.08690987124463519 0.026717557251908396 0.017882689556509297
9 0.6855916030534351 0.07725321888412018 0.03721374045801527 0.02145922746781116
9 0.4537213740458015 0.1813304721030043 0.027671755725190837 0.03648068669527897
3 0.3196564885496183 0.6841917024320457 0.2080152671755725 0.1223175965665236
3 0.09971374045801526 0.1655937052932761 0.06393129770992366 0.06795422031473533
4 0.14885496183206107 0.24248927038626608 0.08969465648854962 0.08011444921316166
4 0.26526717557251905 0.1555793991416309 0.08206106870229007 0.06223175965665236
4 0.2256679389312977 0.3354792560801145 0.09446564885496182 0.08869814020028613
4 0.10543893129770993 0.035765379113018594 0.08492366412213741 0.06723891273247497
3 0.03625954198473282 0.024320457796852647 0.047709923664122134 0.03862660944206009
3 0.05343511450381679 0.10836909871244635 0.047709923664122134 0.045064377682403435
1 0.2695610687022901 0.060801144492131615 0.012404580152671756 0.01430615164520744
3 0.22614503816793893 0.03683834048640915 0.11832061068702289 0.056509298998569386
3 0.19083969465648853 0.023247496423462088 0.1049618320610687 0.04792560801144492
2 1.0944656488549618 0.12124463519313304 0.03435114503816794 0.022174535050071532
3 1.0615458015267176 0.6809728183118741 0.16698473282442747 0.1301859799713877
3 1.1851145038167938 0.7160228898426323 0.13358778625954199 0.06437768240343347
1 0.2857824427480916 0.4209585121602289 0.04103053435114504 0.022174535050071532
