3 0.05523809523809524 0.49142857142857144 0.07428571428571429 0.06571428571428571
3 0.12142857142857143 0.4425 0.06571428571428571 0.06928571428571428
3 1.1276190476190475 0.6485714285714286 0.10476190476190476 0.10571428571428572
3 1.2285714285714286 0.6671428571428571 0.10476190476190476 0.10285714285714286
3 1.1642857142857144 0.29428571428571426 0.07333333333333333 0.04857142857142857
3 0.9261904761904762 0.09857142857142857 0.035238095238095235 0.027142857142857142
3 1.0314285714285714 0.16178571428571428 0.049523809523809526 0.03357142857142857
3 0.7019047619047619 0.39 0.05904761904761905 0.06714285714285714
3 0.6942857142857143 0.31642857142857145 0.04380952380952381 0.05714285714285714
1 1.0138095238095237 0.23785714285714285 0.014285714285714285 0.014285714285714285
2 1.012857142857143 0.24285714285714285 0.01619047619047619 0.02
4 1.2909523809523809 0.44142857142857145 0.08285714285714285 0.07285714285714286
9 0.06523809523809523 0.5757142857142857 0.05619047619047619 0.02857142857142857
3 0.02142857142857143 0.3625 0.04476190476190476 0.035
3 0.02761904761904762 0.33071428571428574 0.05714285714285714 0.02857142857142857
3 0.034761904761904765 0.30214285714285716 0.07142857142857142 0.027142857142857142
3 0.040952380952380955 0.27535714285714286 0.0838095238095238 0.027857142857142858
4 0.1523809523809524 0.3442857142857143 0.0761904761904762 0.06571428571428571
3 0.22285714285714286 0.2889285714285714 0.07428571428571429 0.045
3 0.21666666666666667 0.24321428571428572 0.04285714285714286 0.03642857142857143
3 0.3109523809523809 0.24321428571428572 0.06 0.029285714285714286
3 0.39380952380952383 0.21107142857142858 0.04285714285714286 0.045
3 0.29619047619047617 0.22678571428571428 0.07428571428571429 0.039285714285714285
3 0.28714285714285714 0.20714285714285716 0.08285714285714285 0.03142857142857143
3 0.29619047619047617 0.18035714285714285 0.06476190476190476 0.027857142857142858
3 0.29714285714285715 0.16428571428571428 0.05714285714285714 0.024285714285714285
3 0.31142857142857144 0.09535714285714286 0.06095238095238095 0.015
3 0.4580952380952381 0.17857142857142858 0.08190476190476191 0.02
3 0.5285714285714286 0.115 0.06666666666666667 0.015714285714285715
4 0.5414285714285715 0.1925 0.07714285714285714 0.03642857142857143
4 0.5447619047619048 0.16785714285714284 0.06476190476190476 0.022857142857142857
3 0.5371428571428571 0.15357142857142858 0.07047619047619047 0.024285714285714285
3 0.5266666666666666 0.1325 0.06666666666666667 0.029285714285714286
3 0.6042857142857143 0.10821428571428571 0.039047619047619046 0.03357142857142857
3 0.6247619047619047 0.045714285714285714 0.02857142857142857 0.03142857142857143
3 0.08714285714285715 0.2332142857142857 0.06380952380952382 0.03214285714285714
3 0.11238095238095239 0.21107142857142858 0.05523809523809524 0.029285714285714286
4 0.14095238095238094 0.19 0.05523809523809524 0.03428571428571429
4 0.17285714285714285 0.17607142857142857 0.04285714285714286 0.03214285714285714
3 0.21523809523809523 0.115 0.05904761904761905 0.03142857142857143
3 0.3414285714285714 0.13642857142857143 0.03333333333333333 0.025714285714285714
3 0.31 0.11178571428571428 0.07142857142857142 0.023571428571428573
3 0.4561904761904762 0.15964285714285714 0.06476190476190476 0.025
3 0.45714285714285713 0.1442857142857143 0.06857142857142857 0.02142857142857143
3 0.45904761904761904 0.12571428571428572 0.06857142857142857 0.024285714285714285
3 0.44761904761904764 0.10928571428571429 0.05714285714285714 0.02142857142857143
3 0.4523809523809524 0.09642857142857143 0.06476190476190476 0.02
3 0.4514285714285714 0.08392857142857142 0.05142857142857143 0.019285714285714285
3 0.19523809523809524 0.037142857142857144 0.05904761904761905 0.017142857142857144
3 0.18619047619047618 0.05142857142857143 0.06 0.018571428571428572
3 0.31285714285714283 0.08285714285714285 0.06380952380952382 0.017142857142857144
3 0.32095238095238093 0.07178571428571429 0.05523809523809524 0.012142857142857143
3 0.31523809523809526 0.06535714285714286 0.06285714285714286 0.023571428571428573
3 0.19380952380952382 0.061785714285714284 0.06 0.023571428571428573
3 0.19238095238095237 0.07535714285714286 0.06285714285714286 0.02214285714285714
3 0.1895238095238095 0.08964285714285715 0.06285714285714286 0.023571428571428573
3 0.18571428571428572 0.10857142857142857 0.06857142857142857 0.024285714285714285
4 0.4480952380952381 0.19392857142857142 0.07333333333333333 0.03357142857142857
3 0.5233333333333333 0.10392857142857143 0.06190476190476191 0.019285714285714285
3 0.5261904761904762 0.09 0.06571428571428571 0.022857142857142857
3 0.3180952380952381 0.03785714285714286 0.04 0.024285714285714285
4 0.3138095238095238 0.019642857142857142 0.029523809523809525 0.019285714285714285
4 0.32047619047619047 0.004642857142857143 0.021904761904761906 0.010714285714285714
5 0.8914285714285715 0.030714285714285715 0.049523809523809526 0.041428571428571426
4 1.052857142857143 0.04357142857142857 0.03333333333333333 0.025714285714285714
4 1.1166666666666667 0.07535714285714286 0.07523809523809524 0.023571428571428573
3 1.0666666666666667 0.06571428571428571 0.06476190476190476 0.025714285714285714
3 1.0276190476190477 0.046785714285714285 0.03619047619047619 0.02642857142857143
3 0.9680952380952381 0.0675 0.054285714285714284 0.029285714285714286
4 0.9614285714285714 0.054642857142857146 0.05047619047619047 0.02642857142857143
4 1.0004761904761905 0.0475 0.035238095238095235 0.03214285714285714
4 1.1128571428571428 0.03678571428571428 0.040952380952380955 0.030714285714285715
3 1.0085714285714287 0.0275 0.03428571428571429 0.025
3 0.9361904761904762 0.04607142857142857 0.047619047619047616 0.025
2 0.5947619047619047 0.047857142857142855 0.012380952380952381 0.011428571428571429
