3 0.32766666666666666 0.62825 0.11 0.1065
3 0.37766666666666665 0.5295 0.08333333333333333 0.082
5 0.41133333333333333 0.41500000000000004 0.072 0.095
3 0.44866666666666666 0.357 0.03733333333333333 0.039
3 0.4573333333333333 0.32725 0.03866666666666667 0.0265
3 0.4633333333333333 0.30325 0.03333333333333333 0.029500000000000002
5 0.5783333333333334 0.402 0.05533333333333333 0.063
3 0.5776666666666667 0.34975 0.038 0.0445
3 0.4653333333333333 0.25925 0.029333333333333333 0.0335
3 0.5423333333333333 0.224 0.02733333333333333 0.018000000000000002
3 0.533 0.21425 0.03133333333333333 0.0155
3 0.9793333333333333 0.527 0.08666666666666667 0.065
3 0.8483333333333333 0.68475 0.074 0.08650000000000001
3 0.8676666666666666 0.396 0.05933333333333333 0.036000000000000004
3 0.8083333333333333 0.33025 0.048666666666666664 0.0275
1 0.8003333333333333 0.389 0.011333333333333332 0.022
1 0.8016666666666666 0.3935 0.012666666666666666 0.015
9 0.7976666666666666 0.39525 0.016666666666666666 0.0205
3 0.7136666666666667 0.23900000000000002 0.019333333333333334 0.017
3 0.5016666666666667 0.16625 0.014 0.0085
3 0.4663333333333333 0.166 0.015333333333333332 0.01
