3 0.7855329949238578 0.4735714285714286 0.04060913705583756 0.03571428571428571
3 0.7994923857868019 0.5457142857142857 0.08375634517766496 0.03142857142857143
3 1.0571065989847714 0.39571428571428574 0.032994923857868015 0.02857142857142857
3 1.1065989847715736 0.355 0.032994923857868015 0.02857142857142857
3 1.1725888324873095 0.37285714285714283 0.032994923857868015 0.02857142857142857
3 1.4187817258883249 0.4032142857142857 0.048223350253807105 0.03214285714285714
3 1.1294416243654821 0.2775 0.032994923857868015 0.017857142857142856
3 1.2093908629441623 0.31785714285714284 0.053299492385786795 0.015714285714285715
3 1.3477157360406091 0.3032142857142857 0.032994923857868015 0.020714285714285713
3 1.5019035532994922 0.36892857142857144 0.06725888324873096 0.017857142857142856
3 1.456218274111675 0.335 0.0748730964467005 0.015714285714285715
3 1.4371827411167513 0.32071428571428573 0.06472081218274112 0.017142857142857144
3 1.29251269035533 0.31607142857142856 0.0748730964467005 0.016428571428571428
3 1.173223350253807 0.2625 0.03934010152284264 0.012142857142857143
3 1.0184010152284264 0.2782142857142857 0.05964467005076142 0.013571428571428571
3 0.9441624365482233 0.43857142857142856 0.07868020304568528 0.027142857142857142
3 0.9302030456852791 0.5410714285714285 0.08883248730964466 0.02642857142857143
3 0.6732233502538071 0.5339285714285714 0.07741116751269035 0.04071428571428572
3 0.9555837563451776 0.3560714285714286 0.055837563451776644 0.019285714285714285
3 0.965736040609137 0.2542857142857143 0.02030456852791878 0.02
3 0.964467005076142 0.23464285714285715 0.02284263959390863 0.016428571428571428
3 0.9606598984771573 0.2125 0.02030456852791878 0.016428571428571428
3 0.9670050761421319 0.1775 0.02030456852791878 0.015
3 0.9682741116751268 0.14535714285714285 0.017766497461928932 0.013571428571428571
3 0.9974619289340101 0.11357142857142857 0.03807106598984771 0.01
3 1.055203045685279 0.12178571428571429 0.019035532994923856 0.013571428571428571
3 1.1053299492385786 0.20142857142857143 0.03807106598984771 0.011428571428571429
3 1.1015228426395938 0.19107142857142856 0.04314720812182741 0.012142857142857143
3 1.16751269035533 0.25357142857142856 0.053299492385786795 0.011428571428571429
3 1.157994923857868 0.24571428571428572 0.05456852791878172 0.011428571428571429
3 1.157994923857868 0.2357142857142857 0.05456852791878172 0.011428571428571429
3 1.145939086294416 0.22714285714285715 0.053299492385786795 0.014285714285714285
3 1.1262690355329947 0.21678571428571428 0.03934010152284264 0.013571428571428571
3 1.1085025380710658 0.2117857142857143 0.03426395939086294 0.013571428571428571
3 1.1002538071065988 0.18214285714285713 0.04314720812182741 0.011428571428571429
3 1.0951776649746192 0.17535714285714285 0.03807106598984771 0.010714285714285714
3 1.0951776649746192 0.1692857142857143 0.03807106598984771 0.01
3 1.0913705583756343 0.16214285714285714 0.04568527918781726 0.014285714285714285
3 1.0831218274111674 0.15571428571428572 0.03934010152284264 0.011428571428571429
3 1.0888324873096447 0.1475 0.035532994923857864 0.012142857142857143
3 1.0812182741116751 0.14357142857142857 0.03807106598984771 0.014285714285714285
4 1.0862944162436547 0.1367857142857143 0.032994923857868015 0.012142857142857143
3 1.0818527918781724 0.13035714285714287 0.029187817258883246 0.009285714285714286
3 1.0761421319796953 0.12285714285714286 0.02284263959390863 0.011428571428571429
3 1.0736040609137054 0.11142857142857143 0.025380710659898477 0.01
3 1.072969543147208 0.10428571428571429 0.04187817258883248 0.01
3 1.0691624365482233 0.09821428571428571 0.03426395939086294 0.009285714285714286
3 0.9898477157360406 0.08428571428571428 0.035532994923857864 0.01
3 1.0634517766497462 0.07678571428571429 0.032994923857868015 0.009285714285714286
3 1.0615482233502538 0.07321428571428572 0.03426395939086294 0.007857142857142858
3 1.0609137055837563 0.06892857142857142 0.02284263959390863 0.0064285714285714285
4 0.9968274111675126 0.07892857142857143 0.026649746192893398 0.009285714285714286
3 0.9866751269035532 0.09107142857142857 0.031725888324873094 0.007857142857142858
3 0.9930203045685279 0.10321428571428572 0.03934010152284264 0.009285714285714286
3 0.9873096446700507 0.11035714285714286 0.03045685279187817 0.009285714285714286
3 1.034263959390863 0.12321428571428572 0.02030456852791878 0.009285714285714286
4 1.0101522842639594 0.12535714285714286 0.035532994923857864 0.010714285714285714
3 1.0019035532994922 0.13142857142857142 0.03426395939086294 0.007142857142857143
3 1.006979695431472 0.13464285714285715 0.03680203045685279 0.009285714285714286
3 1.0025380710659897 0.13857142857142857 0.035532994923857864 0.007142857142857143
3 1.0031725888324872 0.14357142857142857 0.03934010152284264 0.01
3 1.008248730964467 0.15464285714285714 0.04187817258883248 0.007857142857142858
3 1.001269035532995 0.15892857142857142 0.03807106598984771 0.009285714285714286
3 1.0031725888324872 0.16428571428571428 0.03934010152284264 0.01
3 1.0044416243654821 0.17035714285714285 0.04187817258883248 0.009285714285714286
3 1.0050761421319796 0.17464285714285716 0.03807106598984771 0.007857142857142858
3 1.005710659898477 0.18 0.04441624365482233 0.008571428571428572
3 1.0076142131979695 0.18642857142857142 0.04060913705583756 0.008571428571428572
3 1.008248730964467 0.19178571428571428 0.03934010152284264 0.007857142857142858
3 1.006979695431472 0.19785714285714287 0.04441624365482233 0.01
3 1.0120558375634516 0.2042857142857143 0.04441624365482233 0.01
3 1.0120558375634516 0.21071428571428572 0.04695431472081218 0.008571428571428572
3 1.009517766497462 0.21678571428571428 0.049492385786802026 0.010714285714285714
3 1.0101522842639594 0.22214285714285714 0.03807106598984771 0.01
3 1.0088832487309645 0.22964285714285715 0.048223350253807105 0.012142857142857143
3 1.0133248730964466 0.23857142857142857 0.05710659898477157 0.011428571428571429
3 1.0114213197969542 0.24678571428571427 0.053299492385786795 0.012142857142857143
3 1.0145939086294415 0.25392857142857145 0.049492385786802026 0.007857142857142858
3 1.022208121827411 0.26071428571428573 0.049492385786802026 0.014285714285714285
3 1.016497461928934 0.27 0.055837563451776644 0.01
3 1.0951776649746192 0.047142857142857146 0.012690355329949238 0.007142857142857143
3 1.0526649746192893 0.036071428571428574 0.011421319796954314 0.007857142857142858
3 1.0463197969543145 0.014642857142857143 0.011421319796954314 0.007857142857142858
5 1.0583756345177664 0.044642857142857144 0.017766497461928932 0.013571428571428571
3 0.8604060913705583 0.21535714285714286 0.025380710659898477 0.017857142857142856
3 0.8527918781725887 0.1982142857142857 0.02030456852791878 0.016428571428571428
3 0.8534263959390862 0.18535714285714286 0.019035532994923856 0.016428571428571428
3 0.9505076142131978 0.3157142857142857 0.053299492385786795 0.017142857142857144
3 0.9473350253807106 0.3289285714285714 0.05710659898477157 0.015
3 0.9460659898477156 0.3407142857142857 0.06725888324873096 0.015714285714285715
3 0.9460659898477156 0.37107142857142855 0.049492385786802026 0.016428571428571428
3 0.9467005076142131 0.385 0.06598984771573603 0.02142857142857143
3 0.9517766497461928 0.40214285714285714 0.06598984771573603 0.02142857142857143
3 0.9454314720812182 0.41785714285714287 0.07360406091370558 0.025714285714285714
3 0.6459390862944162 0.5171428571428571 0.07106598984771573 0.04
3 0.6104060913705583 0.5032142857142857 0.07360406091370558 0.04071428571428572
3 0.7214467005076142 0.5517857142857143 0.0748730964467005 0.019285714285714285
3 0.9327411167512689 0.5560714285714285 0.07868020304568528 0.010714285714285714
9 1.5501269035532994 0.23142857142857143 0.013959390862944161 0.011428571428571429
3 0.9638324873096445 0.195 0.024111675126903553 0.02
