5 1.1656091370558375 0.5210714285714285 0.09263959390862943 0.08071428571428571
5 0.6865482233502538 0.23285714285714285 0.09137055837563451 0.09571428571428571
5 0.6230964467005076 0.05178571428571429 0.06852791878172589 0.05928571428571429
3 0.49809644670050757 0.3914285714285714 0.06979695431472081 0.06142857142857143
3 0.5805837563451777 0.33071428571428574 0.05710659898477157 0.04857142857142857
3 0.7645939086294415 0.18285714285714286 0.04695431472081218 0.047142857142857146
3 1.023477157360406 0.24714285714285714 0.052030456852791875 0.05857142857142857
3 0.9689086294416243 0.4042857142857143 0.06218274111675126 0.06857142857142857
3 0.9346446700507614 0.12821428571428573 0.04187817258883248 0.03785714285714286
3 0.9949238578680202 0.05964285714285714 0.04060913705583756 0.04642857142857143
3 0.7728426395939085 0.047142857142857146 0.04060913705583756 0.03571428571428571
8 1.6275380710659897 0.30607142857142855 0.1814720812182741 0.12785714285714286
