3 1.462430426716141 0.37865344467640916 0.13079777365491652 0.08507306889352817
5 0.9239332096474954 0.47494780793319413 0.1743970315398887 0.15135699373695197
1 1.0640074211502784 0.348643006263048 0.03339517625231911 0.033402922755741124
9 1.0681818181818181 0.3593423799582463 0.03432282003710575 0.04123173277661795
1 1.3274582560296846 0.5297494780793319 0.05380333951762523 0.04279749478079332
1 1.401669758812616 0.5313152400835073 0.04823747680890538 0.04070981210855949
9 1.327922077922078 0.5331419624217119 0.07142857142857142 0.056889352818371604
9 1.4035250463821893 0.5313152400835073 0.0575139146567718 0.06054279749478079
5 0.6117810760667903 0.37317327766179537 0.25510204081632654 0.06993736951983298
9 0.5037105751391465 0.3569937369519833 0.0575139146567718 0.019832985386221292
9 0.7333024118738405 0.3118475991649269 0.045454545454545456 0.03183716075156576
9 0.7824675324675325 0.2925365344467641 0.06215213358070501 0.02453027139874739
9 0.7820037105751392 0.27740083507306884 0.02411873840445269 0.02661795407098121
3 0.7736549165120594 0.32724425887265135 0.1261595547309833 0.07306889352818371
9 0.8065862708719852 0.24608559498956156 0.039888682745825604 0.022442588726513567
9 0.7755102040816326 0.2437369519832985 0.0463821892393321 0.024008350730688934
9 0.7472170686456401 0.23277661795407095 0.05844155844155844 0.020876826722338204
4 0.9072356215213359 0.22860125260960332 0.07792207792207792 0.04070981210855949
4 1.0876623376623378 0.1962421711899791 0.05473098330241188 0.04906054279749478
3 0.9341372912801484 0.08637787056367431 0.06679035250463822 0.016179540709812108
5 0.7815398886827458 0.06602296450939457 0.07699443413729128 0.03183716075156576
9 0.8399814471243042 0.06784968684759916 0.021335807050092765 0.009394572025052192
1 0.8937847866419295 0.0662839248434238 0.008348794063079777 0.009394572025052192
6 0.8877551020408163 0.06602296450939457 0.03710575139146568 0.015135699373695197
4 0.8821892393320965 0.03392484342379958 0.0352504638218924 0.010438413361169102
1 1.0686456400742115 0.0720250521920668 0.011131725417439703 0.010438413361169102
6 1.0732838589981448 0.07306889352818371 0.03153988868274583 0.0073068893528183704
1 1.1539888682745825 0.0720250521920668 0.011131725417439703 0.008350730688935281
4 1.1131725417439704 0.09029227557411272 0.061224489795918366 0.022964509394572022
3 1.2370129870129871 0.07072025052192066 0.02504638218923933 0.015135699373695197
3 1.280612244897959 0.11325678496868474 0.043599257884972174 0.022964509394572022
1 1.325139146567718 0.12760960334029225 0.0176252319109462 0.01826722338204593
2 1.3246753246753247 0.1299582463465553 0.012987012987012988 0.016701461377870562
5 1.3562152133580705 0.18084551148225467 0.059369202226345084 0.04227557411273486
9 1.4879406307977736 0.20172233820459287 0.04081632653061225 0.01826722338204593
9 1.4833024118738405 0.19859081419624214 0.03896103896103896 0.01826722338204593
9 1.608534322820037 0.19572025052192066 0.0352504638218924 0.018789144050104383
4 1.5217996289424862 0.12343423799582462 0.05658627087198516 0.022442588726513567
2 1.677643784786642 0.24869519832985384 0.05844155844155844 0.022442588726513567
9 1.742578849721707 0.3001043841336117 0.06586270871985157 0.026096033402922752
3 1.687847866419295 0.32280793319415446 0.17532467532467533 0.05375782881002087
5 1.2430426716141003 0.0842901878914405 0.2690166975881262 0.03705636743215031
5 1.4012059369202226 0.08950939457202504 0.2365491651205937 0.04958246346555323
5 1.6391465677179964 0.09890396659707723 0.21150278293135436 0.04227557411273486
3 1.563543599257885 0.0795929018789144 0.07142857142857142 0.022442588726513567
3 1.3668831168831168 0.04958246346555323 0.02319109461966605 0.010438413361169102
3 1.3937847866419295 0.06315240083507306 0.030612244897959183 0.013569937369519832
6 1.3529684601113172 0.04227557411273486 0.013914656771799629 0.011482254697286011
1 1.4128014842300556 0.024791231732776614 0.0055658627087198514 0.0057411273486430055
6 1.411873840445269 0.02661795407098121 0.0074211502782931356 0.005219206680584551
1 1.3910018552875696 0.04070981210855949 0.006493506493506494 0.006263048016701461
9 1.3905380333951762 0.042536534446764085 0.0074211502782931356 0.006784968684759916
4 1.3789424860853432 0.022442588726513567 0.021335807050092765 0.0073068893528183704
4 1.3589981447124304 0.022703549060542796 0.020408163265306124 0.008872651356993735
4 1.4063079777365493 0.015657620041753653 0.01855287569573284 0.006263048016701461
3 1.4846938775510203 0.05793319415448851 0.02319109461966605 0.013569937369519832
3 1.4958256029684602 0.04879958246346555 0.039888682745825604 0.009916492693110646
1 1.528756957328386 0.050104384133611686 0.0074211502782931356 0.010438413361169102
4 1.4833024118738405 0.03679540709812108 0.03339517625231911 0.010960334029227557
4 1.5092764378478665 0.016440501043841333 0.025974025974025976 0.007828810020876827
