3 0.9168781725888324 0.11892857142857143 0.026649746192893398 0.019285714285714285
3 0.8876903553299492 0.09214285714285714 0.024111675126903553 0.015714285714285715
3 0.9276649746192893 0.08214285714285714 0.017766497461928932 0.014285714285714285
3 0.9631979695431472 0.05892857142857143 0.025380710659898477 0.013571428571428571
3 0.9835025380710659 0.0175 0.027918781725888322 0.013571428571428571
3 0.9441624365482233 0.02 0.02030456852791878 0.01
3 1.0456852791878173 0.007857142857142858 0.02030456852791878 0.012857142857142857
3 1.0697969543147208 0.15071428571428572 0.027918781725888322 0.02142857142857143
3 0.8597715736040609 0.14964285714285713 0.026649746192893398 0.020714285714285713
4 0.8172588832487309 0.2542857142857143 0.053299492385786795 0.047142857142857146
8 0.7284263959390862 0.32142857142857145 0.06852791878172589 0.06285714285714286
3 0.7252538071065989 0.4164285714285714 0.049492385786802026 0.03857142857142857
3 0.6389593908629441 0.43714285714285717 0.06472081218274112 0.04285714285714286
3 1.2684010152284262 0.26071428571428573 0.05456852791878172 0.02857142857142857
1 1.0653553299492384 0.01892857142857143 0.006345177664974619 0.007857142857142858
9 1.0640862944162435 0.021785714285714287 0.008883248730964466 0.007857142857142858
