3 0.21755725190839695 0.6434191702432046 0.1049618320610687 0.14949928469241774
3 0.6168893129770993 0.37660944206008584 0.0715648854961832 0.08226037195994278
3 0.6879770992366412 0.373032904148784 0.0648854961832061 0.07081545064377683
3 0.41698473282442744 0.32474964234620884 0.1297709923664122 0.04291845493562232
3 0.5329198473282443 0.37768240343347637 0.06393129770992366 0.08297567954220314
3 0.7686068702290076 0.37947067238912735 0.07347328244274809 0.0736766809728183
3 0.907442748091603 0.367310443490701 0.08015267175572519 0.0736766809728183
3 0.791030534351145 0.3158082975679542 0.12595419847328243 0.03934191702432046
3 0.8444656488549618 0.3773247496423462 0.07061068702290076 0.08369098712446352
4 0.4513358778625954 0.3855507868383405 0.07442748091603053 0.0815450643776824
4 0.3654580152671756 0.388412017167382 0.08206106870229007 0.07582260371959942
2 1.2962786259541985 0.38876967095851217 0.05438931297709924 0.027896995708154508
2 1.1903625954198473 0.36337625178826893 0.023854961832061067 0.032904148783977114
1 1.1011450381679388 0.5164520743919886 0.026717557251908396 0.024320457796852647
1 0.8301526717557252 0.4470672389127325 0.02862595419847328 0.020028612303290415
1 0.3458969465648855 0.3050786838340486 0.01812977099236641 0.017882689556509297
1 0.3525763358778626 0.28934191702432044 0.01812977099236641 0.015021459227467811
1 0.34923664122137404 0.2979256080114449 0.02099236641221374 0.016452074391988557
1 0.308206106870229 0.09120171673819742 0.015267175572519083 0.013590844062947067
9 0.3077290076335878 0.09799713876967096 0.020038167938931296 0.024320457796852647
5 0.03959923664122137 0.6026466380543634 0.08110687022900763 0.17238912732474965
2 0.5477099236641221 0.30472103004291845 0.022900763358778626 0.027181688125894134
9 0.8344465648854962 0.453862660944206 0.025763358778625952 0.02932761087267525
3 0.8215648854961832 0.23068669527896996 0.061068702290076333 0.05507868383404864
2 0.8621183206106869 0.2113733905579399 0.020038167938931296 0.02646638054363376
2 0.3020038167938931 0.14949928469241774 0.020038167938931296 0.01859799713876967
