3 0.5742857142857143 0.5428571428571428 0.06666666666666667 0.08
3 0.6357142857142857 0.27071428571428574 0.03333333333333333 0.02857142857142857
3 0.6728571428571428 0.20107142857142857 0.025714285714285714 0.025
3 0.7028571428571428 0.16142857142857142 0.024761904761904763 0.02142857142857143
3 0.7076190476190476 0.125 0.022857142857142857 0.02
3 0.7076190476190476 0.06321428571428571 0.015238095238095238 0.010714285714285714
3 0.7280952380952381 0.07035714285714285 0.01619047619047619 0.013571428571428571
3 0.7376190476190476 0.019285714285714285 0.014285714285714285 0.007142857142857143
4 0.23047619047619047 0.5410714285714285 0.09333333333333334 0.105
3 0.3976190476190476 0.23892857142857143 0.03333333333333333 0.025
3 0.13904761904761906 0.7278571428571429 0.08190476190476191 0.04285714285714286
9 0.48142857142857143 0.17607142857142857 0.010476190476190476 0.017857142857142856
9 0.6895238095238095 0.6675 0.02857142857142857 0.03785714285714286
9 0.7342857142857143 0.6692857142857143 0.0380952380952381 0.041428571428571426
3 0.5576190476190476 0.09214285714285714 0.023809523809523808 0.012857142857142857
3 0.570952380952381 0.10857142857142857 0.018095238095238095 0.012857142857142857
3 0.6257142857142857 0.07357142857142857 0.013333333333333332 0.01
3 0.6390476190476191 0.05607142857142857 0.013333333333333332 0.010714285714285714
3 0.6080952380952381 0.06785714285714285 0.018095238095238095 0.01
8 0.6038095238095238 0.0875 0.024761904761904763 0.017857142857142856
3 0.660952380952381 0.030357142857142857 0.011428571428571429 0.0064285714285714285
3 0.6561904761904762 0.04107142857142857 0.013333333333333332 0.007857142857142858
3 0.6757142857142857 0.0125 0.012380952380952381 0.007857142857142858
3 0.6747619047619048 0.02 0.010476190476190476 0.005714285714285714
9 0.6090476190476191 0.04964285714285714 0.010476190476190476 0.012142857142857143
9 0.6495238095238095 0.02107142857142857 0.005714285714285714 0.007857142857142858
9 0.6428571428571429 0.02035714285714286 0.0038095238095238095 0.007857142857142858
3 0.5938095238095238 0.04214285714285714 0.02 0.007142857142857143
3 0.7480952380952381 0.05357142857142857 0.012380952380952381 0.011428571428571429
3 0.789047619047619 0.061785714285714284 0.018095238095238095 0.009285714285714286
3 0.8 0.05928571428571429 0.01904761904761905 0.01
1 0.6914285714285714 0.6542857142857142 0.017142857142857144 0.012857142857142857
1 0.74 0.6575 0.017142857142857144 0.016428571428571428
1 0.48238095238095235 0.17035714285714285 0.006666666666666666 0.007857142857142858
1 0.6109523809523809 0.0475 0.006666666666666666 0.005
1 0.6433333333333333 0.01892857142857143 0.002857142857142857 0.0035714285714285713
1 0.6504761904761904 0.02 0.0038095238095238095 0.004285714285714286
