3 0.4036666666666667 0.0565 0.033999999999999996 0.029
3 0.42666666666666664 0.0195 0.030666666666666665 0.024
4 0.27699999999999997 0.03825 0.05933333333333333 0.0285
1 0.8463333333333333 0.242 0.014 0.021
2 0.8466666666666667 0.248 0.013333333333333332 0.021
3 0.21733333333333332 0.15025 0.050666666666666665 0.0335
3 0.174 0.15025 0.050666666666666665 0.0375
3 0.08066666666666666 0.25 0.072 0.05
3 0.134 0.25575000000000003 0.06 0.0485
3 0.35866666666666663 0.1335 0.03733333333333333 0.033
3 0.32166666666666666 0.11175 0.04466666666666667 0.0285
3 0.211 0.38875 0.06999999999999999 0.0675
3 0.14266666666666666 0.51525 0.08533333333333333 0.0985
3 0.05266666666666667 0.37425 0.10666666666666666 0.0385
1 0.9783333333333333 0.65275 0.02333333333333333 0.0365
2 0.9743333333333333 0.65725 0.026 0.0505
4 1.0843333333333334 0.70925 0.10866666666666666 0.0805
3 0.9513333333333333 0.42625 0.06666666666666667 0.0665
2 1.1053333333333333 0.4255 0.03866666666666667 0.022
2 1.0933333333333333 0.40700000000000003 0.032 0.023
2 1.0793333333333333 0.3925 0.03333333333333333 0.023
2 1.0653333333333332 0.37575000000000003 0.036 0.0175
2 1.0556666666666665 0.35075 0.019333333333333334 0.0265
3 0.8893333333333333 0.29 0.052 0.043000000000000003
3 0.831 0.15225 0.04066666666666666 0.0335
3 0.8193333333333334 0.1165 0.028 0.033
