3 0.3638095238095238 0.12321428571428572 0.08761904761904762 0.03785714285714286
3 0.2480952380952381 0.24785714285714286 0.06 0.05142857142857143
3 0.32 0.2889285714285714 0.07428571428571429 0.05357142857142857
9 0.32476190476190475 0.32 0.03619047619047619 0.02142857142857143
3 0.3852380952380952 0.3225 0.08666666666666667 0.04928571428571429
9 0.3538095238095238 0.36214285714285716 0.037142857142857144 0.025714285714285714
3 0.40904761904761905 0.3675 0.07523809523809524 0.06642857142857143
1 0.46095238095238095 0.29642857142857143 0.011428571428571429 0.012857142857142857
9 0.46095238095238095 0.30142857142857143 0.013333333333333332 0.02142857142857143
1 0.8376190476190476 0.5428571428571428 0.02 0.017142857142857144
1 0.8576190476190476 0.47928571428571426 0.01619047619047619 0.017142857142857144
1 0.8985714285714286 0.4660714285714286 0.021904761904761906 0.016428571428571428
1 0.7152380952380952 0.42428571428571427 0.01904761904761905 0.017142857142857144
9 0.8357142857142857 0.5453571428571429 0.018095238095238095 0.03357142857142857
9 0.8566666666666667 0.4825 0.02 0.029285714285714286
9 0.8961904761904762 0.46964285714285714 0.024761904761904763 0.027857142857142858
9 0.7166666666666667 0.42857142857142855 0.01619047619047619 0.03142857142857143
3 0.7523809523809524 0.5114285714285715 0.049523809523809526 0.08285714285714285
3 0.6485714285714286 0.39107142857142857 0.0380952380952381 0.056428571428571425
3 0.6580952380952381 0.2646428571428571 0.04380952380952381 0.062142857142857146
5 0.6347619047619047 0.15142857142857144 0.058095238095238096 0.06571428571428571
3 1.1557142857142857 0.2075 0.08285714285714285 0.03214285714285714
3 1.2733333333333334 0.19392857142857142 0.07809523809523809 0.03785714285714286
9 1.286190476190476 0.285 0.03142857142857143 0.018571428571428572
3 1.0652380952380953 0.2892857142857143 0.07714285714285714 0.05
3 1.0323809523809524 0.3246428571428571 0.08952380952380952 0.05071428571428571
3 1.1385714285714286 0.3475 0.08095238095238096 0.047857142857142855
3 1.171904761904762 0.3271428571428571 0.08666666666666667 0.054285714285714284
4 1.2076190476190476 0.3157142857142857 0.0838095238095238 0.05142857142857143
