3 0.6547619047619048 0.41928571428571426 0.029523809523809525 0.04857142857142857
3 0.7447619047619047 0.26 0.01904761904761905 0.022857142857142857
3 0.6942857142857143 0.24928571428571428 0.02095238095238095 0.02857142857142857
3 0.680952380952381 0.1982142857142857 0.01904761904761905 0.02642857142857143
3 0.719047619047619 0.1625 0.015238095238095238 0.016428571428571428
8 0.7147619047619047 0.3757142857142857 0.04285714285714286 0.09
3 0.6438095238095238 0.3221428571428571 0.022857142857142857 0.032857142857142856
3 0.6423809523809524 0.28464285714285714 0.025714285714285714 0.03785714285714286
3 0.6409523809523809 0.2425 0.024761904761904763 0.029285714285714286
3 0.6385714285714286 0.21821428571428572 0.023809523809523808 0.02214285714285714
3 0.6385714285714286 0.19392857142857142 0.018095238095238095 0.02642857142857143
3 0.6376190476190476 0.12285714285714286 0.018095238095238095 0.02
3 0.6385714285714286 0.10357142857142858 0.01619047619047619 0.02
3 0.638095238095238 0.08178571428571428 0.015238095238095238 0.016428571428571428
3 0.6361904761904762 0.15714285714285714 0.017142857142857144 0.018571428571428572
3 0.6376190476190476 0.13964285714285715 0.018095238095238095 0.015
3 0.6342857142857142 0.017857142857142856 0.013333333333333332 0.011428571428571429
3 0.6319047619047619 0.029642857142857144 0.014285714285714285 0.010714285714285714
3 0.6371428571428571 0.0575 0.015238095238095238 0.017857142857142856
3 0.7176190476190476 0.05035714285714286 0.02761904761904762 0.012142857142857143
3 0.7042857142857143 0.0175 0.010476190476190476 0.009285714285714286
3 0.7 0.005 0.011428571428571429 0.01
3 0.7066666666666667 0.026071428571428572 0.009523809523809525 0.007857142857142858
3 0.6361904761904762 0.0017857142857142857 0.009523809523809525 0.005
3 0.6680952380952381 0.04107142857142857 0.010476190476190476 0.012142857142857143
3 0.6961904761904761 0.07285714285714286 0.013333333333333332 0.011428571428571429
3 0.7076190476190476 0.10964285714285714 0.015238095238095238 0.012142857142857143
3 0.6695238095238095 0.1175 0.015238095238095238 0.02214285714285714
3 0.6561904761904762 0.06107142857142857 0.007619047619047619 0.012142857142857143
9 0.6514285714285715 0.029642857142857144 0.0038095238095238095 0.010714285714285714
9 0.66 0.029642857142857144 0.0038095238095238095 0.007857142857142858
9 0.6557142857142857 0.07642857142857143 0.004761904761904762 0.01
9 0.690952380952381 0.0475 0.006666666666666666 0.009285714285714286
9 0.7271428571428571 0.10928571428571429 0.004761904761904762 0.008571428571428572
9 0.7704761904761904 0.3053571428571429 0.007619047619047619 0.013571428571428571
9 0.8657142857142857 0.6067857142857143 0.015238095238095238 0.023571428571428573
4 0.9095238095238095 0.30357142857142855 0.02857142857142857 0.03571428571428571
3 0.9990476190476191 0.265 0.03428571428571429 0.03428571428571429
3 0.8042857142857143 0.15178571428571427 0.006666666666666666 0.010714285714285714
3 0.8738095238095238 0.2092857142857143 0.023809523809523808 0.022857142857142857
3 0.7852380952380953 0.04928571428571429 0.025714285714285714 0.014285714285714285
3 1.0438095238095237 0.4807142857142857 0.08761904761904762 0.03857142857142857
3 1.0157142857142858 0.4375 0.07333333333333333 0.03214285714285714
3 1.1542857142857144 0.3367857142857143 0.05333333333333333 0.05785714285714286
3 1.0666666666666667 0.3142857142857143 0.0419047619047619 0.037142857142857144
4 1.0480952380952382 0.26607142857142857 0.035238095238095235 0.035
3 1.1133333333333333 0.26785714285714285 0.03428571428571429 0.03142857142857143
3 1.0776190476190477 0.26071428571428573 0.037142857142857144 0.03857142857142857
3 1.3104761904761906 0.34 0.0419047619047619 0.03857142857142857
3 1.0571428571428572 0.4057142857142857 0.0761904761904762 0.03142857142857143
1 0.650952380952381 0.0275 0.002857142857142857 0.005
1 0.6904761904761905 0.045 0.005714285714285714 0.005714285714285714
1 0.6557142857142857 0.07428571428571429 0.002857142857142857 0.005714285714285714
1 0.7276190476190476 0.10785714285714286 0.0038095238095238095 0.005714285714285714
1 0.6595238095238095 0.02857142857142857 0.002857142857142857 0.005714285714285714
1 0.7714285714285715 0.30214285714285716 0.005714285714285714 0.008571428571428572
1 0.8666666666666667 0.6010714285714286 0.009523809523809525 0.013571428571428571
