3 0.5088832487309645 0.17464285714285716 0.08629441624365482 0.023571428571428573
3 1.2601522842639592 0.12357142857142857 0.09390862944162436 0.024285714285714285
3 1.0507614213197969 0.35285714285714287 0.07106598984771573 0.037142857142857144
3 0.9447969543147208 0.26071428571428573 0.09263959390862943 0.02
3 1.280456852791878 0.3107142857142857 0.09137055837563451 0.027142857142857142
4 1.1960659898477157 0.45035714285714284 0.052030456852791875 0.05785714285714286
4 0.8356598984771573 0.28535714285714286 0.09010152284263959 0.02214285714285714
4 0.12246192893401014 0.18321428571428572 0.08756345177664974 0.02214285714285714
4 0.656725888324873 0.14214285714285715 0.09263959390862943 0.022857142857142857
3 0.03489847715736041 0.14607142857142857 0.07233502538071065 0.019285714285714285
5 0.04505076142131979 0.11785714285714285 0.09263959390862943 0.037142857142857144
3 0.8756345177664974 0.04178571428571429 0.06598984771573603 0.020714285714285713
8 1.2753807106598984 0.2742857142857143 0.2512690355329949 0.04857142857142857
8 1.688451776649746 0.27714285714285714 0.17385786802030456 0.05142857142857143
3 1.157994923857868 0.25785714285714284 0.06218274111675126 0.018571428571428572
3 1.4060913705583755 0.26107142857142857 0.06598984771573603 0.019285714285714285
3 1.5583756345177664 0.2596428571428571 0.07360406091370558 0.019285714285714285
