3 0.07857142857142857 0.6764285714285714 0.15904761904761905 0.08142857142857143
3 0.4514285714285714 0.5264285714285715 0.10476190476190476 0.03428571428571429
3 0.5585714285714286 0.4425 0.054285714285714284 0.015
4 0.35 0.4475 0.035238095238095235 0.020714285714285713
3 0.4442857142857143 0.37142857142857144 0.01619047619047619 0.004285714285714286
3 0.3942857142857143 0.3675 0.009523809523809525 0.005
5 1.02 0.45714285714285713 0.04380952380952381 0.02857142857142857
3 1.0323809523809524 0.5003571428571428 0.08190476190476191 0.023571428571428573
3 1.1966666666666668 0.5 0.08476190476190476 0.027142857142857142
1 1.292857142857143 0.48178571428571426 0.014285714285714285 0.015
2 1.291904761904762 0.4882142857142857 0.023809523809523808 0.013571428571428571
3 1.2652380952380953 0.5692857142857143 0.12285714285714286 0.037142857142857144
