3 0.7785532994923857 0.11535714285714285 0.05456852791878172 0.062142857142857146
3 0.8934010152284263 0.1275 0.06091370558375634 0.06642857142857143
3 0.3705583756345177 0.2882142857142857 0.06852791878172589 0.07214285714285715
3 0.516497461928934 0.2982142857142857 0.07868020304568528 0.07357142857142857
3 0.4511421319796954 0.2860714285714286 0.07994923857868019 0.07785714285714286
3 0.633248730964467 0.3082142857142857 0.06345177664974619 0.06928571428571428
3 0.6725888324873096 0.23 0.06345177664974619 0.06571428571428571
3 0.7366751269035532 0.24 0.06979695431472081 0.06571428571428571
3 0.8565989847715736 0.24678571428571427 0.055837563451776644 0.06357142857142857
3 0.7036802030456852 0.31107142857142855 0.06725888324873096 0.06357142857142857
3 0.7645939086294415 0.3175 0.06218274111675126 0.06928571428571428
3 0.8331218274111675 0.31214285714285717 0.06725888324873096 0.07142857142857142
3 0.897208121827411 0.3267857142857143 0.06598984771573603 0.08071428571428571
3 0.9663705583756345 0.3289285714285714 0.05964467005076142 0.07928571428571428
3 1.0355329949238579 0.3342857142857143 0.06598984771573603 0.07142857142857142
3 1.115482233502538 0.3339285714285714 0.06852791878172589 0.06642857142857143
3 0.516497461928934 0.4496428571428571 0.07614213197969542 0.07785714285714286
3 0.348984771573604 0.52 0.07868020304568528 0.08
3 1.6180203045685277 0.031071428571428573 0.11167512690355329 0.035
3 1.2347715736040608 0.016785714285714286 0.12436548223350252 0.03214285714285714
3 1.0748730964467004 0.13035714285714287 0.06345177664974619 0.07214285714285715
3 0.9993654822335024 0.2542857142857143 0.06979695431472081 0.07428571428571429
3 0.5888324873096447 0.4517857142857143 0.08629441624365482 0.08785714285714286
3 0.6592639593908629 0.45714285714285713 0.07994923857868019 0.08
3 0.7303299492385786 0.4635714285714286 0.06725888324873096 0.08
3 0.7969543147208121 0.47285714285714286 0.07868020304568528 0.08428571428571428
3 0.8680203045685279 0.4764285714285714 0.07106598984771573 0.08857142857142856
3 1.015228426395939 0.49142857142857144 0.06091370558375634 0.08857142857142856
3 1.0913705583756343 0.49392857142857144 0.06345177664974619 0.08928571428571429
3 1.4600253807106598 0.5064285714285715 0.06979695431472081 0.09
3 1.5970812182741116 0.5203571428571429 0.07994923857868019 0.08214285714285714
3 1.6770304568527918 0.5196428571428572 0.06725888324873096 0.08357142857142857
3 0.47969543147208116 0.5260714285714285 0.07614213197969542 0.07071428571428572
3 0.5571065989847716 0.5321428571428571 0.08375634517766496 0.05857142857142857
3 0.6288071065989848 0.5321428571428571 0.07233502538071065 0.05857142857142857
3 0.699238578680203 0.5375 0.08121827411167512 0.045
3 0.8477157360406091 0.5435714285714286 0.06852791878172589 0.03571428571428571
3 0.9175126903553299 0.545 0.06598984771573603 0.032857142857142856
4 0.9441624365482233 0.48035714285714287 0.06345177664974619 0.08785714285714286
4 0.8356598984771573 0.11464285714285714 0.06472081218274112 0.07928571428571428
4 1.383248730964467 0.49642857142857144 0.08121827411167512 0.09428571428571429
5 1.4682741116751268 0.39321428571428574 0.10406091370558375 0.11071428571428571
5 1.7157360406091369 0.41464285714285715 0.11928934010152284 0.12071428571428572
5 1.4714467005076142 0.1757142857142857 0.09517766497461928 0.10714285714285714
5 1.6243654822335025 0.18285714285714286 0.10659898477157359 0.11428571428571428
5 1.7074873096446699 0.18821428571428572 0.09517766497461928 0.12071428571428572
4 0.052030456852791875 0.31892857142857145 0.09137055837563451 0.07642857142857143
