3 0.03333333333333333 0.528 0.06799999999999999 0.07100000000000001
3 0.11466666666666667 0.4905 0.108 0.063
3 0.25 0.46175 0.08666666666666667 0.051500000000000004
3 0.413 0.4615 0.134 0.05
3 0.49266666666666664 0.44425000000000003 0.11599999999999999 0.043500000000000004
3 0.6393333333333333 0.40025 0.11333333333333333 0.0315
1 0.608 0.37625000000000003 0.010666666666666666 0.0115
3 0.695 0.372 0.08466666666666667 0.023
3 0.774 0.3835 0.04533333333333333 0.032
3 0.7566666666666666 0.34925 0.06799999999999999 0.0175
4 0.7296666666666667 0.33975 0.051333333333333335 0.0185
3 0.7533333333333333 0.33925 0.04933333333333333 0.0145
3 0.7966666666666666 0.3135 0.04 0.012
3 0.8063333333333333 0.31275000000000003 0.03933333333333333 0.0105
3 0.8076666666666666 0.303 0.026 0.008
8 0.815 0.295 0.019333333333333334 0.015
3 0.9613333333333333 0.41475 0.11733333333333333 0.0345
3 0.9483333333333333 0.384 0.08733333333333333 0.026000000000000002
4 0.9316666666666666 0.3695 0.086 0.022
8 0.891 0.2985 0.019333333333333334 0.017
3 0.9269999999999999 0.3015 0.026 0.008
3 0.9196666666666666 0.29925 0.024666666666666667 0.0075
3 0.9186666666666666 0.2965 0.022666666666666665 0.007
3 0.9199999999999999 0.2925 0.021333333333333333 0.007
3 1.0876666666666666 0.325 0.02333333333333333 0.012
