3 1.2207792207792207 0.5383611691022964 0.061224489795918366 0.0464509394572025
3 1.4086270871985158 0.5007828810020877 0.075139146567718 0.05897703549060542
3 1.4308905380333952 0.5467118997912317 0.075139146567718 0.02974947807933194
3 1.7346938775510203 0.4613778705636743 0.0816326530612245 0.038622129436325675
3 1.6563079777365493 0.44415448851774525 0.09183673469387756 0.03549060542797494
4 1.5932282003710576 0.4230167014613778 0.10853432282003711 0.03079331941544885
3 1.534786641929499 0.4052713987473904 0.10667903525046382 0.02766179540709812
3 1.4744897959183674 0.3875260960334029 0.10296846011131726 0.02661795407098121
3 1.436456400742115 0.36743215031315235 0.08441558441558442 0.026096033402922752
4 1.3487940630797774 0.3186325678496868 0.07421150278293136 0.025574112734864297
3 1.3167903525046383 0.30506263048016696 0.07328385899814471 0.022442588726513567
3 1.301948051948052 0.2862734864300626 0.07142857142857142 0.025574112734864297
3 1.299165120593692 0.26983298538622125 0.07142857142857142 0.019832985386221292
3 1.2922077922077921 0.24999999999999997 0.0575139146567718 0.020876826722338204
3 1.269016697588126 0.2369519832985386 0.055658627087198514 0.018789144050104383
3 1.238404452690167 0.223643006263048 0.061224489795918366 0.01826722338204593
3 1.2319109461966604 0.21111691022964507 0.06493506493506494 0.016179540709812108
3 1.221243042671614 0.17301670146137785 0.05473098330241188 0.014091858037578286
3 1.1252319109461966 0.3079331941544885 0.08348794063079777 0.025052192066805843
3 1.1377551020408163 0.2956680584551148 0.08256029684601113 0.022442588726513567
3 1.1150278293135436 0.2703549060542797 0.07421150278293136 0.018789144050104383
3 1.1131725417439704 0.25808977035490605 0.07235621521335807 0.016179540709812108
3 1.1219851576994435 0.23747390396659707 0.06771799628942486 0.01774530271398747
3 1.114100185528757 0.19128392484342377 0.059369202226345084 0.016179540709812108
4 1.114100185528757 0.1696242171189979 0.0463821892393321 0.015657620041753653
2 1.098330241187384 0.21111691022964507 0.022263450834879406 0.006784968684759916
9 1.2662337662337662 0.19650313152400833 0.01855287569573284 0.009916492693110646
4 1.2476808905380334 0.15109603340292274 0.0463821892393321 0.015135699373695197
3 1.1187384044526902 0.15683716075156576 0.055658627087198514 0.014091858037578286
3 0.9253246753246753 0.22103340292275572 0.030612244897959183 0.019311064718162838
4 0.9795918367346939 0.1779749478079332 0.02411873840445269 0.018789144050104383
5 0.9141929499072357 0.1231732776617954 0.05473098330241188 0.05427974947807933
1 0.974025974025974 0.05088726513569937 0.0037105751391465678 0.004697286012526096
1 0.9935064935064936 0.02766179540709812 0.0037105751391465678 0.005219206680584551
9 0.9744897959183674 0.05375782881002087 0.013914656771799629 0.005219206680584551
9 0.9935064935064936 0.029227557411273482 0.00927643784786642 0.005219206680584551
3 1.0510204081632653 0.033402922755741124 0.012987012987012988 0.008350730688935281
4 1.082560296846011 0.043580375782881 0.029684601113172542 0.008872651356993735
