3 0.7295238095238096 0.11678571428571428 0.0038095238095238095 0.0035714285714285713
3 0.69 0.15571428571428572 0.006666666666666666 0.005714285714285714
3 0.6761904761904762 0.1682142857142857 0.009523809523809525 0.007857142857142858
3 0.6257142857142857 0.2117857142857143 0.013333333333333332 0.009285714285714286
3 0.6776190476190476 0.15928571428571428 0.006666666666666666 0.007142857142857143
3 0.6885714285714286 0.14892857142857144 0.005714285714285714 0.005
3 0.6880952380952381 0.14035714285714285 0.006666666666666666 0.005
3 0.6819047619047619 0.1457142857142857 0.005714285714285714 0.005714285714285714
3 0.700952380952381 0.15357142857142858 0.005714285714285714 0.004285714285714286
3 0.6804761904761905 0.15321428571428572 0.008571428571428572 0.0064285714285714285
5 0.6638095238095238 0.16535714285714287 0.011428571428571429 0.012142857142857143
4 0.57 0.21357142857142858 0.008571428571428572 0.01
3 0.62 0.25857142857142856 0.017142857142857144 0.014285714285714285
3 0.6466666666666666 0.18607142857142858 0.009523809523809525 0.009285714285714286
5 0.6652380952380952 0.1792857142857143 0.018095238095238095 0.015714285714285715
5 0.6514285714285715 0.16 0.01904761904761905 0.02
5 0.5661904761904762 0.3482142857142857 0.039047619047619046 0.03642857142857143
5 0.5966666666666667 0.2860714285714286 0.039047619047619046 0.052142857142857144
5 0.7347619047619047 0.2932142857142857 0.02761904761904762 0.020714285714285713
1 0.5576190476190476 0.3157142857142857 0.006666666666666666 0.008571428571428572
1 0.5314285714285715 0.33214285714285713 0.007619047619047619 0.007142857142857143
9 0.530952380952381 0.3360714285714286 0.008571428571428572 0.013571428571428571
9 0.5580952380952381 0.3196428571428571 0.005714285714285714 0.009285714285714286
9 0.18666666666666668 0.6510714285714285 0.022857142857142857 0.025
9 0.26142857142857145 0.5510714285714285 0.035238095238095235 0.013571428571428571
9 0.3223809523809524 0.4967857142857143 0.021904761904761906 0.025
9 0.22380952380952382 0.6264285714285714 0.02857142857142857 0.02857142857142857
9 0.1742857142857143 0.6689285714285714 0.0419047619047619 0.020714285714285713
9 0.23095238095238096 0.6546428571428572 0.023809523809523808 0.030714285714285715
9 0.4238095238095238 0.5607142857142857 0.015238095238095238 0.03142857142857143
9 0.6204761904761905 0.5882142857142857 0.012380952380952381 0.02642857142857143
9 0.6457142857142857 0.4903571428571429 0.01904761904761905 0.020714285714285713
2 0.4828571428571429 0.4225 0.009523809523809525 0.016428571428571428
1 0.48 0.41892857142857143 0.005714285714285714 0.009285714285714286
1 0.48333333333333334 0.41785714285714287 0.008571428571428572 0.01
1 0.4228571428571429 0.555 0.013333333333333332 0.014285714285714285
5 0.8738095238095238 0.20142857142857143 0.010476190476190476 0.01
5 0.8680952380952381 0.18928571428571428 0.012380952380952381 0.011428571428571429
5 0.8533333333333333 0.18535714285714286 0.017142857142857144 0.020714285714285713
3 0.5547619047619048 0.23035714285714284 0.012380952380952381 0.012142857142857143
4 0.5252380952380953 0.1717857142857143 0.018095238095238095 0.0064285714285714285
3 0.5280952380952381 0.1717857142857143 0.012380952380952381 0.007857142857142858
4 0.5580952380952381 0.15285714285714286 0.017142857142857144 0.007142857142857143
4 0.58 0.16785714285714284 0.017142857142857144 0.008571428571428572
4 0.6038095238095238 0.16607142857142856 0.015238095238095238 0.0064285714285714285
3 0.6033333333333334 0.15178571428571427 0.014285714285714285 0.005
3 0.5776190476190476 0.14821428571428572 0.014285714285714285 0.005
