3 0.6306666666666666 0.68425 0.08533333333333333 0.1305
3 0.48766666666666664 0.5327500000000001 0.094 0.0895
3 0.4443333333333333 0.46925 0.09133333333333334 0.0755
4 0.8016666666666666 0.4935 0.056666666666666664 0.063
3 0.7436666666666666 0.4575 0.04733333333333333 0.053
4 0.9256666666666666 0.42825 0.08866666666666666 0.0575
3 0.6393333333333333 0.3975 0.09066666666666666 0.043000000000000003
9 1.0026666666666666 0.336 0.02 0.021
9 1.0456666666666665 0.31975000000000003 0.02733333333333333 0.0165
3 0.9543333333333333 0.32375 0.078 0.0325
4 0.748 0.314 0.06533333333333333 0.032
2 0.7929999999999999 0.27875 0.01 0.0115
6 0.7806666666666666 0.2765 0.013333333333333332 0.011
4 0.6346666666666666 0.226 0.034666666666666665 0.021
3 0.5973333333333333 0.20225 0.03333333333333333 0.0145
5 0.5116666666666666 0.20825 0.04733333333333333 0.0315
3 0.48533333333333334 0.1985 0.042666666666666665 0.014
9 0.5066666666666666 0.1905 0.013333333333333332 0.01
9 0.5353333333333333 0.185 0.012 0.008
5 1.2523333333333333 0.21425 0.07266666666666667 0.0245
3 1.274 0.21725 0.048 0.0155
3 1.2146666666666666 0.20875 0.05466666666666666 0.0125
3 1.1496666666666666 0.2 0.04466666666666667 0.014
3 1.1093333333333333 0.20575000000000002 0.04933333333333333 0.0145
3 1.101 0.1935 0.041999999999999996 0.013000000000000001
3 1.0576666666666665 0.1975 0.04733333333333333 0.014
4 0.7376666666666667 0.14250000000000002 0.022 0.01
4 0.7146666666666667 0.13975 0.021333333333333333 0.0095
3 0.6963333333333334 0.13875 0.020666666666666667 0.0075
3 1.256 0.7155 0.15333333333333332 0.066
9 0.5616666666666666 0.47275 0.022 0.0285
1 0.5623333333333334 0.46575 0.022 0.0275
1 0.5576666666666666 0.46 0.015333333333333332 0.019
3 0.351 0.38775 0.05933333333333333 0.043500000000000004
3 0.317 0.35000000000000003 0.054 0.043000000000000003
5 0.29666666666666663 0.32 0.052 0.042
3 0.5783333333333334 0.36525 0.08866666666666666 0.0315
3 0.5539999999999999 0.3435 0.08266666666666667 0.03
4 0.5216666666666666 0.3195 0.04733333333333333 0.03
3 0.475 0.30775 0.033999999999999996 0.025500000000000002
4 0.45 0.27025 0.076 0.0395
3 0.38066666666666665 0.24175 0.03333333333333333 0.0185
3 0.3983333333333333 0.22575 0.04066666666666666 0.0165
3 0.36 0.2325 0.029333333333333333 0.017
3 0.311 0.23775000000000002 0.033999999999999996 0.0195
5 0.32566666666666666 0.20875 0.02733333333333333 0.021500000000000002
3 0.22333333333333333 0.25475000000000003 0.036 0.025500000000000002
4 0.37666666666666665 0.149 0.018666666666666665 0.011
3 0.34099999999999997 0.13375 0.014 0.006500000000000001
3 0.31966666666666665 0.14325000000000002 0.02733333333333333 0.0075
3 0.44366666666666665 0.16825 0.020666666666666667 0.0105
1 0.523 0.1775 0.007333333333333333 0.007
9 0.39599999999999996 0.148 0.006666666666666666 0.006
9 0.262 0.178 0.008 0.008
1 0.26166666666666666 0.176 0.007333333333333333 0.009000000000000001
3 0.143 0.14175000000000001 0.015333333333333332 0.0075
3 0.15966666666666665 0.12825 0.012666666666666666 0.0075
3 0.152 0.121 0.010666666666666666 0.005
3 0.193 0.221 0.02733333333333333 0.02
3 0.18533333333333332 0.20975 0.02 0.0115
3 0.18166666666666667 0.20125 0.022 0.0115
3 0.15966666666666665 0.178 0.022 0.011
3 0.15433333333333332 0.17175 0.020666666666666667 0.0085
3 0.14666666666666667 0.16525 0.02 0.0095
4 0.11933333333333333 0.11 0.009333333333333332 0.007
5 0.102 0.10425 0.010666666666666666 0.0075
3 0.12433333333333332 0.1075 0.007333333333333333 0.006
3 0.11266666666666666 0.1 0.006666666666666666 0.005
3 0.11 0.094 0.006666666666666666 0.004
3 0.09633333333333333 0.0935 0.01 0.004
4 0.057999999999999996 0.0955 0.006666666666666666 0.005
