3 0.25066666666666665 0.64175 0.072 0.0675
3 0.5893333333333333 0.464 0.029333333333333333 0.031
3 0.5256666666666666 0.294 0.018 0.011
4 0.6086666666666667 0.2465 0.025333333333333333 0.01
3 0.5996666666666667 0.24175 0.01 0.0075
3 0.5986666666666667 0.23750000000000002 0.009333333333333332 0.006
3 0.5963333333333333 0.23375 0.012666666666666666 0.006500000000000001
3 0.607 0.23125 0.011333333333333332 0.0075
3 0.5946666666666667 0.1965 0.017333333333333333 0.006
3 0.5956666666666667 0.195 0.019333333333333334 0.006
3 0.595 0.1925 0.016666666666666666 0.005
3 0.5953333333333333 0.191 0.016 0.005
3 0.601 0.1815 0.011333333333333332 0.004
3 0.6 0.17975 0.006666666666666666 0.0035
4 0.6216666666666667 0.18025 0.007333333333333333 0.0045000000000000005
3 0.6103333333333333 0.17475000000000002 0.006 0.0035
3 0.593 0.17725 0.011333333333333332 0.0045000000000000005
3 0.5913333333333333 0.176 0.012 0.004
3 0.6086666666666667 0.17375000000000002 0.006666666666666666 0.0035
3 0.591 0.167 0.008666666666666666 0.003
3 0.5976666666666667 0.17 0.006 0.003
3 0.601 0.171 0.007333333333333333 0.003
3 0.5933333333333333 0.17425000000000002 0.006666666666666666 0.0035
4 0.573 0.15975 0.01 0.0035
5 0.6276666666666666 0.23275 0.012666666666666666 0.0155
3 0.628 0.225 0.009333333333333332 0.005
3 0.583 0.51425 0.038 0.0425
