3 0.4430555555555556 0.73125 0.075 0.03333333333333333
3 0.5402777777777777 0.696875 0.10277777777777779 0.03958333333333333
3 0.5666666666666667 0.6510416666666666 0.09444444444444444 0.04375
3 0.6013888888888889 0.5229166666666667 0.08611111111111111 0.029166666666666667
3 0.8194444444444445 0.49374999999999997 0.07222222222222223 0.025
4 0.6708333333333334 0.45208333333333334 0.036111111111111115 0.04583333333333333
3 0.5972222222222222 0.43645833333333334 0.06666666666666667 0.03125
3 0.7861111111111111 0.41562499999999997 0.061111111111111116 0.022916666666666665
4 0.763888888888889 0.3802083333333333 0.061111111111111116 0.022916666666666665
3 0.6069444444444445 0.34479166666666666 0.058333333333333334 0.01875
4 0.5722222222222223 0.321875 0.044444444444444446 0.01875
3 0.5805555555555556 0.309375 0.05555555555555556 0.014583333333333334
3 0.8347222222222223 0.190625 0.019444444444444445 0.014583333333333334
3 0.5736111111111112 0.19791666666666666 0.04166666666666667 0.0125
3 0.5805555555555556 0.18541666666666667 0.03333333333333333 0.0125
3 0.6680555555555556 0.10625 0.025 0.008333333333333333
3 0.6583333333333333 0.096875 0.02777777777777778 0.010416666666666666
3 0.6513888888888889 0.078125 0.025 0.00625
3 0.6472222222222223 0.058333333333333334 0.022222222222222223 0.008333333333333333
3 1.1930555555555555 0.19583333333333333 0.036111111111111115 0.016666666666666666
3 1.0763888888888888 0.125 0.030555555555555558 0.0125
5 0.9611111111111111 0.058333333333333334 0.02777777777777778 0.016666666666666666
5 1.0777777777777777 0.109375 0.03888888888888889 0.022916666666666665
3 0.5597222222222222 0.13645833333333332 0.030555555555555558 0.010416666666666666
8 0.5583333333333333 0.109375 0.022222222222222223 0.027083333333333334
8 0.638888888888889 0.1125 0.022222222222222223 0.025
