3 0.950952380952381 0.6825 0.2733333333333333 0.125
4 0.8757142857142857 0.5553571428571429 0.27904761904761904 0.10785714285714286
3 0.8538095238095238 0.4614285714285714 0.23714285714285716 0.09714285714285714
3 0.8823809523809524 0.3221428571428571 0.20285714285714285 0.08142857142857143
3 0.8976190476190476 0.2571428571428571 0.19523809523809524 0.07428571428571429
3 0.6652380952380952 0.1525 0.0980952380952381 0.09357142857142857
3 0.7014285714285714 0.05392857142857143 0.07333333333333333 0.085
3 0.5476190476190477 0.3514285714285714 0.12571428571428572 0.1457142857142857
3 0.45666666666666667 0.5364285714285715 0.17047619047619048 0.16428571428571428
3 0.1719047619047619 0.2507142857142857 0.14761904761904762 0.12857142857142856
3 0.3109523809523809 0.10785714285714286 0.11142857142857143 0.09285714285714286
3 0.17142857142857143 0.12678571428571428 0.13714285714285715 0.105
3 0.07523809523809524 0.10928571428571429 0.14095238095238094 0.10142857142857142
2 0.9295238095238095 0.09428571428571429 0.06476190476190476 0.02142857142857143
9 0.9242857142857143 0.08142857142857143 0.07523809523809524 0.02857142857142857
3 0.9438095238095238 0.039285714285714285 0.16 0.06
3 0.05333333333333333 0.2625 0.10857142857142857 0.12785714285714286
