3 1.020939086294416 0.4767857142857143 0.06725888324873096 0.025
3 0.998730964467005 0.4517857142857143 0.05837563451776649 0.02214285714285714
3 0.9054568527918782 0.4707142857142857 0.06725888324873096 0.027142857142857142
5 0.9098984771573604 0.5003571428571428 0.07614213197969542 0.027857142857142858
4 0.8013959390862944 0.5221428571428571 0.07741116751269035 0.02857142857142857
5 0.7607868020304568 0.4975 0.16878172588832485 0.05071428571428571
3 0.697969543147208 0.5396428571428571 0.07614213197969542 0.02642857142857143
3 0.5780456852791878 0.5335714285714286 0.07994923857868019 0.02857142857142857
3 0.4828680203045685 0.5528571428571428 0.07994923857868019 0.017142857142857144
8 1.3286802030456852 0.15607142857142858 0.08375634517766496 0.052142857142857144
