3 0.2866666666666667 0.2642857142857143 0.03619047619047619 0.014285714285714285
3 0.03333333333333333 0.3221428571428571 0.06095238095238095 0.02142857142857143
8 0.11952380952380952 0.3314285714285714 0.06571428571428571 0.06
8 0.18571428571428572 0.31785714285714284 0.05904761904761905 0.06285714285714286
8 0.24571428571428572 0.31392857142857145 0.06095238095238095 0.060714285714285714
8 0.30047619047619045 0.30857142857142855 0.07333333333333333 0.06285714285714286
3 0.3076190476190476 0.25107142857142856 0.03619047619047619 0.016428571428571428
2 0.3047619047619048 0.37035714285714283 0.026666666666666665 0.015
3 0.6271428571428571 0.48464285714285715 0.12857142857142856 0.05785714285714286
3 0.3180952380952381 0.5428571428571428 0.1676190476190476 0.08
3 0.2509523809523809 0.5171428571428571 0.15523809523809523 0.06285714285714286
3 0.42666666666666664 0.39964285714285713 0.10857142857142857 0.030714285714285715
3 0.7961904761904762 0.5414285714285715 0.15047619047619049 0.08
3 0.729047619047619 0.4157142857142857 0.09428571428571429 0.045714285714285714
3 0.7404761904761905 0.37714285714285717 0.09238095238095238 0.03142857142857143
3 0.8328571428571429 0.3289285714285714 0.06952380952380953 0.02642857142857143
3 0.9414285714285714 0.3442857142857143 0.06761904761904762 0.02857142857142857
3 0.9585714285714285 0.3767857142857143 0.08095238095238096 0.035
4 0.8514285714285714 0.40785714285714286 0.08952380952380952 0.05
4 1.078095238095238 0.3442857142857143 0.07428571428571429 0.03857142857142857
3 0.39285714285714285 0.3682142857142857 0.08476190476190476 0.03357142857142857
3 0.48523809523809525 0.35035714285714287 0.07904761904761905 0.027857142857142858
3 0.5633333333333334 0.3367857142857143 0.07523809523809524 0.027857142857142858
3 0.6195238095238095 0.35 0.07333333333333333 0.025714285714285714
5 0.5471428571428572 0.30857142857142855 0.05619047619047619 0.027142857142857142
5 0.7376190476190476 0.3132142857142857 0.09047619047619047 0.04642857142857143
5 1.1961904761904762 0.2757142857142857 0.06095238095238095 0.032857142857142856
1 0.17238095238095238 0.4160714285714286 0.015238095238095238 0.025
1 0.1957142857142857 0.42214285714285715 0.014285714285714285 0.022857142857142857
1 0.31952380952380954 0.3871428571428571 0.01619047619047619 0.02
1 0.35714285714285715 0.35428571428571426 0.009523809523809525 0.015714285714285715
1 0.5261904761904762 0.3535714285714286 0.012380952380952381 0.017142857142857144
1 0.43476190476190474 0.3653571428571429 0.018095238095238095 0.02214285714285714
2 0.5285714285714286 0.3603571428571429 0.03238095238095238 0.017857142857142856
2 0.5823809523809523 0.3410714285714286 0.023809523809523808 0.010714285714285714
1 0.5823809523809523 0.3364285714285714 0.014285714285714285 0.014285714285714285
9 0.43523809523809526 0.3732142857142857 0.03619047619047619 0.017857142857142856
9 0.32142857142857145 0.3939285714285714 0.037142857142857144 0.020714285714285713
9 0.19666666666666666 0.42928571428571427 0.05047619047619047 0.025714285714285714
9 0.17238095238095238 0.4235714285714286 0.0419047619047619 0.018571428571428572
1 0.023333333333333334 0.4525 0.025714285714285714 0.02642857142857143
9 0.3557142857142857 0.3628571428571429 0.025714285714285714 0.011428571428571429
1 0.6871428571428572 0.3192857142857143 0.010476190476190476 0.018571428571428572
2 0.6904761904761905 0.32571428571428573 0.026666666666666665 0.012857142857142857
3 0.7095238095238096 0.3067857142857143 0.05142857142857143 0.025
4 0.7576190476190476 0.2857142857142857 0.04666666666666667 0.027142857142857142
3 0.809047619047619 0.26964285714285713 0.05047619047619047 0.017857142857142856
1 0.8242857142857143 0.2842857142857143 0.010476190476190476 0.015714285714285715
9 0.8252380952380952 0.2885714285714286 0.02 0.01
3 0.780952380952381 0.24107142857142858 0.015238095238095238 0.015
1 1.0052380952380953 0.31464285714285717 0.012380952380952381 0.019285714285714285
3 1.0847619047619048 0.3092857142857143 0.05142857142857143 0.024285714285714285
3 1.160952380952381 0.3 0.049523809523809526 0.02142857142857143
3 1.2242857142857142 0.29964285714285716 0.05047619047619047 0.023571428571428573
3 1.2466666666666666 0.2782142857142857 0.04 0.019285714285714285
3 1.2933333333333332 0.25535714285714284 0.030476190476190476 0.015
3 1.2904761904761906 0.26785714285714285 0.0380952380952381 0.015714285714285715
3 1.2976190476190477 0.2789285714285714 0.039047619047619046 0.017857142857142856
3 1.3109523809523809 0.3025 0.039047619047619046 0.020714285714285713
3 1.2795238095238095 0.41035714285714286 0.07904761904761905 0.04071428571428572
1 1.0533333333333332 0.535 0.022857142857142857 0.037142857142857144
2 1.0533333333333332 0.5442857142857143 0.045714285714285714 0.027142857142857142
3 1.2657142857142858 0.5228571428571429 0.13333333333333333 0.055714285714285716
3 1.2438095238095237 0.5542857142857143 0.17714285714285713 0.08142857142857143
3 1.2319047619047618 0.6014285714285714 0.20095238095238097 0.09857142857142857
3 1.1847619047619047 0.6410714285714286 0.2019047619047619 0.10928571428571429
3 1.1357142857142857 0.6860714285714286 0.19904761904761906 0.125
3 0.7676190476190476 0.6971428571428572 0.18095238095238095 0.10428571428571429
