4 0.7676252319109462 0.22546972860125258 0.045454545454545456 0.05427974947807933
3 0.8334879406307978 0.2218162839248434 0.06029684601113173 0.06680584551148225
3 0.9132653061224489 0.21503131524008348 0.05102040816326531 0.06263048016701461
3 0.9953617810760668 0.22051148225469727 0.05380333951762523 0.06524008350730688
5 1.0899814471243043 0.21216075156576197 0.07792207792207792 0.11116910229645093
3 1.187847866419295 0.21346555323590813 0.05473098330241188 0.06576200417536533
3 1.2588126159554731 0.2528705636743215 0.061224489795918366 0.06419624217118998
5 1.335343228200371 0.2455636743215031 0.08070500927643785 0.08194154488517745
3 1.440630797773655 0.23669102296450936 0.0686456400742115 0.0673277661795407
4 1.6034322820037106 0.2246868475991649 0.07699443413729128 0.056889352818371604
9 1.7012987012987013 0.26983298538622125 0.025974025974025976 0.029227557411273482
3 1.4202226345083488 0.47259916492693105 0.08348794063079777 0.0882045929018789
3 1.332096474953618 0.47729645093945716 0.0705009276437848 0.08611691022964509
4 1.2374768089053803 0.45511482254697283 0.059369202226345084 0.0720250521920668
3 1.1312615955473098 0.4556367432150313 0.06957328385899815 0.08559498956158663
3 0.963821892393321 0.49921711899791227 0.061224489795918366 0.0673277661795407
3 0.8246753246753247 0.48564718162839243 0.0686456400742115 0.08402922755741127
