2 0.08533333333333333 0.51025 0.03733333333333333 0.0385
2 0.07466666666666666 0.5405 0.06266666666666666 0.037
2 0.057999999999999996 0.526 0.058666666666666666 0.037
8 0.327 0.545 0.4126666666666666 0.253
8 0.45499999999999996 0.48525 0.39266666666666666 0.20550000000000002
3 0.607 0.47100000000000003 0.142 0.07
3 0.8089999999999999 0.484 0.13133333333333333 0.063
3 0.654 0.436 0.12266666666666666 0.055
3 0.7446666666666666 0.34950000000000003 0.06799999999999999 0.051000000000000004
3 1.0103333333333333 0.52925 0.194 0.0765
3 1.0976666666666666 0.4015 0.07133333333333333 0.056
3 1.0163333333333333 0.38375000000000004 0.06333333333333332 0.059500000000000004
3 0.9406666666666667 0.365 0.07066666666666667 0.053
3 0.9633333333333333 0.314 0.07466666666666666 0.039
3 0.8986666666666666 0.30575 0.056 0.0335
2 0.9793333333333333 0.29225 0.024 0.0205
3 0.7423333333333333 0.28575 0.056666666666666664 0.0345
3 0.6796666666666666 0.27175 0.033999999999999996 0.0285
3 0.6713333333333333 0.33325 0.048 0.0375
3 0.6083333333333333 0.3245 0.06866666666666667 0.042
3 0.6293333333333333 0.26125 0.029333333333333333 0.0265
3 0.579 0.254 0.03133333333333333 0.027
3 0.5589999999999999 0.311 0.057999999999999996 0.036000000000000004
3 0.5216666666666666 0.24975 0.043333333333333335 0.0265
3 0.5026666666666666 0.3035 0.06 0.037
3 0.5356666666666666 0.39175 0.13 0.0475
3 0.419 0.36525 0.12333333333333332 0.0445
3 0.3223333333333333 0.3405 0.09533333333333333 0.042
3 0.216 0.316 0.08533333333333333 0.036000000000000004
3 0.151 0.2975 0.08466666666666667 0.033
3 0.08933333333333333 0.2755 0.072 0.031
3 0.07933333333333333 0.22575 0.07733333333333334 0.021500000000000002
3 0.20833333333333331 0.244 0.07133333333333333 0.028
3 0.18433333333333332 0.23325 0.062 0.0305
3 0.15366666666666667 0.22625 0.062 0.0205
3 0.152 0.2025 0.064 0.023
3 0.21066666666666667 0.21 0.06533333333333333 0.024
3 0.16566666666666666 0.18675 0.07266666666666667 0.0185
3 0.13733333333333334 0.18575 0.06666666666666667 0.0175
3 0.06733333333333333 0.20625000000000002 0.06266666666666666 0.0205
3 0.062 0.19 0.058666666666666666 0.018000000000000002
3 0.048999999999999995 0.17925 0.049999999999999996 0.0175
5 0.12066666666666666 0.1665 0.056 0.024
3 0.2813333333333333 0.2025 0.07333333333333333 0.018000000000000002
3 0.27166666666666667 0.22125 0.06733333333333333 0.025500000000000002
3 0.442 0.2955 0.048 0.034
1 0.41766666666666663 0.28925 0.01 0.0125
3 0.407 0.28025 0.07133333333333333 0.0335
1 0.388 0.275 0.014666666666666666 0.016
1 0.37166666666666665 0.296 0.015333333333333332 0.017
3 0.321 0.2885 0.082 0.035
4 0.361 0.2675 0.06066666666666667 0.038
3 0.423 0.24975 0.094 0.0405
3 1.275 0.28125 0.05533333333333333 0.035500000000000004
3 0.3203333333333333 0.26225 0.06466666666666666 0.0315
3 0.345 0.23450000000000001 0.08333333333333333 0.027
1 0.36 0.223 0.014666666666666666 0.014
