3 0.4595238095238095 0.6432142857142857 0.14 0.18214285714285713
3 0.9133333333333333 0.6807142857142857 0.13714285714285715 0.13714285714285715
3 0.8771428571428571 0.5175 0.10285714285714286 0.12357142857142857
3 0.8223809523809524 0.27535714285714286 0.06952380952380953 0.07785714285714286
3 0.7852380952380953 0.1492857142857143 0.04857142857142857 0.04857142857142857
3 0.8076190476190476 0.19142857142857142 0.045714285714285714 0.05285714285714286
3 0.7685714285714286 0.03321428571428572 0.026666666666666665 0.017857142857142856
3 0.7676190476190476 0.018571428571428572 0.030476190476190476 0.02
3 0.7614285714285715 0.0067857142857142855 0.029523809523809525 0.015
3 0.6385714285714286 0.06571428571428571 0.03333333333333333 0.03142857142857143
3 0.6109523809523809 0.16214285714285714 0.054285714285714284 0.055714285714285716
4 0.5290476190476191 0.39571428571428574 0.09428571428571429 0.11428571428571428
4 0.5938095238095238 0.30964285714285716 0.07333333333333333 0.09785714285714285
4 0.8557142857142858 0.3742857142857143 0.08857142857142856 0.10714285714285714
4 0.6195238095238095 0.12142857142857143 0.040952380952380955 0.04428571428571428
4 0.7866666666666666 0.11392857142857143 0.0380952380952381 0.039285714285714285
4 0.7842857142857143 0.08607142857142858 0.035238095238095235 0.03785714285714286
4 0.7785714285714286 0.06571428571428571 0.03333333333333333 0.03571428571428571
4 0.7714285714285715 0.047142857142857146 0.030476190476190476 0.02857142857142857
4 0.6438095238095238 0.011428571428571429 0.045714285714285714 0.024285714285714285
