4 0.5250463821892394 0.03444676409185803 0.04267161410018553 0.025052192066805843
3 0.49443413729128016 0.04410229645093945 0.04452690166975881 0.02139874739039666
3 0.4559369202226345 0.04906054279749478 0.041743970315398886 0.021920668058455113
3 0.5960111317254174 0.2369519832985386 0.04730983302411874 0.033402922755741124
3 0.638682745825603 0.22912317327766177 0.05473098330241188 0.03444676409185803
3 0.8988868274582561 0.5501043841336116 0.06679035250463822 0.022964509394572022
3 1.0431354359925789 0.4973903966597077 0.09925788497217068 0.058455114822546964
3 1.353896103896104 0.2873173277661795 0.06586270871985157 0.04436325678496868
3 1.3984230055658626 0.2693110647181628 0.07884972170686456 0.04279749478079332
4 1.5213358070500929 0.2369519832985386 0.07977736549165121 0.028183716075156573
