3 0.29904761904761906 0.7335714285714285 0.08 0.03142857142857143
9 0.3538095238095238 0.6789285714285714 0.03142857142857143 0.04071428571428572
9 0.36142857142857143 0.6314285714285715 0.029523809523809525 0.037142857142857144
9 0.319047619047619 0.6564285714285715 0.03619047619047619 0.032857142857142856
3 0.5452380952380952 0.615 0.04666666666666667 0.08
3 0.21761904761904763 0.6867857142857143 0.10761904761904761 0.08928571428571429
9 0.4480952380952381 0.49535714285714283 0.01619047619047619 0.035
9 0.5723809523809524 0.5257142857142857 0.045714285714285714 0.022857142857142857
1 0.5747619047619048 0.5242857142857142 0.021904761904761906 0.015714285714285715
1 0.44761904761904764 0.49214285714285716 0.02095238095238095 0.015714285714285715
9 0.31476190476190474 0.5275 0.04666666666666667 0.02214285714285714
9 0.2671428571428571 0.5214285714285715 0.035238095238095235 0.027142857142857142
9 0.2923809523809524 0.5175 0.03619047619047619 0.030714285714285715
1 0.2642857142857143 0.5185714285714286 0.02 0.012857142857142857
1 0.30714285714285716 0.5271428571428571 0.02 0.012857142857142857
3 0.33904761904761904 0.49214285714285716 0.0838095238095238 0.06
3 0.2723809523809524 0.4425 0.07809523809523809 0.056428571428571425
3 0.20761904761904762 0.3925 0.07238095238095238 0.05357142857142857
5 0.14047619047619048 0.3435714285714286 0.08476190476190476 0.054285714285714284
3 0.041428571428571426 0.26964285714285713 0.06761904761904762 0.045
3 0.015714285714285715 0.2382142857142857 0.03333333333333333 0.039285714285714285
2 0.012380952380952381 0.21428571428571427 0.026666666666666665 0.02
1 0.005238095238095238 0.20785714285714285 0.012380952380952381 0.014285714285714285
3 0.1361904761904762 0.26 0.07428571428571429 0.05142857142857143
3 0.23285714285714285 0.2542857142857143 0.07333333333333333 0.045714285714285714
9 0.25047619047619046 0.2975 0.030476190476190476 0.027857142857142858
9 0.33476190476190476 0.2067857142857143 0.02761904761904762 0.016428571428571428
1 0.24714285714285714 0.2932142857142857 0.02 0.015
1 0.3323809523809524 0.20357142857142857 0.015238095238095238 0.012857142857142857
3 0.2571428571428571 0.18428571428571427 0.06476190476190476 0.037142857142857144
3 0.3109523809523809 0.1667857142857143 0.06190476190476191 0.03642857142857143
5 0.35428571428571426 0.14 0.06476190476190476 0.03857142857142857
5 0.5147619047619048 0.21928571428571428 0.1019047619047619 0.06
9 0.09238095238095238 0.06357142857142857 0.02095238095238095 0.018571428571428572
9 0.14238095238095239 0.06428571428571428 0.03333333333333333 0.015714285714285715
9 0.05142857142857143 0.027142857142857142 0.022857142857142857 0.015714285714285715
1 0.049523809523809526 0.02214285714285714 0.015238095238095238 0.014285714285714285
1 0.08857142857142856 0.05964285714285714 0.015238095238095238 0.013571428571428571
1 0.13904761904761906 0.06285714285714286 0.01904761904761905 0.015714285714285715
3 0.11523809523809524 0.01607142857142857 0.049523809523809526 0.02642857142857143
3 0.15619047619047619 0.03785714285714286 0.049523809523809526 0.027142857142857142
9 0.18714285714285714 0.05142857142857143 0.029523809523809525 0.015714285714285715
9 0.2261904761904762 0.07535714285714286 0.023809523809523808 0.017857142857142856
5 0.2580952380952381 0.09035714285714286 0.05714285714285714 0.03357142857142857
3 0.30714285714285716 0.11392857142857143 0.058095238095238096 0.03214285714285714
9 0.5204761904761904 0.38821428571428573 0.037142857142857144 0.023571428571428573
1 0.5161904761904762 0.3842857142857143 0.02095238095238095 0.017142857142857144
2 0.5214285714285715 0.3678571428571429 0.03333333333333333 0.02
1 0.52 0.3653571428571429 0.01904761904761905 0.015
3 0.5361904761904762 0.34964285714285714 0.08952380952380952 0.052142857142857144
3 0.6123809523809524 0.3221428571428571 0.08190476190476191 0.041428571428571426
3 0.6252380952380953 0.2789285714285714 0.06952380952380953 0.04071428571428572
3 0.7280952380952381 0.515 0.1019047619047619 0.04
9 0.829047619047619 0.6785714285714286 0.04476190476190476 0.027142857142857142
1 0.8295238095238096 0.6782142857142857 0.022857142857142857 0.016428571428571428
3 0.9485714285714286 0.6214285714285714 0.08190476190476191 0.08142857142857143
3 1.0271428571428571 0.48642857142857143 0.07523809523809524 0.06428571428571428
3 0.7938095238095239 0.3657142857142857 0.09238095238095238 0.03428571428571429
3 0.8538095238095238 0.285 0.06761904761904762 0.047142857142857146
3 0.9138095238095238 0.2417857142857143 0.06190476190476191 0.04357142857142857
3 0.9852380952380952 0.2525 0.06380952380952382 0.05071428571428571
9 0.9557142857142857 0.29428571428571426 0.040952380952380955 0.018571428571428572
1 0.9571428571428572 0.29392857142857143 0.02095238095238095 0.016428571428571428
3 1.1442857142857144 0.375 0.06761904761904762 0.05857142857142857
9 1.2423809523809524 0.27785714285714286 0.02761904761904762 0.027142857142857142
1 1.2452380952380953 0.2739285714285714 0.02 0.016428571428571428
9 1.2457142857142858 0.3817857142857143 0.02857142857142857 0.025
9 1.2738095238095237 0.4039285714285714 0.018095238095238095 0.025
1 1.2457142857142858 0.38 0.02857142857142857 0.017142857142857144
1 1.2809523809523808 0.4007142857142857 0.02095238095238095 0.015714285714285715
4 1.1223809523809525 0.065 0.037142857142857144 0.03142857142857143
3 1.0595238095238095 0.11928571428571429 0.06190476190476191 0.04428571428571428
4 1.1614285714285715 0.032857142857142856 0.04666666666666667 0.041428571428571426
3 1.2019047619047618 0.010357142857142856 0.04380952380952381 0.02214285714285714
