3 0.01904761904761905 0.047142857142857146 0.04 0.037142857142857144
3 0.1319047619047619 0.07928571428571428 0.07333333333333333 0.05142857142857143
9 0.3742857142857143 0.27785714285714286 0.024761904761904763 0.022857142857142857
9 0.3595238095238095 0.32107142857142856 0.03142857142857143 0.023571428571428573
1 0.3680952380952381 0.2735714285714286 0.010476190476190476 0.01
1 0.35428571428571426 0.3167857142857143 0.013333333333333332 0.015
5 0.3657142857142857 0.5417857142857143 0.15428571428571428 0.10928571428571429
3 0.22285714285714286 0.6346428571428572 0.14095238095238094 0.09928571428571428
3 0.6523809523809524 0.6925 0.17333333333333334 0.11214285714285714
3 0.8661904761904762 0.23535714285714285 0.08666666666666667 0.056428571428571425
3 0.9547619047619048 0.18571428571428572 0.07333333333333333 0.054285714285714284
3 1.0985714285714285 0.09285714285714286 0.07523809523809524 0.05
3 1.0171428571428571 0.14535714285714285 0.07238095238095238 0.04928571428571429
3 1.1504761904761904 0.060714285714285714 0.06476190476190476 0.04428571428571428
3 1.2090476190476191 0.02857142857142857 0.06571428571428571 0.041428571428571426
9 1.1904761904761905 0.08785714285714286 0.026666666666666665 0.015714285714285715
3 1.2614285714285713 0.008928571428571428 0.06190476190476191 0.017857142857142856
9 1.223809523809524 0.08678571428571429 0.026666666666666665 0.015
1 1.1938095238095239 0.08321428571428571 0.010476190476190476 0.007857142857142858
1 1.2280952380952381 0.08178571428571428 0.010476190476190476 0.012142857142857143
9 0.20333333333333334 0.024285714285714285 0.018095238095238095 0.017142857142857144
