3 0.20904761904761904 0.6175 0.07904761904761905 0.08785714285714286
3 0.28 0.7275 0.06857142857142857 0.04357142857142857
4 0.5519047619047619 0.7175 0.07714285714285714 0.06357142857142857
4 0.5895238095238096 0.6807142857142857 0.0761904761904762 0.08428571428571428
3 0.7504761904761905 0.7214285714285714 0.11238095238095239 0.055714285714285716
5 0.628095238095238 0.6371428571428571 0.09047619047619047 0.10142857142857142
3 0.8219047619047619 0.5932142857142857 0.10666666666666666 0.05785714285714286
3 0.6485714285714286 0.5632142857142857 0.07428571428571429 0.08214285714285714
4 0.43714285714285717 0.6267857142857143 0.0761904761904762 0.08357142857142857
4 0.5023809523809524 0.525 0.07142857142857142 0.07714285714285714
3 0.679047619047619 0.5010714285714286 0.07047619047619047 0.07785714285714286
4 0.7104761904761905 0.4542857142857143 0.07809523809523809 0.08714285714285715
3 0.46095238095238095 0.43714285714285717 0.06857142857142857 0.07285714285714286
3 0.5576190476190476 0.43 0.06952380952380953 0.07857142857142857
3 0.5123809523809524 0.3560714285714286 0.07047619047619047 0.07214285714285715
3 0.6114285714285714 0.3432142857142857 0.06857142857142857 0.075
3 0.731904761904762 0.40214285714285714 0.07333333333333333 0.07428571428571429
3 0.7676190476190476 0.3517857142857143 0.07428571428571429 0.07071428571428572
3 0.7928571428571428 0.305 0.07333333333333333 0.06857142857142857
3 0.6523809523809524 0.2639285714285714 0.06476190476190476 0.06928571428571428
4 0.8180952380952381 0.2575 0.0761904761904762 0.07357142857142857
3 0.7061904761904761 0.17785714285714285 0.06761904761904762 0.06857142857142857
5 0.6252380952380953 0.17 0.06761904761904762 0.07857142857142857
3 0.5133333333333333 0.1475 0.06666666666666667 0.07214285714285715
3 0.4638095238095238 0.21857142857142858 0.06476190476190476 0.06428571428571428
3 0.4247619047619048 0.28535714285714286 0.05904761904761905 0.062142857142857146
3 0.3628571428571429 0.37535714285714283 0.05523809523809524 0.05928571428571429
3 0.8466666666666667 0.21928571428571428 0.06666666666666667 0.06571428571428571
3 0.8676190476190476 0.15571428571428572 0.07428571428571429 0.07142857142857142
3 0.7585714285714286 0.09964285714285714 0.05619047619047619 0.062142857142857146
3 0.9161904761904762 0.07142857142857142 0.06666666666666667 0.06857142857142857
3 0.9423809523809524 0.031785714285714285 0.06571428571428571 0.065
3 0.7947619047619048 0.032857142857142856 0.058095238095238096 0.06
3 0.7047619047619048 0.03642857142857143 0.06095238095238095 0.06285714285714286
3 0.6014285714285714 0.0175 0.05238095238095238 0.03642857142857143
3 0.8666666666666667 0.5121428571428571 0.10666666666666666 0.05714285714285714
3 0.8823809523809524 0.4685714285714286 0.1 0.05285714285714286
3 0.9052380952380953 0.43357142857142855 0.10761904761904761 0.054285714285714284
3 0.9228571428571428 0.3914285714285714 0.10285714285714286 0.05
3 0.9371428571428572 0.3525 0.10095238095238095 0.04928571428571429
3 0.959047619047619 0.3117857142857143 0.10285714285714286 0.05357142857142857
3 1.0204761904761905 0.21071428571428572 0.09619047619047619 0.047142857142857146
4 1.0447619047619048 0.14214285714285715 0.09333333333333334 0.05285714285714286
3 1.0642857142857143 0.10714285714285714 0.09428571428571429 0.047142857142857146
3 1.0795238095238096 0.07357142857142857 0.09428571428571429 0.05142857142857143
4 1.0866666666666667 0.04071428571428572 0.08761904761904762 0.05142857142857143
