3 0.32666666666666666 0.6677500000000001 0.3173333333333333 0.1595
2 0.39566666666666667 0.52325 0.074 0.0665
9 0.4563333333333333 0.43275 0.051333333333333335 0.0455
9 0.8403333333333333 0.5205 0.09133333333333334 0.048
3 0.8196666666666667 0.43175 0.118 0.0855
5 0.3383333333333333 0.392 0.17933333333333332 0.07
5 0.782 0.32225 0.156 0.051500000000000004
3 0.8003333333333333 0.179 0.019333333333333334 0.015
3 0.7856666666666666 0.1835 0.026 0.019
5 0.8433333333333333 0.20975 0.032 0.0285
1 0.8109999999999999 0.19575 0.007333333333333333 0.0115
5 0.7206666666666667 0.195 0.06933333333333333 0.032
4 0.7253333333333333 0.2105 0.034666666666666665 0.025
5 0.9323333333333333 0.17825 0.035333333333333335 0.0425
4 0.8613333333333333 0.25625 0.11466666666666667 0.0415
9 0.7283333333333333 0.2455 0.012666666666666666 0.018000000000000002
1 0.706 0.306 0.016 0.024
1 0.7276666666666667 0.23875000000000002 0.01 0.0205
5 0.6516666666666666 0.25225000000000003 0.05933333333333333 0.0335
1 0.388 0.50625 0.042666666666666665 0.0555
1 0.4413333333333333 0.43425 0.025333333333333333 0.0325
1 0.45166666666666666 0.41975 0.03133333333333333 0.0365
1 0.6686666666666666 0.44525000000000003 0.03333333333333333 0.0395
3 0.7606666666666666 0.28775 0.06933333333333333 0.0335
