3 0.2019047619047619 0.7257142857142858 0.07047619047619047 0.047142857142857146
9 0.28 0.6917857142857143 0.03238095238095238 0.016428571428571428
9 0.44476190476190475 0.6160714285714286 0.04 0.025
3 0.4785714285714286 0.49892857142857144 0.06190476190476191 0.03785714285714286
3 0.5761904761904761 0.47285714285714286 0.05904761904761905 0.041428571428571426
9 0.5371428571428571 0.4757142857142857 0.026666666666666665 0.02142857142857143
3 0.7933333333333333 0.3417857142857143 0.05333333333333333 0.03785714285714286
3 0.6347619047619047 0.2953571428571429 0.05047619047619047 0.03642857142857143
3 0.5919047619047619 0.325 0.05047619047619047 0.03428571428571429
3 0.4942857142857143 0.38 0.049523809523809526 0.03571428571428571
3 0.2814285714285714 0.5007142857142857 0.06380952380952382 0.045714285714285714
3 1.0338095238095237 0.415 0.05238095238095238 0.03142857142857143
3 1.0571428571428572 0.395 0.06285714285714286 0.025714285714285714
3 0.939047619047619 0.33071428571428574 0.05714285714285714 0.03571428571428571
3 1.0995238095238096 0.32821428571428574 0.05047619047619047 0.035
3 1.1395238095238096 0.2810714285714286 0.04285714285714286 0.035
3 1.1147619047619048 0.2664285714285714 0.06571428571428571 0.05285714285714286
3 1.2057142857142857 0.32142857142857145 0.04380952380952381 0.041428571428571426
5 1.1890476190476191 0.3082142857142857 0.04666666666666667 0.039285714285714285
3 1.1638095238095238 0.29428571428571426 0.0380952380952381 0.037142857142857144
3 1.2152380952380952 0.27964285714285714 0.05142857142857143 0.03357142857142857
5 1.3076190476190477 0.2739285714285714 0.049523809523809526 0.03642857142857143
5 1.2276190476190476 0.23035714285714284 0.05904761904761905 0.02642857142857143
3 1.098095238095238 0.20392857142857143 0.05904761904761905 0.039285714285714285
3 1.2280952380952381 0.12892857142857142 0.05619047619047619 0.03642857142857143
4 0.8842857142857142 0.19142857142857142 0.029523809523809525 0.041428571428571426
3 0.800952380952381 0.175 0.05523809523809524 0.03428571428571429
3 0.4976190476190476 0.7264285714285714 0.058095238095238096 0.041428571428571426
3 0.062380952380952384 0.6367857142857143 0.05619047619047619 0.03785714285714286
