3 0.7447619047619047 0.5567857142857143 0.03619047619047619 0.055
3 0.809047619047619 0.7103571428571429 0.040952380952380955 0.07357142857142857
3 0.8028571428571428 0.6032142857142857 0.0380952380952381 0.05928571428571429
3 0.8885714285714286 0.4810714285714286 0.05333333333333333 0.039285714285714285
3 0.7928571428571428 0.4982142857142857 0.03333333333333333 0.047857142857142855
3 0.7480952380952381 0.4657142857142857 0.02761904761904762 0.04428571428571428
3 0.7885714285714286 0.4067857142857143 0.024761904761904763 0.03357142857142857
3 0.7490476190476191 0.3989285714285714 0.021904761904761906 0.035
3 0.6880952380952381 0.6025 0.03333333333333333 0.06785714285714285
3 0.6780952380952381 0.6810714285714285 0.03619047619047619 0.07785714285714286
3 0.5019047619047619 0.46464285714285714 0.05904761904761905 0.04214285714285714
3 1.1366666666666667 0.36964285714285716 0.06571428571428571 0.023571428571428573
3 0.659047619047619 0.3435714285714286 0.02095238095238095 0.032857142857142856
3 0.6242857142857143 0.3775 0.023809523809523808 0.039285714285714285
3 0.6761904761904762 0.2596428571428571 0.01904761904761905 0.025
3 0.7066666666666667 0.24571428571428572 0.02095238095238095 0.02142857142857143
3 0.23666666666666666 0.3717857142857143 0.06 0.02642857142857143
3 0.31285714285714283 0.37642857142857145 0.07142857142857142 0.022857142857142857
3 0.2904761904761905 0.39571428571428574 0.06476190476190476 0.02142857142857143
3 0.1880952380952381 0.595 0.054285714285714284 0.06
3 0.16666666666666666 0.5396428571428571 0.06095238095238095 0.05357142857142857
3 0.11 0.71 0.09238095238095238 0.07857142857142857
3 0.2923809523809524 0.7217857142857143 0.07809523809523809 0.055
3 0.5557142857142857 0.6085714285714285 0.037142857142857144 0.08
9 0.4576190476190476 0.5532142857142857 0.021904761904761906 0.052142857142857144
9 0.5580952380952381 0.3767857142857143 0.011428571428571429 0.023571428571428573
9 0.5447619047619048 0.31357142857142856 0.009523809523809525 0.017142857142857144
9 0.5923809523809523 0.26142857142857145 0.009523809523809525 0.02
9 0.5976190476190476 0.2367857142857143 0.006666666666666666 0.013571428571428571
9 0.6361904761904762 0.15821428571428572 0.005714285714285714 0.010714285714285714
9 0.6485714285714286 0.12214285714285714 0.005714285714285714 0.01
9 0.6571428571428571 0.12428571428571429 0.0038095238095238095 0.008571428571428572
3 0.6266666666666667 0.03321428571428572 0.011428571428571429 0.005
3 0.7104761904761905 0.225 0.01904761904761905 0.02
3 0.6823809523809524 0.22857142857142856 0.02 0.022857142857142857
3 0.6571428571428571 0.215 0.017142857142857144 0.024285714285714285
3 0.6914285714285714 0.16892857142857143 0.015238095238095238 0.017857142857142856
3 0.6861904761904762 0.20857142857142857 0.01619047619047619 0.018571428571428572
3 0.7128571428571429 0.056428571428571425 0.010476190476190476 0.011428571428571429
3 0.7047619047619048 0.04428571428571428 0.011428571428571429 0.01
9 0.6723809523809524 0.055 0.0038095238095238095 0.008571428571428572
9 0.6580952380952381 0.08071428571428571 0.005714285714285714 0.007142857142857143
3 0.7247619047619047 0.019285714285714285 0.009523809523809525 0.007142857142857143
3 0.73 0.011428571428571429 0.008571428571428572 0.007142857142857143
3 0.7166666666666667 0.005 0.010476190476190476 0.008571428571428572
3 0.6852380952380952 0.004285714285714286 0.006666666666666666 0.005714285714285714
3 0.6919047619047619 0.01107142857142857 0.008571428571428572 0.007857142857142858
3 0.7914285714285715 0.02 0.007619047619047619 0.005714285714285714
3 0.7928571428571428 0.025714285714285714 0.010476190476190476 0.005714285714285714
9 0.7876190476190477 0.04357142857142857 0.0038095238095238095 0.005714285714285714
9 0.8438095238095238 0.295 0.007619047619047619 0.014285714285714285
9 0.8352380952380952 0.3485714285714286 0.007619047619047619 0.014285714285714285
3 0.7519047619047619 0.7289285714285715 0.04476190476190476 0.04071428571428572
3 0.9057142857142857 0.5960714285714286 0.03619047619047619 0.03785714285714286
9 0.9023809523809524 0.5217857142857143 0.018095238095238095 0.02214285714285714
9 0.8642857142857143 0.41214285714285714 0.010476190476190476 0.017142857142857144
3 1.0409523809523809 0.3539285714285714 0.06285714285714286 0.023571428571428573
3 1.0485714285714285 0.36642857142857144 0.05904761904761905 0.022857142857142857
3 1.3052380952380953 0.37607142857142856 0.054285714285714284 0.023571428571428573
1 0.9023809523809524 0.5153571428571428 0.010476190476190476 0.010714285714285714
1 0.8652380952380953 0.4082142857142857 0.008571428571428572 0.009285714285714286
1 0.8347619047619048 0.34464285714285714 0.006666666666666666 0.009285714285714286
1 0.5923809523809523 0.2571428571428571 0.007619047619047619 0.011428571428571429
1 0.8442857142857143 0.29214285714285715 0.004761904761904762 0.008571428571428572
1 0.5447619047619048 0.3107142857142857 0.009523809523809525 0.008571428571428572
1 0.5566666666666666 0.37285714285714283 0.008571428571428572 0.012857142857142857
1 0.5971428571428572 0.23392857142857143 0.0038095238095238095 0.007857142857142858
1 0.6357142857142857 0.15678571428571428 0.006666666666666666 0.0064285714285714285
1 0.6557142857142857 0.12214285714285714 0.004761904761904762 0.005714285714285714
1 0.6485714285714286 0.12071428571428572 0.005714285714285714 0.007142857142857143
1 0.7880952380952381 0.04178571428571429 0.002857142857142857 0.005
1 0.6728571428571428 0.05357142857142857 0.004761904761904762 0.004285714285714286
1 0.4595238095238095 0.5632142857142857 0.012380952380952381 0.017857142857142856
9 0.9685714285714285 0.4157142857142857 0.01904761904761905 0.02142857142857143
1 0.9709523809523809 0.41035714285714286 0.014285714285714285 0.010714285714285714
