3 0.6276666666666666 0.65625 0.14466666666666667 0.1715
3 0.38766666666666666 0.51775 0.17933333333333332 0.08650000000000001
3 0.36566666666666664 0.44075000000000003 0.17666666666666667 0.0785
3 0.349 0.31525000000000003 0.12066666666666666 0.0725
3 0.43166666666666664 0.6910000000000001 0.23533333333333334 0.107
3 0.865 0.40225 0.18066666666666667 0.0535
5 0.9623333333333333 0.4845 0.2553333333333333 0.094
5 0.29733333333333334 0.23800000000000002 0.21733333333333332 0.10400000000000001
5 0.65 0.13925 0.16666666666666666 0.0655
5 0.6 0.08750000000000001 0.20933333333333332 0.069
4 0.4063333333333333 0.588 0.21933333333333332 0.092
4 0.688 0.2535 0.10266666666666667 0.063
4 0.614 0.203 0.13999999999999999 0.057
4 0.534 0.16825 0.06533333333333333 0.0645
4 0.8506666666666667 0.34275 0.15866666666666665 0.0675
4 0.8236666666666667 0.28550000000000003 0.11133333333333333 0.044
4 0.29766666666666663 0.13325 0.09666666666666666 0.0535
4 0.253 0.06825 0.078 0.0475
4 0.472 0.031 0.09999999999999999 0.037
3 1.2506666666666666 0.6975 0.16133333333333333 0.092
5 0.35733333333333334 0.37875000000000003 0.14933333333333332 0.0835
5 0.25 0.214 0.16 0.067
3 0.30666666666666664 0.17475000000000002 0.10666666666666666 0.0505
3 0.566 0.05075 0.09333333333333332 0.0325
1 0.181 0.11225 0.02333333333333333 0.025500000000000002
