8 0.8788071065989848 0.08 0.05456852791878172 0.012857142857142857
8 0.9708121827411167 0.08035714285714286 0.053299492385786795 0.012142857142857143
8 1.0678934010152283 0.0775 0.0748730964467005 0.013571428571428571
8 1.1560913705583755 0.08 0.055837563451776644 0.011428571428571429
8 1.2436548223350252 0.07785714285714286 0.07868020304568528 0.017142857142857144
4 1.3274111675126903 0.1025 0.02030456852791878 0.013571428571428571
3 1.3045685279187815 0.10428571428571429 0.015228426395939085 0.008571428571428572
3 1.284263959390863 0.1382142857142857 0.02030456852791878 0.012142857142857143
3 1.1395939086294415 0.10571428571428572 0.02284263959390863 0.005714285714285714
4 1.065989847715736 0.10571428571428572 0.025380710659898477 0.007142857142857143
9 1.013959390862944 0.12 0.012690355329949238 0.005714285714285714
9 0.973984771573604 0.1275 0.006345177664974619 0.0064285714285714285
5 0.7315989847715736 0.23392857142857143 0.052030456852791875 0.03357142857142857
5 0.7614213197969543 0.21392857142857144 0.048223350253807105 0.025
4 0.7728426395939085 0.2057142857142857 0.04060913705583756 0.015714285714285715
4 0.8178934010152283 0.1767857142857143 0.029187817258883246 0.012142857142857143
4 0.8451776649746192 0.1682142857142857 0.032994923857868015 0.013571428571428571
4 0.8826142131979695 0.16214285714285714 0.024111675126903553 0.01
3 0.9086294416243654 0.1575 0.025380710659898477 0.009285714285714286
3 0.8083756345177664 0.18571428571428572 0.04314720812182741 0.01
