4 0.4604761904761905 0.062142857142857146 0.006666666666666666 0.004285714285714286
3 0.430952380952381 0.07607142857142857 0.004761904761904762 0.005
3 0.4228571428571429 0.1025 0.005714285714285714 0.005
4 0.430952380952381 0.11571428571428571 0.004761904761904762 0.005714285714285714
4 0.44761904761904764 0.09714285714285714 0.005714285714285714 0.005714285714285714
4 0.3919047619047619 0.11178571428571428 0.006666666666666666 0.0064285714285714285
3 0.4038095238095238 0.09928571428571428 0.005714285714285714 0.005714285714285714
8 0.38571428571428573 0.1442857142857143 0.011428571428571429 0.012857142857142857
8 0.45571428571428574 0.08107142857142857 0.008571428571428572 0.010714285714285714
5 0.4180952380952381 0.15178571428571427 0.011428571428571429 0.012142857142857143
5 0.3504761904761905 0.2025 0.009523809523809525 0.012142857142857143
3 0.31333333333333335 0.2625 0.015238095238095238 0.010714285714285714
5 0.2523809523809524 0.30214285714285716 0.06476190476190476 0.04428571428571428
3 0.34 0.225 0.009523809523809525 0.01
3 0.3838095238095238 0.20964285714285713 0.009523809523809525 0.007857142857142858
3 0.4066666666666667 0.17714285714285713 0.007619047619047619 0.005714285714285714
3 0.35904761904761906 0.19035714285714286 0.007619047619047619 0.007857142857142858
3 0.42095238095238097 0.1382142857142857 0.005714285714285714 0.005
3 0.3657142857142857 0.5210714285714285 0.017142857142857144 0.020714285714285713
3 0.37333333333333335 0.4967857142857143 0.017142857142857144 0.020714285714285713
3 0.3495238095238095 0.5821428571428572 0.01904761904761905 0.025714285714285714
3 0.4561904761904762 0.42928571428571427 0.026666666666666665 0.01
3 0.4276190476190476 0.4107142857142857 0.011428571428571429 0.014285714285714285
3 0.44142857142857145 0.40964285714285714 0.012380952380952381 0.012142857142857143
3 0.4585714285714286 0.4067857142857143 0.012380952380952381 0.012142857142857143
4 0.6076190476190476 0.4342857142857143 0.011428571428571429 0.015714285714285715
4 0.0680952380952381 0.37107142857142855 0.021904761904761906 0.009285714285714286
3 0.9404761904761905 0.30607142857142855 0.014285714285714285 0.012142857142857143
3 0.9752380952380952 0.3707142857142857 0.02095238095238095 0.008571428571428572
3 0.9433333333333334 0.36214285714285716 0.023809523809523808 0.011428571428571429
3 0.9438095238095238 0.3557142857142857 0.022857142857142857 0.01
3 0.9428571428571428 0.35 0.022857142857142857 0.01
3 0.939047619047619 0.3439285714285714 0.01904761904761905 0.007857142857142858
3 0.9352380952380952 0.3375 0.022857142857142857 0.010714285714285714
3 0.9342857142857143 0.3296428571428571 0.01904761904761905 0.009285714285714286
3 0.9761904761904762 0.37714285714285717 0.01904761904761905 0.007142857142857143
3 0.9880952380952381 0.3632142857142857 0.014285714285714285 0.010714285714285714
3 0.9833333333333333 0.3535714285714286 0.010476190476190476 0.007142857142857143
5 0.6552380952380953 0.30964285714285716 0.03619047619047619 0.010714285714285714
