3 0.3842857142857143 0.07 0.07523809523809524 0.047142857142857146
4 0.35714285714285715 0.38607142857142857 0.07238095238095238 0.055
6 0.4038095238095238 0.5892857142857143 0.05142857142857143 0.047142857142857146
1 0.42095238095238097 0.5971428571428572 0.009523809523809525 0.01
3 0.34476190476190477 0.6767857142857143 0.09904761904761905 0.05071428571428571
9 0.2509523809523809 0.5057142857142857 0.02 0.02142857142857143
3 0.7776190476190477 0.7271428571428571 0.1019047619047619 0.04428571428571428
3 0.9342857142857143 0.7339285714285714 0.09904761904761905 0.030714285714285715
4 1.1361904761904762 0.6735714285714286 0.10095238095238095 0.03571428571428571
4 1.29 0.6839285714285714 0.08476190476190476 0.03642857142857143
1 0.75 0.605 0.014285714285714285 0.017142857142857144
3 0.7095238095238096 0.3292857142857143 0.0419047619047619 0.07714285714285714
3 0.7176190476190476 0.22607142857142856 0.035238095238095235 0.062142857142857146
4 0.7047619047619048 0.017857142857142856 0.030476190476190476 0.037142857142857144
