3 0.08629441624365482 0.3375 0.09137055837563451 0.04928571428571429
3 0.20939086294416243 0.2814285714285714 0.07868020304568528 0.04428571428571428
3 0.3743654822335025 0.2557142857142857 0.09137055837563451 0.04428571428571428
3 0.2652284263959391 0.2067857142857143 0.07868020304568528 0.045
3 0.20621827411167512 0.15714285714285714 0.07233502538071065 0.04285714285714286
3 0.5640862944162436 0.3607142857142857 0.09517766497461928 0.05
3 0.6675126903553299 0.3975 0.09390862944162436 0.047857142857142855
3 0.7011421319796953 0.4207142857142857 0.09517766497461928 0.05142857142857143
3 0.7392131979695431 0.47928571428571426 0.09517766497461928 0.055714285714285716
3 0.833756345177665 0.4882142857142857 0.10659898477157359 0.03357142857142857
3 0.9016497461928933 0.5196428571428572 0.09517766497461928 0.056428571428571425
3 1.0894670050761421 0.44107142857142856 0.08502538071065989 0.05357142857142857
3 1.1491116751269035 0.4642857142857143 0.09010152284263959 0.05857142857142857
3 1.1903553299492384 0.4882142857142857 0.07106598984771573 0.047857142857142855
3 1.267766497461929 0.5135714285714286 0.08375634517766496 0.055714285714285716
3 0.9892131979695431 0.3960714285714286 0.08248730964467005 0.055
3 0.7639593908629441 0.36392857142857143 0.08629441624365482 0.047857142857142855
3 0.7290609137055837 0.3082142857142857 0.09010152284263959 0.04357142857142857
3 0.9600253807106598 0.2675 0.08756345177664974 0.04357142857142857
3 1.1421319796954315 0.31535714285714284 0.08629441624365482 0.047857142857142855
3 1.3921319796954315 0.41035714285714286 0.08121827411167512 0.052142857142857144
4 0.7950507614213197 0.27214285714285713 0.09010152284263959 0.047142857142857146
3 0.7265228426395939 0.2417857142857143 0.07233502538071065 0.04071428571428572
3 0.5615482233502538 0.17464285714285716 0.07233502538071065 0.035
3 0.5298223350253807 0.14857142857142858 0.06472081218274112 0.03
3 0.4631979695431472 0.13178571428571428 0.07614213197969542 0.03357142857142857
3 0.41307106598984766 0.12392857142857143 0.0748730964467005 0.035
3 0.7030456852791878 0.12285714285714286 0.07106598984771573 0.032857142857142856
3 0.5406091370558376 0.06714285714285714 0.07106598984771573 0.03142857142857143
3 0.5374365482233502 0.03142857142857143 0.06979695431472081 0.025714285714285714
3 0.5678934010152283 0.016785714285714286 0.07233502538071065 0.029285714285714286
3 0.22525380710659898 0.06142857142857143 0.05964467005076142 0.037142857142857144
5 0.3692893401015228 0.10821428571428571 0.08883248730964466 0.05071428571428571
3 0.3661167512690355 0.007142857142857143 0.06472081218274112 0.015714285714285715
5 0.5063451776649746 0.3314285714285714 0.11675126903553298 0.054285714285714284
2 0.5843908629441624 0.32821428571428574 0.04187817258883248 0.015
1 0.5678934010152283 0.31142857142857144 0.016497461928934008 0.01
1 0.7925126903553299 0.14642857142857144 0.016497461928934008 0.012857142857142857
1 0.8369289340101522 0.16714285714285715 0.013959390862944161 0.012857142857142857
9 0.839467005076142 0.17035714285714285 0.021573604060913704 0.015
9 0.8648477157360406 0.15928571428571428 0.03426395939086294 0.018571428571428572
8 0.9333756345177664 0.45821428571428574 0.08756345177664974 0.047857142857142855
9 1.1960659898477157 0.3457142857142857 0.026649746192893398 0.018571428571428572
3 1.3280456852791878 0.5317857142857143 0.09010152284263959 0.05928571428571429
3 1.3946700507614211 0.5457142857142857 0.07106598984771573 0.03142857142857143
8 0.31852791878172587 0.52 0.22588832487309643 0.08285714285714285
9 0.15418781725888323 0.5228571428571429 0.031725888324873094 0.02
