4 0.5107868020304568 0.046785714285714285 0.024111675126903553 0.016428571428571428
4 0.5114213197969543 0.0675 0.025380710659898477 0.016428571428571428
4 0.583756345177665 0.095 0.025380710659898477 0.017142857142857144
4 0.8153553299492385 0.22892857142857143 0.031725888324873094 0.020714285714285713
4 0.6719543147208121 0.1375 0.029187817258883246 0.016428571428571428
8 0.7931472081218274 0.23392857142857143 0.04314720812182741 0.027857142857142858
8 0.7252538071065989 0.19178571428571428 0.03934010152284264 0.025
3 0.7595177664974618 0.21214285714285713 0.029187817258883246 0.015714285714285715
3 0.7715736040609137 0.26107142857142857 0.027918781725888322 0.015
3 0.7798223350253807 0.20785714285714285 0.026649746192893398 0.017142857142857144
4 0.6516497461928934 0.5407142857142857 0.031725888324873094 0.02857142857142857
4 0.6859137055837563 0.49964285714285717 0.021573604060913704 0.019285714285714285
3 0.6833756345177664 0.5332142857142858 0.021573604060913704 0.017857142857142856
3 0.7214467005076142 0.4903571428571429 0.026649746192893398 0.017857142857142856
4 0.6288071065989848 0.4764285714285714 0.021573604060913704 0.024285714285714285
3 0.708756345177665 0.43142857142857144 0.029187817258883246 0.022857142857142857
5 0.7182741116751269 0.4567857142857143 0.055837563451776644 0.045
4 0.7474619289340101 0.45714285714285713 0.025380710659898477 0.024285714285714285
4 0.782994923857868 0.42142857142857143 0.032994923857868015 0.024285714285714285
8 0.7417512690355329 0.3964285714285714 0.04187817258883248 0.032857142857142856
3 0.756979695431472 0.41785714285714287 0.026649746192893398 0.024285714285714285
3 0.9993654822335024 0.046785714285714285 0.031725888324873094 0.017857142857142856
3 0.9168781725888324 0.03964285714285714 0.026649746192893398 0.02214285714285714
8 0.9758883248730964 0.09464285714285714 0.02030456852791878 0.025
8 1.0038071065989846 0.25535714285714284 0.025380710659898477 0.03357142857142857
8 1.005710659898477 0.30964285714285716 0.029187817258883246 0.03357142857142857
8 1.1357868020304567 0.42428571428571427 0.053299492385786795 0.02857142857142857
3 1.0463197969543145 0.40964285714285714 0.031725888324873094 0.019285714285714285
3 1.0437817258883249 0.3492857142857143 0.029187817258883246 0.018571428571428572
3 0.9714467005076142 0.28464285714285714 0.016497461928934008 0.02214285714285714
4 0.972715736040609 0.3475 0.024111675126903553 0.025
8 1.28997461928934 0.495 0.06979695431472081 0.037142857142857144
8 1.2239847715736039 0.4432142857142857 0.05964467005076142 0.03214285714285714
3 1.2944162436548223 0.44107142857142856 0.02284263959390863 0.020714285714285713
3 1.3527918781725887 0.34964285714285714 0.02030456852791878 0.017857142857142856
3 1.3153553299492384 0.345 0.024111675126903553 0.018571428571428572
4 1.4060913705583755 0.32 0.025380710659898477 0.022857142857142857
5 1.3261421319796953 0.4525 0.04314720812182741 0.047857142857142855
3 1.416243654822335 0.255 0.02030456852791878 0.018571428571428572
4 1.4549492385786802 0.18214285714285713 0.016497461928934008 0.017142857142857144
4 1.3813451776649746 0.24821428571428572 0.021573604060913704 0.017857142857142856
5 1.3775380710659897 0.2017857142857143 0.03680203045685279 0.03642857142857143
3 1.4612944162436547 0.013928571428571429 0.016497461928934008 0.013571428571428571
4 1.449238578680203 0.10107142857142858 0.015228426395939085 0.015
4 1.4854060913705582 0.11035714285714286 0.016497461928934008 0.017857142857142856
4 1.431472081218274 0.0775 0.012690355329949238 0.016428571428571428
3 1.5044416243654821 0.0035714285714285713 0.016497461928934008 0.008571428571428572
3 1.529187817258883 0.024285714285714285 0.015228426395939085 0.012857142857142857
3 1.5050761421319796 0.04428571428571428 0.015228426395939085 0.015714285714285715
3 1.5133248730964466 0.11642857142857142 0.011421319796954314 0.014285714285714285
4 1.5266497461928932 0.07142857142857142 0.017766497461928932 0.018571428571428572
