3 0.26476190476190475 0.5332142857142858 0.17142857142857143 0.07642857142857143
3 0.3919047619047619 0.36678571428571427 0.15714285714285714 0.060714285714285714
3 0.4319047619047619 0.32535714285714284 0.14761904761904762 0.056428571428571425
3 0.4533333333333333 0.28964285714285715 0.13904761904761906 0.05071428571428571
3 0.4695238095238095 0.25035714285714283 0.13142857142857142 0.055
2 0.15523809523809523 0.4407142857142857 0.04 0.041428571428571426
4 1.2123809523809523 0.32071428571428573 0.09142857142857143 0.07857142857142857
8 0.9176190476190477 0.1725 0.08857142857142856 0.13785714285714284
3 1.2871428571428571 0.14464285714285716 0.06952380952380953 0.047857142857142855
3 1.259047619047619 0.09571428571428571 0.06476190476190476 0.04285714285714286
3 1.2342857142857142 0.0575 0.05714285714285714 0.04071428571428572
3 1.3052380952380953 0.07964285714285714 0.054285714285714284 0.03785714285714286
3 1.3109523809523809 0.2671428571428571 0.04285714285714286 0.07142857142857142
4 1.3166666666666667 0.10464285714285715 0.03142857142857143 0.056428571428571425
1 1.1842857142857144 0.11714285714285715 0.02 0.02
9 1.1838095238095239 0.12285714285714286 0.022857142857142857 0.03
3 0.7619047619047619 0.25607142857142856 0.05523809523809524 0.065
3 0.7923809523809524 0.18464285714285714 0.05333333333333333 0.062142857142857146
4 0.8085714285714286 0.12714285714285714 0.05523809523809524 0.06428571428571428
3 0.8233333333333334 0.08321428571428571 0.04476190476190476 0.04928571428571429
3 0.8376190476190476 0.044642857142857144 0.039047619047619046 0.045
3 0.8480952380952381 0.015714285714285715 0.035238095238095235 0.032857142857142856
3 0.6938095238095238 0.4685714285714286 0.09238095238095238 0.11
3 0.7323809523809524 0.3510714285714286 0.07809523809523809 0.095
3 0.5957142857142858 0.4203571428571429 0.09619047619047619 0.09357142857142857
3 0.5438095238095239 0.5707142857142857 0.11619047619047619 0.1357142857142857
3 0.6366666666666667 0.6239285714285714 0.11904761904761904 0.16785714285714284
9 0.5076190476190476 0.08642857142857142 0.01904761904761905 0.022857142857142857
3 0.5323809523809524 0.1657142857142857 0.11238095238095239 0.04857142857142857
3 0.5580952380952381 0.14392857142857143 0.08952380952380952 0.03785714285714286
3 0.580952380952381 0.12321428571428572 0.10095238095238095 0.039285714285714285
3 0.5957142857142858 0.10392857142857143 0.1 0.035
1 0.7076190476190476 0.030357142857142857 0.015238095238095238 0.019285714285714285
3 1.2461904761904763 0.6746428571428571 0.13428571428571429 0.14785714285714285
