3 0.37285714285714283 0.6232142857142857 0.025714285714285714 0.015
3 0.2776190476190476 0.6653571428571429 0.025714285714285714 0.016428571428571428
3 0.16666666666666666 0.6857142857142857 0.026666666666666665 0.02142857142857143
3 0.16238095238095238 0.5257142857142857 0.01619047619047619 0.01
3 0.09238095238095238 0.5325 0.015238095238095238 0.009285714285714286
3 0.034761904761904765 0.5439285714285714 0.01619047619047619 0.010714285714285714
3 0.023333333333333334 0.5278571428571428 0.018095238095238095 0.01
3 0.02857142857142857 0.4882142857142857 0.011428571428571429 0.007857142857142858
3 0.07380952380952381 0.49107142857142855 0.012380952380952381 0.007857142857142858
3 0.10285714285714286 0.4657142857142857 0.011428571428571429 0.005714285714285714
3 0.10476190476190476 0.4467857142857143 0.009523809523809525 0.005
