3 0.21333333333333332 0.4657142857142857 0.13714285714285715 0.09714285714285714
3 0.1438095238095238 0.7157142857142857 0.17523809523809525 0.06571428571428571
9 0.42095238095238097 0.4957142857142857 0.026666666666666665 0.04285714285714286
9 0.5038095238095238 0.4635714285714286 0.06285714285714286 0.054285714285714284
2 0.3985714285714286 0.38 0.04476190476190476 0.03142857142857143
3 0.8590476190476191 0.2953571428571429 0.10666666666666666 0.07214285714285715
1 0.7285714285714285 0.35428571428571426 0.022857142857142857 0.024285714285714285
1 0.700952380952381 0.3485714285714286 0.024761904761904763 0.022857142857142857
1 0.7223809523809523 0.3360714285714286 0.021904761904761906 0.023571428571428573
1 0.6847619047619048 0.33714285714285713 0.022857142857142857 0.02142857142857143
1 0.8966666666666666 0.3435714285714286 0.025714285714285714 0.03
1 0.9376190476190476 0.3092857142857143 0.025714285714285714 0.03428571428571429
2 0.8942857142857142 0.3482142857142857 0.03428571428571429 0.03214285714285714
2 0.9342857142857143 0.31607142857142856 0.02857142857142857 0.030714285714285715
4 0.9323809523809524 0.23607142857142857 0.09714285714285714 0.06928571428571428
3 1.0185714285714285 0.18964285714285714 0.07333333333333333 0.056428571428571425
1 1.2276190476190476 0.20357142857142857 0.02095238095238095 0.02142857142857143
2 1.2247619047619047 0.21142857142857144 0.015238095238095238 0.03142857142857143
