5 0.14761904761904762 0.6814285714285714 0.12 0.09
5 0.5485714285714286 0.4407142857142857 0.0838095238095238 0.06571428571428571
6 0.40523809523809523 0.44 0.029523809523809525 0.018571428571428572
6 0.4166666666666667 0.435 0.02761904761904762 0.018571428571428572
6 0.42857142857142855 0.43 0.026666666666666665 0.017142857142857144
6 0.45904761904761904 0.4617857142857143 0.02857142857142857 0.020714285714285713
6 0.45095238095238094 0.45714285714285713 0.025714285714285714 0.02
6 0.3923809523809524 0.455 0.03428571428571429 0.022857142857142857
6 0.41904761904761906 0.4764285714285714 0.03428571428571429 0.02142857142857143
6 0.4119047619047619 0.5407142857142857 0.054285714285714284 0.03857142857142857
6 0.3323809523809524 0.5832142857142857 0.07047619047619047 0.045
6 0.47714285714285715 0.49857142857142855 0.05142857142857143 0.03857142857142857
3 0.23666666666666666 0.6185714285714285 0.06952380952380953 0.05
4 0.25047619047619046 0.5592857142857143 0.05714285714285714 0.037142857142857144
3 0.5595238095238095 0.3432142857142857 0.037142857142857144 0.016428571428571428
4 0.6209523809523809 0.40714285714285714 0.04 0.03142857142857143
3 0.719047619047619 0.3525 0.030476190476190476 0.025
3 0.75 0.3292857142857143 0.025714285714285714 0.018571428571428572
5 0.6757142857142857 0.36642857142857144 0.04857142857142857 0.03142857142857143
3 0.6795238095238095 0.28285714285714286 0.03333333333333333 0.015714285714285715
3 0.700952380952381 0.2717857142857143 0.030476190476190476 0.012142857142857143
3 0.7438095238095238 0.25 0.02857142857142857 0.01
3 0.7119047619047619 0.26607142857142857 0.029523809523809525 0.012142857142857143
3 0.7266666666666667 0.26035714285714284 0.026666666666666665 0.010714285714285714
3 0.7371428571428571 0.2557142857142857 0.02857142857142857 0.008571428571428572
3 0.909047619047619 0.2017857142857143 0.029523809523809525 0.010714285714285714
3 0.8976190476190476 0.20964285714285713 0.02761904761904762 0.010714285714285714
3 0.939047619047619 0.18285714285714286 0.024761904761904763 0.008571428571428572
3 1.2423809523809524 0.21035714285714285 0.01619047619047619 0.010714285714285714
5 1.2314285714285713 0.1717857142857143 0.01904761904761905 0.013571428571428571
5 1.2542857142857142 0.06892857142857142 0.06857142857142857 0.013571428571428571
9 0.1442857142857143 0.5717857142857142 0.025714285714285714 0.016428571428571428
2 0.08142857142857143 0.6078571428571429 0.023809523809523808 0.015714285714285715
1 0.14333333333333334 0.5707142857142857 0.012380952380952381 0.01
3 0.010476190476190476 0.5875 0.022857142857142857 0.03785714285714286
1 0.2985714285714286 0.5703571428571429 0.010476190476190476 0.010714285714285714
6 0.31333333333333335 0.5642857142857143 0.049523809523809526 0.03571428571428571
9 0.5009523809523809 0.39714285714285713 0.007619047619047619 0.011428571428571429
3 1.2547619047619047 0.39 0.025714285714285714 0.022857142857142857
3 1.3223809523809524 0.3464285714285714 0.02 0.014285714285714285
4 1.3095238095238095 0.2475 0.015238095238095238 0.013571428571428571
3 1.3252380952380953 0.19785714285714287 0.014285714285714285 0.011428571428571429
4 1.3261904761904761 0.25107142857142856 0.012380952380952381 0.013571428571428571
5 1.2985714285714285 0.04428571428571428 0.010476190476190476 0.008571428571428572
3 1.289047619047619 0.054642857142857146 0.008571428571428572 0.0035714285714285713
