3 0.6795238095238095 0.6432142857142857 0.06380952380952382 0.11071428571428571
3 0.8804761904761905 0.6910714285714286 0.06952380952380953 0.115
3 0.7757142857142857 0.5653571428571429 0.06190476190476191 0.09785714285714285
3 0.9604761904761905 0.4853571428571429 0.054285714285714284 0.11357142857142857
3 0.87 0.4496428571428571 0.06380952380952382 0.11071428571428571
3 0.6519047619047619 0.4228571428571429 0.06 0.10571428571428572
3 0.9542857142857143 0.19428571428571428 0.06095238095238095 0.11857142857142858
3 0.8590476190476191 0.27714285714285714 0.05333333333333333 0.10428571428571429
3 0.5485714285714286 0.21535714285714286 0.05904761904761905 0.105
3 0.6471428571428571 0.13642857142857143 0.06380952380952382 0.11428571428571428
3 0.5461904761904762 0.045 0.05619047619047619 0.09
1 0.38761904761904764 0.10285714285714286 0.01904761904761905 0.03142857142857143
1 0.31952380952380954 0.12714285714285714 0.023809523809523808 0.024285714285714285
1 0.09380952380952381 0.3335714285714286 0.029523809523809525 0.018571428571428572
1 0.18428571428571427 0.3889285714285714 0.03333333333333333 0.015
1 0.18428571428571427 0.35964285714285715 0.029523809523809525 0.015
9 0.32142857142857145 0.14 0.02 0.024285714285714285
9 0.3933333333333333 0.11892857142857143 0.022857142857142857 0.027857142857142858
9 0.11952380952380952 0.3367857142857143 0.037142857142857144 0.019285714285714285
9 0.20809523809523808 0.35892857142857143 0.040952380952380955 0.015
9 0.20333333333333334 0.38821428571428573 0.035238095238095235 0.015
1 0.27666666666666667 0.5514285714285714 0.02 0.018571428571428572
2 0.29619047619047617 0.5467857142857143 0.022857142857142857 0.039285714285714285
