4 0.8252380952380952 0.38642857142857145 0.03333333333333333 0.045714285714285714
9 0.8447619047619047 0.1575 0.011428571428571429 0.020714285714285713
9 0.7209523809523809 0.14964285714285713 0.013333333333333332 0.02642857142857143
2 0.9576190476190476 0.6910714285714286 0.035238095238095235 0.023571428571428573
3 0.3757142857142857 0.3532142857142857 0.07523809523809524 0.023571428571428573
1 0.9571428571428572 0.6935714285714286 0.015238095238095238 0.012857142857142857
1 0.7209523809523809 0.14714285714285713 0.007619047619047619 0.012857142857142857
1 0.8447619047619047 0.15464285714285714 0.009523809523809525 0.012142857142857143
1 0.6947619047619048 0.15285714285714286 0.008571428571428572 0.011428571428571429
9 0.6942857142857143 0.15571428571428572 0.011428571428571429 0.02
