9 0.42333333333333334 0.3392857142857143 0.029523809523809525 0.012857142857142857
1 0.1219047619047619 0.3167857142857143 0.007619047619047619 0.013571428571428571
1 0.09523809523809523 0.3057142857142857 0.011428571428571429 0.008571428571428572
1 0.09 0.30464285714285716 0.012380952380952381 0.013571428571428571
1 0.08428571428571428 0.3057142857142857 0.012380952380952381 0.011428571428571429
2 0.12380952380952381 0.3225 0.01904761904761905 0.009285714285714286
9 0.4595238095238095 0.2978571428571429 0.023809523809523808 0.011428571428571429
1 0.5076190476190476 0.32285714285714284 0.009523809523809525 0.015714285714285715
1 0.6838095238095238 0.32142857142857145 0.011428571428571429 0.011428571428571429
4 0.8280952380952381 0.2810714285714286 0.040952380952380955 0.013571428571428571
1 0.8495238095238096 0.39357142857142857 0.017142857142857144 0.024285714285714285
2 0.9095238095238095 0.38357142857142856 0.03619047619047619 0.017142857142857144
9 1.1542857142857144 0.4832142857142857 0.06285714285714286 0.030714285714285715
