3 0.63 0.5503571428571429 0.054285714285714284 0.07785714285714286
3 0.7628571428571429 0.535 0.047619047619047616 0.07142857142857142
3 0.7647619047619048 0.4664285714285714 0.04 0.055714285714285716
3 0.7166666666666667 0.4139285714285714 0.035238095238095235 0.045
3 0.7671428571428571 0.4017857142857143 0.039047619047619046 0.04642857142857143
3 0.6252380952380953 0.39035714285714285 0.039047619047619046 0.04357142857142857
3 0.6742857142857143 0.38035714285714284 0.04 0.04642857142857143
3 0.72 0.22607142857142856 0.02095238095238095 0.020714285714285713
3 0.809047619047619 0.23392857142857143 0.02 0.017857142857142856
3 0.8114285714285714 0.18071428571428572 0.01904761904761905 0.015714285714285715
3 0.8114285714285714 0.135 0.022857142857142857 0.014285714285714285
9 0.49523809523809526 0.5135714285714286 0.024761904761904763 0.02857142857142857
1 0.49523809523809526 0.5042857142857143 0.015238095238095238 0.024285714285714285
1 0.5271428571428571 0.5128571428571429 0.01619047619047619 0.02142857142857143
1 0.5647619047619048 0.44642857142857145 0.017142857142857144 0.015714285714285715
2 0.5647619047619048 0.45357142857142857 0.017142857142857144 0.02
2 0.53 0.5192857142857142 0.018095238095238095 0.024285714285714285
5 0.7023809523809523 0.4975 0.06 0.09642857142857143
