3 0.24933333333333332 0.725 0.09066666666666666 0.049
3 0.6626666666666666 0.5952500000000001 0.11866666666666666 0.0815
3 0.534 0.5595 0.058666666666666666 0.069
3 0.7373333333333333 0.445 0.08399999999999999 0.03
3 0.412 0.4545 0.056 0.053
3 0.442 0.32275 0.06133333333333333 0.0195
3 0.5883333333333333 0.30725 0.02733333333333333 0.0195
3 0.611 0.26225 0.019333333333333334 0.0115
3 0.5536666666666666 0.23575000000000002 0.015333333333333332 0.0105
3 0.5966666666666667 0.229 0.013333333333333332 0.009000000000000001
3 0.5343333333333333 0.20600000000000002 0.011333333333333332 0.008
5 0.6763333333333333 0.5135 0.14066666666666666 0.073
3 0.737 0.48 0.062 0.043000000000000003
3 0.7343333333333333 0.42325 0.08466666666666667 0.029500000000000002
3 0.705 0.40025 0.08333333333333333 0.0325
3 0.708 0.3825 0.072 0.021
3 0.7133333333333333 0.3665 0.07733333333333334 0.022
3 0.6866666666666666 0.3565 0.072 0.023
3 0.6946666666666667 0.33775 0.064 0.0205
5 0.6806666666666666 0.31925000000000003 0.072 0.0325
4 0.6413333333333333 0.3185 0.05333333333333333 0.025
3 0.6426666666666666 0.302 0.052 0.018000000000000002
3 0.617 0.29075 0.03933333333333333 0.0155
3 0.6063333333333333 0.28300000000000003 0.043333333333333335 0.015
3 0.603 0.25325000000000003 0.02333333333333333 0.0115
3 0.6026666666666667 0.2475 0.028 0.01
3 0.5983333333333333 0.24025 0.02333333333333333 0.0105
3 0.5953333333333333 0.22425 0.021333333333333333 0.0075
3 0.5913333333333333 0.22125 0.021333333333333333 0.0075
3 0.59 0.21825 0.02 0.0075
3 0.593 0.2115 0.011333333333333332 0.007
3 0.593 0.201 0.01 0.006
4 0.5896666666666667 0.20725000000000002 0.018 0.0085
6 0.54 0.1905 0.010666666666666666 0.005
3 0.5396666666666666 0.19625 0.01 0.0055
4 0.5376666666666666 0.201 0.019333333333333334 0.008
3 0.5286666666666666 0.225 0.025333333333333333 0.008
3 0.5183333333333333 0.23125 0.015333333333333332 0.0095
3 0.5206666666666666 0.23625000000000002 0.029333333333333333 0.0085
3 0.521 0.2405 0.03133333333333333 0.009000000000000001
3 0.516 0.2435 0.03333333333333333 0.009000000000000001
3 0.5193333333333333 0.24775 0.03866666666666667 0.0105
3 0.511 0.2515 0.038 0.011
3 0.5136666666666666 0.2545 0.04066666666666666 0.012
3 0.5103333333333333 0.25725 0.033999999999999996 0.0105
3 0.508 0.26175 0.04 0.0125
3 0.506 0.2675 0.044 0.011
3 0.5023333333333333 0.2735 0.046 0.012
3 0.5016666666666667 0.27875 0.043333333333333335 0.0135
3 0.4953333333333333 0.28425 0.04666666666666666 0.0145
4 0.49266666666666664 0.28800000000000003 0.044 0.016
4 0.4923333333333333 0.298 0.051333333333333335 0.019
4 0.48666666666666664 0.30525 0.048 0.021500000000000002
3 0.4663333333333333 0.31525000000000003 0.051333333333333335 0.0175
3 0.32066666666666666 0.25425000000000003 0.022666666666666665 0.0115
2 0.21366666666666667 0.2705 0.007333333333333333 0.008
