3 0.451 0.72075 0.051333333333333335 0.0555
3 0.3283333333333333 0.109 0.014 0.013000000000000001
3 0.344 0.094 0.013333333333333332 0.01
3 0.48266666666666663 0.47475 0.029333333333333333 0.0365
1 0.54 0.4215 0.010666666666666666 0.01
2 0.5426666666666666 0.42675 0.012 0.0175
3 0.499 0.38475 0.04466666666666667 0.0345
3 0.499 0.3415 0.04466666666666667 0.029
3 0.497 0.322 0.03266666666666666 0.024
9 0.437 0.31825000000000003 0.015333333333333332 0.0105
3 0.4343333333333333 0.299 0.008666666666666666 0.013000000000000001
3 0.48266666666666663 0.293 0.024 0.026000000000000002
3 0.609 0.30875 0.020666666666666667 0.0155
3 0.5253333333333333 0.28200000000000003 0.02 0.02
4 0.4756666666666666 0.2695 0.05533333333333333 0.016
3 0.483 0.25125000000000003 0.03266666666666666 0.0205
2 0.42866666666666664 0.2695 0.016 0.007
9 0.45299999999999996 0.257 0.018 0.008
1 0.5103333333333333 0.28275 0.008666666666666666 0.0095
9 0.508 0.28375 0.014666666666666666 0.0095
1 0.5393333333333333 0.30175 0.005333333333333333 0.0085
9 0.54 0.3045 0.006666666666666666 0.011
2 0.572 0.279 0.009333333333333332 0.009000000000000001
1 0.761 0.4405 0.01 0.013000000000000001
9 0.7616666666666666 0.44625000000000004 0.011333333333333332 0.0175
3 0.7936666666666666 0.48075 0.041999999999999996 0.035500000000000004
2 0.773 0.3845 0.015333333333333332 0.011
6 0.9249999999999999 0.63325 0.02333333333333333 0.021500000000000002
6 0.9913333333333333 0.7395 0.017333333333333333 0.02
2 0.9913333333333333 0.7395 0.017333333333333333 0.02
3 1.2726666666666666 0.6785 0.08 0.061
3 1.1673333333333333 0.6717500000000001 0.07733333333333334 0.0405
3 1.1146666666666667 0.622 0.06 0.056
4 1.0586666666666666 0.55975 0.06133333333333333 0.0525
3 1.0203333333333333 0.51425 0.04733333333333333 0.0425
3 0.9806666666666667 0.47375 0.04666666666666666 0.0385
4 1.043 0.45225 0.056666666666666664 0.0345
3 1.0793333333333333 0.47850000000000004 0.06666666666666667 0.028
3 1.0996666666666666 0.516 0.046 0.038
3 1.1453333333333333 0.5635 0.056 0.049
3 1.2086666666666666 0.62 0.06933333333333333 0.051000000000000004
3 0.9916666666666666 0.4175 0.057999999999999996 0.021
3 0.9773333333333333 0.403 0.052 0.022
3 1.0266666666666666 0.4015 0.04133333333333333 0.029
3 1.0496666666666665 0.3945 0.03 0.023
3 1.0473333333333332 0.36475 0.04533333333333333 0.0245
3 1.075 0.31075 0.03 0.0235
3 1.055 0.31525000000000003 0.03 0.0235
3 1.0326666666666666 0.3185 0.029333333333333333 0.025
3 1.0036666666666667 0.317 0.03 0.027
3 1.0273333333333332 0.33625 0.04933333333333333 0.0175
3 0.9883333333333333 0.34175 0.03666666666666667 0.025500000000000002
3 0.97 0.3235 0.029333333333333333 0.023
4 0.9483333333333333 0.323 0.02733333333333333 0.029
3 0.9386666666666666 0.366 0.05333333333333333 0.021
3 0.9236666666666666 0.35375 0.04733333333333333 0.0195
4 0.9153333333333333 0.33925 0.050666666666666665 0.0235
3 0.8576666666666667 0.34950000000000003 0.024666666666666667 0.029
3 0.887 0.369 0.033999999999999996 0.023
3 0.8286666666666667 0.38 0.056 0.021
3 0.8203333333333334 0.365 0.049999999999999996 0.019
6 0.8046666666666666 0.35150000000000003 0.036 0.012
2 0.8029999999999999 0.395 0.012666666666666666 0.013000000000000001
2 0.8096666666666666 0.454 0.016666666666666666 0.012
2 0.827 0.46 0.01 0.013000000000000001
2 0.8193333333333334 0.47450000000000003 0.014666666666666666 0.016
2 0.8079999999999999 0.458 0.010666666666666666 0.01
2 0.8273333333333333 0.47650000000000003 0.010666666666666666 0.012
2 0.8363333333333333 0.47650000000000003 0.01 0.014
2 0.835 0.46775 0.01 0.0155
2 0.7023333333333334 0.2715 0.012666666666666666 0.009000000000000001
3 0.5886666666666667 0.125 0.018666666666666665 0.012
3 0.5833333333333333 0.117 0.016 0.011
5 0.5413333333333333 0.10250000000000001 0.018666666666666665 0.016
4 0.573 0.09475 0.024666666666666667 0.021500000000000002
4 0.5633333333333334 0.07 0.017333333333333333 0.017
3 0.5596666666666666 0.06075 0.014 0.0075
3 0.5589999999999999 0.04875 0.012666666666666666 0.0075
3 0.5576666666666666 0.0445 0.011333333333333332 0.009000000000000001
3 0.5296666666666666 0.035750000000000004 0.011333333333333332 0.0075
3 0.5093333333333333 0.01375 0.008 0.0075
3 0.5006666666666667 0.0025 0.012 0.006
9 0.473 0.03325 0.007333333333333333 0.006500000000000001
3 0.4673333333333333 0.03 0.008 0.009000000000000001
3 0.46366666666666667 0.04 0.01 0.009000000000000001
3 0.4543333333333333 0.06125 0.01 0.0085
3 0.45299999999999996 0.06625 0.011333333333333332 0.0085
3 0.4513333333333333 0.07825 0.013333333333333332 0.0115
3 0.4523333333333333 0.0905 0.011333333333333332 0.012
3 0.4523333333333333 0.09975 0.014 0.0115
4 0.48133333333333334 0.0815 0.010666666666666666 0.014
3 0.45966666666666667 0.166 0.015333333333333332 0.014
1 0.481 0.154 0.006 0.006
6 0.48033333333333333 0.15525 0.007333333333333333 0.0085
3 0.4663333333333333 0.18725 0.015333333333333332 0.0135
2 0.4613333333333333 0.17575000000000002 0.013333333333333332 0.006500000000000001
3 0.47533333333333333 0.21475 0.025333333333333333 0.0175
4 0.47866666666666663 0.2335 0.022666666666666665 0.018000000000000002
9 0.47333333333333333 0.24725 0.016 0.0075
2 0.4503333333333333 0.1885 0.01 0.006
6 0.44966666666666666 0.19275 0.01 0.0095
9 0.4503333333333333 0.202 0.007333333333333333 0.008
1 0.4333333333333333 0.17425000000000002 0.006666666666666666 0.0075
4 0.424 0.18825 0.016 0.0155
4 0.424 0.20800000000000002 0.014666666666666666 0.016
4 0.42433333333333334 0.218 0.016666666666666666 0.016
4 0.429 0.23075 0.019333333333333334 0.0165
6 0.4523333333333333 0.20675000000000002 0.018 0.0105
3 0.429 0.2455 0.020666666666666667 0.018000000000000002
3 0.7283333333333333 0.1155 0.02733333333333333 0.01
3 0.733 0.1895 0.035333333333333335 0.014
3 0.7386666666666667 0.202 0.034666666666666665 0.014
3 0.7383333333333333 0.21125 0.035333333333333335 0.0115
3 0.75 0.22075 0.036 0.0145
3 0.868 0.2475 0.04 0.013000000000000001
9 0.8676666666666666 0.23725000000000002 0.015333333333333332 0.0075
3 0.9226666666666666 0.261 0.03866666666666667 0.016
3 0.9396666666666667 0.27975 0.04466666666666667 0.0145
3 0.7953333333333333 0.27975 0.04 0.0175
