3 0.38285714285714284 0.7310714285714286 0.045714285714285714 0.020714285714285713
4 0.3838095238095238 0.7039285714285715 0.0419047619047619 0.017857142857142856
3 0.3819047619047619 0.6828571428571428 0.047619047619047616 0.02
3 0.38047619047619047 0.6453571428571429 0.04857142857142857 0.019285714285714285
3 0.38 0.6189285714285714 0.047619047619047616 0.019285714285714285
4 0.3438095238095238 0.6367857142857143 0.022857142857142857 0.030714285714285715
3 0.31 0.58 0.02761904761904762 0.03142857142857143
3 0.4142857142857143 0.4957142857142857 0.049523809523809526 0.015714285714285715
5 0.5514285714285714 0.3821428571428571 0.03619047619047619 0.09142857142857143
3 0.30142857142857143 0.25357142857142856 0.025714285714285714 0.03428571428571429
3 0.30428571428571427 0.12964285714285714 0.02761904761904762 0.03785714285714286
3 0.379047619047619 0.07642857142857143 0.047619047619047616 0.02
3 0.3761904761904762 0.03678571428571428 0.04380952380952381 0.019285714285714285
3 0.3852380952380952 0.009285714285714286 0.040952380952380955 0.018571428571428572
3 1.1328571428571428 0.07642857142857143 0.029523809523809525 0.037142857142857144
4 1.159047619047619 0.075 0.026666666666666665 0.04428571428571428
3 1.2295238095238095 0.055 0.026666666666666665 0.03428571428571429
3 1.302857142857143 0.01107142857142857 0.045714285714285714 0.019285714285714285
3 1.240952380952381 0.3 0.049523809523809526 0.017142857142857144
3 1.2404761904761905 0.26785714285714285 0.025714285714285714 0.037142857142857144
3 1.139047619047619 0.4092857142857143 0.024761904761904763 0.03428571428571429
3 1.168095238095238 0.4085714285714286 0.023809523809523808 0.037142857142857144
3 1.1057142857142856 0.4853571428571429 0.024761904761904763 0.03642857142857143
3 1.140952380952381 0.4875 0.026666666666666665 0.035
3 1.1952380952380952 0.4057142857142857 0.024761904761904763 0.03857142857142857
3 1.0233333333333334 0.4521428571428571 0.021904761904761906 0.03428571428571429
4 0.888095238095238 0.4878571428571429 0.02761904761904762 0.04285714285714286
4 0.8547619047619047 0.32142857142857145 0.021904761904761906 0.032857142857142856
9 0.8809523809523809 0.3939285714285714 0.009523809523809525 0.013571428571428571
3 1.2476190476190476 0.545 0.047619047619047616 0.017142857142857144
3 1.3076190476190477 0.5475 0.045714285714285714 0.016428571428571428
3 1.2619047619047619 0.5921428571428572 0.05333333333333333 0.02
3 1.3161904761904761 0.5921428571428572 0.03238095238095238 0.02
4 1.0757142857142856 0.7292857142857143 0.04285714285714286 0.02
4 1.0795238095238096 0.7432142857142857 0.04857142857142857 0.012142857142857143
9 0.87 0.6360714285714286 0.012380952380952381 0.017857142857142856
3 0.8719047619047618 0.7414285714285714 0.023809523809523808 0.015714285714285715
