3 0.6347619047619047 0.7360714285714286 0.040952380952380955 0.02642857142857143
5 0.6319047619047619 0.6339285714285714 0.05619047619047619 0.135
3 0.7852380952380953 0.5214285714285715 0.029523809523809525 0.041428571428571426
3 0.6733333333333333 0.31035714285714283 0.022857142857142857 0.030714285714285715
3 0.8257142857142857 0.13857142857142857 0.02095238095238095 0.02
3 0.580952380952381 0.14 0.01904761904761905 0.018571428571428572
3 0.6333333333333333 0.08392857142857142 0.017142857142857144 0.013571428571428571
5 0.36142857142857143 0.23107142857142857 0.05619047619047619 0.07928571428571428
5 0.3566666666666667 0.027142857142857142 0.023809523809523808 0.03857142857142857
5 0.4442857142857143 0.05964285714285714 0.08476190476190476 0.025
