5 0.07809523809523809 0.21571428571428572 0.013333333333333332 0.011428571428571429
5 0.0919047619047619 0.2507142857142857 0.01619047619047619 0.018571428571428572
5 0.15904761904761905 0.285 0.03428571428571429 0.014285714285714285
5 0.15047619047619049 0.3314285714285714 0.02095238095238095 0.02142857142857143
5 0.11619047619047619 0.4057142857142857 0.03238095238095238 0.012857142857142857
5 0.07428571428571429 0.5360714285714285 0.022857142857142857 0.02214285714285714
5 0.17285714285714285 0.7117857142857142 0.05238095238095238 0.05071428571428571
5 0.05095238095238095 0.13607142857142857 0.02 0.007857142857142858
8 0.005714285714285714 0.375 0.013333333333333332 0.025714285714285714
3 0.1019047619047619 0.22357142857142856 0.01904761904761905 0.005714285714285714
3 0.13 0.25392857142857145 0.018095238095238095 0.005
3 0.1319047619047619 0.26107142857142857 0.018095238095238095 0.0064285714285714285
3 0.13523809523809524 0.26321428571428573 0.017142857142857144 0.0064285714285714285
3 0.0980952380952381 0.38321428571428573 0.013333333333333332 0.010714285714285714
3 0.13904761904761906 0.3825 0.022857142857142857 0.009285714285714286
3 0.15714285714285714 0.37107142857142855 0.011428571428571429 0.010714285714285714
3 0.17761904761904762 0.415 0.012380952380952381 0.011428571428571429
3 0.19857142857142857 0.42464285714285716 0.012380952380952381 0.013571428571428571
3 0.22904761904761906 0.3921428571428571 0.023809523809523808 0.008571428571428572
3 0.2319047619047619 0.39535714285714285 0.02 0.007857142857142858
3 0.2357142857142857 0.3989285714285714 0.018095238095238095 0.007857142857142858
3 0.23666666666666666 0.4039285714285714 0.01619047619047619 0.007857142857142858
3 0.2423809523809524 0.4157142857142857 0.02 0.007142857142857143
3 0.24428571428571427 0.42214285714285715 0.023809523809523808 0.01
4 0.24523809523809523 0.4303571428571429 0.021904761904761906 0.007857142857142858
4 0.24761904761904763 0.43714285714285717 0.026666666666666665 0.008571428571428572
5 0.25 0.4614285714285714 0.02 0.022857142857142857
3 0.11714285714285715 0.6239285714285714 0.02095238095238095 0.020714285714285713
3 0.6823809523809524 0.4132142857142857 0.018095238095238095 0.010714285714285714
3 0.7019047619047619 0.4067857142857143 0.02095238095238095 0.010714285714285714
3 0.7623809523809524 0.38392857142857145 0.018095238095238095 0.010714285714285714
4 0.7947619047619048 0.3717857142857143 0.014285714285714285 0.007857142857142858
3 0.9628571428571429 0.3507142857142857 0.015238095238095238 0.008571428571428572
3 1.02 0.3675 0.013333333333333332 0.007857142857142858
8 0.6114285714285714 0.05071428571428571 0.013333333333333332 0.005714285714285714
8 0.5966666666666667 0.05 0.008571428571428572 0.007142857142857143
5 0.5642857142857143 0.10107142857142858 0.010476190476190476 0.0035714285714285713
