5 1.2656666666666667 0.5650000000000001 0.09 0.035
1 1.3036666666666665 0.5575 0.011333333333333332 0.01
3 1.1816666666666666 0.5615 0.06999999999999999 0.023
4 1.279 0.65225 0.062 0.0285
1 1.2476666666666667 0.62425 0.014 0.0125
9 1.2486666666666666 0.63 0.026666666666666665 0.01
3 1.1966666666666665 0.65225 0.06 0.0395
3 1.1376666666666666 0.648 0.054 0.041
3 1.1043333333333334 0.56275 0.06333333333333332 0.021500000000000002
3 1.0576666666666665 0.64925 0.07133333333333333 0.0325
4 0.9393333333333334 0.72975 0.072 0.0335
3 0.947 0.6505 0.06999999999999999 0.041
4 0.8873333333333333 0.64475 0.058666666666666666 0.0465
4 0.9543333333333333 0.60675 0.06066666666666667 0.0275
3 0.9706666666666667 0.56775 0.06266666666666666 0.0315
3 0.9003333333333333 0.56175 0.06066666666666667 0.0245
3 0.7916666666666666 0.5665 0.054 0.027
3 0.7363333333333333 0.5660000000000001 0.057999999999999996 0.026000000000000002
3 0.6826666666666666 0.56575 0.05333333333333333 0.029500000000000002
3 0.6523333333333333 0.65825 0.06999999999999999 0.0245
3 0.6106666666666667 0.5650000000000001 0.05733333333333333 0.028
3 0.5893333333333333 0.5875 0.064 0.024
3 0.5403333333333333 0.5655 0.04466666666666667 0.031
1 0.5033333333333333 0.511 0.005333333333333333 0.007
5 0.2803333333333333 0.36025 0.04733333333333333 0.0185
3 0.486 0.56575 0.04133333333333333 0.0315
4 0.4433333333333333 0.5650000000000001 0.036 0.029
3 0.4003333333333333 0.5690000000000001 0.041999999999999996 0.03
3 0.38166666666666665 0.65075 0.06866666666666667 0.0395
4 0.3423333333333333 0.5655 0.046 0.028
3 0.28933333333333333 0.5660000000000001 0.04666666666666666 0.029
3 0.22533333333333333 0.5645 0.048 0.026000000000000002
3 0.175 0.5705 0.04466666666666667 0.03
5 0.265 0.6525 0.086 0.037
3 0.18733333333333332 0.649 0.07733333333333334 0.03
3 0.03233333333333333 0.6315000000000001 0.066 0.036000000000000004
3 0.03133333333333333 0.538 0.04666666666666666 0.029
3 0.09899999999999999 0.54425 0.03933333333333333 0.0185
5 0.12133333333333333 0.561 0.076 0.04
1 0.08399999999999999 0.611 0.014666666666666666 0.014
9 0.08666666666666667 0.6145 0.022666666666666665 0.012
