3 0.41523809523809524 0.6989285714285715 0.21714285714285714 0.08642857142857142
3 0.379047619047619 0.6289285714285714 0.2038095238095238 0.09357142857142857
3 0.39571428571428574 0.54 0.1895238095238095 0.08428571428571428
3 0.29714285714285715 0.060714285714285714 0.15428571428571428 0.04857142857142857
3 0.2776190476190476 0.024642857142857143 0.15523809523809523 0.05071428571428571
3 0.7604761904761905 0.35 0.17047619047619048 0.07428571428571429
3 0.7423809523809524 0.2832142857142857 0.16476190476190475 0.07214285714285715
3 0.7104761904761905 0.22535714285714287 0.1580952380952381 0.06642857142857143
4 0.6523809523809524 0.09642857142857143 0.13333333333333333 0.06714285714285714
3 0.6495238095238095 0.05142857142857143 0.14476190476190476 0.05857142857142857
4 0.6133333333333333 0.019642857142857142 0.16 0.04071428571428572
3 0.8871428571428571 0.5303571428571429 0.1895238095238095 0.07928571428571428
2 0.9519047619047619 0.4657142857142857 0.06 0.024285714285714285
2 1.256190476190476 0.24464285714285713 0.07428571428571429 0.04357142857142857
