3 0.7161410018552876 0.2750521920668058 0.061224489795918366 0.022964509394572022
3 0.7755102040816326 0.25808977035490605 0.055658627087198514 0.02139874739039666
3 0.8617810760667903 0.23903966597077242 0.05194805194805195 0.018789144050104383
3 0.687847866419295 0.22442588726513568 0.05658627087198516 0.019832985386221292
3 0.5890538033395176 0.18058455114822544 0.04267161410018553 0.016701461377870562
3 0.48562152133580705 0.16466597077244258 0.045454545454545456 0.020354906054279746
3 0.4160482374768089 0.18371607515657618 0.049165120593692026 0.018789144050104383
5 0.3650278293135436 0.1688413361169102 0.045454545454545456 0.023486430062630476
4 0.3933209647495362 0.16570981210855948 0.03896103896103896 0.017223382045929016
3 0.41929499072356213 0.16179540709812107 0.04452690166975881 0.015657620041753653
3 0.4461966604823748 0.15474947807933193 0.03896103896103896 0.020354906054279746
3 0.1767161410018553 0.19311064718162838 0.05658627087198516 0.021920668058455113
3 0.29730983302411873 0.1390918580375783 0.036178107606679034 0.015135699373695197
3 0.2750463821892393 0.11821503131524007 0.03432282003710575 0.015135699373695197
3 0.1924860853432282 0.12839248434237996 0.03432282003710575 0.014613778705636741
3 0.21057513914656772 0.11456158663883088 0.03339517625231911 0.014091858037578286
3 0.24118738404452691 0.11116910229645093 0.03896103896103896 0.014613778705636741
3 0.17810760667903525 0.08481210855949894 0.0352504638218924 0.012004175365344467
5 0.13079777365491652 0.09916492693110646 0.03896103896103896 0.018789144050104383
3 0.075139146567718 0.06106471816283924 0.0463821892393321 0.013569937369519832
3 0.07977736549165121 0.029227557411273482 0.027829313543599257 0.012526096033402922
3 0.04081632653061225 0.022964509394572022 0.020408163265306124 0.013569937369519832
3 1.480983302411874 0.026878914405010435 0.03803339517625232 0.012004175365344467
3 1.6567717996289426 0.05793319415448851 0.027829313543599257 0.013569937369519832
