5 0.37708719851576994 0.1296972860125261 0.10296846011131726 0.050626304801670144
4 0.5742115027829313 0.1495302713987474 0.04823747680890538 0.03079331941544885
9 0.6108534322820037 0.17327766179540707 0.03432282003710575 0.014613778705636741
5 0.7685528756957328 0.40370563674321497 0.11038961038961038 0.10073068893528182
4 1.0 0.06758872651356992 0.022263450834879406 0.015135699373695197
3 0.9471243042671614 0.02009394572025052 0.016697588126159554 0.008872651356993735
5 1.0830241187384044 0.3144572025052192 0.05658627087198516 0.056889352818371604
6 1.1210575139146568 0.5005219206680585 0.075139146567718 0.045929018789144044
6 1.332096474953618 0.34446764091858034 0.11131725417439703 0.030271398747390394
6 1.215213358070501 0.27426931106471814 0.05009276437847866 0.023486430062630476
6 1.1753246753246753 0.10177453027139874 0.03710575139146568 0.013569937369519832
9 1.1822820037105752 0.30636743215031315 0.0176252319109462 0.024008350730688934
2 0.974025974025974 0.008089770354906054 0.0074211502782931356 0.004697286012526096
1 0.8608534322820037 0.3614300626304801 0.014842300556586271 0.02139874739039666
9 0.8613172541743971 0.3661273486430062 0.01948051948051948 0.02453027139874739
