3 1.2719047619047619 0.4957142857142857 0.09047619047619047 0.05
3 1.2533333333333334 0.030357142857142857 0.01904761904761905 0.019285714285714285
3 1.2647619047619048 0.0375 0.01904761904761905 0.020714285714285713
5 1.2333333333333334 0.08357142857142857 0.04 0.041428571428571426
3 1.3004761904761906 0.09142857142857143 0.023809523809523808 0.022857142857142857
3 1.3071428571428572 0.11428571428571428 0.02 0.024285714285714285
3 1.3009523809523809 0.14607142857142857 0.02857142857142857 0.02642857142857143
8 1.28 0.18464285714285714 0.05333333333333333 0.06928571428571428
3 1.2809523809523808 0.2332142857142857 0.03428571428571429 0.03357142857142857
3 1.328095238095238 0.21071428571428572 0.008571428571428572 0.027142857142857142
3 0.9538095238095238 0.3482142857142857 0.039047619047619046 0.025
3 0.929047619047619 0.5221428571428571 0.05238095238095238 0.022857142857142857
3 0.939047619047619 0.4932142857142857 0.04380952380952381 0.020714285714285713
3 0.9385714285714286 0.4642857142857143 0.05047619047619047 0.02
3 0.8452380952380952 0.4325 0.035238095238095235 0.016428571428571428
3 0.8814285714285715 0.4689285714285714 0.04285714285714286 0.019285714285714285
3 0.8595238095238095 0.4903571428571429 0.04285714285714286 0.020714285714285713
3 0.8709523809523809 0.5167857142857143 0.04476190476190476 0.020714285714285713
3 0.8219047619047619 0.5121428571428571 0.0419047619047619 0.02
3 0.8128571428571428 0.4860714285714286 0.039047619047619046 0.019285714285714285
3 0.8342857142857143 0.4635714285714286 0.0380952380952381 0.017142857142857144
3 0.7852380952380953 0.4632142857142857 0.037142857142857144 0.017857142857142856
3 0.7695238095238095 0.4853571428571429 0.030476190476190476 0.016428571428571428
3 0.780952380952381 0.5071428571428571 0.04 0.02
3 0.7452380952380953 0.5064285714285715 0.03142857142857143 0.017142857142857144
3 0.7566666666666667 0.4639285714285714 0.02761904761904762 0.015
3 0.7376190476190476 0.485 0.02761904761904762 0.012857142857142857
3 0.719047619047619 0.5 0.030476190476190476 0.015714285714285715
3 0.6919047619047619 0.495 0.025714285714285714 0.012857142857142857
5 0.7038095238095238 0.47964285714285715 0.03428571428571429 0.013571428571428571
3 0.7219047619047619 0.46285714285714286 0.024761904761904763 0.012857142857142857
3 0.729047619047619 0.4382142857142857 0.023809523809523808 0.013571428571428571
3 0.7619047619047619 0.4089285714285714 0.026666666666666665 0.012142857142857143
3 0.6766666666666666 0.47928571428571426 0.023809523809523808 0.011428571428571429
3 0.6966666666666667 0.4635714285714286 0.023809523809523808 0.012857142857142857
3 0.6538095238095238 0.4775 0.02 0.012142857142857143
3 0.6623809523809524 0.4625 0.021904761904761906 0.013571428571428571
3 0.6428571428571429 0.46285714285714286 0.02095238095238095 0.011428571428571429
3 0.6328571428571429 0.4757142857142857 0.02 0.011428571428571429
3 0.6176190476190476 0.46214285714285713 0.018095238095238095 0.011428571428571429
3 0.61 0.4317857142857143 0.014285714285714285 0.007857142857142858
3 0.5514285714285714 0.4417857142857143 0.011428571428571429 0.007857142857142858
3 0.4938095238095238 0.445 0.008571428571428572 0.005714285714285714
3 0.48904761904761906 0.465 0.010476190476190476 0.005714285714285714
3 0.4695238095238095 0.4860714285714286 0.009523809523809525 0.0064285714285714285
3 0.45 0.4714285714285714 0.006666666666666666 0.005714285714285714
8 0.4480952380952381 0.44107142857142856 0.012380952380952381 0.007857142857142858
3 0.42857142857142855 0.45071428571428573 0.005714285714285714 0.004285714285714286
3 0.4066666666666667 0.46285714285714286 0.005714285714285714 0.004285714285714286
3 0.41095238095238096 0.4492857142857143 0.004761904761904762 0.004285714285714286
3 0.40190476190476193 0.4675 0.0038095238095238095 0.0035714285714285713
3 0.35428571428571426 0.5082142857142857 0.007619047619047619 0.007857142857142858
3 0.3385714285714286 0.5117857142857143 0.004761904761904762 0.0035714285714285713
3 0.3919047619047619 0.4642857142857143 0.004761904761904762 0.002857142857142857
3 0.3942857142857143 0.46 0.0038095238095238095 0.002857142857142857
3 0.3861904761904762 0.45071428571428573 0.002857142857142857 0.002857142857142857
3 0.38142857142857145 0.44892857142857145 0.004761904761904762 0.0035714285714285713
5 0.36857142857142855 0.45071428571428573 0.007619047619047619 0.004285714285714286
5 0.36095238095238097 0.45357142857142857 0.007619047619047619 0.004285714285714286
3 0.38095238095238093 0.45964285714285713 0.0038095238095238095 0.0035714285714285713
3 0.3861904761904762 0.4639285714285714 0.004761904761904762 0.0035714285714285713
3 0.38095238095238093 0.46285714285714286 0.0038095238095238095 0.002857142857142857
3 0.37142857142857144 0.4625 0.0038095238095238095 0.0035714285714285713
3 0.3933333333333333 0.4925 0.009523809523809525 0.009285714285714286
3 0.39 0.49142857142857144 0.008571428571428572 0.01
3 0.38571428571428573 0.48928571428571427 0.009523809523809525 0.01
3 0.4004761904761905 0.49464285714285716 0.010476190476190476 0.010714285714285714
