3 0.8635786802030456 0.49178571428571427 0.021573604060913704 0.029285714285714286
8 0.8401015228426395 0.31142857142857144 0.03045685279187817 0.06714285714285714
8 0.7366751269035532 0.21678571428571428 0.024111675126903553 0.035
4 0.7677664974619288 0.18928571428571428 0.02030456852791878 0.024285714285714285
4 0.8197969543147208 0.10785714285714286 0.02030456852791878 0.027142857142857142
3 0.6884517766497461 0.10535714285714286 0.03934010152284264 0.012142857142857143
9 1.030456852791878 0.055714285714285716 0.012690355329949238 0.015714285714285715
4 1.3432741116751268 0.05785714285714286 0.049492385786802026 0.015714285714285715
5 1.5031725888324872 0.07321428571428572 0.04441624365482233 0.03214285714285714
4 1.5361675126903551 0.07392857142857143 0.029187817258883246 0.025
