3 0.49714285714285716 0.165 0.017142857142857144 0.022857142857142857
3 0.5152380952380953 0.16714285714285715 0.015238095238095238 0.022857142857142857
3 0.539047619047619 0.1725 0.017142857142857144 0.02214285714285714
3 0.5133333333333333 0.2257142857142857 0.024761904761904763 0.022857142857142857
3 0.5319047619047619 0.23214285714285715 0.021904761904761906 0.02142857142857143
3 0.5485714285714286 0.23607142857142857 0.015238095238095238 0.016428571428571428
3 0.57 0.23357142857142857 0.021904761904761906 0.022857142857142857
4 0.5885714285714285 0.2382142857142857 0.024761904761904763 0.017857142857142856
3 0.6161904761904762 0.24035714285714285 0.02857142857142857 0.012142857142857143
4 0.5666666666666667 0.17357142857142857 0.015238095238095238 0.022857142857142857
3 0.5885714285714285 0.17964285714285713 0.02095238095238095 0.023571428571428573
3 0.6066666666666667 0.18392857142857144 0.017142857142857144 0.02214285714285714
3 0.6257142857142857 0.185 0.017142857142857144 0.022857142857142857
5 0.6723809523809524 0.009642857142857142 0.02095238095238095 0.020714285714285713
3 0.6566666666666666 0.3717857142857143 0.029523809523809525 0.016428571428571428
4 0.5514285714285714 0.4592857142857143 0.017142857142857144 0.02
4 0.5823809523809523 0.4878571428571429 0.014285714285714285 0.025714285714285714
4 0.5957142857142858 0.46214285714285713 0.014285714285714285 0.02142857142857143
3 0.6261904761904762 0.47535714285714287 0.018095238095238095 0.02214285714285714
3 0.6166666666666667 0.4982142857142857 0.018095238095238095 0.02214285714285714
3 0.5728571428571428 0.5378571428571428 0.02 0.025714285714285714
3 0.6042857142857143 0.5792857142857143 0.014285714285714285 0.02
3 0.6076190476190476 0.5289285714285714 0.013333333333333332 0.023571428571428573
3 0.6080952380952381 0.555 0.014285714285714285 0.02142857142857143
3 0.3219047619047619 0.425 0.03238095238095238 0.011428571428571429
3 0.3304761904761905 0.44857142857142857 0.03238095238095238 0.011428571428571429
3 0.37142857142857144 0.4089285714285714 0.02857142857142857 0.012142857142857143
3 0.3919047619047619 0.4182142857142857 0.03142857142857143 0.012142857142857143
3 0.6052380952380952 0.6232142857142857 0.012380952380952381 0.02214285714285714
3 0.6023809523809524 0.6492857142857142 0.014285714285714285 0.02142857142857143
3 0.6019047619047619 0.6746428571428571 0.013333333333333332 0.023571428571428573
3 0.6 0.7053571428571429 0.015238095238095238 0.023571428571428573
3 0.5971428571428572 0.7371428571428571 0.013333333333333332 0.02142857142857143
3 0.5219047619047619 0.6914285714285714 0.030476190476190476 0.012857142857142857
3 0.5295238095238095 0.6675 0.03238095238095238 0.012142857142857143
3 0.5523809523809524 0.6771428571428572 0.030476190476190476 0.011428571428571429
3 0.48333333333333334 0.6871428571428572 0.029523809523809525 0.012857142857142857
4 0.47904761904761906 0.7064285714285714 0.026666666666666665 0.012857142857142857
3 0.014285714285714285 0.3821428571428571 0.030476190476190476 0.014285714285714285
