3 0.8557142857142858 0.5692857142857143 0.037142857142857144 0.045714285714285714
3 0.7780952380952381 0.5496428571428571 0.03428571428571429 0.039285714285714285
3 0.8152380952380952 0.5603571428571429 0.03619047619047619 0.04071428571428572
3 0.9133333333333333 0.5925 0.03428571428571429 0.03642857142857143
3 0.7533333333333333 0.46285714285714286 0.02857142857142857 0.03428571428571429
3 0.7857142857142857 0.46785714285714286 0.024761904761904763 0.03428571428571429
3 0.8204761904761905 0.4760714285714286 0.023809523809523808 0.035
3 0.88 0.48464285714285715 0.024761904761904763 0.03642857142857143
3 0.6438095238095238 0.44571428571428573 0.03428571428571429 0.02857142857142857
3 0.6195238095238095 0.43964285714285717 0.03142857142857143 0.029285714285714286
3 0.590952380952381 0.43357142857142855 0.02761904761904762 0.032857142857142856
3 0.6861904761904762 0.45357142857142857 0.03142857142857143 0.03
3 0.14857142857142858 0.15964285714285714 0.01904761904761905 0.0064285714285714285
3 0.07095238095238095 0.15607142857142858 0.01619047619047619 0.0064285714285714285
5 0.21095238095238095 0.14 0.01619047619047619 0.005714285714285714
5 0.17476190476190476 0.15 0.01619047619047619 0.008571428571428572
5 0.8219047619047619 0.19642857142857142 0.045714285714285714 0.017142857142857144
5 1.3204761904761906 0.1875 0.023809523809523808 0.02642857142857143
