3 0.053 0.47150000000000003 0.08733333333333333 0.047
3 0.20833333333333331 0.45 0.13933333333333334 0.057
3 0.39199999999999996 0.39325 0.11466666666666667 0.0525
3 0.46199999999999997 0.489 0.11466666666666667 0.074
4 0.7026666666666667 0.3775 0.09999999999999999 0.053
3 0.9289999999999999 0.34500000000000003 0.11 0.04
3 1.0196666666666667 0.3695 0.12066666666666666 0.035
3 1.084 0.314 0.08933333333333333 0.03
9 0.9916666666666666 0.29225 0.016666666666666666 0.0195
3 0.8246666666666667 0.24825 0.03333333333333333 0.029500000000000002
3 0.9666666666666667 0.25525000000000003 0.03733333333333333 0.0265
3 0.9323333333333333 0.2165 0.02733333333333333 0.022
1 0.9683333333333333 0.2405 0.016666666666666666 0.015
3 0.8813333333333333 0.16975 0.022666666666666665 0.0145
3 0.875 0.16075 0.022 0.0135
3 0.8676666666666666 0.1475 0.018 0.012
5 0.7983333333333333 0.128 0.020666666666666667 0.015
3 0.8626666666666667 0.09925 0.013333333333333332 0.0085
3 0.9643333333333333 0.1125 0.022 0.008
3 1.084 0.13025 0.021333333333333333 0.0115
3 0.5673333333333334 0.34975 0.10666666666666666 0.0415
