5 0.7356666666666667 0.562 0.19266666666666665 0.096
3 0.5693333333333334 0.5395 0.10666666666666666 0.047
3 0.449 0.52225 0.122 0.043500000000000004
3 0.603 0.47150000000000003 0.11133333333333333 0.049
3 0.7226666666666667 0.49775 0.11066666666666666 0.0405
3 0.3293333333333333 0.441 0.06666666666666667 0.037
4 0.45299999999999996 0.40875 0.078 0.0335
4 0.47333333333333333 0.39 0.07066666666666667 0.031
3 0.6396666666666666 0.3705 0.048666666666666664 0.022
3 0.6719999999999999 0.4285 0.096 0.035
4 0.706 0.40975 0.058666666666666666 0.0395
3 0.7593333333333333 0.393 0.076 0.025
9 0.29533333333333334 0.4175 0.04133333333333333 0.021
9 0.4023333333333333 0.40475 0.020666666666666667 0.0175
2 0.41633333333333333 0.40225 0.015333333333333332 0.0125
9 0.6699999999999999 0.34975 0.013333333333333332 0.0125
3 0.853 0.352 0.05933333333333333 0.017
3 0.8936666666666666 0.3385 0.051333333333333335 0.017
3 0.9159999999999999 0.33175 0.056 0.0195
3 0.9323333333333333 0.3265 0.046 0.018000000000000002
3 0.9356666666666666 0.32325 0.054 0.0165
3 0.882 0.29875 0.030666666666666665 0.0155
9 0.8606666666666667 0.3 0.009333333333333332 0.008
9 0.8416666666666667 0.30525 0.018 0.0085
4 0.9076666666666666 0.28475 0.03 0.0175
3 0.8986666666666666 0.274 0.04 0.01
3 0.948 0.26775 0.030666666666666665 0.0105
6 1.019 0.25925 0.015333333333333332 0.0125
3 1.2516666666666667 0.373 0.041999999999999996 0.031
3 1.294 0.318 0.029333333333333333 0.019
3 1.3206666666666667 0.34325 0.024 0.025500000000000002
3 1.3253333333333333 0.28300000000000003 0.014666666666666666 0.015
3 1.324 0.26025 0.017333333333333333 0.0105
4 1.3136666666666665 0.23925000000000002 0.038 0.0125
5 1.3206666666666667 0.227 0.016 0.013000000000000001
