1 0.768095238095238 0.08928571428571429 0.01619047619047619 0.02142857142857143
1 0.9966666666666667 0.1392857142857143 0.01619047619047619 0.015714285714285715
1 0.8076190476190476 0.315 0.02095238095238095 0.014285714285714285
1 0.8028571428571428 0.3242857142857143 0.017142857142857144 0.011428571428571429
1 0.6171428571428571 0.3335714285714286 0.02095238095238095 0.02
1 0.5066666666666667 0.4142857142857143 0.022857142857142857 0.018571428571428572
1 0.5595238095238095 0.48464285714285715 0.021904761904761906 0.020714285714285713
1 0.4138095238095238 0.5782142857142857 0.023809523809523808 0.019285714285714285
1 0.28523809523809524 0.6885714285714286 0.029523809523809525 0.015714285714285715
3 0.24857142857142858 0.6128571428571429 0.10666666666666666 0.09
9 0.19142857142857142 0.5825 0.0419047619047619 0.020714285714285713
9 0.2923809523809524 0.6846428571428571 0.05142857142857143 0.047857142857142855
9 0.4180952380952381 0.5789285714285715 0.0419047619047619 0.045
9 0.560952380952381 0.4825 0.03428571428571429 0.04642857142857143
9 0.5085714285714286 0.41535714285714287 0.03619047619047619 0.045
9 0.33095238095238094 0.3382142857142857 0.035238095238095235 0.03357142857142857
9 0.31761904761904763 0.33785714285714286 0.035238095238095235 0.024285714285714285
9 0.30333333333333334 0.3325 0.037142857142857144 0.030714285714285715
9 0.2866666666666667 0.32321428571428573 0.045714285714285714 0.029285714285714286
9 0.2680952380952381 0.3167857142857143 0.04285714285714286 0.03642857142857143
9 0.4738095238095238 0.30107142857142855 0.04476190476190476 0.02642857142857143
9 0.6152380952380953 0.3389285714285714 0.030476190476190476 0.03214285714285714
9 0.8047619047619048 0.32285714285714284 0.026666666666666665 0.03571428571428571
9 0.7671428571428571 0.09392857142857143 0.025714285714285714 0.039285714285714285
9 0.9914285714285714 0.14285714285714285 0.03619047619047619 0.024285714285714285
9 1.2352380952380952 0.08642857142857142 0.0419047619047619 0.032857142857142856
9 0.9885714285714285 0.3360714285714286 0.047619047619047616 0.02642857142857143
9 1.2042857142857142 0.7064285714285714 0.06190476190476191 0.03142857142857143
4 0.37238095238095237 0.49607142857142855 0.10476190476190476 0.09928571428571428
3 0.43238095238095237 0.3517857142857143 0.09523809523809523 0.09642857142857143
3 0.5161904761904762 0.2507142857142857 0.08761904761904762 0.08142857142857143
3 0.9066666666666666 0.3732142857142857 0.07428571428571429 0.08214285714285714
3 0.9576190476190476 0.2735714285714286 0.08095238095238096 0.09
3 0.9923809523809524 0.19392857142857142 0.06476190476190476 0.07357142857142857
3 1.0509523809523809 0.06821428571428571 0.06 0.07214285714285715
