3 0.18142857142857144 0.6985714285714286 0.08857142857142856 0.03428571428571429
3 0.18 0.6664285714285715 0.08 0.03
3 0.16904761904761906 0.59 0.09619047619047619 0.03142857142857143
3 0.30238095238095236 0.6603571428571429 0.040952380952380955 0.062142857142857146
3 0.37285714285714283 0.69 0.08285714285714285 0.03142857142857143
3 0.370952380952381 0.6146428571428572 0.08285714285714285 0.029285714285714286
3 0.3757142857142857 0.5839285714285715 0.07714285714285714 0.029285714285714286
3 0.37333333333333335 0.55 0.08571428571428572 0.02857142857142857
3 0.5319047619047619 0.7189285714285715 0.040952380952380955 0.060714285714285714
3 0.5333333333333333 0.6407142857142857 0.04 0.06285714285714286
3 0.5404761904761904 0.5753571428571429 0.039047619047619046 0.056428571428571425
6 0.5395238095238095 0.5275 0.04285714285714286 0.020714285714285713
3 0.550952380952381 0.4714285714285714 0.040952380952380955 0.06
3 0.5419047619047619 0.41892857142857143 0.0761904761904762 0.02642857142857143
3 0.5419047619047619 0.36714285714285716 0.07809523809523809 0.024285714285714285
3 0.5452380952380952 0.3339285714285714 0.07142857142857142 0.027857142857142858
3 0.549047619047619 0.3067857142857143 0.07523809523809524 0.02642857142857143
3 0.5538095238095239 0.27714285714285714 0.07714285714285714 0.02857142857142857
3 0.5528571428571428 0.24928571428571428 0.07904761904761905 0.02857142857142857
3 0.5528571428571428 0.21821428571428572 0.06761904761904762 0.025
3 0.560952380952381 0.14642857142857144 0.07428571428571429 0.03571428571428571
4 0.4895238095238095 0.1332142857142857 0.03428571428571429 0.04642857142857143
3 0.5671428571428572 0.018214285714285714 0.07714285714285714 0.029285714285714286
9 0.4585714285714286 0.11785714285714285 0.025714285714285714 0.011428571428571429
3 0.7280952380952381 0.7225 0.039047619047619046 0.05357142857142857
3 0.8152380952380952 0.5982142857142857 0.03619047619047619 0.065
9 0.7557142857142857 0.3742857142857143 0.012380952380952381 0.02142857142857143
1 0.7557142857142857 0.37285714285714283 0.012380952380952381 0.011428571428571429
9 0.7433333333333333 0.06142857142857143 0.012380952380952381 0.02142857142857143
1 0.7442857142857143 0.0575 0.010476190476190476 0.012142857142857143
6 0.9866666666666667 0.6589285714285714 0.02095238095238095 0.035
4 1.069047619047619 0.5942857142857143 0.035238095238095235 0.04857142857142857
3 0.9890476190476191 0.4667857142857143 0.035238095238095235 0.05071428571428571
3 0.9938095238095238 0.3539285714285714 0.035238095238095235 0.05357142857142857
3 1.17 0.37714285714285717 0.07142857142857142 0.025714285714285714
2 0.9990476190476191 0.20785714285714285 0.02095238095238095 0.014285714285714285
9 1.0233333333333334 0.033928571428571426 0.023809523809523808 0.012142857142857143
3 1.0004761904761905 0.03892857142857143 0.04285714285714286 0.027857142857142858
