3 1.1281725888324872 0.4275 0.04060913705583756 0.03214285714285714
3 1.2531725888324872 0.2839285714285714 0.029187817258883246 0.020714285714285713
3 1.3197969543147208 0.2032142857142857 0.025380710659898477 0.019285714285714285
3 1.3496192893401013 0.15678571428571428 0.024111675126903553 0.016428571428571428
3 1.3280456852791878 0.14535714285714285 0.024111675126903553 0.013571428571428571
3 1.5888324873096444 0.18 0.032994923857868015 0.014285714285714285
3 1.6338832487309642 0.16214285714285714 0.03426395939086294 0.014285714285714285
4 1.682741116751269 0.1432142857142857 0.032994923857868015 0.015
3 1.7093908629441623 0.13214285714285715 0.02030456852791878 0.01
3 1.7607868020304567 0.11392857142857143 0.026649746192893398 0.012142857142857143
3 1.7398477157360406 0.11035714285714286 0.025380710659898477 0.010714285714285714
3 1.7252538071065988 0.10607142857142857 0.024111675126903553 0.012142857142857143
3 1.6085025380710658 0.14285714285714285 0.04187817258883248 0.011428571428571429
3 1.614213197969543 0.13892857142857143 0.032994923857868015 0.010714285714285714
3 1.62246192893401 0.13607142857142857 0.03934010152284264 0.012142857142857143
4 1.6313451776649746 0.13035714285714287 0.04187817258883248 0.015
3 1.6440355329949237 0.12785714285714286 0.03426395939086294 0.012857142857142857
3 1.659263959390863 0.12428571428571429 0.03680203045685279 0.011428571428571429
3 1.5818527918781724 0.008214285714285714 0.019035532994923856 0.009285714285714286
3 1.5158629441624365 0.006071428571428571 0.019035532994923856 0.010714285714285714
3 1.4968274111675126 0.12321428571428572 0.04441624365482233 0.013571428571428571
3 0.5126903553299492 0.27071428571428574 0.02284263959390863 0.014285714285714285
3 0.44479695431472077 0.16964285714285715 0.016497461928934008 0.010714285714285714
3 0.4606598984771573 0.16 0.017766497461928932 0.008571428571428572
3 0.440989847715736 0.1407142857142857 0.013959390862944161 0.008571428571428572
3 0.4181472081218274 0.12892857142857142 0.013959390862944161 0.007857142857142858
5 0.42195431472081213 0.10892857142857143 0.026649746192893398 0.020714285714285713
5 0.49238578680203043 0.13857142857142857 0.032994923857868015 0.02857142857142857
4 0.5177664974619289 0.14214285714285715 0.02030456852791878 0.012857142857142857
3 0.5374365482233502 0.1425 0.016497461928934008 0.012142857142857143
3 0.557741116751269 0.13964285714285715 0.019035532994923856 0.010714285714285714
3 0.5323604060913705 0.13357142857142856 0.019035532994923856 0.007142857142857143
8 0.508248730964467 0.12214285714285714 0.019035532994923856 0.02142857142857143
8 0.49365482233502533 0.10821428571428571 0.025380710659898477 0.02642857142857143
8 0.38642131979695427 0.1125 0.03680203045685279 0.023571428571428573
8 0.3775380710659898 0.09678571428571428 0.029187817258883246 0.02214285714285714
3 0.39213197969543145 0.07678571428571429 0.017766497461928932 0.012142857142857143
3 0.4765228426395939 0.11964285714285715 0.016497461928934008 0.009285714285714286
3 0.4695431472081218 0.11214285714285714 0.015228426395939085 0.01
3 0.46510152284263956 0.10535714285714286 0.016497461928934008 0.009285714285714286
3 0.4619289340101522 0.09678571428571428 0.015228426395939085 0.007857142857142858
3 0.4606598984771573 0.08892857142857143 0.015228426395939085 0.009285714285714286
3 0.45748730964467 0.08178571428571428 0.016497461928934008 0.009285714285714286
3 0.45368020304568524 0.075 0.016497461928934008 0.008571428571428572
3 0.46510152284263956 0.044642857142857144 0.013959390862944161 0.0064285714285714285
3 0.4416243654822335 0.032857142857142856 0.015228426395939085 0.008571428571428572
3 0.4232233502538071 0.016428571428571428 0.013959390862944161 0.007142857142857143
3 0.36675126903553296 0.03535714285714286 0.012690355329949238 0.0064285714285714285
3 0.3908629441624365 0.02642857142857143 0.015228426395939085 0.007142857142857143
3 0.38515228426395937 0.01892857142857143 0.011421319796954314 0.0064285714285714285
3 0.3546954314720812 0.015714285714285715 0.013959390862944161 0.007142857142857143
