5 0.09238095238095238 0.5764285714285714 0.16952380952380952 0.07857142857142857
5 0.6976190476190476 0.45964285714285713 0.08857142857142856 0.04642857142857143
5 0.9361904761904762 0.3707142857142857 0.0761904761904762 0.05
5 1.2552380952380953 0.25 0.0761904761904762 0.04857142857142857
1 0.12047619047619047 0.1725 0.01619047619047619 0.016428571428571428
1 0.13857142857142857 0.17035714285714285 0.014285714285714285 0.015
1 0.15619047619047619 0.16964285714285715 0.007619047619047619 0.013571428571428571
1 0.16952380952380952 0.1725 0.011428571428571429 0.015
1 0.1823809523809524 0.7003571428571429 0.012380952380952381 0.017857142857142856
9 0.18523809523809523 0.7025 0.02761904761904762 0.015
9 0.5828571428571429 0.6660714285714285 0.03428571428571429 0.019285714285714285
1 0.5823809523809523 0.665 0.012380952380952381 0.017142857142857144
1 0.669047619047619 0.5403571428571429 0.010476190476190476 0.013571428571428571
2 0.6676190476190477 0.5439285714285714 0.022857142857142857 0.016428571428571428
3 0.3585714285714286 0.5503571428571429 0.08285714285714285 0.03642857142857143
1 0.23 0.5135714285714286 0.014285714285714285 0.011428571428571429
9 0.23142857142857143 0.5178571428571429 0.03428571428571429 0.008571428571428572
1 0.32666666666666666 0.46 0.011428571428571429 0.011428571428571429
1 0.3433333333333333 0.45607142857142857 0.014285714285714285 0.013571428571428571
1 0.27380952380952384 0.47535714285714287 0.012380952380952381 0.015
1 0.8395238095238096 0.45535714285714285 0.010476190476190476 0.013571428571428571
1 0.8471428571428572 0.4542857142857143 0.008571428571428572 0.011428571428571429
9 0.8395238095238096 0.4607142857142857 0.021904761904761906 0.012857142857142857
9 0.9842857142857143 0.4907142857142857 0.021904761904761906 0.01
1 0.9809523809523809 0.49 0.009523809523809525 0.012857142857142857
1 0.9880952380952381 0.4875 0.008571428571428572 0.015
1 0.9657142857142857 0.5185714285714286 0.011428571428571429 0.012857142857142857
9 0.9623809523809523 0.5214285714285715 0.021904761904761906 0.011428571428571429
1 1.2295238095238095 0.39785714285714285 0.013333333333333332 0.014285714285714285
1 1.1976190476190476 0.4625 0.012380952380952381 0.012142857142857143
1 1.1942857142857144 0.43535714285714283 0.011428571428571429 0.013571428571428571
1 1.1838095238095239 0.46035714285714285 0.013333333333333332 0.013571428571428571
1 1.1495238095238096 0.4542857142857143 0.013333333333333332 0.014285714285714285
9 1.1452380952380952 0.45821428571428574 0.01619047619047619 0.013571428571428571
2 1.2257142857142858 0.4035714285714286 0.013333333333333332 0.01
2 1.1776190476190476 0.46464285714285714 0.012380952380952381 0.013571428571428571
9 1.1938095238095239 0.4382142857142857 0.023809523809523808 0.013571428571428571
3 1.32 0.23107142857142857 0.024761904761904763 0.017857142857142856
