3 1.0612244897959184 0.09133611691022964 0.06493506493506494 0.05323590814196242
3 0.8803339517625232 0.11925887265135698 0.055658627087198514 0.05480167014613778
3 0.774582560296846 0.13596033402922755 0.055658627087198514 0.055845511482254695
3 0.7170686456400742 0.15005219206680584 0.05380333951762523 0.05271398747390396
3 0.4800556586270872 0.1983298538622129 0.05844155844155844 0.05532359081419624
6 0.4072356215213358 0.18554279749478078 0.05009276437847866 0.04958246346555323
5 0.3534322820037106 0.17954070981210854 0.0575139146567718 0.057411273486430055
5 0.30009276437847865 0.1923277661795407 0.06029684601113173 0.05793319415448851
3 0.16883116883116883 0.2218162839248434 0.061224489795918366 0.058455114822546964
6 0.08998144712430427 0.2398225469728601 0.0575139146567718 0.062108559498956155
3 0.9132653061224489 0.30401878914405006 0.06029684601113173 0.06106471816283924
3 0.8492578849721707 0.3118475991649269 0.06215213358070501 0.06524008350730688
3 0.7847866419294991 0.3201983298538622 0.06679035250463822 0.06941544885177452
3 0.4805194805194805 0.37943632567849683 0.061224489795918366 0.06576200417536533
3 0.2166048237476809 0.4164926931106471 0.06771799628942486 0.06784968684759916
3 0.14703153988868276 0.4217118997912317 0.06586270871985157 0.06576200417536533
3 1.0974025974025974 0.2794885177453027 0.0686456400742115 0.05897703549060542
3 1.1595547309833025 0.2760960334029227 0.0705009276437848 0.057411273486430055
3 1.2884972170686457 0.26226513569937365 0.06307977736549165 0.05271398747390396
3 0.890074211502783 0.5206158663883089 0.07142857142857142 0.07254697286012525
3 0.8024118738404453 0.5326200417536534 0.06493506493506494 0.05793319415448851
3 0.6043599257884972 0.5511482254697285 0.05102040816326531 0.020876826722338204
