3 0.799047619047619 0.6325 0.10666666666666666 0.04928571428571429
3 0.6714285714285714 0.5432142857142858 0.09714285714285714 0.045
3 0.8114285714285714 0.20785714285714285 0.06285714285714286 0.025714285714285714
3 1.1495238095238096 0.48964285714285716 0.11047619047619048 0.08071428571428571
3 0.8138095238095238 0.4132142857142857 0.07333333333333333 0.060714285714285714
3 0.4276190476190476 0.3003571428571429 0.08761904761904762 0.03214285714285714
3 1.2247619047619047 0.18464285714285714 0.06476190476190476 0.035
3 1.2423809523809524 0.13642857142857143 0.06761904761904762 0.037142857142857144
3 1.3014285714285714 0.1407142857142857 0.06190476190476191 0.03142857142857143
3 1.233809523809524 0.08214285714285714 0.04857142857142857 0.03
3 0.8452380952380952 0.15392857142857141 0.040952380952380955 0.04214285714285714
3 0.8061904761904762 0.1392857142857143 0.029523809523809525 0.041428571428571426
3 0.7176190476190476 0.12821428571428573 0.03142857142857143 0.04214285714285714
3 0.6685714285714286 0.12464285714285714 0.05523809523809524 0.025
3 0.5028571428571429 0.11178571428571428 0.06476190476190476 0.023571428571428573
2 0.4747619047619048 0.08785714285714286 0.008571428571428572 0.015714285714285715
3 0.4080952380952381 0.08714285714285715 0.029523809523809525 0.03428571428571429
3 0.2119047619047619 0.05714285714285714 0.035238095238095235 0.032857142857142856
3 0.1738095238095238 0.054285714285714284 0.037142857142857144 0.03571428571428571
3 0.1380952380952381 0.05 0.04 0.03571428571428571
3 0.08714285714285715 0.04285714285714286 0.040952380952380955 0.032857142857142856
3 0.02238095238095238 0.033928571428571426 0.03142857142857143 0.03642857142857143
5 0.1019047619047619 0.1175 0.1180952380952381 0.045
3 0.019523809523809523 0.3314285714285714 0.040952380952380955 0.045714285714285714
3 0.018571428571428572 0.3807142857142857 0.039047619047619046 0.04
3 0.08428571428571428 0.39285714285714285 0.039047619047619046 0.03428571428571429
3 0.11857142857142858 0.39571428571428574 0.037142857142857144 0.041428571428571426
3 0.15142857142857144 0.40214285714285714 0.0380952380952381 0.03857142857142857
3 0.18714285714285714 0.4064285714285714 0.039047619047619046 0.03857142857142857
3 0.22285714285714286 0.4114285714285714 0.0380952380952381 0.03571428571428571
3 0.25761904761904764 0.42178571428571426 0.037142857142857144 0.03642857142857143
3 0.21619047619047618 0.36428571428571427 0.045714285714285714 0.047142857142857146
3 0.25333333333333335 0.3675 0.0419047619047619 0.047857142857142855
3 0.27904761904761904 0.37357142857142855 0.045714285714285714 0.047142857142857146
3 0.3138095238095238 0.37892857142857145 0.04857142857142857 0.05071428571428571
3 0.1442857142857143 0.3525 0.05238095238095238 0.047857142857142855
3 0.08428571428571428 0.34 0.05047619047619047 0.05
3 0.42142857142857143 0.39 0.06952380952380953 0.027142857142857142
