4 0.03619047619047619 0.011785714285714287 0.07428571428571429 0.025
3 0.01904761904761905 0.6242857142857143 0.04 0.055714285714285716
3 0.05333333333333333 0.5714285714285714 0.10857142857142857 0.05285714285714286
4 0.5561904761904762 0.6532142857142857 0.10476190476190476 0.062142857142857146
3 0.8961904761904762 0.6764285714285714 0.11428571428571428 0.06714285714285714
3 0.770952380952381 0.21392857142857144 0.058095238095238096 0.035
3 0.8357142857142857 0.20142857142857143 0.08476190476190476 0.045714285714285714
3 0.6566666666666666 0.11964285714285715 0.07523809523809524 0.04214285714285714
4 0.6214285714285714 0.14714285714285713 0.07333333333333333 0.045714285714285714
4 0.5585714285714286 0.17857142857142858 0.15904761904761905 0.08
9 0.21476190476190476 0.09392857142857143 0.02761904761904762 0.017857142857142856
9 0.5714285714285714 0.5085714285714286 0.0380952380952381 0.024285714285714285
9 0.9766666666666667 0.04178571428571429 0.02761904761904762 0.016428571428571428
1 0.21523809523809523 0.09107142857142857 0.015238095238095238 0.016428571428571428
1 0.5733333333333334 0.51 0.015238095238095238 0.014285714285714285
4 1.2538095238095237 0.3053571428571429 0.15714285714285714 0.08071428571428571
4 0.4876190476190476 0.05107142857142857 0.13714285714285715 0.10357142857142858
