5 0.5184010152284264 0.4139285714285714 0.1713197969543147 0.060714285714285714
5 0.7430203045685279 0.3967857142857143 0.16878172588832485 0.055
5 1.03743654822335 0.39 0.282994923857868 0.05285714285714286
4 1.2544416243654821 0.3796428571428571 0.133248730964467 0.04071428571428572
5 1.1859137055837563 0.2864285714285714 0.2017766497461929 0.05857142857142857
3 1.282994923857868 0.25107142857142856 0.05837563451776649 0.04357142857142857
3 1.1795685279187815 0.14035714285714285 0.06218274111675126 0.04214285714285714
3 1.240482233502538 0.07607142857142857 0.04695431472081218 0.02642857142857143
8 1.6503807106598984 0.37357142857142855 0.09010152284263959 0.09285714285714286
3 0.5304568527918782 0.30357142857142855 0.13451776649746192 0.03857142857142857
1 1.0558375634517765 0.17035714285714285 0.02030456852791878 0.020714285714285713
