3 0.10476190476190476 0.6853571428571429 0.17142857142857143 0.12785714285714286
3 0.2019047619047619 0.45071428571428573 0.10857142857142857 0.12142857142857143
3 0.5014285714285714 0.4642857142857143 0.1742857142857143 0.08428571428571428
3 0.659047619047619 0.6921428571428572 0.09142857142857143 0.11428571428571428
3 1.252857142857143 0.7025 0.15333333333333332 0.09357142857142857
3 1.0695238095238095 0.5071428571428571 0.12380952380952381 0.14142857142857143
3 1.0976190476190477 0.3275 0.11904761904761904 0.10785714285714286
4 1.0252380952380953 0.3407142857142857 0.12095238095238095 0.10285714285714286
9 1.2923809523809524 0.4521428571428571 0.0419047619047619 0.05142857142857143
9 1.2723809523809524 0.33035714285714285 0.04380952380952381 0.04357142857142857
3 0.9171428571428571 0.5382142857142858 0.1980952380952381 0.10785714285714286
3 0.8942857142857142 0.46035714285714285 0.17714285714285713 0.09928571428571428
3 0.8738095238095238 0.3925 0.15523809523809523 0.08785714285714286
3 0.7328571428571429 0.35642857142857143 0.07142857142857142 0.09142857142857143
3 0.8557142857142858 0.2832142857142857 0.11714285714285715 0.08357142857142857
3 0.810952380952381 0.14821428571428572 0.06380952380952382 0.05357142857142857
3 0.7766666666666666 0.05142857142857143 0.05047619047619047 0.03571428571428571
3 0.770952380952381 0.018214285714285714 0.04476190476190476 0.03642857142857143
3 0.8219047619047619 0.013928571428571429 0.047619047619047616 0.027857142857142858
3 0.5176190476190476 0.3875 0.16285714285714287 0.07642857142857143
3 0.5261904761904762 0.2717857142857143 0.1419047619047619 0.07785714285714286
3 0.5347619047619048 0.2282142857142857 0.12285714285714286 0.062142857142857146
4 0.5485714285714286 0.11107142857142857 0.09714285714285714 0.05357142857142857
4 0.520952380952381 0.08821428571428572 0.05523809523809524 0.029285714285714286
3 0.32142857142857145 0.2375 0.07714285714285714 0.06357142857142857
3 0.36428571428571427 0.15607142857142858 0.06761904761904762 0.056428571428571425
4 0.3138095238095238 0.13642857142857143 0.07142857142857142 0.05857142857142857
