3 0.42428571428571427 0.6321428571428571 0.058095238095238096 0.03142857142857143
3 0.4514285714285714 0.6057142857142858 0.05333333333333333 0.02857142857142857
3 0.37285714285714283 0.5096428571428572 0.054285714285714284 0.025
3 0.4828571428571429 0.4542857142857143 0.04380952380952381 0.017142857142857144
5 0.48428571428571426 0.4425 0.06 0.019285714285714285
5 0.520952380952381 0.41785714285714287 0.026666666666666665 0.032857142857142856
3 0.5504761904761905 0.42464285714285716 0.02857142857142857 0.025
3 0.6828571428571428 0.5646428571428571 0.026666666666666665 0.03214285714285714
3 0.7128571428571429 0.48392857142857143 0.021904761904761906 0.03214285714285714
3 0.4357142857142857 0.4092857142857143 0.03333333333333333 0.024285714285714285
4 0.5071428571428571 0.36607142857142855 0.04285714285714286 0.017857142857142856
4 1.1928571428571428 0.5175 0.06761904761904762 0.030714285714285715
3 1.0352380952380953 0.4942857142857143 0.05333333333333333 0.02
3 1.0276190476190477 0.47285714285714286 0.05142857142857143 0.018571428571428572
3 1.1485714285714286 0.43 0.04380952380952381 0.018571428571428572
9 1.1814285714285715 0.45714285714285713 0.023809523809523808 0.012857142857142857
9 1.1838095238095239 0.4832142857142857 0.01904761904761905 0.010714285714285714
9 1.1847619047619047 0.4785714285714286 0.022857142857142857 0.011428571428571429
9 0.9428571428571428 0.5932142857142857 0.009523809523809525 0.017857142857142856
3 0.75 0.3782142857142857 0.018095238095238095 0.027857142857142858
3 0.5780952380952381 0.25892857142857145 0.030476190476190476 0.010714285714285714
3 0.5833333333333334 0.25214285714285717 0.025714285714285714 0.01
3 0.6204761904761905 0.17214285714285715 0.010476190476190476 0.01
3 0.6619047619047619 0.13 0.011428571428571429 0.008571428571428572
3 0.6771428571428572 0.1175 0.009523809523809525 0.007857142857142858
3 0.7785714285714286 0.2475 0.014285714285714285 0.013571428571428571
3 0.7685714285714286 0.21071428571428572 0.013333333333333332 0.011428571428571429
3 0.7919047619047619 0.21 0.012380952380952381 0.011428571428571429
3 0.7980952380952381 0.18821428571428572 0.011428571428571429 0.010714285714285714
3 0.8961904761904762 0.2057142857142857 0.013333333333333332 0.008571428571428572
3 0.8952380952380953 0.21821428571428572 0.011428571428571429 0.009285714285714286
5 0.9804761904761905 0.2910714285714286 0.04285714285714286 0.025
3 0.9557142857142857 0.25607142857142856 0.014285714285714285 0.013571428571428571
3 0.9552380952380952 0.24464285714285713 0.011428571428571429 0.012142857142857143
3 0.9638095238095238 0.23464285714285715 0.013333333333333332 0.012142857142857143
3 0.9980952380952381 0.25607142857142856 0.015238095238095238 0.013571428571428571
3 1.0219047619047619 0.24321428571428572 0.022857142857142857 0.010714285714285714
3 1.0233333333333334 0.23857142857142857 0.02761904761904762 0.008571428571428572
3 1.0180952380952382 0.23357142857142857 0.024761904761904763 0.01
3 1.0123809523809524 0.22892857142857143 0.022857142857142857 0.010714285714285714
3 1.009047619047619 0.22464285714285714 0.023809523809523808 0.007857142857142858
3 0.9623809523809523 0.1732142857142857 0.010476190476190476 0.012142857142857143
3 0.9014285714285715 0.18428571428571427 0.012380952380952381 0.012857142857142857
3 0.8766666666666667 0.19892857142857143 0.010476190476190476 0.012142857142857143
3 0.8766666666666667 0.1767857142857143 0.008571428571428572 0.007857142857142858
3 0.9095238095238095 0.16357142857142856 0.022857142857142857 0.008571428571428572
3 1.0019047619047619 0.1492857142857143 0.007619047619047619 0.007142857142857143
3 1.0147619047619048 0.1492857142857143 0.010476190476190476 0.008571428571428572
3 1.026190476190476 0.15035714285714286 0.012380952380952381 0.007857142857142858
5 0.7504761904761905 0.1467857142857143 0.02095238095238095 0.025
5 0.7757142857142857 0.10892857142857143 0.010476190476190476 0.012142857142857143
3 0.9909523809523809 0.12785714285714286 0.010476190476190476 0.008571428571428572
3 1.0014285714285713 0.12678571428571428 0.010476190476190476 0.009285714285714286
5 0.7604761904761905 0.09678571428571428 0.02 0.010714285714285714
8 0.830952380952381 0.05607142857142857 0.008571428571428572 0.012142857142857143
5 0.8838095238095238 0.0625 0.009523809523809525 0.009285714285714286
5 0.8919047619047619 0.08107142857142857 0.010476190476190476 0.013571428571428571
3 0.8876190476190476 0.09464285714285714 0.007619047619047619 0.005
3 0.9242857142857143 0.1125 0.014285714285714285 0.0064285714285714285
3 0.8761904761904762 0.12928571428571428 0.007619047619047619 0.007142857142857143
3 0.8771428571428571 0.07285714285714286 0.005714285714285714 0.004285714285714286
3 0.8847619047619047 0.07071428571428572 0.005714285714285714 0.005714285714285714
3 0.6995238095238095 0.07714285714285714 0.006666666666666666 0.004285714285714286
3 0.7157142857142857 0.07821428571428571 0.006666666666666666 0.005
3 0.7266666666666667 0.08071428571428571 0.007619047619047619 0.005714285714285714
3 0.7533333333333333 0.07928571428571428 0.005714285714285714 0.004285714285714286
3 0.7614285714285715 0.07928571428571428 0.008571428571428572 0.005714285714285714
3 0.7690476190476191 0.07892857142857143 0.006666666666666666 0.0064285714285714285
3 0.7919047619047619 0.06678571428571428 0.008571428571428572 0.005
3 0.9033333333333333 0.055357142857142855 0.012380952380952381 0.005
3 0.9061904761904762 0.05071428571428571 0.008571428571428572 0.005714285714285714
3 0.8138095238095238 0.0475 0.006666666666666666 0.005
3 0.8061904761904762 0.03642857142857143 0.004761904761904762 0.004285714285714286
3 0.5095238095238095 0.3289285714285714 0.030476190476190476 0.012142857142857143
