3 0.45875634517766495 0.2417857142857143 0.03934010152284264 0.027857142857142858
5 0.8026649746192893 0.03428571428571429 0.04187817258883248 0.05714285714285714
5 0.8502538071065989 0.0125 0.03045685279187817 0.02642857142857143
5 0.8356598984771573 0.04535714285714286 0.04441624365482233 0.04642857142857143
5 0.8686548223350253 0.05178571428571429 0.026649746192893398 0.04071428571428572
3 0.9206852791878172 0.031785714285714285 0.016497461928934008 0.016428571428571428
3 0.9511421319796953 0.05178571428571429 0.019035532994923856 0.020714285714285713
4 0.958756345177665 0.09142857142857143 0.021573604060913704 0.022857142857142857
8 0.9257614213197969 0.11321428571428571 0.026649746192893398 0.06785714285714285
3 0.9581218274111675 0.14357142857142857 0.02284263959390863 0.015714285714285715
4 0.9676395939086294 0.21642857142857141 0.021573604060913704 0.024285714285714285
3 0.9289340101522842 0.23785714285714285 0.02284263959390863 0.025714285714285714
3 0.9777918781725887 0.2671428571428571 0.029187817258883246 0.02857142857142857
5 0.9302030456852791 0.32035714285714284 0.035532994923857864 0.075
8 1.0977157360406091 0.08714285714285715 0.04314720812182741 0.06857142857142857
3 1.0615482233502538 0.0875 0.019035532994923856 0.02214285714285714
3 1.1453045685279186 0.2617857142857143 0.029187817258883246 0.029285714285714286
4 1.3261421319796953 0.5417857142857143 0.048223350253807105 0.039285714285714285
8 1.114213197969543 0.5392857142857143 0.04060913705583756 0.04428571428571428
4 0.9251269035532994 0.5221428571428571 0.03045685279187817 0.041428571428571426
3 1.0196700507614211 0.4089285714285714 0.029187817258883246 0.03642857142857143
3 0.965736040609137 0.4575 0.027918781725888322 0.03214285714285714
3 0.9689086294416243 0.4089285714285714 0.03426395939086294 0.039285714285714285
3 0.906725888324873 0.4157142857142857 0.026649746192893398 0.03571428571428571
3 0.574238578680203 0.5039285714285714 0.04187817258883248 0.04071428571428572
4 0.6142131979695431 0.5160714285714286 0.053299492385786795 0.04071428571428572
4 0.6529187817258882 0.5242857142857142 0.04695431472081218 0.04285714285714286
5 0.6275380710659898 0.3782142857142857 0.08756345177664974 0.09071428571428572
5 0.6852791878172588 0.2914285714285714 0.06598984771573603 0.05857142857142857
4 0.7303299492385786 0.4135714285714286 0.052030456852791875 0.037142857142857144
4 0.7461928934010151 0.3889285714285714 0.048223350253807105 0.035
4 0.7563451776649746 0.3603571428571429 0.050761421319796954 0.03642857142857143
4 0.7671319796954315 0.3364285714285714 0.03934010152284264 0.03142857142857143
4 0.7944162436548222 0.2914285714285714 0.048223350253807105 0.032857142857142856
3 0.7804568527918782 0.3157142857142857 0.04314720812182741 0.03
9 0.8115482233502538 0.285 0.016497461928934008 0.017142857142857144
9 0.8140862944162436 0.26964285714285713 0.026649746192893398 0.007857142857142858
3 0.8426395939086294 0.22107142857142856 0.053299492385786795 0.013571428571428571
3 0.8477157360406091 0.20785714285714285 0.053299492385786795 0.014285714285714285
4 0.8496192893401014 0.1925 0.05710659898477157 0.016428571428571428
3 0.8629441624365481 0.16785714285714284 0.03807106598984771 0.012857142857142857
3 0.8559644670050761 0.15357142857142858 0.052030456852791875 0.014285714285714285
3 0.8559644670050761 0.12857142857142856 0.052030456852791875 0.014285714285714285
4 0.8604060913705583 0.10357142857142858 0.04314720812182741 0.014285714285714285
4 0.8591370558375634 0.11607142857142858 0.048223350253807105 0.013571428571428571
