3 0.4766666666666667 0.6089285714285714 0.16666666666666666 0.16357142857142856
3 0.9014285714285715 0.36678571428571427 0.09238095238095238 0.13785714285714284
3 1.052857142857143 0.29392857142857143 0.1761904761904762 0.06928571428571428
3 0.8504761904761905 0.21892857142857142 0.16952380952380952 0.06642857142857143
3 0.7985714285714286 0.3482142857142857 0.08857142857142856 0.1392857142857143
3 0.700952380952381 0.3407142857142857 0.11238095238095239 0.13714285714285715
3 0.599047619047619 0.32571428571428573 0.11238095238095239 0.12714285714285714
3 0.5009523809523809 0.31285714285714283 0.10666666666666666 0.12714285714285714
3 0.41 0.3 0.12095238095238095 0.13285714285714287
3 0.31857142857142856 0.28285714285714286 0.12666666666666668 0.12714285714285714
3 0.22285714285714286 0.2710714285714286 0.13333333333333333 0.12214285714285714
3 0.13238095238095238 0.26321428571428573 0.15047619047619049 0.11642857142857142
3 0.05142857142857143 0.25107142857142856 0.10476190476190476 0.11214285714285714
3 1.0595238095238095 0.23535714285714285 0.17238095238095238 0.06642857142857143
3 1.0557142857142856 0.17785714285714285 0.18761904761904763 0.05857142857142857
3 1.0633333333333332 0.1225 0.16857142857142857 0.05928571428571429
3 1.059047619047619 0.08535714285714285 0.1657142857142857 0.06357142857142857
3 0.7247619047619047 0.10107142857142858 0.16 0.065
3 0.7447619047619047 0.06642857142857143 0.1619047619047619 0.06428571428571428
4 0.709047619047619 0.15035714285714286 0.15333333333333332 0.065
4 0.7628571428571429 0.023571428571428573 0.12 0.04857142857142857
3 0.6309523809523809 0.014285714285714285 0.07333333333333333 0.03
3 1.0714285714285714 0.038214285714285715 0.13714285714285715 0.05785714285714286
4 0.8676190476190476 0.5075 0.18476190476190477 0.105
2 0.7747619047619048 0.5985714285714285 0.06952380952380953 0.03142857142857143
2 1.2623809523809524 0.55 0.04857142857142857 0.037142857142857144
1 1.009047619047619 0.5128571428571429 0.029523809523809525 0.02857142857142857
2 0.5623809523809524 0.04178571428571429 0.02 0.03214285714285714
2 0.4261904761904762 0.12464285714285714 0.029523809523809525 0.04071428571428572
9 0.33095238095238094 0.10964285714285714 0.03333333333333333 0.03642857142857143
9 0.4638095238095238 0.12357142857142857 0.03238095238095238 0.03142857142857143
2 0.10095238095238095 0.10392857142857143 0.03428571428571429 0.03642857142857143
2 0.06523809523809523 0.10857142857142857 0.040952380952380955 0.04857142857142857
1 0.9823809523809524 0.3939285714285714 0.025714285714285714 0.02642857142857143
4 1.197142857142857 0.34714285714285714 0.05333333333333333 0.08142857142857143
