5 0.6357868020304568 0.5239285714285714 0.13197969543147206 0.060714285714285714
5 0.9873096446700507 0.5164285714285715 0.08883248730964466 0.054285714285714284
5 0.9758883248730964 0.4860714285714286 0.09898477157360405 0.056428571428571425
5 0.9340101522842639 0.4225 0.08375634517766496 0.03785714285714286
5 1.4270304568527918 0.2839285714285714 0.031725888324873094 0.019285714285714285
5 1.54251269035533 0.23535714285714285 0.011421319796954314 0.009285714285714286
5 1.4873096446700507 0.22392857142857142 0.01015228426395939 0.009285714285714286
3 0.5653553299492385 0.5342857142857143 0.05456852791878172 0.022857142857142857
3 0.8071065989847716 0.4714285714285714 0.055837563451776644 0.022857142857142857
3 0.766497461928934 0.5517857142857143 0.07360406091370558 0.019285714285714285
3 1.1725888324873095 0.4307142857142857 0.04060913705583756 0.02142857142857143
3 1.1586294416243654 0.36392857142857143 0.03045685279187817 0.012142857142857143
3 1.2277918781725887 0.38 0.026649746192893398 0.015714285714285715
3 1.1383248730964466 0.35678571428571426 0.027918781725888322 0.012142857142857143
3 1.1294416243654821 0.3475 0.027918781725888322 0.010714285714285714
3 1.232233502538071 0.3585714285714286 0.03045685279187817 0.012857142857142857
3 1.2918781725888324 0.3507142857142857 0.027918781725888322 0.012857142857142857
3 1.357233502538071 0.33714285714285713 0.024111675126903553 0.012857142857142857
3 1.2005076142131978 0.33464285714285713 0.02284263959390863 0.010714285714285714
3 1.2601522842639592 0.32785714285714285 0.025380710659898477 0.01
3 1.3369289340101522 0.31392857142857145 0.019035532994923856 0.010714285714285714
3 1.2442893401015227 0.3107142857142857 0.021573604060913704 0.008571428571428572
3 1.3432741116751268 0.2957142857142857 0.021573604060913704 0.01
3 1.3769035532994922 0.2835714285714286 0.017766497461928932 0.007142857142857143
3 1.3553299492385786 0.28 0.017766497461928932 0.007142857142857143
3 1.3661167512690355 0.27071428571428574 0.016497461928934008 0.007142857142857143
3 1.406725888324873 0.27285714285714285 0.013959390862944161 0.007142857142857143
3 1.4727157360406091 0.2814285714285714 0.016497461928934008 0.007142857142857143
3 1.4701776649746192 0.2717857142857143 0.013959390862944161 0.0064285714285714285
3 1.438451776649746 0.2596428571428571 0.011421319796954314 0.005
3 1.4194162436548223 0.2517857142857143 0.011421319796954314 0.0064285714285714285
3 1.4815989847715736 0.2542857142857143 0.011421319796954314 0.007142857142857143
3 1.4638324873096447 0.2475 0.013959390862944161 0.0064285714285714285
3 1.4454314720812182 0.24142857142857144 0.012690355329949238 0.005714285714285714
3 1.508248730964467 0.24928571428571428 0.013959390862944161 0.007142857142857143
3 1.5171319796954315 0.24214285714285713 0.008883248730964466 0.007142857142857143
3 1.4841370558375633 0.23785714285714285 0.008883248730964466 0.005714285714285714
3 1.5780456852791878 0.38785714285714284 0.021573604060913704 0.01
3 1.6046954314720812 0.3892857142857143 0.021573604060913704 0.011428571428571429
3 1.5380710659898476 0.38607142857142857 0.025380710659898477 0.010714285714285714
3 1.6256345177664973 0.4142857142857143 0.02030456852791878 0.01
3 1.563451776649746 0.3675 0.02030456852791878 0.010714285714285714
3 1.5869289340101522 0.33714285714285713 0.013959390862944161 0.007142857142857143
3 1.645939086294416 0.3578571428571429 0.02030456852791878 0.014285714285714285
3 1.6516497461928932 0.34285714285714286 0.013959390862944161 0.008571428571428572
3 1.6440355329949237 0.3142857142857143 0.013959390862944161 0.007142857142857143
3 1.66243654822335 0.3217857142857143 0.015228426395939085 0.012142857142857143
3 1.4942893401015227 0.2307142857142857 0.008883248730964466 0.007142857142857143
3 1.4809644670050761 0.23107142857142857 0.0076142131979695426 0.005
3 1.530456852791878 0.2332142857142857 0.0076142131979695426 0.0035714285714285713
3 1.520939086294416 0.22428571428571428 0.006345177664974619 0.004285714285714286
3 1.5310913705583755 0.22642857142857142 0.008883248730964466 0.005714285714285714
4 1.1922588832487309 0.3264285714285714 0.026649746192893398 0.01
9 1.3026649746192893 0.3314285714285714 0.013959390862944161 0.008571428571428572
4 1.3781725888324872 0.2671428571428571 0.017766497461928932 0.007142857142857143
4 1.392766497461929 0.2914285714285714 0.019035532994923856 0.011428571428571429
8 1.0640862944162435 0.37785714285714284 0.07233502538071065 0.03142857142857143
8 1.3109137055837563 0.2842857142857143 0.03807106598984771 0.02142857142857143
4 1.5951776649746192 0.5467857142857143 0.04314720812182741 0.029285714285714286
3 1.7036802030456852 0.5285714285714286 0.049492385786802026 0.015714285714285715
5 1.6370558375634516 0.3807142857142857 0.02284263959390863 0.022857142857142857
5 1.656725888324873 0.33535714285714285 0.021573604060913704 0.019285714285714285
5 1.66497461928934 0.3142857142857143 0.025380710659898477 0.015714285714285715
4 0.9003807106598984 0.41964285714285715 0.03426395939086294 0.017857142857142856
3 1.315989847715736 0.30607142857142855 0.017766497461928932 0.007857142857142858
3 1.6275380710659897 0.4060714285714286 0.016497461928934008 0.010714285714285714
3 1.5406091370558375 0.3725 0.02030456852791878 0.010714285714285714
3 1.5437817258883249 0.36428571428571427 0.019035532994923856 0.008571428571428572
3 1.5513959390862944 0.35678571428571426 0.016497461928934008 0.009285714285714286
3 1.5723350253807105 0.3335714285714286 0.015228426395939085 0.01
3 1.5672588832487309 0.33785714285714286 0.015228426395939085 0.007142857142857143
3 1.563451776649746 0.3425 0.02030456852791878 0.007857142857142858
3 1.5583756345177664 0.3482142857142857 0.02030456852791878 0.007857142857142858
4 1.6345177664974617 0.3921428571428571 0.017766497461928932 0.014285714285714285
