3 0.16333333333333333 0.6614285714285715 0.07523809523809524 0.027142857142857142
3 0.20333333333333334 0.6328571428571429 0.08666666666666667 0.03
3 0.4738095238095238 0.6482142857142857 0.07333333333333333 0.025
3 1.0795238095238096 0.6075 0.07904761904761905 0.027857142857142858
3 1.1785714285714286 0.6132142857142857 0.07333333333333333 0.027857142857142858
3 1.2885714285714285 0.6142857142857143 0.08 0.02857142857142857
3 0.6823809523809524 0.3914285714285714 0.03333333333333333 0.047142857142857146
4 0.7438095238095238 0.27285714285714285 0.030476190476190476 0.04285714285714286
9 0.6680952380952381 0.7014285714285714 0.014285714285714285 0.022857142857142857
9 0.7209523809523809 0.7192857142857143 0.02095238095238095 0.02142857142857143
9 0.7604761904761905 0.6710714285714285 0.023809523809523808 0.016428571428571428
9 0.7852380952380953 0.6385714285714286 0.025714285714285714 0.012857142857142857
2 0.63 0.2225 0.012380952380952381 0.020714285714285713
9 0.97 0.19535714285714287 0.037142857142857144 0.017857142857142856
9 0.69 0.5514285714285714 0.025714285714285714 0.017142857142857144
9 0.8238095238095238 0.6021428571428571 0.03238095238095238 0.015714285714285715
9 0.8038095238095239 0.5907142857142857 0.02857142857142857 0.012857142857142857
9 0.8914285714285715 0.5603571428571429 0.03428571428571429 0.016428571428571428
9 1.0571428571428572 0.6525 0.03238095238095238 0.017857142857142856
9 1.2147619047619047 0.6557142857142857 0.03142857142857143 0.015714285714285715
9 1.2819047619047619 0.6378571428571429 0.03428571428571429 0.015714285714285715
1 0.6295238095238095 0.22035714285714286 0.011428571428571429 0.013571428571428571
1 0.689047619047619 0.5510714285714285 0.010476190476190476 0.013571428571428571
