3 0.6695238095238095 0.4564285714285714 0.10857142857142857 0.08714285714285715
3 0.8057142857142857 0.4825 0.12 0.10071428571428571
3 1.0204761904761905 0.675 0.1819047619047619 0.14714285714285713
3 0.11857142857142858 0.7064285714285714 0.23523809523809525 0.08571428571428572
3 0.11571428571428571 0.6514285714285715 0.2257142857142857 0.08714285714285715
1 0.49523809523809526 0.0675 0.007619047619047619 0.009285714285714286
3 0.49142857142857144 0.21785714285714286 0.045714285714285714 0.03428571428571429
4 0.11238095238095239 0.4392857142857143 0.1523809523809524 0.05
1 1.0480952380952382 0.10464285714285715 0.008571428571428572 0.009285714285714286
2 1.0476190476190477 0.10892857142857143 0.017142857142857144 0.009285714285714286
3 0.4990476190476191 0.03857142857142857 0.026666666666666665 0.017142857142857144
3 0.3352380952380952 0.03678571428571428 0.024761904761904763 0.013571428571428571
3 0.32857142857142857 0.017857142857142856 0.02095238095238095 0.012857142857142857
3 0.3547619047619048 0.09 0.03142857142857143 0.022857142857142857
3 0.2995238095238095 0.07107142857142858 0.029523809523809525 0.02214285714285714
3 0.32285714285714284 0.10392857142857143 0.03238095238095238 0.03357142857142857
3 0.11142857142857143 0.2067857142857143 0.0838095238095238 0.027857142857142858
3 0.10523809523809524 0.19678571428571429 0.07333333333333333 0.020714285714285713
3 0.10523809523809524 0.18678571428571428 0.07714285714285714 0.017857142857142856
3 0.10523809523809524 0.16785714285714284 0.08095238095238096 0.02
4 0.09380952380952381 0.1492857142857143 0.07714285714285714 0.024285714285714285
3 0.11047619047619048 0.12964285714285714 0.06857142857142857 0.020714285714285713
3 0.08952380952380952 0.09392857142857143 0.06857142857142857 0.015
3 0.09761904761904762 0.08428571428571428 0.06761904761904762 0.011428571428571429
3 0.1019047619047619 0.07785714285714286 0.06666666666666667 0.011428571428571429
3 0.10095238095238095 0.075 0.05904761904761905 0.012857142857142857
3 0.09857142857142857 0.065 0.05619047619047619 0.012857142857142857
3 0.09666666666666666 0.05678571428571429 0.05619047619047619 0.012142857142857143
3 0.09666666666666666 0.05142857142857143 0.06 0.012857142857142857
3 0.09857142857142857 0.048214285714285716 0.05238095238095238 0.016428571428571428
3 0.10238095238095238 0.045714285714285714 0.058095238095238096 0.014285714285714285
3 0.10095238095238095 0.04071428571428572 0.05904761904761905 0.018571428571428572
3 0.05523809523809524 0.039285714285714285 0.02095238095238095 0.012857142857142857
3 0.047142857142857146 0.040357142857142855 0.018095238095238095 0.015
3 0.09666666666666666 0.019285714285714285 0.04666666666666667 0.015714285714285715
3 0.05857142857142857 0.018214285714285714 0.021904761904761906 0.010714285714285714
3 0.032857142857142856 0.02035714285714286 0.023809523809523808 0.015
3 0.05857142857142857 0.008571428571428572 0.01619047619047619 0.008571428571428572
3 0.09571428571428571 0.01 0.04285714285714286 0.007142857142857143
4 0.09428571428571429 0.005714285714285714 0.047619047619047616 0.01
