3 0.8123809523809524 0.5825 0.19047619047619047 0.08642857142857142
3 0.7590476190476191 0.44607142857142856 0.19047619047619047 0.08642857142857142
4 0.68 0.34285714285714286 0.1676190476190476 0.08571428571428572
3 0.6557142857142857 0.255 0.1380952380952381 0.06285714285714286
3 0.5985714285714285 0.16714285714285715 0.1380952380952381 0.06285714285714286
3 0.5904761904761905 0.09678571428571428 0.12380952380952381 0.04928571428571429
3 0.5619047619047619 0.05178571428571429 0.12380952380952381 0.04928571428571429
3 0.40285714285714286 0.0875 0.06666666666666667 0.06642857142857143
3 0.41 0.17142857142857143 0.06571428571428571 0.07
3 0.4219047619047619 0.26071428571428573 0.08 0.08285714285714285
3 0.46476190476190476 0.4760714285714286 0.08571428571428572 0.11785714285714285
3 0.5238095238095238 0.6575 0.12571428571428572 0.15357142857142858
3 0.31142857142857144 0.6235714285714286 0.10666666666666666 0.14285714285714285
3 0.2995238095238095 0.44642857142857145 0.08476190476190476 0.13714285714285715
3 0.2980952380952381 0.29035714285714287 0.07238095238095238 0.09214285714285714
3 0.2914285714285714 0.18 0.07238095238095238 0.09285714285714286
3 0.27714285714285714 0.08964285714285715 0.06666666666666667 0.06928571428571428
3 0.38333333333333336 0.020714285714285713 0.058095238095238096 0.04285714285714286
6 0.5019047619047619 0.21928571428571428 0.03619047619047619 0.05142857142857143
9 0.8866666666666667 0.3107142857142857 0.02857142857142857 0.041428571428571426
2 1.0219047619047619 0.48928571428571427 0.03428571428571429 0.04857142857142857
2 0.9923809523809524 0.4425 0.03619047619047619 0.047857142857142855
