3 0.32047619047619047 0.7107142857142857 0.040952380952380955 0.025714285714285714
3 0.3952380952380952 0.6453571428571429 0.030476190476190476 0.017857142857142856
3 0.4361904761904762 0.6375 0.026666666666666665 0.016428571428571428
8 0.6352380952380953 0.5125 0.02095238095238095 0.017857142857142856
3 0.11 0.545 0.02761904761904762 0.008571428571428572
3 0.26761904761904765 0.5632142857142857 0.026666666666666665 0.010714285714285714
3 0.48523809523809525 0.5267857142857143 0.014285714285714285 0.009285714285714286
3 0.4980952380952381 0.5282142857142857 0.015238095238095238 0.009285714285714286
3 0.5104761904761905 0.5289285714285714 0.015238095238095238 0.009285714285714286
3 0.5261904761904762 0.53 0.014285714285714285 0.01
3 0.5404761904761904 0.5228571428571429 0.012380952380952381 0.008571428571428572
3 0.5547619047619048 0.5146428571428572 0.012380952380952381 0.007857142857142858
3 0.5671428571428572 0.5075 0.014285714285714285 0.007857142857142858
3 0.5819047619047619 0.4957142857142857 0.011428571428571429 0.007142857142857143
3 0.4961904761904762 0.5207142857142857 0.015238095238095238 0.008571428571428572
4 0.5104761904761905 0.5196428571428572 0.015238095238095238 0.010714285714285714
3 0.5085714285714286 0.5153571428571428 0.013333333333333332 0.007857142857142858
3 0.5257142857142857 0.5146428571428572 0.013333333333333332 0.007857142857142858
3 0.5276190476190477 0.5210714285714285 0.017142857142857144 0.009285714285714286
3 0.5371428571428571 0.5153571428571428 0.011428571428571429 0.007857142857142858
3 0.5380952380952381 0.5082142857142857 0.011428571428571429 0.007857142857142858
3 0.5466666666666666 0.5103571428571428 0.011428571428571429 0.009285714285714286
3 0.5485714285714286 0.5039285714285714 0.011428571428571429 0.007857142857142858
3 0.5352380952380953 0.5021428571428571 0.011428571428571429 0.007142857142857143
3 0.5604761904761905 0.4967857142857143 0.012380952380952381 0.007857142857142858
3 0.5623809523809524 0.5039285714285714 0.012380952380952381 0.009285714285714286
3 0.5695238095238095 0.49964285714285717 0.011428571428571429 0.007857142857142858
3 0.5742857142857143 0.4925 0.011428571428571429 0.0064285714285714285
3 0.59 0.4907142857142857 0.012380952380952381 0.007142857142857143
3 0.6123809523809524 0.48 0.009523809523809525 0.007142857142857143
3 0.6309523809523809 0.4767857142857143 0.010476190476190476 0.0064285714285714285
3 0.6466666666666666 0.4667857142857143 0.009523809523809525 0.005
3 0.6638095238095238 0.45535714285714285 0.009523809523809525 0.005
3 0.6633333333333333 0.4932142857142857 0.010476190476190476 0.007857142857142858
3 0.6914285714285714 0.4475 0.007619047619047619 0.005
