5 0.8362944162436547 0.5364285714285715 0.04568527918781726 0.05
3 0.890228426395939 0.5089285714285714 0.03934010152284264 0.04642857142857143
5 0.8305837563451776 0.415 0.049492385786802026 0.09857142857142857
3 0.8692893401015228 0.3871428571428571 0.032994923857868015 0.03857142857142857
3 0.8204314720812182 0.29714285714285715 0.026649746192893398 0.03
5 0.8565989847715736 0.32571428571428573 0.04060913705583756 0.05
3 0.9295685279187816 0.27714285714285714 0.026649746192893398 0.037142857142857144
4 0.8546954314720812 0.26607142857142857 0.026649746192893398 0.03214285714285714
3 0.8128172588832486 0.24535714285714286 0.026649746192893398 0.029285714285714286
3 0.9187817258883249 0.2042857142857143 0.03045685279187817 0.03428571428571429
3 0.8420050761421319 0.18428571428571427 0.024111675126903553 0.027142857142857142
3 0.8058375634517766 0.17 0.027918781725888322 0.02857142857142857
3 0.8286802030456852 0.1382142857142857 0.025380710659898477 0.02642857142857143
3 0.7963197969543147 0.12607142857142858 0.026649746192893398 0.027857142857142858
4 0.7906091370558375 0.08607142857142858 0.025380710659898477 0.02642857142857143
5 0.8248730964467005 0.08357142857142857 0.035532994923857864 0.054285714285714284
3 0.7848984771573604 0.04964285714285714 0.024111675126903553 0.025
5 0.8153553299492385 0.01 0.029187817258883246 0.02142857142857143
8 0.9397208121827411 0.05964285714285714 0.049492385786802026 0.07642857142857143
5 0.782994923857868 0.010714285714285714 0.03045685279187817 0.022857142857142857
