3 0.1878172588832487 0.33964285714285714 0.03807106598984771 0.035
3 0.45685279187817257 0.31035714285714283 0.048223350253807105 0.019285714285714285
3 0.48540609137055835 0.3175 0.05964467005076142 0.02214285714285714
3 0.4860406091370558 0.34464285714285714 0.055837563451776644 0.023571428571428573
3 0.8597715736040609 0.27071428571428574 0.05710659898477157 0.02142857142857143
3 0.8654822335025381 0.2571428571428571 0.055837563451776644 0.018571428571428572
3 0.8800761421319796 0.24428571428571427 0.049492385786802026 0.02
3 0.9035532994923857 0.2257142857142857 0.055837563451776644 0.02142857142857143
3 0.9340101522842639 0.19678571428571429 0.04314720812182741 0.015
3 0.9428934010152283 0.18678571428571428 0.04060913705583756 0.015
5 1.0241116751269035 0.21571428571428572 0.06852791878172589 0.04285714285714286
3 1.0932741116751268 0.22107142857142856 0.049492385786802026 0.019285714285714285
5 1.1269035532994922 0.275 0.06852791878172589 0.027142857142857142
3 1.6173857868020303 0.2932142857142857 0.05710659898477157 0.020714285714285713
3 1.6351522842639592 0.28035714285714286 0.06472081218274112 0.020714285714285713
3 1.6465736040609136 0.2675 0.05710659898477157 0.023571428571428573
3 1.655456852791878 0.2542857142857143 0.05710659898477157 0.022857142857142857
3 1.6586294416243654 0.24464285714285713 0.06598984771573603 0.023571428571428573
5 1.032994923857868 0.07392857142857143 0.050761421319796954 0.035
3 1.0767766497461928 0.015357142857142857 0.029187817258883246 0.016428571428571428
3 1.7195431472081217 0.07964285714285714 0.07106598984771573 0.019285714285714285
3 1.7246192893401013 0.07035714285714285 0.053299492385786795 0.019285714285714285
3 1.7277918781725887 0.062142857142857146 0.052030456852791875 0.017142857142857144
8 0.5717005076142132 0.2017857142857143 0.10532994923857868 0.04357142857142857
