9 0.2947619047619048 0.06642857142857143 0.004761904761904762 0.007142857142857143
9 0.28904761904761905 0.07785714285714286 0.008571428571428572 0.007142857142857143
3 0.2480952380952381 0.4107142857142857 0.035238095238095235 0.011428571428571429
3 0.2904761904761905 0.4125 0.03619047619047619 0.012142857142857143
5 0.1538095238095238 0.4421428571428571 0.05238095238095238 0.015714285714285715
3 0.19380952380952382 0.44607142857142856 0.03333333333333333 0.010714285714285714
3 0.2823809523809524 0.4492857142857143 0.037142857142857144 0.011428571428571429
3 0.33095238095238094 0.45035714285714284 0.037142857142857144 0.010714285714285714
3 0.7395238095238095 0.7182142857142857 0.040952380952380955 0.017857142857142856
3 0.7433333333333333 0.7389285714285714 0.04285714285714286 0.020714285714285713
3 0.7561904761904762 0.6967857142857142 0.04 0.016428571428571428
3 0.7676190476190476 0.6789285714285714 0.04380952380952381 0.015
3 0.7819047619047619 0.6532142857142857 0.04 0.016428571428571428
3 0.7961904761904762 0.6128571428571429 0.0380952380952381 0.015714285714285715
3 0.8047619047619048 0.5953571428571428 0.04 0.016428571428571428
3 0.8147619047619048 0.5775 0.029523809523809525 0.015
3 0.810952380952381 0.5589285714285714 0.037142857142857144 0.017857142857142856
3 0.8195238095238095 0.5392857142857143 0.037142857142857144 0.015714285714285715
3 0.8161904761904762 0.4928571428571429 0.017142857142857144 0.03
3 0.7923809523809524 0.4925 0.017142857142857144 0.03357142857142857
4 0.7619047619047619 0.46464285714285714 0.03619047619047619 0.013571428571428571
3 0.8938095238095238 0.4710714285714286 0.02761904761904762 0.009285714285714286
3 0.9314285714285714 0.43642857142857144 0.0380952380952381 0.012857142857142857
3 0.9738095238095238 0.43714285714285717 0.037142857142857144 0.012857142857142857
1 0.9566666666666667 0.3875 0.004761904761904762 0.0035714285714285713
9 0.9557142857142857 0.38785714285714284 0.014285714285714285 0.004285714285714286
3 0.8461904761904762 0.32107142857142856 0.01619047619047619 0.023571428571428573
9 0.7042857142857143 0.3875 0.004761904761904762 0.009285714285714286
9 0.7123809523809523 0.3867857142857143 0.009523809523809525 0.007857142857142858
3 1.0614285714285714 0.37785714285714284 0.02 0.025714285714285714
1 1.0247619047619048 0.37857142857142856 0.005714285714285714 0.004285714285714286
9 1.0233333333333334 0.37892857142857145 0.014285714285714285 0.009285714285714286
1 1.1214285714285714 0.375 0.010476190476190476 0.005714285714285714
3 1.1642857142857144 0.44142857142857145 0.035238095238095235 0.011428571428571429
3 1.1285714285714286 0.4039285714285714 0.022857142857142857 0.025
3 1.1657142857142857 0.405 0.024761904761904763 0.022857142857142857
3 1.1852380952380952 0.4064285714285714 0.021904761904761906 0.024285714285714285
3 1.200952380952381 0.4067857142857143 0.022857142857142857 0.023571428571428573
3 1.2733333333333334 0.4075 0.026666666666666665 0.025
3 1.291904761904762 0.4082142857142857 0.025714285714285714 0.023571428571428573
3 1.31 0.40785714285714286 0.02761904761904762 0.024285714285714285
3 1.2123809523809523 0.44392857142857145 0.03619047619047619 0.012142857142857143
3 1.259047619047619 0.44607142857142856 0.04 0.012142857142857143
4 1.3033333333333332 0.4471428571428571 0.037142857142857144 0.01
3 0.39095238095238094 0.3507142857142857 0.03333333333333333 0.011428571428571429
3 0.44095238095238093 0.3532142857142857 0.03238095238095238 0.012142857142857143
3 0.4766666666666667 0.35285714285714287 0.03333333333333333 0.011428571428571429
3 0.5161904761904762 0.355 0.03238095238095238 0.011428571428571429
3 0.5538095238095239 0.35642857142857143 0.03333333333333333 0.011428571428571429
3 0.5552380952380952 0.3296428571428571 0.03428571428571429 0.012142857142857143
3 0.6104761904761905 0.35928571428571426 0.03238095238095238 0.011428571428571429
3 0.6490476190476191 0.3610714285714286 0.03142857142857143 0.012142857142857143
3 0.6390476190476191 0.42464285714285716 0.03619047619047619 0.012142857142857143
3 0.49476190476190474 0.42 0.037142857142857144 0.012857142857142857
3 0.6866666666666666 0.4614285714285714 0.030476190476190476 0.01
3 0.6014285714285714 0.45964285714285713 0.03142857142857143 0.010714285714285714
3 0.5576190476190476 0.45714285714285713 0.03333333333333333 0.011428571428571429
3 0.47333333333333333 0.45535714285714285 0.03619047619047619 0.013571428571428571
3 0.4338095238095238 0.455 0.037142857142857144 0.012857142857142857
1 0.3757142857142857 0.42928571428571427 0.006666666666666666 0.004285714285714286
9 0.37761904761904763 0.42892857142857144 0.012380952380952381 0.005
4 0.38095238095238093 0.10071428571428571 0.02857142857142857 0.011428571428571429
1 1.140952380952381 0.3489285714285714 0.007619047619047619 0.0035714285714285713
