5 0.5190476190476191 0.3921428571428571 0.08761904761904762 0.03
5 0.45714285714285713 0.37214285714285716 0.07238095238095238 0.024285714285714285
5 0.5076190476190476 0.3842857142857143 0.08571428571428572 0.025714285714285714
5 0.39904761904761904 0.38642857142857145 0.1219047619047619 0.03428571428571429
5 0.4219047619047619 0.40714285714285714 0.06857142857142857 0.025714285714285714
5 0.9 0.45535714285714285 0.06476190476190476 0.055
5 0.8047619047619048 0.34464285714285714 0.08761904761904762 0.027857142857142858
5 0.9561904761904761 0.5364285714285715 0.08 0.07857142857142857
5 1.213809523809524 0.7178571428571429 0.1419047619047619 0.06285714285714286
5 1.1933333333333334 0.5910714285714286 0.06285714285714286 0.039285714285714285
3 1.0166666666666666 0.5685714285714286 0.040952380952380955 0.03142857142857143
3 1.1204761904761904 0.6646428571428571 0.058095238095238096 0.04071428571428572
3 1.0657142857142856 0.6125 0.049523809523809526 0.035
3 0.9504761904761905 0.5032142857142857 0.03238095238095238 0.02214285714285714
3 0.9866666666666667 0.5332142857142858 0.030476190476190476 0.025
3 0.580952380952381 0.43785714285714283 0.03428571428571429 0.015714285714285715
1 0.6633333333333333 0.3507142857142857 0.004761904761904762 0.005714285714285714
9 0.6638095238095238 0.35214285714285715 0.011428571428571429 0.005714285714285714
3 0.5314285714285715 0.37285714285714283 0.030476190476190476 0.012857142857142857
3 0.3842857142857143 0.4057142857142857 0.02761904761904762 0.011428571428571429
4 0.7204761904761905 0.2792857142857143 0.006666666666666666 0.007142857142857143
4 0.7819047619047619 0.2792857142857143 0.013333333333333332 0.005714285714285714
8 0.6261904761904762 0.22964285714285715 0.014285714285714285 0.009285714285714286
5 0.6947619047619048 0.24 0.008571428571428572 0.01
3 0.7466666666666667 0.24214285714285713 0.015238095238095238 0.005714285714285714
5 0.5857142857142857 0.26321428571428573 0.013333333333333332 0.013571428571428571
3 0.9171428571428571 0.30392857142857144 0.015238095238095238 0.009285714285714286
3 0.9257142857142857 0.30428571428571427 0.013333333333333332 0.007142857142857143
3 0.9385714285714286 0.30392857142857144 0.012380952380952381 0.0064285714285714285
3 0.9485714285714286 0.3025 0.015238095238095238 0.007857142857142858
3 1.0057142857142858 0.3196428571428571 0.02095238095238095 0.0064285714285714285
3 0.9676190476190476 0.32321428571428573 0.022857142857142857 0.0064285714285714285
3 0.9080952380952381 0.3117857142857143 0.008571428571428572 0.007857142857142858
3 0.9223809523809524 0.3125 0.008571428571428572 0.009285714285714286
3 0.9357142857142857 0.31464285714285717 0.010476190476190476 0.007857142857142858
3 0.9680952380952381 0.31464285714285717 0.012380952380952381 0.0064285714285714285
5 0.9842857142857143 0.31357142857142856 0.008571428571428572 0.01
5 0.9585714285714285 0.33071428571428574 0.021904761904761906 0.008571428571428572
8 1.0352380952380953 0.3242857142857143 0.0419047619047619 0.015714285714285715
4 0.9666666666666667 0.29964285714285716 0.015238095238095238 0.009285714285714286
4 0.9619047619047619 0.30178571428571427 0.013333333333333332 0.007857142857142858
4 1.000952380952381 0.325 0.017142857142857144 0.007142857142857143
3 0.9147619047619048 0.3385714285714286 0.021904761904761906 0.008571428571428572
3 1.0647619047619048 0.32035714285714284 0.017142857142857144 0.007857142857142858
3 1.0533333333333332 0.3167857142857143 0.01904761904761905 0.007857142857142858
3 0.8952380952380953 0.3125 0.011428571428571429 0.007857142857142858
3 0.8814285714285715 0.3117857142857143 0.010476190476190476 0.0064285714285714285
6 1.04 0.33107142857142857 0.015238095238095238 0.0064285714285714285
1 1.0366666666666666 0.3314285714285714 0.006666666666666666 0.007142857142857143
3 0.820952380952381 0.3057142857142857 0.013333333333333332 0.007142857142857143
3 0.8019047619047619 0.2985714285714286 0.017142857142857144 0.007142857142857143
3 0.7666666666666667 0.29392857142857143 0.017142857142857144 0.005
3 0.8157142857142857 0.295 0.018095238095238095 0.005714285714285714
5 0.7595238095238095 0.27785714285714286 0.02 0.005714285714285714
5 0.04238095238095238 0.29678571428571426 0.02 0.012142857142857143
5 0.07761904761904762 0.3 0.012380952380952381 0.012857142857142857
5 0.3376190476190476 0.23857142857142857 0.02 0.012857142857142857
5 0.35285714285714287 0.2367857142857143 0.029523809523809525 0.010714285714285714
5 0.38285714285714284 0.24 0.03238095238095238 0.005714285714285714
5 0.2752380952380952 0.24642857142857144 0.030476190476190476 0.007142857142857143
5 0.4623809523809524 0.23464285714285715 0.035238095238095235 0.007857142857142858
5 0.4614285714285714 0.23857142857142857 0.03142857142857143 0.008571428571428572
3 0.9828571428571429 0.3028571428571429 0.015238095238095238 0.007142857142857143
4 1.0704761904761906 0.4810714285714286 0.024761904761904763 0.017857142857142856
9 1.2942857142857143 0.6614285714285715 0.024761904761904763 0.02
9 1.2780952380952382 0.6935714285714286 0.015238095238095238 0.012857142857142857
9 1.266190476190476 0.6821428571428572 0.025714285714285714 0.01
9 1.1714285714285715 0.6403571428571428 0.011428571428571429 0.015
9 1.1261904761904762 0.5357142857142857 0.010476190476190476 0.01
1 1.1261904761904762 0.5332142857142858 0.004761904761904762 0.005
5 0.006666666666666666 0.2646428571428571 0.015238095238095238 0.010714285714285714
