3 0.5761904761904761 0.485 0.04380952380952381 0.05714285714285714
3 0.8952380952380953 0.5532142857142857 0.08571428571428572 0.07642857142857143
3 1.1014285714285714 0.7217857142857143 0.10761904761904761 0.055
3 0.3576190476190476 0.41285714285714287 0.09047619047619047 0.027142857142857142
3 0.36666666666666664 0.3782142857142857 0.0761904761904762 0.02642857142857143
3 0.37142857142857144 0.36 0.07428571428571429 0.02142857142857143
3 0.3742857142857143 0.345 0.06857142857142857 0.018571428571428572
3 0.38476190476190475 0.3314285714285714 0.06285714285714286 0.024285714285714285
3 0.39 0.3082142857142857 0.06190476190476191 0.020714285714285713
3 0.40190476190476193 0.2975 0.06285714285714286 0.020714285714285713
3 0.40476190476190477 0.2867857142857143 0.05714285714285714 0.02214285714285714
3 0.4123809523809524 0.2757142857142857 0.05714285714285714 0.02142857142857143
3 0.549047619047619 0.3271428571428571 0.029523809523809525 0.027142857142857142
3 0.7719047619047619 0.3375 0.039047619047619046 0.027857142857142858
3 0.8133333333333334 0.4407142857142857 0.05523809523809524 0.045714285714285714
3 0.840952380952381 0.4089285714285714 0.05714285714285714 0.04214285714285714
3 0.7180952380952381 0.3275 0.03619047619047619 0.027857142857142858
3 0.6833333333333333 0.2671428571428571 0.02761904761904762 0.02142857142857143
3 0.6347619047619047 0.215 0.021904761904761906 0.014285714285714285
3 0.5523809523809524 0.25392857142857145 0.024761904761904763 0.019285714285714285
3 0.560952380952381 0.115 0.007619047619047619 0.007142857142857143
3 0.550952380952381 0.105 0.006666666666666666 0.005714285714285714
3 0.4261904761904762 0.2275 0.04476190476190476 0.012142857142857143
3 0.6247619047619047 0.09857142857142857 0.009523809523809525 0.005714285714285714
3 0.6366666666666667 0.11714285714285715 0.012380952380952381 0.008571428571428572
3 0.5571428571428572 0.09928571428571428 0.009523809523809525 0.005714285714285714
3 1.1933333333333334 0.6653571428571429 0.09714285714285714 0.07357142857142857
