1 1.0743333333333334 0.48825 0.004666666666666666 0.006500000000000001
9 1.0736666666666665 0.49175 0.01 0.0055
9 1.0616666666666665 0.48375 0.008666666666666666 0.0045000000000000005
3 1.0566666666666666 0.496 0.026666666666666665 0.01
3 1.0536666666666665 0.47825 0.03266666666666666 0.0085
3 1.0063333333333333 0.48 0.03266666666666666 0.011
3 1.0046666666666666 0.504 0.024 0.009000000000000001
3 0.974 0.4925 0.022666666666666665 0.009000000000000001
3 0.9503333333333333 0.51275 0.028666666666666667 0.0095
3 0.9456666666666667 0.497 0.028666666666666667 0.01
3 0.9209999999999999 0.518 0.03133333333333333 0.012
3 0.9159999999999999 0.5005000000000001 0.029333333333333333 0.013000000000000001
4 0.8823333333333333 0.505 0.026 0.012
4 0.8556666666666667 0.50825 0.028666666666666667 0.0145
3 0.883 0.52275 0.033999999999999996 0.0125
3 0.851 0.5285 0.033999999999999996 0.011
3 0.828 0.52275 0.034666666666666665 0.0115
3 0.8243333333333333 0.515 0.035333333333333335 0.012
3 0.8106666666666666 0.536 0.036 0.013000000000000001
3 0.7846666666666666 0.5205 0.03333333333333333 0.013000000000000001
3 0.769 0.5415 0.03666666666666667 0.014
3 0.746 0.52625 0.034666666666666665 0.0125
4 0.7243333333333333 0.51975 0.03266666666666666 0.0145
4 0.7263333333333333 0.5465 0.04066666666666666 0.017
3 0.6846666666666666 0.554 0.032 0.013000000000000001
3 0.654 0.5377500000000001 0.04 0.0135
3 0.643 0.56125 0.041999999999999996 0.0145
3 0.593 0.56975 0.041999999999999996 0.0165
3 0.539 0.57675 0.049999999999999996 0.0205
3 0.5396666666666666 0.55575 0.043333333333333335 0.0195
3 0.5346666666666666 0.54675 0.04133333333333333 0.0135
3 0.49133333333333334 0.57475 0.048 0.0155
3 0.474 0.58975 0.048 0.0155
3 0.48133333333333334 0.56375 0.04533333333333333 0.0155
3 0.412 0.6 0.04533333333333333 0.018000000000000002
4 0.416 0.5720000000000001 0.044 0.02
3 0.36666666666666664 0.58175 0.024 0.0135
1 0.576 0.617 0.010666666666666666 0.011
6 0.5233333333333333 0.609 0.03333333333333333 0.015
3 0.6916666666666667 0.49175 0.028666666666666667 0.0105
3 0.7879999999999999 0.492 0.028 0.013000000000000001
1 0.5053333333333333 0.47375 0.005333333333333333 0.006500000000000001
3 0.47933333333333333 0.47500000000000003 0.018666666666666665 0.009000000000000001
3 0.46066666666666667 0.47575 0.016 0.0115
1 0.3883333333333333 0.49 0.006 0.008
1 0.3233333333333333 0.488 0.006666666666666666 0.006
4 0.321 0.502 0.026 0.015
9 0.521 0.45575 0.007333333333333333 0.006500000000000001
9 0.476 0.46375 0.006666666666666666 0.006500000000000001
9 0.4696666666666667 0.464 0.004666666666666666 0.007
9 0.4633333333333333 0.46375 0.004 0.006500000000000001
3 0.328 0.611 0.06266666666666666 0.021
3 0.30233333333333334 0.6045 0.05266666666666667 0.017
3 0.223 0.602 0.057999999999999996 0.018000000000000002
3 0.14666666666666667 0.6115 0.06799999999999999 0.02
9 0.178 0.506 0.014666666666666666 0.008
