3 1.2823604060913705 0.3221428571428571 0.15101522842639592 0.03857142857142857
3 1.6465736040609136 0.275 0.13071065989847716 0.03428571428571429
3 0.6935279187817258 0.2357142857142857 0.10279187817258882 0.03142857142857143
3 0.1751269035532995 0.1767857142857143 0.09644670050761421 0.02642857142857143
8 0.5558375634517766 0.15607142857142858 0.14213197969543145 0.039285714285714285
4 0.5926395939086294 0.37214285714285716 0.10913705583756345 0.03428571428571429
3 1.2607868020304567 0.42464285714285716 0.11294416243654821 0.03214285714285714
3 1.0114213197969542 0.39 0.09137055837563451 0.03142857142857143
4 1.1421319796954315 0.4067857142857143 0.11421319796954314 0.03642857142857143
5 0.8667512690355329 0.3607142857142857 0.15228426395939085 0.054285714285714284
4 1.524746192893401 0.3964285714285714 0.1281725888324873 0.032857142857142856
3 0.15672588832487308 0.13642857142857143 0.11040609137055837 0.032857142857142856
8 0.8102791878172588 0.15428571428571428 0.10532994923857868 0.03
4 1.4517766497461928 0.12035714285714286 0.032994923857868015 0.027857142857142858
3 1.490482233502538 0.12607142857142858 0.031725888324873094 0.023571428571428573
5 1.7214467005076142 0.15964285714285714 0.10786802030456852 0.03642857142857143
5 1.7176395939086293 0.13285714285714287 0.10025380710659898 0.03
5 1.7157360406091369 0.12178571428571429 0.10406091370558375 0.027857142857142858
5 1.7100253807106598 0.09107142857142857 0.08756345177664974 0.03214285714285714
3 1.6065989847715734 0.1632142857142857 0.09390862944162436 0.023571428571428573
3 1.614213197969543 0.15107142857142858 0.08629441624365482 0.016428571428571428
3 1.6110406091370557 0.13392857142857142 0.06979695431472081 0.017857142857142856
4 1.614213197969543 0.12285714285714286 0.08375634517766496 0.02142857142857143
3 1.6040609137055837 0.11714285714285715 0.06598984771573603 0.014285714285714285
3 1.6085025380710658 0.10857142857142857 0.07233502538071065 0.012857142857142857
3 1.6104060913705582 0.0925 0.06852791878172589 0.016428571428571428
4 1.6135786802030456 0.0825 0.07233502538071065 0.020714285714285713
3 1.4917512690355328 0.07464285714285715 0.029187817258883246 0.020714285714285713
3 1.4282994923857868 0.08464285714285714 0.03426395939086294 0.023571428571428573
3 1.4593908629441623 0.07 0.017766497461928932 0.018571428571428572
4 1.4340101522842639 0.06321428571428571 0.027918781725888322 0.020714285714285713
3 1.4048223350253806 0.06464285714285714 0.02284263959390863 0.017857142857142856
3 1.3686548223350252 0.07607142857142857 0.03934010152284264 0.029285714285714286
3 1.3388324873096447 0.07392857142857143 0.035532994923857864 0.027857142857142858
3 1.1840101522842639 0.017857142857142856 0.050761421319796954 0.015714285714285715
3 1.2436548223350252 0.020714285714285713 0.06091370558375634 0.018571428571428572
3 1.3527918781725887 0.012142857142857143 0.05837563451776649 0.011428571428571429
3 1.3451776649746192 0.03 0.053299492385786795 0.017142857142857144
3 1.280456852791878 0.13892857142857143 0.06345177664974619 0.017857142857142856
3 1.2810913705583755 0.12785714285714286 0.06472081218274112 0.018571428571428572
3 1.2823604060913705 0.11678571428571428 0.06472081218274112 0.020714285714285713
3 1.28743654822335 0.10785714285714286 0.06472081218274112 0.018571428571428572
3 1.288705583756345 0.09714285714285714 0.05710659898477157 0.017142857142857144
3 1.29251269035533 0.0875 0.06725888324873096 0.020714285714285713
3 1.270939086294416 0.1492857142857143 0.06472081218274112 0.024285714285714285
3 1.3045685279187815 0.07142857142857142 0.03045685279187817 0.022857142857142857
3 1.2766497461928934 0.06714285714285714 0.035532994923857864 0.02
3 1.2614213197969542 0.05107142857142857 0.03045685279187817 0.019285714285714285
3 1.2303299492385786 0.048214285714285716 0.031725888324873094 0.020714285714285713
3 1.1846446700507614 0.055714285714285716 0.03426395939086294 0.022857142857142857
3 1.2043147208121827 0.1417857142857143 0.055837563451776644 0.02214285714285714
4 1.2201776649746192 0.11464285714285714 0.04187817258883248 0.015
4 1.3718274111675126 0.05857142857142857 0.02284263959390863 0.015714285714285715
4 1.3451776649746192 0.05821428571428571 0.027918781725888322 0.016428571428571428
4 1.314720812182741 0.054285714285714284 0.032994923857868015 0.015714285714285715
3 1.5869289340101522 0.0525 0.05964467005076142 0.016428571428571428
4 1.523477157360406 0.045 0.06725888324873096 0.015714285714285715
4 1.4105329949238579 0.03428571428571429 0.05964467005076142 0.02
4 1.420685279187817 0.0275 0.05964467005076142 0.019285714285714285
4 1.4187817258883249 0.012142857142857143 0.06091370558375634 0.015714285714285715
3 1.5184010152284262 0.038214285714285715 0.07233502538071065 0.015
3 1.526015228426396 0.026071428571428572 0.052030456852791875 0.013571428571428571
3 1.5869289340101522 0.04285714285714286 0.05456852791878172 0.014285714285714285
3 1.5901015228426394 0.031785714285714285 0.06345177664974619 0.017857142857142856
3 1.5907360406091369 0.018214285714285714 0.05710659898477157 0.015
3 1.526015228426396 0.012142857142857143 0.05456852791878172 0.014285714285714285
3 1.7189086294416243 0.065 0.052030456852791875 0.017142857142857144
3 1.7131979695431472 0.054642857142857146 0.06345177664974619 0.017857142857142856
3 1.7043147208121827 0.03571428571428571 0.06345177664974619 0.017142857142857144
3 1.6941624365482233 0.0125 0.06091370558375634 0.013571428571428571
3 1.7519035532994922 0.023214285714285715 0.03934010152284264 0.016428571428571428
3 0.7366751269035532 0.34785714285714286 0.09771573604060912 0.03428571428571429
3 1.4911167512690353 0.18714285714285714 0.04314720812182741 0.03
3 1.2157360406091369 0.12928571428571428 0.050761421319796954 0.018571428571428572
3 1.1916243654822334 0.005357142857142857 0.06091370558375634 0.012142857142857143
3 1.706218274111675 0.032857142857142856 0.05456852791878172 0.015714285714285715
