3 0.8302411873840445 0.4986951983298538 0.07235621521335807 0.04749478079331941
3 0.9211502782931354 0.46581419624217113 0.0686456400742115 0.04331941544885177
3 1.1910946196660483 0.5480167014613778 0.10760667903525047 0.027139874739039664
3 1.1702226345083488 0.5190501043841336 0.10482374768089053 0.032881002087682666
6 1.596938775510204 0.20720250521920666 0.030612244897959183 0.018789144050104383
5 1.5686456400742115 0.2510438413361169 0.07235621521335807 0.016701461377870562
3 1.5598330241187384 0.24399791231732773 0.05658627087198516 0.014091858037578286
3 1.5088126159554731 0.26696242171189977 0.049165120593692026 0.025574112734864297
3 1.449443413729128 0.23564718162839246 0.05658627087198516 0.017223382045929016
3 1.2894248608534322 0.2332985386221294 0.03153988868274583 0.020876826722338204
3 1.2337662337662338 0.2312108559498956 0.04267161410018553 0.016701461377870562
3 1.2026901669758814 0.22625260960334026 0.04730983302411874 0.017223382045929016
3 1.157699443413729 0.22129436325678495 0.05009276437847866 0.015657620041753653
3 1.1182745825602969 0.21477035490605426 0.05102040816326531 0.016179540709812108
4 1.086734693877551 0.20798538622129434 0.05473098330241188 0.017223382045929016
3 1.062152133580705 0.20328810020876825 0.059369202226345084 0.013048016701461376
3 1.0338589981447124 0.19650313152400833 0.06215213358070501 0.015135699373695197
3 1.0176252319109462 0.18971816283924842 0.05009276437847866 0.014091858037578286
3 0.9554730983302412 0.25365344467640916 0.027829313543599257 0.024008350730688934
3 0.9568645640074211 0.23564718162839246 0.030612244897959183 0.02139874739039666
3 0.8423005565862709 0.2539144050104384 0.027829313543599257 0.022442588726513567
4 0.9814471243042672 0.17171189979123172 0.0463821892393321 0.014613778705636741
3 0.8404452690166976 0.1677974947807933 0.05380333951762523 0.013048016701461376
3 0.852504638218924 0.1631002087682672 0.05380333951762523 0.009916492693110646
3 0.9647495361781077 0.16518789144050103 0.05009276437847866 0.012004175365344467
3 0.962430426716141 0.15657620041753653 0.049165120593692026 0.012526096033402922
3 0.8464749536178108 0.15240083507306887 0.049165120593692026 0.010438413361169102
3 0.9679962894248608 0.15005219206680584 0.04730983302411874 0.010960334029227557
3 0.9703153988868275 0.1411795407098121 0.03896103896103896 0.012004175365344467
3 0.8483302411873841 0.14665970772442588 0.043599257884972174 0.008350730688935281
3 0.8594619666048238 0.13726513569937368 0.04730983302411874 0.011482254697286011
3 0.9591836734693878 0.1354384133611691 0.04081632653061225 0.012004175365344467
3 0.9415584415584416 0.12943632567849686 0.04081632653061225 0.012526096033402922
3 0.9434137291280149 0.12369519832985384 0.04452690166975881 0.010438413361169102
3 0.865491651205937 0.11508350730688933 0.04452690166975881 0.009916492693110646
4 0.8719851576994434 0.1033402922755741 0.03896103896103896 0.010438413361169102
3 0.9475881261595548 0.10438413361169101 0.03432282003710575 0.009394572025052192
3 0.8803339517625232 0.0975991649269311 0.04452690166975881 0.009394572025052192
8 0.8413729128014843 0.012004175365344467 0.020408163265306124 0.016701461377870562
1 0.7602040816326531 0.04984342379958246 0.00463821892393321 0.004697286012526096
9 0.7588126159554731 0.05271398747390396 0.0055658627087198514 0.005219206680584551
