3 0.9016666666666666 0.61275 0.08866666666666666 0.1225
3 0.8666666666666666 0.50075 0.08266666666666667 0.1005
5 1.0076666666666667 0.40525 0.11399999999999999 0.1235
3 0.9423333333333334 0.25175000000000003 0.06066666666666667 0.0585
3 0.8546666666666667 0.29525 0.064 0.0575
3 0.9136666666666666 0.186 0.051333333333333335 0.053
3 0.7973333333333333 0.3895 0.12933333333333333 0.047
3 0.7683333333333333 0.35000000000000003 0.13799999999999998 0.036000000000000004
3 0.749 0.309 0.122 0.034
3 0.7576666666666666 0.27425 0.11666666666666667 0.035500000000000004
3 0.7456666666666666 0.23475000000000001 0.10733333333333334 0.0335
3 0.7383333333333333 0.20550000000000002 0.11266666666666666 0.03
3 0.724 0.17825 0.09999999999999999 0.0235
3 0.724 0.1545 0.09466666666666666 0.03
3 0.7243333333333333 0.12575 0.09533333333333333 0.0315
3 0.7303333333333333 0.1075 0.086 0.023
3 0.7303333333333333 0.089 0.09 0.028
