2 0.33 0.5075 0.02761904761904762 0.03357142857142857
1 0.3252380952380952 0.49642857142857144 0.023809523809523808 0.03571428571428571
3 0.5247619047619048 0.23285714285714285 0.047619047619047616 0.02142857142857143
3 0.3157142857142857 0.15857142857142856 0.023809523809523808 0.015714285714285715
3 0.27666666666666667 0.15964285714285714 0.023809523809523808 0.013571428571428571
3 0.3595238095238095 0.15857142857142856 0.025714285714285714 0.012857142857142857
3 0.2633333333333333 0.12785714285714286 0.02 0.014285714285714285
3 0.23857142857142857 0.13 0.01619047619047619 0.01
3 0.2195238095238095 0.11964285714285715 0.01619047619047619 0.009285714285714286
3 0.18047619047619048 0.09678571428571428 0.012380952380952381 0.009285714285714286
3 1.2157142857142857 0.3653571428571429 0.08476190476190476 0.04357142857142857
3 1.276190476190476 0.38857142857142857 0.09904761904761905 0.047142857142857146
3 1.1485714285714286 0.2882142857142857 0.08 0.03214285714285714
3 1.0985714285714285 0.33035714285714285 0.08095238095238096 0.035
3 1.0542857142857143 0.40214285714285714 0.1180952380952381 0.05285714285714286
3 0.8080952380952381 0.31357142857142856 0.07523809523809524 0.03857142857142857
3 0.7452380952380953 0.2842857142857143 0.06952380952380953 0.03142857142857143
3 0.660952380952381 0.255 0.05904761904761905 0.027142857142857142
3 0.6138095238095238 0.2367857142857143 0.05619047619047619 0.023571428571428573
3 0.5819047619047619 0.22178571428571428 0.045714285714285714 0.025
3 0.5338095238095238 0.21107142857142858 0.05047619047619047 0.02214285714285714
3 0.5214285714285715 0.20142857142857143 0.035238095238095235 0.02
3 0.46095238095238095 0.17357142857142857 0.03238095238095238 0.02
4 0.8923809523809524 0.21857142857142858 0.045714285714285714 0.024285714285714285
3 0.8523809523809524 0.21464285714285714 0.05714285714285714 0.023571428571428573
3 1.2876190476190477 0.3142857142857143 0.08 0.03428571428571429
3 1.312857142857143 0.42142857142857143 0.039047619047619046 0.04428571428571428
3 0.10761904761904761 0.6842857142857143 0.21714285714285714 0.09857142857142857
3 0.1419047619047619 0.09357142857142857 0.011428571428571429 0.007142857142857143
3 0.13714285714285715 0.08857142857142856 0.009523809523809525 0.007142857142857143
3 0.13380952380952382 0.08321428571428571 0.008571428571428572 0.005
3 0.14142857142857143 0.08178571428571428 0.008571428571428572 0.005
3 0.12476190476190477 0.07928571428571428 0.007619047619047619 0.005714285714285714
3 0.20095238095238097 0.08892857142857143 0.015238095238095238 0.0064285714285714285
3 0.2776190476190476 0.11821428571428572 0.014285714285714285 0.007857142857142858
3 0.2623809523809524 0.11178571428571428 0.014285714285714285 0.007857142857142858
3 0.25047619047619046 0.10821428571428571 0.013333333333333332 0.007857142857142858
4 0.22476190476190477 0.09464285714285714 0.013333333333333332 0.007857142857142858
3 0.21571428571428572 0.09 0.010476190476190476 0.005714285714285714
3 0.18761904761904763 0.08821428571428572 0.007619047619047619 0.0064285714285714285
8 0.16714285714285715 0.08607142857142858 0.02 0.012142857142857143
5 0.11714285714285715 0.06678571428571428 0.011428571428571429 0.009285714285714286
3 0.14095238095238094 0.07785714285714286 0.007619047619047619 0.004285714285714286
3 0.13904761904761906 0.075 0.007619047619047619 0.005714285714285714
3 0.13333333333333333 0.07285714285714286 0.005714285714285714 0.004285714285714286
3 0.12904761904761905 0.07071428571428572 0.004761904761904762 0.004285714285714286
3 0.12857142857142856 0.06678571428571428 0.005714285714285714 0.0035714285714285713
3 0.12761904761904763 0.06142857142857143 0.005714285714285714 0.004285714285714286
3 0.10952380952380952 0.056428571428571425 0.005714285714285714 0.004285714285714286
3 0.1138095238095238 0.055357142857142855 0.004761904761904762 0.0035714285714285713
4 0.14476190476190476 0.0675 0.005714285714285714 0.005
3 0.14904761904761904 0.06428571428571428 0.004761904761904762 0.004285714285714286
3 0.1438095238095238 0.060714285714285714 0.005714285714285714 0.004285714285714286
3 0.21 0.08642857142857142 0.010476190476190476 0.005714285714285714
8 0.23666666666666666 0.16107142857142856 0.04857142857142857 0.035
8 0.38095238095238093 0.19035714285714286 0.07238095238095238 0.045
3 0.2195238095238095 0.18214285714285713 0.02761904761904762 0.018571428571428572
4 0.15761904761904763 0.18178571428571427 0.025714285714285714 0.02214285714285714
3 0.05857142857142857 0.15857142857142856 0.037142857142857144 0.014285714285714285
3 0.07857142857142857 0.16714285714285715 0.039047619047619046 0.015714285714285715
3 0.08190476190476191 0.17392857142857143 0.0419047619047619 0.012142857142857143
3 0.07761904761904762 0.18428571428571427 0.04285714285714286 0.014285714285714285
3 0.07904761904761905 0.19178571428571428 0.04380952380952381 0.015
3 0.09714285714285714 0.19642857142857142 0.049523809523809526 0.015714285714285715
3 0.08047619047619048 0.22 0.04285714285714286 0.015714285714285715
3 0.08666666666666667 0.22964285714285715 0.047619047619047616 0.016428571428571428
3 0.07857142857142857 0.2375 0.04857142857142857 0.015
3 0.08142857142857143 0.25357142857142856 0.06952380952380953 0.02142857142857143
3 0.07523809523809524 0.28 0.0838095238095238 0.025714285714285714
3 0.0880952380952381 0.29285714285714287 0.1 0.03142857142857143
3 0.08142857142857143 0.3221428571428571 0.09428571428571429 0.03428571428571429
3 0.07571428571428572 0.3514285714285714 0.1 0.03142857142857143
3 0.08285714285714285 0.36428571428571427 0.10095238095238095 0.02857142857142857
3 0.08523809523809524 0.3821428571428571 0.11714285714285715 0.03428571428571429
3 0.08238095238095237 0.4057142857142857 0.12476190476190477 0.041428571428571426
3 0.06190476190476191 0.5092857142857142 0.12571428571428572 0.06857142857142857
3 0.08333333333333333 0.45 0.12666666666666668 0.05285714285714286
3 0.41714285714285715 0.15892857142857142 0.024761904761904763 0.012142857142857143
3 0.3980952380952381 0.15178571428571427 0.022857142857142857 0.013571428571428571
3 0.3842857142857143 0.1467857142857143 0.02 0.012142857142857143
3 0.3638095238095238 0.14 0.01904761904761905 0.01
3 0.5723809523809524 0.18714285714285714 0.05142857142857143 0.017142857142857144
3 0.7557142857142857 0.23392857142857143 0.06 0.02214285714285714
3 0.7857142857142857 0.23785714285714285 0.06666666666666667 0.027142857142857142
3 0.7980952380952381 0.24964285714285714 0.07428571428571429 0.030714285714285715
3 0.8433333333333334 0.265 0.08285714285714285 0.03428571428571429
3 0.8823809523809524 0.2710714285714286 0.06190476190476191 0.023571428571428573
3 0.8995238095238095 0.285 0.06952380952380953 0.03142857142857143
3 1.0395238095238095 0.31607142857142856 0.07904761904761905 0.04357142857142857
3 0.9823809523809524 0.31035714285714283 0.07904761904761905 0.045
3 0.9433333333333334 0.29464285714285715 0.07333333333333333 0.03642857142857143
3 0.9261904761904762 0.3535714285714286 0.10571428571428572 0.054285714285714284
2 0.25142857142857145 0.7360714285714286 0.0761904761904762 0.02642857142857143
