3 1.4029187817258881 0.5296428571428572 0.09517766497461928 0.06357142857142857
5 1.274746192893401 0.3410714285714286 0.11294416243654821 0.075
3 0.9955583756345177 0.24571428571428572 0.03426395939086294 0.014285714285714285
4 0.8610406091370558 0.24071428571428571 0.03426395939086294 0.02
3 1.0685279187817258 0.24678571428571427 0.03807106598984771 0.017857142857142856
3 1.107233502538071 0.245 0.03934010152284264 0.018571428571428572
3 1.0025380710659897 0.2042857142857143 0.03045685279187817 0.017142857142857144
3 1.0628172588832487 0.21535714285714286 0.03426395939086294 0.015
3 1.1015228426395938 0.21142857142857144 0.032994923857868015 0.015714285714285715
3 1.057741116751269 0.1767857142857143 0.029187817258883246 0.012142857142857143
3 0.9942893401015228 0.16357142857142856 0.026649746192893398 0.011428571428571429
3 0.9505076142131978 0.1757142857142857 0.027918781725888322 0.011428571428571429
3 0.8870558375634517 0.15 0.025380710659898477 0.01
3 0.840736040609137 0.125 0.024111675126903553 0.011428571428571429
5 0.8807106598984771 0.11642857142857142 0.03045685279187817 0.017142857142857144
3 0.7810913705583755 0.1175 0.021573604060913704 0.007857142857142858
3 0.7931472081218274 0.11392857142857143 0.02030456852791878 0.009285714285714286
3 0.7493654822335025 0.10892857142857143 0.021573604060913704 0.009285714285714286
3 0.7385786802030456 0.10035714285714285 0.02284263959390863 0.009285714285714286
3 0.6808375634517766 0.07392857142857143 0.019035532994923856 0.0064285714285714285
