5 0.569047619047619 0.7046428571428571 0.07904761904761905 0.08928571428571429
3 0.5747619047619048 0.6478571428571429 0.03142857142857143 0.03857142857142857
3 0.6195238095238095 0.5960714285714286 0.03142857142857143 0.030714285714285715
3 0.6009523809523809 0.5639285714285714 0.02857142857142857 0.02642857142857143
3 0.6323809523809524 0.5614285714285714 0.022857142857142857 0.025714285714285714
4 0.6766666666666666 0.5260714285714285 0.021904761904761906 0.02214285714285714
4 0.6595238095238095 0.48214285714285715 0.014285714285714285 0.014285714285714285
4 0.7414285714285714 0.42392857142857143 0.008571428571428572 0.007857142857142858
3 0.7485714285714286 0.49357142857142855 0.01904761904761905 0.012857142857142857
3 0.7752380952380953 0.4739285714285714 0.017142857142857144 0.013571428571428571
5 0.7528571428571429 0.44107142857142856 0.014285714285714285 0.015
3 0.6842857142857143 0.47 0.014285714285714285 0.014285714285714285
3 0.6347619047619047 0.48928571428571427 0.01619047619047619 0.012857142857142857
3 0.6466666666666666 0.4657142857142857 0.015238095238095238 0.011428571428571429
3 0.6657142857142857 0.45285714285714285 0.013333333333333332 0.011428571428571429
3 0.6904761904761905 0.4467857142857143 0.013333333333333332 0.010714285714285714
3 0.6604761904761904 0.43857142857142856 0.012380952380952381 0.01
3 0.6880952380952381 0.43142857142857144 0.010476190476190476 0.007142857142857143
3 0.6795238095238095 0.4182142857142857 0.010476190476190476 0.007857142857142858
3 0.6957142857142857 0.41035714285714286 0.006666666666666666 0.005
3 0.6742857142857143 0.40964285714285714 0.009523809523809525 0.0064285714285714285
3 0.7504761904761905 0.38821428571428573 0.011428571428571429 0.005
3 0.6785714285714286 0.4 0.006666666666666666 0.005714285714285714
4 0.6895238095238095 0.3975 0.005714285714285714 0.005
3 0.6995238095238095 0.3914285714285714 0.006666666666666666 0.004285714285714286
3 0.6904761904761905 0.39035714285714285 0.005714285714285714 0.005
3 0.6842857142857143 0.3875 0.004761904761904762 0.0035714285714285713
3 0.6880952380952381 0.38357142857142856 0.004761904761904762 0.002857142857142857
3 0.7019047619047619 0.38535714285714284 0.005714285714285714 0.0035714285714285713
8 0.7023809523809523 0.3796428571428571 0.004761904761904762 0.005
3 0.6942857142857143 0.38035714285714284 0.0038095238095238095 0.0035714285714285713
3 0.6957142857142857 0.37535714285714283 0.004761904761904762 0.0035714285714285713
3 0.7171428571428572 0.3603571428571429 0.0038095238095238095 0.002142857142857143
3 0.7023809523809523 0.3575 0.002857142857142857 0.002142857142857143
5 0.7147619047619047 0.3575 0.002857142857142857 0.002142857142857143
5 0.7138095238095238 0.355 0.002857142857142857 0.002857142857142857
5 0.7180952380952381 0.35428571428571426 0.0038095238095238095 0.002857142857142857
