1 0.2804761904761905 0.6771428571428572 0.03333333333333333 0.04428571428571428
1 0.49666666666666665 0.4742857142857143 0.023809523809523808 0.022857142857142857
1 0.6033333333333334 0.34285714285714286 0.02 0.03
1 0.8652380952380953 0.3492857142857143 0.021904761904761906 0.022857142857142857
1 0.20761904761904762 0.045 0.013333333333333332 0.017142857142857144
1 0.28904761904761905 0.4235714285714286 0.029523809523809525 0.02
1 0.3342857142857143 0.385 0.024761904761904763 0.017142857142857144
1 0.1757142857142857 0.05071428571428571 0.018095238095238095 0.017142857142857144
2 0.6019047619047619 0.3535714285714286 0.017142857142857144 0.03
2 0.8547619047619047 0.3603571428571429 0.04476190476190476 0.02642857142857143
2 0.49714285714285716 0.4857142857142857 0.024761904761904763 0.041428571428571426
2 0.3047619047619048 0.43964285714285717 0.04 0.029285714285714286
2 0.21 0.052142857142857144 0.021904761904761906 0.018571428571428572
9 0.17809523809523808 0.060714285714285714 0.024761904761904763 0.022857142857142857
9 0.3476190476190476 0.39964285714285713 0.045714285714285714 0.027857142857142858
4 0.04285714285714286 0.3007142857142857 0.08761904761904762 0.1
3 0.30904761904761907 0.2814285714285714 0.1019047619047619 0.06714285714285714
3 0.31523809523809526 0.0825 0.07238095238095238 0.04071428571428572
3 0.46190476190476193 0.16 0.06095238095238095 0.041428571428571426
3 1.1414285714285715 0.18714285714285714 0.08666666666666667 0.05142857142857143
3 1.21 0.20535714285714285 0.07904761904761905 0.05785714285714286
2 0.12095238095238095 0.7253571428571428 0.08952380952380952 0.04642857142857143
4 0.09142857142857143 0.5435714285714286 0.18476190476190477 0.17142857142857143
4 0.6561904761904762 0.18607142857142858 0.06476190476190476 0.05357142857142857
4 1.0071428571428571 0.1025 0.07142857142857142 0.035
4 1.0366666666666666 0.09214285714285714 0.058095238095238096 0.03
4 0.8442857142857143 0.060714285714285714 0.06 0.04
3 0.7342857142857143 0.15964285714285714 0.09333333333333334 0.047857142857142855
3 0.699047619047619 0.14357142857142857 0.08952380952380952 0.03857142857142857
3 0.6585714285714286 0.12714285714285714 0.09428571428571429 0.03571428571428571
3 0.6580952380952381 0.10714285714285714 0.08761904761904762 0.03428571428571429
3 0.5919047619047619 0.10607142857142857 0.07904761904761905 0.03642857142857143
3 0.560952380952381 0.08964285714285715 0.08 0.027857142857142858
3 0.5357142857142857 0.07892857142857143 0.07904761904761905 0.03357142857142857
3 0.5047619047619047 0.06642857142857143 0.07809523809523809 0.03142857142857143
3 0.48095238095238096 0.05785714285714286 0.07238095238095238 0.02857142857142857
3 0.45714285714285713 0.04928571428571429 0.05523809523809524 0.03
3 0.7557142857142857 0.09 0.07523809523809524 0.03857142857142857
3 0.8961904761904762 0.08678571428571429 0.07238095238095238 0.03642857142857143
3 0.8509523809523809 0.16464285714285715 0.09619047619047619 0.039285714285714285
3 0.8885714285714286 0.15142857142857144 0.08571428571428572 0.03857142857142857
3 0.9123809523809524 0.13714285714285715 0.09523809523809523 0.045714285714285714
3 0.9528571428571428 0.12571428571428572 0.08857142857142856 0.03571428571428571
3 0.9733333333333334 0.115 0.08571428571428572 0.037142857142857144
3 1.0504761904761906 0.085 0.07238095238095238 0.03
3 1.0442857142857143 0.07428571428571429 0.08857142857142856 0.02857142857142857
3 1.0904761904761904 0.07107142857142858 0.0761904761904762 0.02642857142857143
3 1.1138095238095238 0.06285714285714286 0.07523809523809524 0.03142857142857143
4 1.2223809523809523 0.02107142857142857 0.06761904761904762 0.02214285714285714
4 1.1928571428571428 0.032857142857142856 0.04857142857142857 0.025714285714285714
3 1.1614285714285715 0.044642857142857144 0.06 0.035
3 1.0342857142857143 0.015 0.06666666666666667 0.02857142857142857
3 0.9985714285714286 0.01607142857142857 0.06380952380952382 0.03214285714285714
4 0.9738095238095238 0.017142857142857144 0.06190476190476191 0.03571428571428571
8 0.9180952380952381 0.024642857142857143 0.11238095238095239 0.05071428571428571
3 0.9028571428571428 0.03892857142857143 0.06857142857142857 0.035
3 0.8976190476190476 0.05392857142857143 0.06190476190476191 0.03642857142857143
3 0.8742857142857143 0.05071428571428571 0.06666666666666667 0.03571428571428571
4 0.8061904761904762 0.036071428571428574 0.06952380952380953 0.03785714285714286
2 0.7409523809523809 0.05071428571428571 0.01904761904761905 0.015714285714285715
3 0.7838095238095238 0.08071428571428571 0.0761904761904762 0.04
3 0.8161904761904762 0.07357142857142857 0.07809523809523809 0.03857142857142857
1 0.7142857142857143 0.20857142857142857 0.011428571428571429 0.02142857142857143
