3 0.22904761904761906 0.5885714285714285 0.28095238095238095 0.09142857142857143
3 0.24523809523809523 0.4957142857142857 0.25047619047619046 0.08
3 1.042857142857143 0.5653571428571429 0.1619047619047619 0.18785714285714286
3 0.33 0.3625 0.19714285714285715 0.060714285714285714
3 0.38285714285714284 0.31642857142857145 0.17904761904761904 0.05714285714285714
3 0.37238095238095237 0.2735714285714286 0.18285714285714286 0.05142857142857143
3 0.44761904761904764 0.18142857142857144 0.13142857142857142 0.04428571428571428
4 0.47904761904761906 0.12142857142857143 0.11047619047619048 0.041428571428571426
4 0.2923809523809524 0.415 0.24761904761904763 0.08142857142857143
3 0.7828571428571428 0.3335714285714286 0.18666666666666668 0.055714285714285716
3 0.7761904761904762 0.29285714285714287 0.1676190476190476 0.05285714285714286
4 0.770952380952381 0.25392857142857145 0.14952380952380953 0.05357142857142857
4 0.7723809523809524 0.21821428571428572 0.12571428571428572 0.052142857142857144
3 0.7504761904761905 0.17142857142857143 0.13333333333333333 0.041428571428571426
3 0.7390476190476191 0.13107142857142856 0.1180952380952381 0.039285714285714285
3 0.7438095238095238 0.11035714285714286 0.10857142857142857 0.030714285714285715
9 0.5714285714285714 0.3142857142857143 0.024761904761904763 0.045714285714285714
3 0.839047619047619 0.10678571428571429 0.045714285714285714 0.045
3 0.99 0.07678571428571429 0.05238095238095238 0.035
3 1.0885714285714285 0.065 0.06285714285714286 0.032857142857142856
3 1.1376190476190475 0.09928571428571428 0.06761904761904762 0.03571428571428571
4 1.051904761904762 0.03571428571428571 0.04857142857142857 0.03142857142857143
3 1.0214285714285714 0.016785714285714286 0.04857142857142857 0.025
3 0.8252380952380952 0.07178571428571429 0.04285714285714286 0.03642857142857143
3 0.8080952380952381 0.04357142857142857 0.037142857142857144 0.03428571428571429
4 0.7366666666666667 0.04428571428571428 0.08285714285714285 0.03142857142857143
3 0.7309523809523809 0.03321428571428572 0.08476190476190476 0.025
3 0.7304761904761905 0.020714285714285713 0.06857142857142857 0.022857142857142857
3 0.7295238095238096 0.005357142857142857 0.07047619047619047 0.012142857142857143
2 0.4976190476190476 0.05607142857142857 0.035238095238095235 0.017857142857142856
2 0.6204761904761905 0.07535714285714286 0.014285714285714285 0.020714285714285713
1 0.6190476190476191 0.0675 0.013333333333333332 0.02642857142857143
1 1.108095238095238 0.11857142857142858 0.014285714285714285 0.02857142857142857
1 1.0485714285714285 0.06714285714285714 0.013333333333333332 0.025714285714285714
2 1.1042857142857143 0.12392857142857143 0.018095238095238095 0.027857142857142858
2 1.0466666666666666 0.07428571428571429 0.013333333333333332 0.02
2 0.4471428571428571 0.1425 0.04857142857142857 0.023571428571428573
2 0.48523809523809525 0.13892857142857143 0.04285714285714286 0.02214285714285714
1 0.42428571428571427 0.15785714285714286 0.014285714285714285 0.03
9 0.4247619047619048 0.15821428571428572 0.05142857142857143 0.02214285714285714
4 0.8 0.3796428571428571 0.21523809523809523 0.07785714285714286
1 0.5714285714285714 0.3025 0.024761904761904763 0.029285714285714286
4 1.1828571428571428 0.12892857142857142 0.07428571428571429 0.052142857142857144
3 0.49666666666666665 0.08821428571428572 0.09619047619047619 0.03357142857142857
2 0.8285714285714286 0.5028571428571429 0.06095238095238095 0.04428571428571428
3 0.5680952380952381 0.010714285714285714 0.07714285714285714 0.022857142857142857
