9 0.737 0.5625 0.05533333333333333 0.111
2 0.6413333333333333 0.49425 0.042666666666666665 0.0825
9 0.6913333333333334 0.49625 0.052 0.08650000000000001
9 0.23066666666666666 0.514 0.09333333333333332 0.079
9 0.251 0.47750000000000004 0.09933333333333333 0.077
2 0.251 0.43925000000000003 0.10066666666666667 0.0625
9 0.323 0.4015 0.05933333333333333 0.076
9 0.2786666666666667 0.39775 0.058666666666666666 0.0735
9 0.366 0.3335 0.07066666666666667 0.069
9 0.3993333333333333 0.3335 0.058666666666666666 0.07200000000000001
9 0.42733333333333334 0.342 0.05333333333333333 0.07
9 0.45 0.2165 0.036 0.062
1 0.328 0.5135 0.06266666666666666 0.05
9 0.33899999999999997 0.52125 0.09133333333333334 0.0955
4 0.47633333333333333 0.40375 0.22066666666666665 0.2275
9 0.64 0.34725 0.06133333333333333 0.0745
9 0.6816666666666666 0.426 0.057999999999999996 0.08600000000000001
9 0.6633333333333333 0.37675000000000003 0.07866666666666666 0.0695
2 0.725 0.31275000000000003 0.03933333333333333 0.0745
9 0.7516666666666666 0.3195 0.057999999999999996 0.066
9 0.8403333333333333 0.3275 0.049999999999999996 0.074
9 0.8616666666666667 0.34825 0.054 0.0615
2 0.7996666666666666 0.354 0.046 0.062
6 0.7936666666666666 0.43975000000000003 0.11266666666666666 0.14350000000000002
