3 0.7601522842639593 0.39321428571428574 0.11421319796954314 0.075
3 0.47715736040609136 0.32535714285714284 0.08883248730964466 0.056428571428571425
3 0.3902284263959391 0.1742857142857143 0.05456852791878172 0.03571428571428571
3 0.2963197969543147 0.42892857142857144 0.10786802030456852 0.04357142857142857
3 0.22017766497461927 0.04928571428571429 0.03934010152284264 0.02
3 0.5399746192893401 0.14392857142857143 0.06472081218274112 0.03785714285714286
3 0.4428934010152284 0.12428571428571429 0.055837563451776644 0.03142857142857143
3 0.3635786802030457 0.05142857142857143 0.04695431472081218 0.027142857142857142
3 0.36040609137055835 0.026785714285714284 0.035532994923857864 0.019285714285714285
3 0.690989847715736 0.165 0.049492385786802026 0.025714285714285714
8 0.7950507614213197 0.15464285714285714 0.07233502538071065 0.06357142857142857
8 0.7315989847715736 0.1425 0.06725888324873096 0.04928571428571429
8 0.7233502538071065 0.10535714285714286 0.07614213197969542 0.05071428571428571
8 0.6725888324873096 0.10678571428571429 0.07106598984771573 0.04928571428571429
8 0.6687817258883249 0.0725 0.07360406091370558 0.03785714285714286
8 0.6218274111675126 0.0725 0.07106598984771573 0.045
8 0.5520304568527918 0.06107142857142857 0.055837563451776644 0.035
8 0.5717005076142132 0.048928571428571425 0.06218274111675126 0.04357142857142857
8 0.5348984771573604 0.025714285714285714 0.04187817258883248 0.03142857142857143
8 0.4949238578680203 0.025 0.04568527918781726 0.02857142857142857
3 0.16878172588832485 0.07464285714285715 0.025380710659898477 0.013571428571428571
3 0.17766497461928932 0.08821428571428572 0.027918781725888322 0.016428571428571428
3 0.18654822335025378 0.10285714285714286 0.027918781725888322 0.014285714285714285
3 0.19543147208121825 0.11857142857142858 0.025380710659898477 0.015714285714285715
3 0.20685279187817257 0.135 0.027918781725888322 0.015714285714285715
3 0.22081218274111675 0.15357142857142858 0.03045685279187817 0.015714285714285715
4 0.47144670050761417 0.031785714285714285 0.049492385786802026 0.025
3 0.5196700507614213 0.04428571428571428 0.029187817258883246 0.017142857142857144
3 0.6719543147208121 0.18392857142857144 0.04187817258883248 0.027857142857142858
