9 1.1876666666666666 0.35675 0.033999999999999996 0.0225
9 1.1963333333333332 0.35275 0.02333333333333333 0.0235
3 0.506 0.721 0.104 0.057
3 0.759 0.664 0.146 0.165
3 0.49466666666666664 0.5775 0.08533333333333333 0.11800000000000001
3 0.9986666666666666 0.5535 0.11866666666666666 0.083
3 0.9369999999999999 0.48025 0.106 0.0675
4 0.8416666666666667 0.39775 0.05266666666666667 0.0485
3 0.8043333333333333 0.36225 0.06333333333333332 0.035500000000000004
4 0.7123333333333333 0.39725 0.057999999999999996 0.0485
3 0.7503333333333333 0.33925 0.04066666666666666 0.0275
3 0.7416666666666667 0.3065 0.043333333333333335 0.027
3 0.7683333333333333 0.28475 0.066 0.0225
3 0.7373333333333333 0.27675 0.06266666666666666 0.0235
3 0.6893333333333334 0.26325 0.029333333333333333 0.0185
3 0.6583333333333333 0.2285 0.016666666666666666 0.013000000000000001
3 0.658 0.221 0.02 0.012
3 0.658 0.21275 0.014666666666666666 0.0105
3 0.654 0.20825 0.014666666666666666 0.0115
3 0.6513333333333333 0.20400000000000001 0.014666666666666666 0.009000000000000001
3 0.6513333333333333 0.1955 0.013333333333333332 0.01
3 0.6523333333333333 0.192 0.012666666666666666 0.008
3 0.6516666666666666 0.18775 0.011333333333333332 0.006500000000000001
3 0.6456666666666666 0.182 0.011333333333333332 0.007
3 0.639 0.1805 0.014 0.007
3 0.504 0.47375 0.07066666666666667 0.0805
3 0.5126666666666666 0.40375 0.056 0.0545
3 0.5113333333333333 0.36275 0.04533333333333333 0.0415
3 0.6406666666666666 0.376 0.05333333333333333 0.054
3 0.623 0.33725 0.04066666666666666 0.0345
3 0.6083333333333333 0.31025 0.035333333333333335 0.0285
4 0.5226666666666666 0.3005 0.029333333333333333 0.034
3 0.488 0.27375 0.06533333333333333 0.0175
3 0.489 0.267 0.05266666666666667 0.018000000000000002
3 0.5906666666666667 0.26625 0.026666666666666665 0.0235
3 0.5833333333333333 0.25525000000000003 0.025333333333333333 0.0185
3 0.524 0.2485 0.022666666666666665 0.017
3 0.5286666666666666 0.23925000000000002 0.022666666666666665 0.0165
3 0.5353333333333333 0.22725 0.02 0.0135
3 0.5456666666666666 0.22 0.018 0.012
3 0.5483333333333333 0.214 0.016666666666666666 0.011
3 0.5283333333333333 0.2025 0.03 0.008
3 0.597 0.23800000000000002 0.022 0.014
3 0.585 0.23025 0.019333333333333334 0.0135
3 0.6106666666666667 0.23075 0.02 0.0125
3 0.612 0.218 0.016 0.011
3 0.5539999999999999 0.21 0.014666666666666666 0.011
3 0.5593333333333333 0.20475000000000002 0.016 0.0095
3 0.5493333333333333 0.19025 0.026666666666666665 0.0075
3 0.5636666666666666 0.19725 0.014 0.0105
3 0.5696666666666667 0.19425 0.011333333333333332 0.0085
3 0.5756666666666667 0.18675 0.011333333333333332 0.0075
3 0.5793333333333334 0.18275 0.009333333333333332 0.006500000000000001
3 0.62 0.1955 0.012 0.008
3 0.6196666666666667 0.192 0.012666666666666666 0.007
3 0.6213333333333333 0.188 0.012 0.007
4 0.6173333333333333 0.181 0.013333333333333332 0.008
3 0.6076666666666667 0.18075 0.011333333333333332 0.006500000000000001
3 0.616 0.1765 0.014666666666666666 0.007
4 0.5976666666666667 0.17350000000000002 0.012666666666666666 0.008
9 0.5873333333333333 0.176 0.004 0.005
1 0.5873333333333333 0.17450000000000002 0.0026666666666666666 0.005
3 0.5873333333333333 0.17300000000000001 0.009333333333333332 0.005
