3 0.446 0.34225 0.08666666666666667 0.0235
3 0.6623333333333333 0.35425 0.08333333333333333 0.0235
3 0.772 0.35150000000000003 0.08266666666666667 0.023
3 0.883 0.35325 0.08733333333333333 0.0235
3 1.1836666666666666 0.3545 0.09266666666666666 0.024
3 0.857 0.44275000000000003 0.08333333333333333 0.0235
3 0.9553333333333333 0.44075000000000003 0.08266666666666667 0.0235
3 1.0706666666666667 0.4425 0.08933333333333333 0.025
3 1.166 0.44675000000000004 0.08 0.0235
3 0.7466666666666666 0.44375000000000003 0.08 0.0245
3 0.6973333333333334 0.39475 0.08266666666666667 0.0235
3 0.6406666666666666 0.43975000000000003 0.08266666666666667 0.0285
3 0.3466666666666667 0.4395 0.08533333333333333 0.029
3 0.24566666666666667 0.43975000000000003 0.09 0.0375
3 0.13999999999999999 0.4415 0.092 0.027
3 0.079 0.34775 0.08333333333333333 0.0235
3 0.18566666666666667 0.35025 0.08333333333333333 0.025500000000000002
3 0.19733333333333333 0.3145 0.07733333333333334 0.03
3 0.9349999999999999 0.20650000000000002 0.03933333333333333 0.067
4 0.608 0.09625 0.06666666666666667 0.051500000000000004
4 0.16933333333333334 0.397 0.096 0.027
4 0.5296666666666666 0.44475000000000003 0.07933333333333333 0.0325
4 0.4353333333333333 0.44325000000000003 0.06799999999999999 0.0235
3 1.287 0.3525 0.07666666666666666 0.023
4 1.072 0.35150000000000003 0.06933333333333333 0.022
4 0.9856666666666666 0.35175 0.07666666666666666 0.0235
3 0.036 0.44325000000000003 0.07333333333333333 0.025500000000000002
