3 0.7371428571428571 0.08142857142857143 0.0038095238095238095 0.002857142857142857
3 0.7414285714285714 0.08571428571428572 0.004761904761904762 0.002857142857142857
3 0.6914285714285714 0.12392857142857143 0.007619047619047619 0.0035714285714285713
3 0.6757142857142857 0.08142857142857143 0.004761904761904762 0.002857142857142857
5 0.6466666666666666 0.10821428571428571 0.005714285714285714 0.0064285714285714285
5 0.6985714285714286 0.06357142857142857 0.010476190476190476 0.01
5 0.7476190476190476 0.07857142857142857 0.007619047619047619 0.007142857142857143
5 0.729047619047619 0.09285714285714286 0.006666666666666666 0.007142857142857143
3 0.679047619047619 0.13357142857142856 0.007619047619047619 0.005714285714285714
3 1.1928571428571428 0.48392857142857143 0.05619047619047619 0.03357142857142857
3 1.286190476190476 0.49964285714285717 0.06761904761904762 0.025
4 1.1485714285714286 0.5235714285714286 0.06476190476190476 0.024285714285714285
3 1.1128571428571428 0.5003571428571428 0.058095238095238096 0.023571428571428573
4 0.9771428571428571 0.3875 0.026666666666666665 0.023571428571428573
3 0.9942857142857143 0.4017857142857143 0.030476190476190476 0.02214285714285714
3 1.0833333333333333 0.4742857142857143 0.06 0.022857142857142857
3 1.2228571428571429 0.5882142857142857 0.05714285714285714 0.04357142857142857
3 0.012380952380952381 0.43392857142857144 0.026666666666666665 0.029285714285714286
3 0.040952380952380955 0.4064285714285714 0.04380952380952381 0.03142857142857143
3 0.18523809523809523 0.25142857142857145 0.018095238095238095 0.017142857142857144
3 0.16904761904761906 0.26142857142857145 0.023809523809523808 0.017142857142857144
4 0.30428571428571427 0.2025 0.021904761904761906 0.010714285714285714
3 0.15095238095238095 0.27785714285714286 0.021904761904761906 0.017142857142857144
3 0.5580952380952381 0.2382142857142857 0.013333333333333332 0.015
3 0.2695238095238095 0.21464285714285714 0.024761904761904763 0.010714285714285714
5 0.5528571428571428 0.32142857142857145 0.029523809523809525 0.054285714285714284
4 0.7514285714285714 0.18392857142857144 0.01904761904761905 0.009285714285714286
3 0.7952380952380952 0.2357142857142857 0.015238095238095238 0.011428571428571429
3 0.810952380952381 0.23535714285714285 0.014285714285714285 0.010714285714285714
2 0.49952380952380954 0.7203571428571428 0.010476190476190476 0.023571428571428573
1 0.4980952380952381 0.7160714285714286 0.013333333333333332 0.015
