3 1.0837563451776648 0.4475 0.09390862944162436 0.027857142857142858
3 1.046954314720812 0.29214285714285715 0.07868020304568528 0.018571428571428572
3 1.029187817258883 0.23285714285714285 0.07868020304568528 0.018571428571428572
3 1.0190355329949239 0.13857142857142857 0.07106598984771573 0.017142857142857144
3 1.015228426395939 0.11928571428571429 0.07106598984771573 0.017142857142857144
3 1.0044416243654821 0.10178571428571428 0.07233502538071065 0.017857142857142856
3 0.9942893401015228 0.06321428571428571 0.06725888324873096 0.017857142857142856
3 0.9365482233502538 0.16964285714285715 0.032994923857868015 0.030714285714285715
3 0.774746192893401 0.21892857142857142 0.03934010152284264 0.03642857142857143
3 0.6649746192893401 0.19857142857142857 0.027918781725888322 0.03142857142857143
3 0.6529187817258882 0.235 0.029187817258883246 0.04
3 0.6472081218274112 0.2817857142857143 0.032994923857868015 0.04071428571428572
3 0.6383248730964467 0.33 0.035532994923857864 0.041428571428571426
3 0.6338832487309645 0.37892857142857145 0.03934010152284264 0.047857142857142855
3 0.6218274111675126 0.43714285714285717 0.04568527918781726 0.05285714285714286
3 0.6085025380710659 0.505 0.04441624365482233 0.054285714285714284
3 0.6700507614213197 0.1632142857142857 0.032994923857868015 0.03214285714285714
3 0.6802030456852791 0.12928571428571428 0.027918781725888322 0.025714285714285714
3 0.6782994923857868 0.09678571428571428 0.024111675126903553 0.027857142857142858
3 0.6973350253807106 0.015357142857142857 0.024111675126903553 0.023571428571428573
4 0.6897208121827411 0.03785714285714286 0.026649746192893398 0.025714285714285714
5 0.6840101522842639 0.0625 0.03045685279187817 0.04071428571428572
4 1.199238578680203 0.04357142857142857 0.025380710659898477 0.025714285714285714
3 1.2246192893401013 0.10357142857142858 0.032994923857868015 0.03
3 1.2525380710659897 0.16785714285714284 0.06598984771573603 0.03
3 1.2011421319796953 0.19964285714285715 0.03426395939086294 0.035
3 1.1364213197969542 0.18821428571428572 0.06472081218274112 0.017857142857142856
3 1.1192893401015227 0.1667857142857143 0.07106598984771573 0.020714285714285713
3 1.1275380710659897 0.15142857142857144 0.05964467005076142 0.015714285714285715
3 1.1173857868020303 0.13392857142857142 0.06725888324873096 0.020714285714285713
3 1.1135786802030456 0.12107142857142857 0.06472081218274112 0.017857142857142856
3 1.1053299492385786 0.105 0.06091370558375634 0.015714285714285715
3 1.1059644670050761 0.09107142857142857 0.05964467005076142 0.016428571428571428
3 1.0939086294416243 0.08107142857142857 0.05837563451776649 0.017857142857142856
4 1.0964467005076142 0.06857142857142857 0.05837563451776649 0.017142857142857144
5 1.0856598984771573 0.053214285714285714 0.07994923857868019 0.025
3 1.0761421319796953 0.0325 0.06852791878172589 0.016428571428571428
3 1.0653553299492384 0.0225 0.06218274111675126 0.015
3 0.9898477157360406 0.016428571428571428 0.05837563451776649 0.018571428571428572
3 0.982233502538071 0.004642857142857143 0.06598984771573603 0.010714285714285714
3 1.0241116751269035 0.17464285714285716 0.07106598984771573 0.017857142857142856
4 1.0279187817258884 0.19 0.06091370558375634 0.02142857142857143
4 1.4200507614213196 0.3575 0.11421319796954314 0.03214285714285714
3 0.2449238578680203 0.45821428571428574 0.10152284263959391 0.023571428571428573
3 0.258248730964467 0.4332142857142857 0.10786802030456852 0.023571428571428573
9 0.6744923857868019 0.34964285714285714 0.019035532994923856 0.016428571428571428
9 1.1840101522842639 0.004285714285714286 0.02030456852791878 0.01
