3 0.86 0.3817857142857143 0.0419047619047619 0.05071428571428571
3 0.7019047619047619 0.38357142857142856 0.0380952380952381 0.055714285714285716
3 0.7952380952380952 0.2935714285714286 0.03428571428571429 0.045714285714285714
3 1.1376190476190475 0.6760714285714285 0.09428571428571429 0.11071428571428571
3 0.6057142857142858 0.6139285714285714 0.09333333333333334 0.09785714285714285
3 0.7085714285714285 0.19535714285714287 0.024761904761904763 0.029285714285714286
3 0.7066666666666667 0.15678571428571428 0.02095238095238095 0.027857142857142858
3 0.98 0.25285714285714284 0.04 0.03571428571428571
3 0.8938095238095238 0.12607142857142858 0.023809523809523808 0.020714285714285713
3 0.8519047619047619 0.0625 0.021904761904761906 0.017857142857142856
3 0.71 0.10178571428571428 0.01619047619047619 0.019285714285714285
3 0.7123809523809523 0.07535714285714286 0.01904761904761905 0.019285714285714285
3 0.7142857142857143 0.05357142857142857 0.024761904761904763 0.018571428571428572
3 0.7566666666666667 0.09392857142857143 0.018095238095238095 0.025
3 0.7590476190476191 0.038214285714285715 0.02095238095238095 0.019285714285714285
9 1.1023809523809525 0.2957142857142857 0.023809523809523808 0.02857142857142857
1 1.1047619047619048 0.2882142857142857 0.01904761904761905 0.023571428571428573
3 0.7019047619047619 0.2717857142857143 0.03428571428571429 0.039285714285714285
