4 0.6326142131979695 0.5478571428571428 0.05456852791878172 0.027142857142857142
3 0.8210659898477157 0.4875 0.04568527918781726 0.03357142857142857
3 0.6338832487309645 0.4835714285714286 0.04441624365482233 0.025714285714285714
9 0.766497461928934 0.4228571428571429 0.017766497461928932 0.014285714285714285
1 0.7645939086294415 0.42178571428571426 0.016497461928934008 0.013571428571428571
9 0.9168781725888324 0.435 0.016497461928934008 0.015714285714285715
1 0.9162436548223349 0.43107142857142855 0.015228426395939085 0.013571428571428571
3 0.9092639593908629 0.3960714285714286 0.03426395939086294 0.023571428571428573
3 0.8565989847715736 0.3414285714285714 0.03045685279187817 0.017142857142857144
3 1.024746192893401 0.31285714285714283 0.029187817258883246 0.022857142857142857
3 1.0203045685279186 0.27964285714285714 0.025380710659898477 0.019285714285714285
3 0.9352791878172588 0.2710714285714286 0.025380710659898477 0.015
3 0.9790609137055837 0.23035714285714284 0.024111675126903553 0.013571428571428571
3 0.9777918781725887 0.21535714285714286 0.021573604060913704 0.012142857142857143
8 1.0939086294416243 0.23214285714285715 0.027918781725888322 0.022857142857142857
3 1.1357868020304567 0.16285714285714287 0.017766497461928932 0.01
5 1.163705583756345 0.15392857142857141 0.02284263959390863 0.019285714285714285
3 1.156725888324873 0.14464285714285716 0.013959390862944161 0.009285714285714286
3 1.1694162436548223 0.12714285714285714 0.013959390862944161 0.008571428571428572
3 1.1960659898477157 0.11785714285714285 0.013959390862944161 0.008571428571428572
3 1.2024111675126903 0.10678571428571429 0.013959390862944161 0.007857142857142858
3 1.1789340101522843 0.11464285714285714 0.012690355329949238 0.007857142857142858
3 1.1833756345177664 0.10714285714285714 0.013959390862944161 0.007142857142857143
3 1.1085025380710658 0.10785714285714286 0.011421319796954314 0.007142857142857143
3 1.199238578680203 0.07678571428571429 0.012690355329949238 0.007857142857142858
