3 0.8356666666666667 0.64325 0.08866666666666666 0.0835
3 0.7733333333333333 0.56075 0.07466666666666666 0.0745
3 0.9896666666666666 0.601 0.10066666666666667 0.073
3 0.9209999999999999 0.53075 0.08333333333333333 0.0565
3 1.192 0.47850000000000004 0.08933333333333333 0.07
6 1.2673333333333332 0.53425 0.048 0.025500000000000002
3 1.302 0.454 0.06133333333333333 0.031
3 0.6473333333333333 0.429 0.076 0.041
3 0.62 0.3825 0.06666666666666667 0.038
3 0.6093333333333333 0.33625 0.04533333333333333 0.0375
3 0.688 0.3185 0.044 0.028
3 0.6653333333333333 0.29475 0.04666666666666666 0.0265
3 0.5776666666666667 0.30725 0.038 0.0305
3 0.4583333333333333 0.32075 0.038 0.0285
3 0.54 0.2645 0.032 0.025
3 0.5206666666666666 0.24375 0.029333333333333333 0.0225
3 0.501 0.23125 0.028666666666666667 0.0205
3 0.483 0.21675 0.02733333333333333 0.0185
3 0.5923333333333333 0.23825000000000002 0.033999999999999996 0.0195
3 0.5706666666666667 0.22275 0.03333333333333333 0.0185
3 0.5206666666666666 0.17675 0.032 0.0145
4 0.5426666666666666 0.11875000000000001 0.03733333333333333 0.0125
3 0.49166666666666664 0.11725000000000001 0.03 0.0105
3 0.46499999999999997 0.12075 0.03266666666666666 0.0105
4 0.43766666666666665 0.1125 0.035333333333333335 0.013000000000000001
4 0.3963333333333333 0.111 0.03266666666666666 0.012
3 0.26366666666666666 0.07925 0.012666666666666666 0.0085
3 0.23533333333333334 0.10325000000000001 0.018666666666666665 0.0125
3 0.20433333333333334 0.11850000000000001 0.03133333333333333 0.011
3 0.15 0.126 0.032 0.014
3 1.261 0.17250000000000001 0.026 0.014
3 1.316 0.21675 0.03333333333333333 0.0195
3 0.257 0.07125000000000001 0.011333333333333332 0.0075
3 0.26 0.07575 0.010666666666666666 0.0075
