5 0.9885786802030456 0.3807142857142857 0.09898477157360405 0.09571428571428571
5 1.4651015228426394 0.33535714285714285 0.22715736040609136 0.1707142857142857
5 0.8769035532994923 0.16107142857142856 0.06852791878172589 0.06642857142857143
5 0.10215736040609136 0.22142857142857142 0.09771573604060912 0.03571428571428571
9 0.9708121827411167 0.08321428571428571 0.02030456852791878 0.017857142857142856
3 0.9765228426395939 0.1875 0.052030456852791875 0.03642857142857143
3 1.0894670050761421 0.22214285714285714 0.05964467005076142 0.04428571428571428
3 1.2868020304568526 0.17607142857142857 0.06598984771573603 0.04214285714285714
3 1.4118020304568526 0.2025 0.0748730964467005 0.05071428571428571
3 1.2461928934010151 0.25214285714285717 0.07360406091370558 0.06428571428571428
3 1.012690355329949 0.03571428571428571 0.04060913705583756 0.025714285714285714
3 0.09644670050761421 0.24678571428571427 0.08883248730964466 0.023571428571428573
3 0.20748730964467005 0.21964285714285714 0.08756345177664974 0.02642857142857143
2 0.3711928934010152 0.4614285714285714 0.026649746192893398 0.02
4 0.3775380710659898 0.3107142857142857 0.06979695431472081 0.05142857142857143
3 0.572969543147208 0.09392857142857143 0.03680203045685279 0.020714285714285713
3 0.6230964467005076 0.035 0.025380710659898477 0.015714285714285715
8 0.5044416243654822 0.07857142857142857 0.07741116751269035 0.05
8 0.5653553299492385 0.024285714285714285 0.05964467005076142 0.041428571428571426
3 0.6116751269035533 0.011428571428571429 0.04314720812182741 0.012857142857142857
3 0.4232233502538071 0.0325 0.026649746192893398 0.013571428571428571
3 0.5450507614213198 0.011785714285714287 0.03426395939086294 0.010714285714285714
