1 0.9093333333333333 0.03125 0.006666666666666666 0.0105
2 0.9096666666666666 0.0345 0.004666666666666666 0.009000000000000001
3 0.9296666666666666 0.0455 0.015333333333333332 0.015
3 0.9276666666666666 0.010750000000000001 0.016666666666666666 0.0175
3 0.9339999999999999 0.07375 0.021333333333333333 0.0185
4 0.9366666666666666 0.11325 0.022666666666666665 0.0245
3 0.9386666666666666 0.1355 0.024 0.022
4 0.967 0.29025 0.03666666666666667 0.0405
4 0.978 0.3835 0.036 0.052000000000000005
1 0.9386666666666666 0.558 0.013333333333333332 0.017
9 0.941 0.5660000000000001 0.014 0.025
8 1.0046666666666666 0.64875 0.092 0.2015
3 0.7786666666666666 0.462 0.04133333333333333 0.063
3 0.21066666666666667 0.6765 0.08 0.052000000000000005
3 0.33266666666666667 0.531 0.07066666666666667 0.067
4 0.388 0.4665 0.07333333333333333 0.067
3 0.4363333333333333 0.40650000000000003 0.05266666666666667 0.047
3 0.613 0.42325 0.049999999999999996 0.0585
3 0.5036666666666666 0.32475 0.041999999999999996 0.0395
3 0.5363333333333333 0.26775 0.033999999999999996 0.0315
3 0.6746666666666666 0.23825000000000002 0.03333333333333333 0.035500000000000004
3 0.734 0.21125 0.029333333333333333 0.0335
3 0.8223333333333334 0.165 0.03 0.029
3 0.716 0.16725 0.022666666666666665 0.0275
4 0.6176666666666667 0.14150000000000001 0.03266666666666666 0.029
1 0.6483333333333333 0.14025 0.008666666666666666 0.0125
2 0.649 0.14425 0.008666666666666666 0.0125
2 0.6203333333333333 0.10175000000000001 0.019333333333333334 0.0095
3 0.6656666666666666 0.06975 0.019333333333333334 0.0205
3 0.6779999999999999 0.051250000000000004 0.02 0.0185
3 0.6973333333333334 0.025750000000000002 0.008 0.0135
3 0.6263333333333333 0.043750000000000004 0.03133333333333333 0.0145
3 0.6386666666666666 0.02 0.018666666666666665 0.016
3 0.618 0.0175 0.016 0.017
