3 0.5653553299492385 0.5178571428571429 0.04187817258883248 0.03
3 0.6015228426395939 0.4810714285714286 0.04314720812182741 0.03214285714285714
3 0.5774111675126903 0.46464285714285714 0.04060913705583756 0.029285714285714286
3 0.640228426395939 0.4407142857142857 0.04441624365482233 0.03142857142857143
3 0.7480964467005076 0.43142857142857144 0.031725888324873094 0.03
3 0.6706852791878172 0.40535714285714286 0.03680203045685279 0.027857142857142858
3 0.7677664974619288 0.3985714285714286 0.03045685279187817 0.02857142857142857
3 0.6967005076142131 0.3364285714285714 0.032994923857868015 0.025714285714285714
3 0.7988578680203045 0.33464285714285713 0.029187817258883246 0.02642857142857143
3 0.8071065989847716 0.30357142857142855 0.02284263959390863 0.022857142857142857
8 0.7296954314720812 0.2835714285714286 0.035532994923857864 0.027142857142857142
3 0.824238578680203 0.2839285714285714 0.03680203045685279 0.02642857142857143
3 0.8445431472081217 0.17142857142857143 0.024111675126903553 0.024285714285714285
3 0.78997461928934 0.1392857142857143 0.026649746192893398 0.02142857142857143
3 0.47335025380710655 0.0275 0.035532994923857864 0.010714285714285714
3 0.42512690355329946 0.023214285714285715 0.03807106598984771 0.012142857142857143
3 0.35850253807106597 0.0175 0.03426395939086294 0.010714285714285714
3 0.31408629441624364 0.012857142857142857 0.04187817258883248 0.012857142857142857
3 0.21002538071065988 0.004642857142857143 0.04441624365482233 0.010714285714285714
3 0.16053299492385786 0.002142857142857143 0.04187817258883248 0.005714285714285714
3 0.11675126903553298 0.4332142857142857 0.04060913705583756 0.023571428571428573
3 0.029187817258883246 0.48964285714285716 0.04314720812182741 0.025
3 0.1465736040609137 0.41035714285714286 0.04187817258883248 0.025
