5 0.2580952380952381 0.215 0.047619047619047616 0.02857142857142857
3 0.23904761904761904 0.23035714285714284 0.03428571428571429 0.017857142857142856
4 0.2795238095238095 0.24071428571428571 0.03142857142857143 0.015714285714285715
4 0.36904761904761907 0.27464285714285713 0.03142857142857143 0.019285714285714285
3 0.6023809523809524 0.2714285714285714 0.037142857142857144 0.017142857142857144
3 0.7452380952380953 0.24785714285714286 0.01619047619047619 0.027142857142857142
3 0.7352380952380952 0.30607142857142855 0.017142857142857144 0.027857142857142858
3 0.669047619047619 0.33464285714285713 0.03333333333333333 0.013571428571428571
3 0.589047619047619 0.44785714285714284 0.025714285714285714 0.03
9 0.72 0.3475 0.007619047619047619 0.013571428571428571
9 0.7080952380952381 0.3717857142857143 0.004761904761904762 0.009285714285714286
9 0.7195238095238096 0.3846428571428571 0.006666666666666666 0.010714285714285714
8 0.7523809523809524 0.4135714285714286 0.024761904761904763 0.07285714285714286
5 0.7561904761904762 0.5425 0.01904761904761905 0.039285714285714285
8 0.919047619047619 0.6453571428571429 0.02857142857142857 0.06928571428571428
9 0.7333333333333333 0.6332142857142857 0.007619047619047619 0.012142857142857143
3 0.4504761904761905 0.65 0.03619047619047619 0.014285714285714285
3 0.4504761904761905 0.6678571428571428 0.04 0.017142857142857144
5 0.7409523809523809 0.1225 0.01904761904761905 0.03785714285714286
5 0.7266666666666667 0.020714285714285713 0.022857142857142857 0.04285714285714286
5 1.016190476190476 0.018571428571428572 0.024761904761904763 0.03857142857142857
3 0.8947619047619048 0.1075 0.018095238095238095 0.029285714285714286
3 1.05 0.12285714285714286 0.018095238095238095 0.027142857142857142
3 0.9038095238095238 0.18035714285714285 0.01904761904761905 0.02642857142857143
4 0.8923809523809524 0.27071428571428574 0.017142857142857144 0.02857142857142857
9 0.9380952380952381 0.4760714285714286 0.007619047619047619 0.013571428571428571
5 1.01 0.6178571428571429 0.02 0.032857142857142856
4 1.0304761904761905 0.3867857142857143 0.01904761904761905 0.029285714285714286
