3 0.2219047619047619 0.2575 0.08190476190476191 0.10642857142857143
3 0.47095238095238096 0.17714285714285713 0.06761904761904762 0.09428571428571429
3 0.7652380952380953 0.6121428571428571 0.16476190476190475 0.05714285714285714
3 0.7614285714285715 0.35642857142857143 0.1457142857142857 0.04857142857142857
3 0.7619047619047619 0.30392857142857144 0.1523809523809524 0.04928571428571429
4 0.7595238095238095 0.24571428571428572 0.15333333333333332 0.055714285714285716
4 0.7538095238095238 0.47464285714285714 0.13428571428571429 0.04928571428571429
3 0.7695238095238095 0.7321428571428571 0.1657142857142857 0.03428571428571429
3 0.76 0.4139285714285714 0.14285714285714285 0.055
3 0.6166666666666667 0.35285714285714287 0.07142857142857142 0.11571428571428571
3 0.6485714285714286 0.12571428571428572 0.05904761904761905 0.09571428571428571
3 0.27714285714285714 0.029642857142857144 0.07047619047619047 0.060714285714285714
3 1.129047619047619 0.5735714285714286 0.16285714285714287 0.054285714285714284
3 1.1266666666666667 0.3842857142857143 0.1676190476190476 0.05
3 1.090952380952381 0.32392857142857145 0.15142857142857144 0.04928571428571429
3 1.1047619047619048 0.2689285714285714 0.14285714285714285 0.04928571428571429
3 1.069047619047619 0.11178571428571428 0.1380952380952381 0.04928571428571429
3 1.0961904761904762 0.16357142857142856 0.14095238095238094 0.05
3 1.1014285714285714 0.21714285714285714 0.15904761904761905 0.05714285714285714
9 1.1790476190476191 0.635 0.06666666666666667 0.03
2 0.7538095238095238 0.16142857142857142 0.039047619047619046 0.025714285714285714
9 1.1942857142857144 0.011785714285714287 0.0419047619047619 0.02214285714285714
1 0.5757142857142857 0.05035714285714286 0.023809523809523808 0.023571428571428573
9 0.5738095238095238 0.054285714285714284 0.021904761904761906 0.04
6 0.06380952380952382 0.5335714285714286 0.0380952380952381 0.05
