3 0.5552380952380952 0.30714285714285716 0.013333333333333332 0.01
5 0.5614285714285714 0.37214285714285716 0.040952380952380955 0.03428571428571429
3 0.8566666666666667 0.4928571428571429 0.06380952380952382 0.03428571428571429
3 0.6747619047619048 0.4382142857142857 0.03333333333333333 0.020714285714285713
3 0.7947619047619048 0.41535714285714287 0.04857142857142857 0.025
3 0.8376190476190476 0.41285714285714287 0.04285714285714286 0.022857142857142857
3 0.8142857142857143 0.3917857142857143 0.04380952380952381 0.020714285714285713
3 0.6361904761904762 0.3792857142857143 0.030476190476190476 0.017142857142857144
3 0.6261904761904762 0.35428571428571426 0.023809523809523808 0.015714285714285715
3 0.6066666666666667 0.31392857142857145 0.015238095238095238 0.009285714285714286
3 0.680952380952381 0.29928571428571427 0.015238095238095238 0.008571428571428572
3 0.6142857142857143 0.3264285714285714 0.017142857142857144 0.01
3 0.6161904761904762 0.335 0.02095238095238095 0.014285714285714285
3 0.6257142857142857 0.34214285714285714 0.024761904761904763 0.014285714285714285
5 0.7142857142857143 0.3192857142857143 0.026666666666666665 0.017142857142857144
3 0.7638095238095238 0.3442857142857143 0.030476190476190476 0.012857142857142857
3 0.7961904761904762 0.34535714285714286 0.024761904761904763 0.012142857142857143
3 0.741904761904762 0.3414285714285714 0.030476190476190476 0.012857142857142857
3 0.7285714285714285 0.3339285714285714 0.02857142857142857 0.009285714285714286
3 0.8261904761904761 0.3717857142857143 0.04857142857142857 0.016428571428571428
3 0.8771428571428571 0.3657142857142857 0.05904761904761905 0.015714285714285715
3 0.8261904761904761 0.3439285714285714 0.029523809523809525 0.015
3 0.8595238095238095 0.34535714285714286 0.025714285714285714 0.013571428571428571
3 0.8904761904761904 0.3432142857142857 0.026666666666666665 0.015
3 0.9385714285714286 0.3610714285714286 0.054285714285714284 0.015
3 1.2314285714285713 0.4307142857142857 0.05714285714285714 0.02857142857142857
3 1.2814285714285714 0.43285714285714283 0.037142857142857144 0.03
