3 0.02982233502538071 0.43892857142857145 0.06218274111675126 0.03357142857142857
3 0.14022842639593908 0.55 0.13071065989847716 0.022857142857142857
3 0.37499999999999994 0.5232142857142857 0.11548223350253806 0.03214285714285714
8 0.5488578680203046 0.4175 0.09010152284263959 0.09357142857142857
3 0.840736040609137 0.39964285714285713 0.03426395939086294 0.027857142857142858
3 0.6719543147208121 0.29892857142857143 0.026649746192893398 0.015
3 0.7728426395939085 0.3125 0.025380710659898477 0.015
8 0.7277918781725887 0.3125 0.03426395939086294 0.03357142857142857
4 0.5977157360406091 0.2542857142857143 0.035532994923857864 0.017142857142857144
3 0.6097715736040609 0.24571428571428572 0.031725888324873094 0.01
4 0.6694162436548223 0.2571428571428571 0.021573604060913704 0.012857142857142857
4 0.7804568527918782 0.21857142857142858 0.02030456852791878 0.01
3 0.6941624365482233 0.2325 0.017766497461928932 0.009285714285714286
3 0.6947969543147208 0.21321428571428572 0.016497461928934008 0.009285714285714286
8 0.7195431472081217 0.20285714285714285 0.025380710659898477 0.02142857142857143
4 0.765228426395939 0.17107142857142857 0.012690355329949238 0.007857142857142858
3 0.7449238578680203 0.1392857142857143 0.0076142131979695426 0.004285714285714286
3 0.7461928934010151 0.1357142857142857 0.0076142131979695426 0.004285714285714286
8 0.7499999999999999 0.13035714285714287 0.01015228426395939 0.0064285714285714285
3 0.7855329949238578 0.145 0.01015228426395939 0.005714285714285714
9 0.8286802030456852 0.14535714285714285 0.005076142131979695 0.005
1 0.8286802030456852 0.1442857142857143 0.005076142131979695 0.004285714285714286
4 0.8343908629441624 0.12214285714285714 0.006345177664974619 0.004285714285714286
3 0.7861675126903552 0.1332142857142857 0.008883248730964466 0.005
5 0.8109137055837563 0.10071428571428571 0.0076142131979695426 0.007142857142857143
5 0.8058375634517766 0.11857142857142858 0.01015228426395939 0.01
3 0.7633248730964466 0.08964285714285715 0.006345177664974619 0.002142857142857143
8 0.7671319796954315 0.09321428571428571 0.006345177664974619 0.0035714285714285713
3 0.7671319796954315 0.09642857142857143 0.006345177664974619 0.002857142857142857
3 0.7772842639593908 0.09714285714285714 0.006345177664974619 0.002857142857142857
3 0.7836294416243654 0.1 0.006345177664974619 0.002857142857142857
3 0.7785532994923857 0.10678571428571429 0.006345177664974619 0.0035714285714285713
3 0.7760152284263959 0.10285714285714286 0.006345177664974619 0.002857142857142857
4 0.7880710659898477 0.1025 0.005076142131979695 0.0035714285714285713
4 0.7874365482233502 0.095 0.006345177664974619 0.002857142857142857
3 0.7937817258883249 0.09785714285714285 0.006345177664974619 0.002857142857142857
3 0.8039340101522842 0.10464285714285715 0.006345177664974619 0.0035714285714285713
3 0.8032994923857867 0.11 0.0076142131979695426 0.004285714285714286
8 0.9206852791878172 0.19892857142857143 0.03426395939086294 0.025
