3 0.02857142857142857 0.6746428571428571 0.05904761904761905 0.07642857142857143
3 0.590952380952381 0.7064285714285714 0.09238095238095238 0.06142857142857143
3 0.7628571428571429 0.6421428571428571 0.07428571428571429 0.05857142857142857
3 0.7447619047619047 0.6075 0.07047619047619047 0.047857142857142855
9 0.5823809523809523 0.5989285714285715 0.021904761904761906 0.02214285714285714
9 0.57 0.5771428571428572 0.03142857142857143 0.02
9 0.9623809523809523 0.73 0.021904761904761906 0.02857142857142857
3 1.2971428571428572 0.30964285714285716 0.0380952380952381 0.03357142857142857
1 0.5714285714285714 0.5757142857142857 0.01904761904761905 0.014285714285714285
1 0.5842857142857143 0.5957142857142858 0.01619047619047619 0.014285714285714285
1 0.9666666666666667 0.7232142857142857 0.02857142857142857 0.019285714285714285
