2 0.2652380952380952 0.15892857142857142 0.03142857142857143 0.017857142857142856
1 0.2819047619047619 0.1692857142857143 0.01904761904761905 0.02
1 0.2557142857142857 0.20392857142857143 0.021904761904761906 0.019285714285714285
1 0.39 0.3414285714285714 0.02 0.017142857142857144
9 0.4185714285714286 0.5378571428571428 0.04476190476190476 0.022857142857142857
2 0.42238095238095236 0.6392857142857142 0.05238095238095238 0.015714285714285715
1 0.5938095238095238 0.5110714285714286 0.023809523809523808 0.02642857142857143
2 0.6447619047619048 0.1957142857142857 0.024761904761904763 0.02142857142857143
9 0.6666666666666666 0.16785714285714284 0.013333333333333332 0.02142857142857143
6 0.6785714285714286 0.15178571428571427 0.018095238095238095 0.012142857142857143
6 0.7842857142857143 0.17714285714285713 0.03333333333333333 0.017142857142857144
1 0.9752380952380952 0.34285714285714286 0.011428571428571429 0.017142857142857144
2 0.9457142857142857 0.475 0.03238095238095238 0.04
1 1.208095238095238 0.20392857142857143 0.018095238095238095 0.023571428571428573
1 1.1914285714285715 0.19785714285714287 0.011428571428571429 0.02142857142857143
2 1.1285714285714286 0.35035714285714287 0.03238095238095238 0.02214285714285714
1 1.2804761904761905 0.2889285714285714 0.012380952380952381 0.02214285714285714
1 1.26 0.28 0.02095238095238095 0.02
1 1.198095238095238 0.5728571428571428 0.030476190476190476 0.015714285714285715
1 1.2752380952380953 0.6292857142857143 0.017142857142857144 0.03
1 1.181904761904762 0.6678571428571428 0.030476190476190476 0.02857142857142857
1 1.1495238095238096 0.675 0.030476190476190476 0.018571428571428572
1 1.2723809523809524 0.6717857142857143 0.030476190476190476 0.020714285714285713
1 1.3052380952380953 0.6567857142857143 0.039047619047619046 0.02214285714285714
1 0.7180952380952381 0.18535714285714286 0.017142857142857144 0.020714285714285713
