3 0.14047619047619048 0.6764285714285714 0.08666666666666667 0.11142857142857143
3 0.32476190476190475 0.4085714285714286 0.06857142857142857 0.09
4 0.3780952380952381 0.3842857142857143 0.09333333333333334 0.09571428571428571
9 0.4095238095238095 0.3514285714285714 0.03619047619047619 0.03571428571428571
1 0.5238095238095238 0.26071428571428573 0.015238095238095238 0.015714285714285715
9 0.5314285714285715 0.25 0.030476190476190476 0.032857142857142856
9 0.5661904761904762 0.2735714285714286 0.054285714285714284 0.017142857142857144
9 0.67 0.27535714285714286 0.04857142857142857 0.02214285714285714
1 0.6661904761904762 0.2764285714285714 0.021904761904761906 0.015714285714285715
1 0.6247619047619047 0.24464285714285713 0.013333333333333332 0.016428571428571428
4 0.3 0.6757142857142857 0.1580952380952381 0.11428571428571428
4 0.42142857142857143 0.5857142857142857 0.12095238095238095 0.09142857142857143
3 0.5771428571428572 0.48928571428571427 0.13333333333333333 0.09
3 0.6871428571428572 0.41892857142857143 0.10761904761904761 0.07214285714285715
3 0.7876190476190477 0.3485714285714286 0.11428571428571428 0.08428571428571428
3 1.0052380952380953 0.2667857142857143 0.12857142857142856 0.075
