3 0.5429999999999999 0.649 0.16066666666666665 0.201
4 0.9229999999999999 0.39975 0.18466666666666667 0.0695
1 0.9336666666666666 0.50775 0.016666666666666666 0.0345
9 0.901 0.51775 0.04733333333333333 0.0575
9 0.8823333333333333 0.47850000000000004 0.07533333333333334 0.048
2 0.9013333333333333 0.453 0.06 0.031
2 0.8343333333333333 0.38075000000000003 0.018 0.0325
9 0.8143333333333334 0.3855 0.024666666666666667 0.036000000000000004
9 0.7916666666666666 0.38725 0.03 0.0345
2 0.34933333333333333 0.5115000000000001 0.032 0.059000000000000004
2 0.40499999999999997 0.43275 0.035333333333333335 0.0385
9 0.445 0.4185 0.02733333333333333 0.043000000000000003
9 0.47833333333333333 0.42225 0.028666666666666667 0.0475
9 0.46399999999999997 0.3945 0.024 0.036000000000000004
9 0.5 0.38325000000000004 0.032 0.0365
1 0.6943333333333334 0.36475 0.012666666666666666 0.0165
1 0.6266666666666666 0.3555 0.021333333333333333 0.034
2 0.6263333333333333 0.36 0.020666666666666667 0.032
6 0.5623333333333334 0.341 0.04066666666666666 0.046
2 0.5143333333333333 0.315 0.033999999999999996 0.021
2 0.6536666666666666 0.2695 0.01 0.019
9 0.5826666666666667 0.26175 0.006666666666666666 0.0155
1 0.5533333333333333 0.25775 0.010666666666666666 0.0105
1 0.6233333333333333 0.23800000000000002 0.006666666666666666 0.012
3 0.6316666666666666 0.215 0.020666666666666667 0.013000000000000001
9 0.8726666666666666 0.375 0.04533333333333333 0.032
2 0.6943333333333334 0.23425 0.006 0.0085
9 0.6753333333333333 0.21475 0.004 0.0095
4 0.7003333333333334 0.20825 0.019333333333333334 0.0095
4 0.6883333333333334 0.20600000000000002 0.04733333333333333 0.016
3 0.6213333333333333 0.198 0.029333333333333333 0.011
