3 0.7017766497461928 0.4207142857142857 0.10152284263959391 0.05
3 0.5260152284263959 0.38035714285714284 0.11802030456852791 0.03357142857142857
3 0.9651015228426395 0.4828571428571429 0.10532994923857868 0.05714285714285714
3 0.8838832487309644 0.33107142857142857 0.10025380710659898 0.052142857142857144
3 0.9663705583756345 0.5460714285714285 0.09771573604060912 0.030714285714285715
3 1.6713197969543145 0.3457142857142857 0.10913705583756345 0.05142857142857143
4 0.3343908629441624 0.3507142857142857 0.11294416243654821 0.04
4 0.7461928934010151 0.37142857142857144 0.10406091370558375 0.055714285714285716
4 1.2055837563451777 0.3325 0.11421319796954314 0.05928571428571429
4 0.633248730964467 0.16 0.12182741116751268 0.06
3 1.3743654822335025 0.1825 0.08629441624365482 0.047857142857142855
