3 0.7685528756957328 0.36560542797494777 0.10482374768089053 0.02974947807933194
3 0.8153988868274583 0.30271398747390393 0.0927643784786642 0.026096033402922752
3 0.8293135435992579 0.28862212943632565 0.09461966604823747 0.024008350730688934
3 0.9545454545454546 0.2437369519832985 0.03896103896103896 0.028183716075156573
4 1.1943413729128014 0.14483298538622127 0.0287569573283859 0.020354906054279746
4 0.8872912801484231 0.20955114822546972 0.07142857142857142 0.01826722338204593
4 0.8872912801484231 0.1944154488517745 0.05844155844155844 0.016179540709812108
3 0.9304267161410019 0.1829331941544885 0.06679035250463822 0.015135699373695197
4 0.9397031539888683 0.1688413361169102 0.05009276437847866 0.015135699373695197
3 0.9369202226345084 0.1620563674321503 0.05380333951762523 0.016179540709812108
3 0.9489795918367347 0.15396659707724425 0.05009276437847866 0.011482254697286011
3 1.037569573283859 0.12943632567849686 0.0287569573283859 0.01774530271398747
3 0.9837662337662337 0.10412317327766178 0.04730983302411874 0.013048016701461376
4 0.99860853432282 0.0947286012526096 0.049165120593692026 0.015135699373695197
4 0.99860853432282 0.08298538622129435 0.05102040816326531 0.013569937369519832
4 1.014378478664193 0.06758872651356992 0.03432282003710575 0.012004175365344467
3 1.027365491651206 0.06184759916492692 0.039888682745825604 0.007828810020876827
3 1.283395176252319 0.03836116910229645 0.015769944341372914 0.010960334029227557
3 1.3075139146567718 0.013308977035490605 0.030612244897959183 0.007828810020876827
3 1.3678107606679035 0.019832985386221292 0.03432282003710575 0.009394572025052192
3 1.4206864564007422 0.018528183716075154 0.039888682745825604 0.007828810020876827
3 1.5051020408163265 0.01696242171189979 0.041743970315398886 0.007828810020876827
3 1.4642857142857144 0.02218162839248434 0.03803339517625232 0.010960334029227557
3 1.219387755102041 0.012265135699373694 0.03432282003710575 0.007828810020876827
3 1.1331168831168832 0.0073068893528183704 0.03246753246753247 0.008350730688935281
4 1.0162337662337662 0.03262004175365344 0.026901669758812616 0.009916492693110646
2 0.7402597402597403 0.4052713987473904 0.03710575139146568 0.015135699373695197
9 0.7476808905380334 0.2643528183716075 0.016697588126159554 0.017223382045929016
9 0.7676252319109462 0.2189457202505219 0.03432282003710575 0.008872651356993735
9 0.7968460111317255 0.19859081419624214 0.027829313543599257 0.009916492693110646
9 0.5658627087198516 0.5472338204592901 0.04081632653061225 0.020354906054279746
1 1.6052875695732838 0.2883611691022964 0.010204081632653062 0.008872651356993735
1 1.6572356215213357 0.3392484342379958 0.01948051948051948 0.0073068893528183704
9 1.6029684601113172 0.2969728601252609 0.020408163265306124 0.015657620041753653
9 1.6512059369202226 0.34551148225469724 0.02411873840445269 0.01774530271398747
9 0.8566790352504638 0.14979123173277661 0.02504638218923933 0.008350730688935281
3 1.0120593692022264 0.0464509394572025 0.014842300556586271 0.008350730688935281
