3 0.8724619289340101 0.09571428571428571 0.011421319796954314 0.008571428571428572
3 0.8718274111675126 0.07642857142857143 0.01015228426395939 0.008571428571428572
3 0.8166243654822335 0.11428571428571428 0.011421319796954314 0.007142857142857143
3 0.815989847715736 0.12821428571428573 0.012690355329949238 0.009285714285714286
3 0.8102791878172588 0.06785714285714285 0.011421319796954314 0.008571428571428572
3 0.7988578680203045 0.10571428571428572 0.008883248730964466 0.005714285714285714
3 0.839467005076142 0.10892857142857143 0.011421319796954314 0.009285714285714286
3 0.873730964467005 0.06035714285714286 0.008883248730964466 0.007857142857142858
3 0.8705583756345177 0.04857142857142857 0.01015228426395939 0.008571428571428572
3 0.8718274111675126 0.04071428571428572 0.01015228426395939 0.007142857142857143
3 0.8305837563451776 0.06035714285714286 0.011421319796954314 0.0064285714285714285
3 0.8261421319796953 0.06892857142857142 0.01015228426395939 0.0064285714285714285
3 0.8121827411167513 0.05678571428571429 0.01015228426395939 0.007857142857142858
3 0.8318527918781725 0.046785714285714285 0.008883248730964466 0.0064285714285714285
3 0.8343908629441624 0.037142857142857144 0.008883248730964466 0.007142857142857143
3 0.9035532994923857 0.17464285714285716 0.015228426395939085 0.012142857142857143
3 0.8769035532994923 0.18535714285714286 0.015228426395939085 0.012142857142857143
3 0.9041878172588832 0.22107142857142856 0.019035532994923856 0.015
3 0.78997461928934 0.22107142857142856 0.016497461928934008 0.013571428571428571
3 0.8197969543147208 0.18821428571428572 0.015228426395939085 0.010714285714285714
3 0.7461928934010151 0.2732142857142857 0.02030456852791878 0.016428571428571428
3 0.7975888324873096 0.3221428571428571 0.021573604060913704 0.018571428571428572
3 0.7557106598984771 0.36857142857142855 0.024111675126903553 0.02142857142857143
3 0.7246192893401014 0.34964285714285714 0.02284263959390863 0.020714285714285713
3 0.8654822335025381 0.42607142857142855 0.027918781725888322 0.027857142857142858
3 0.8591370558375634 0.5085714285714286 0.03045685279187817 0.03571428571428571
3 0.8102791878172588 0.25285714285714284 0.019035532994923856 0.014285714285714285
3 0.7404822335025381 0.43642857142857144 0.024111675126903553 0.022857142857142857
3 0.6998730964467005 0.5425 0.031725888324873094 0.03214285714285714
3 0.7779187817258882 0.45821428571428574 0.027918781725888322 0.029285714285714286
4 0.7760152284263959 0.5464285714285714 0.03426395939086294 0.03
4 0.9073604060913705 0.5353571428571429 0.035532994923857864 0.045
4 0.8686548223350253 0.3425 0.026649746192893398 0.027857142857142858
4 0.8749999999999999 0.27714285714285714 0.024111675126903553 0.022857142857142857
4 0.8769035532994923 0.2125 0.015228426395939085 0.017857142857142856
3 0.7703045685279187 0.1992857142857143 0.015228426395939085 0.011428571428571429
3 0.7956852791878172 0.19964285714285715 0.015228426395939085 0.010714285714285714
3 0.8039340101522842 0.165 0.013959390862944161 0.01
3 0.7804568527918782 0.16857142857142857 0.012690355329949238 0.01
3 0.8965736040609137 0.13285714285714287 0.011421319796954314 0.01
3 0.8959390862944162 0.11642857142857142 0.01015228426395939 0.01
3 0.7950507614213197 0.12 0.011421319796954314 0.008571428571428572
3 0.873730964467005 0.007142857142857143 0.008883248730964466 0.005714285714285714
4 0.8261421319796953 0.16392857142857142 0.012690355329949238 0.010714285714285714
4 0.7975888324873096 0.18071428571428572 0.016497461928934008 0.012857142857142857
4 0.8356598984771573 0.12857142857142856 0.013959390862944161 0.01
4 0.8749999999999999 0.11785714285714285 0.013959390862944161 0.012857142857142857
4 0.8210659898477157 0.09928571428571428 0.012690355329949238 0.01
4 0.824238578680203 0.08964285714285715 0.011421319796954314 0.007857142857142858
4 0.8305837563451776 0.07821428571428571 0.011421319796954314 0.010714285714285714
4 0.8934010152284263 0.08678571428571429 0.01015228426395939 0.010714285714285714
4 0.8908629441624365 0.06785714285714285 0.012690355329949238 0.01
4 0.8724619289340101 0.015 0.008883248730964466 0.007142857142857143
3 0.815989847715736 0.046785714285714285 0.01015228426395939 0.007857142857142858
3 0.8769035532994923 0.14214285714285715 0.015228426395939085 0.014285714285714285
4 0.9060913705583755 0.2646428571428571 0.015228426395939085 0.017857142857142856
8 0.9048223350253807 0.365 0.035532994923857864 0.07428571428571429
4 0.15228426395939085 0.21214285714285713 0.032994923857868015 0.014285714285714285
4 0.2017766497461929 0.18392857142857144 0.025380710659898477 0.010714285714285714
3 0.2277918781725888 0.17392857142857143 0.024111675126903553 0.010714285714285714
3 0.2449238578680203 0.16392857142857142 0.02030456852791878 0.010714285714285714
3 0.21573604060913704 0.12464285714285714 0.027918781725888322 0.009285714285714286
4 0.3172588832487309 0.11785714285714285 0.035532994923857864 0.008571428571428572
4 0.33312182741116747 0.11285714285714285 0.031725888324873094 0.008571428571428572
4 0.10850253807106598 0.11142857142857143 0.026649746192893398 0.01
3 0.008883248730964466 0.09357142857142857 0.02030456852791878 0.01
