3 0.6947969543147208 0.43964285714285717 0.03680203045685279 0.029285714285714286
3 0.5241116751269035 0.3607142857142857 0.025380710659898477 0.015714285714285715
3 0.5393401015228426 0.30214285714285716 0.03045685279187817 0.015714285714285715
3 0.4555837563451776 0.3175 0.025380710659898477 0.016428571428571428
3 0.4232233502538071 0.175 0.019035532994923856 0.01
5 0.407994923857868 0.18071428571428572 0.026649746192893398 0.017142857142857144
3 0.37373096446700504 0.15428571428571428 0.013959390862944161 0.008571428571428572
5 0.3369289340101523 0.10785714285714286 0.016497461928934008 0.011428571428571429
3 0.30012690355329946 0.10928571428571429 0.011421319796954314 0.004285714285714286
3 0.2842639593908629 0.0925 0.01015228426395939 0.005
3 0.29568527918781723 0.08464285714285714 0.01015228426395939 0.005
8 0.30837563451776645 0.08321428571428571 0.015228426395939085 0.012142857142857143
3 0.2899746192893401 0.07107142857142858 0.008883248730964466 0.005
3 0.2785532994923858 0.06964285714285715 0.008883248730964466 0.005
8 0.2715736040609137 0.05785714285714286 0.012690355329949238 0.007142857142857143
3 0.8007614213197969 0.18357142857142858 0.017766497461928932 0.01
3 0.8007614213197969 0.16035714285714286 0.017766497461928932 0.009285714285714286
3 1.0025380710659897 0.105 0.017766497461928932 0.007142857142857143
5 1.0393401015228425 0.09178571428571429 0.02284263959390863 0.010714285714285714
3 1.0805837563451777 0.08142857142857143 0.016497461928934008 0.005714285714285714
3 1.1605329949238579 0.075 0.013959390862944161 0.005714285714285714
3 1.232233502538071 0.11928571428571429 0.012690355329949238 0.005714285714285714
3 1.2480964467005076 0.11678571428571428 0.013959390862944161 0.0064285714285714285
5 1.1808375634517765 0.1375 0.029187817258883246 0.016428571428571428
5 1.1230964467005076 0.1407142857142857 0.04568527918781726 0.015714285714285715
5 1.130710659898477 0.13785714285714284 0.04568527918781726 0.015714285714285715
5 1.1548223350253806 0.13392857142857142 0.050761421319796954 0.013571428571428571
5 1.134517766497462 0.1382142857142857 0.053299492385786795 0.015
5 1.1700507614213198 0.1325 0.053299492385786795 0.016428571428571428
3 1.2087563451776648 0.16607142857142856 0.021573604060913704 0.009285714285714286
5 1.1598984771573604 0.16178571428571428 0.055837563451776644 0.015
3 1.3185279187817258 0.15321428571428572 0.015228426395939085 0.009285714285714286
5 1.3794416243654821 0.17 0.06091370558375634 0.017142857142857144
3 1.4035532994923856 0.17357142857142857 0.03045685279187817 0.008571428571428572
3 1.4086294416243654 0.17821428571428571 0.027918781725888322 0.007857142857142858
3 1.6846446700507614 0.2325 0.03426395939086294 0.012142857142857143
5 1.7239847715736039 0.21642857142857141 0.09010152284263959 0.024285714285714285
3 1.6795685279187815 0.2092857142857143 0.04441624365482233 0.012857142857142857
5 1.656725888324873 0.2032142857142857 0.05710659898477157 0.017857142857142856
5 1.6357868020304567 0.2007142857142857 0.04568527918781726 0.015714285714285715
5 1.6034263959390862 0.195 0.05456852791878172 0.017142857142857144
3 1.5786802030456852 0.1975 0.025380710659898477 0.009285714285714286
3 1.53997461928934 0.19678571428571429 0.03426395939086294 0.007857142857142858
3 1.5571065989847714 0.195 0.03045685279187817 0.008571428571428572
5 1.5501269035532994 0.18714285714285714 0.07741116751269035 0.017142857142857144
3 1.5019035532994922 0.18785714285714286 0.029187817258883246 0.01
