4 0.04314720812182741 0.07642857142857143 0.06598984771573603 0.03142857142857143
4 0.02093908629441624 0.19035714285714286 0.04441624365482233 0.029285714285714286
4 0.12753807106598983 0.026785714285714284 0.06979695431472081 0.03214285714285714
3 0.34708121827411165 0.14357142857142857 0.06725888324873096 0.02857142857142857
3 0.46383248730964466 0.31 0.05964467005076142 0.02142857142857143
8 0.6148477157360406 0.38785714285714284 0.16878172588832485 0.03428571428571429
4 0.7741116751269035 0.255 0.06345177664974619 0.024285714285714285
3 0.706218274111675 0.19714285714285715 0.05710659898477157 0.022857142857142857
3 0.6459390862944162 0.10285714285714286 0.06345177664974619 0.03
4 0.7430203045685279 0.10357142857142858 0.06218274111675126 0.03142857142857143
3 0.9010152284263959 0.007142857142857143 0.050761421319796954 0.015714285714285715
4 0.9340101522842639 0.054642857142857146 0.048223350253807105 0.03642857142857143
3 0.9752538071065989 0.09642857142857143 0.031725888324873094 0.032857142857142856
4 1.1757614213197969 0.09857142857142857 0.05964467005076142 0.03142857142857143
4 1.2011421319796953 0.08357142857142857 0.05964467005076142 0.03
3 1.2341370558375633 0.06928571428571428 0.05710659898477157 0.02857142857142857
8 0.9980964467005076 0.17714285714285713 0.133248730964467 0.05857142857142857
3 1.2170050761421318 0.26035714285714284 0.06091370558375634 0.025
3 1.1694162436548223 0.29428571428571426 0.06218274111675126 0.024285714285714285
5 1.272208121827411 0.4471428571428571 0.09010152284263959 0.03
3 1.3686548223350252 0.34714285714285714 0.05964467005076142 0.022857142857142857
4 1.5101522842639592 0.4942857142857143 0.06091370558375634 0.022857142857142857
4 1.7417512690355328 0.5160714285714286 0.06725888324873096 0.023571428571428573
4 1.6364213197969542 0.47 0.05964467005076142 0.024285714285714285
3 1.6859137055837563 0.41678571428571426 0.06472081218274112 0.02642857142857143
3 1.4739847715736039 0.37285714285714283 0.06472081218274112 0.02142857142857143
4 1.5653553299492384 0.3892857142857143 0.06979695431472081 0.027142857142857142
8 1.6535532994923856 0.38035714285714284 0.17258883248730963 0.056428571428571425
9 1.4035532994923856 0.31392857142857145 0.02284263959390863 0.009285714285714286
1 1.4060913705583755 0.3157142857142857 0.01015228426395939 0.007142857142857143
3 1.7493654822335023 0.3532142857142857 0.04441624365482233 0.02642857142857143
3 1.669416243654822 0.3192857142857143 0.03934010152284264 0.02857142857142857
3 1.6364213197969542 0.30857142857142855 0.04441624365482233 0.027142857142857142
4 1.70494923857868 0.3275 0.04441624365482233 0.030714285714285715
5 1.5545685279187815 0.19071428571428573 0.11675126903553298 0.055714285714285716
5 1.4130710659898476 0.13107142857142856 0.14593908629441624 0.06928571428571428
4 1.3153553299492384 0.16714285714285715 0.06725888324873096 0.017142857142857144
4 1.3496192893401013 0.18428571428571427 0.06979695431472081 0.017142857142857144
4 1.3965736040609136 0.20035714285714284 0.07233502538071065 0.016428571428571428
4 1.4346446700507614 0.21571428571428572 0.06218274111675126 0.012857142857142857
4 1.513959390862944 0.24785714285714286 0.06852791878172589 0.015714285714285715
3 1.4695431472081217 0.23142857142857143 0.06091370558375634 0.014285714285714285
