4 0.49047619047619045 0.048928571428571425 0.017142857142857144 0.016428571428571428
3 0.25666666666666665 0.14857142857142858 0.03333333333333333 0.011428571428571429
4 0.2742857142857143 0.1375 0.026666666666666665 0.016428571428571428
3 0.430952380952381 0.06607142857142857 0.01619047619047619 0.012142857142857143
3 0.46095238095238095 0.05607142857142857 0.011428571428571429 0.009285714285714286
3 0.4638095238095238 0.04964285714285714 0.015238095238095238 0.0064285714285714285
3 0.4804761904761905 0.06142857142857143 0.006666666666666666 0.008571428571428572
5 0.5995238095238096 0.1792857142857143 0.039047619047619046 0.04
1 1.0676190476190477 0.5357142857142857 0.013333333333333332 0.01
9 1.0695238095238095 0.5410714285714285 0.015238095238095238 0.02214285714285714
4 1.1742857142857144 0.45571428571428574 0.05904761904761905 0.05714285714285714
4 0.9695238095238096 0.44892857142857145 0.06666666666666667 0.09357142857142857
4 0.5009523809523809 0.0325 0.011428571428571429 0.0064285714285714285
4 0.7176190476190476 0.14857142857142858 0.021904761904761906 0.022857142857142857
3 0.7047619047619048 0.21607142857142858 0.01904761904761905 0.017857142857142856
3 0.7280952380952381 0.13964285714285715 0.010476190476190476 0.0064285714285714285
3 0.7204761904761905 0.13 0.006666666666666666 0.007142857142857143
4 0.8728571428571429 0.10892857142857143 0.010476190476190476 0.010714285714285714
8 0.9204761904761904 0.1392857142857143 0.025714285714285714 0.032857142857142856
4 0.9219047619047619 0.23714285714285716 0.04 0.054285714285714284
3 0.7966666666666666 0.005714285714285714 0.004761904761904762 0.004285714285714286
3 0.8004761904761905 0.0032142857142857142 0.006666666666666666 0.0035714285714285713
4 0.9138095238095238 0.05 0.03142857142857143 0.01
3 0.92 0.07642857142857143 0.015238095238095238 0.01
4 0.9457142857142857 0.11607142857142858 0.01904761904761905 0.016428571428571428
3 0.8419047619047619 0.01607142857142857 0.01904761904761905 0.005
3 0.9414285714285714 0.08714285714285715 0.025714285714285714 0.005714285714285714
3 1.0357142857142858 0.11178571428571428 0.029523809523809525 0.007857142857142858
3 1.01 0.2017857142857143 0.040952380952380955 0.012142857142857143
3 1.0676190476190477 0.21464285714285714 0.022857142857142857 0.016428571428571428
3 1.0352380952380953 0.21285714285714286 0.022857142857142857 0.014285714285714285
3 1.0042857142857142 0.17535714285714285 0.018095238095238095 0.013571428571428571
3 0.9828571428571429 0.17285714285714285 0.017142857142857144 0.012857142857142857
3 0.9961904761904762 0.14714285714285713 0.022857142857142857 0.011428571428571429
4 0.9857142857142858 0.11392857142857143 0.030476190476190476 0.010714285714285714
4 0.9966666666666667 0.2092857142857143 0.018095238095238095 0.017142857142857144
4 0.9619047619047619 0.2507142857142857 0.03238095238095238 0.032857142857142856
4 0.9728571428571429 0.10357142857142858 0.037142857142857144 0.012857142857142857
1 0.9452380952380952 0.185 0.004761904761904762 0.007142857142857143
9 0.9442857142857143 0.18678571428571428 0.008571428571428572 0.007857142857142858
4 1.1114285714285714 0.1957142857142857 0.0380952380952381 0.014285714285714285
4 1.0957142857142856 0.26785714285714285 0.04285714285714286 0.02
4 1.2190476190476192 0.24821428571428572 0.045714285714285714 0.016428571428571428
3 1.249047619047619 0.26142857142857145 0.04666666666666667 0.018571428571428572
4 1.1914285714285715 0.33214285714285713 0.08190476190476191 0.025714285714285714
