3 0.8756666666666666 0.653 0.16466666666666666 0.193
3 0.9316666666666666 0.3865 0.19799999999999998 0.067
3 0.28933333333333333 0.7000000000000001 0.164 0.099
3 0.5523333333333333 0.48375 0.11666666666666667 0.1405
3 0.8913333333333333 0.295 0.17333333333333334 0.053
3 0.8843333333333333 0.2295 0.142 0.051000000000000004
3 0.7893333333333333 0.1875 0.05466666666666666 0.046
3 0.48133333333333334 0.37275 0.10266666666666667 0.10250000000000001
3 0.6236666666666666 0.26 0.06999999999999999 0.064
3 0.5253333333333333 0.2775 0.08399999999999999 0.082
1 0.5373333333333333 0.2325 0.018666666666666665 0.018000000000000002
3 0.359 0.275 0.11133333333333333 0.094
3 0.42333333333333334 0.20925 0.08666666666666667 0.0675
3 0.4713333333333333 0.162 0.06933333333333333 0.047
3 0.5013333333333333 0.12875 0.056 0.0395
3 0.5263333333333333 0.09975 0.046 0.0375
3 0.5559999999999999 0.08225 0.04 0.0305
3 0.5583333333333333 0.06275 0.03666666666666667 0.025500000000000002
3 0.569 0.04475 0.03666666666666667 0.0265
3 0.42833333333333334 0.0755 0.05266666666666667 0.025
3 0.648 0.17325000000000002 0.048 0.0405
3 0.6653333333333333 0.10925 0.04 0.0345
3 0.6823333333333333 0.058 0.026 0.023
3 0.6683333333333333 0.04075 0.026 0.021500000000000002
3 0.6826666666666666 0.019 0.025333333333333333 0.018000000000000002
3 0.7013333333333334 0.00875 0.025333333333333333 0.0185
3 0.6743333333333333 0.0085 0.022 0.017
3 0.5953333333333333 0.0195 0.03333333333333333 0.02
3 0.6256666666666666 0.0055 0.02733333333333333 0.012
5 0.5826666666666667 0.007 0.06266666666666666 0.015
3 0.7653333333333333 0.10300000000000001 0.04133333333333333 0.034
3 0.8243333333333333 0.078 0.08466666666666667 0.02
3 0.8113333333333334 0.06725 0.076 0.0205
3 0.8009999999999999 0.05625 0.06733333333333333 0.0195
3 0.8153333333333334 0.05 0.06266666666666666 0.017
3 0.7966666666666666 0.029 0.06133333333333333 0.018000000000000002
3 0.7966666666666666 0.019 0.05733333333333333 0.016
3 0.7983333333333333 0.01325 0.05533333333333333 0.0155
3 0.7906666666666666 0.00925 0.044 0.0115
3 0.7926666666666666 0.0045000000000000005 0.04666666666666666 0.01
