1 0.601 0.02 0.014 0.022
9 0.6006666666666667 0.0265 0.018666666666666665 0.023
1 0.653 0.075 0.011333333333333332 0.016
9 0.653 0.082 0.014 0.024
1 0.9466666666666667 0.021 0.010666666666666666 0.02
1 0.9633333333333333 0.021750000000000002 0.013333333333333332 0.0195
1 0.9883333333333333 0.0205 0.011333333333333332 0.02
4 0.483 0.09225 0.03933333333333333 0.0445
1 0.498 0.12125 0.013333333333333332 0.0135
5 0.41533333333333333 0.11750000000000001 0.11866666666666666 0.069
3 0.7316666666666667 0.19825 0.049999999999999996 0.0535
3 0.12433333333333332 0.1915 0.09799999999999999 0.034
3 0.267 0.1895 0.11266666666666666 0.039
3 0.3963333333333333 0.179 0.08333333333333333 0.035
4 0.33466666666666667 0.2955 0.13066666666666665 0.046
3 0.15766666666666665 0.40800000000000003 0.12466666666666666 0.045
4 0.285 0.43125 0.11 0.0665
4 0.45566666666666666 0.614 0.07266666666666667 0.126
2 0.06933333333333333 0.55875 0.03333333333333333 0.0415
2 0.050666666666666665 0.63125 0.044 0.0465
6 0.13666666666666666 0.6185 0.05333333333333333 0.069
5 0.45366666666666666 0.717 0.086 0.065
6 0.5196666666666666 0.53225 0.04066666666666666 0.0455
6 0.059666666666666666 0.731 0.08333333333333333 0.028
1 0.5263333333333333 0.50625 0.02333333333333333 0.0175
1 0.526 0.48675 0.022666666666666665 0.0165
4 0.6623333333333333 0.712 0.05933333333333333 0.075
5 0.6446666666666666 0.57775 0.07333333333333333 0.1295
2 0.6733333333333333 0.54125 0.018666666666666665 0.0395
9 0.8133333333333334 0.60675 0.024 0.0405
6 0.6 0.4805 0.08666666666666667 0.033
1 0.6786666666666666 0.452 0.014666666666666666 0.02
9 0.6796666666666666 0.45825 0.019333333333333334 0.0345
1 0.6166666666666667 0.4495 0.012 0.016
1 0.6506666666666666 0.40950000000000003 0.009333333333333332 0.01
1 0.6833333333333333 0.379 0.016 0.014
1 0.6836666666666666 0.37625000000000003 0.019333333333333334 0.0245
1 0.6793333333333333 0.3675 0.013333333333333332 0.022
9 0.6836666666666666 0.38075000000000003 0.018 0.0335
1 0.6426666666666666 0.3135 0.012 0.011
1 0.7173333333333333 0.294 0.018666666666666665 0.027
9 0.717 0.29225 0.024666666666666667 0.0245
3 0.752 0.2715 0.05733333333333333 0.059000000000000004
3 0.7966666666666666 0.374 0.06533333333333333 0.076
3 0.8556666666666667 0.5337500000000001 0.07933333333333333 0.0955
1 0.7383333333333333 0.55625 0.026 0.0195
1 0.774 0.55525 0.022666666666666665 0.0165
9 0.7366666666666667 0.56 0.024 0.046
9 0.7733333333333333 0.5615 0.018666666666666665 0.039
1 0.9436666666666667 0.73975 0.033999999999999996 0.0195
6 1.0023333333333333 0.71075 0.07933333333333333 0.0775
