1 1.0276190476190477 0.4767857142857143 0.03238095238095238 0.030714285714285715
1 1.0761904761904761 0.3725 0.04 0.025
1 0.040952380952380955 0.3989285714285714 0.0419047619047619 0.025
1 0.06857142857142857 0.40464285714285714 0.03238095238095238 0.025
1 0.14047619047619048 0.405 0.037142857142857144 0.03142857142857143
1 0.31857142857142856 0.35714285714285715 0.02761904761904762 0.014285714285714285
1 0.25476190476190474 0.23392857142857143 0.01619047619047619 0.019285714285714285
1 0.30523809523809525 0.235 0.018095238095238095 0.014285714285714285
1 0.3585714285714286 0.3007142857142857 0.018095238095238095 0.011428571428571429
1 0.3109523809523809 0.29 0.018095238095238095 0.015714285714285715
1 0.4704761904761905 0.3653571428571429 0.017142857142857144 0.02214285714285714
1 0.48142857142857143 0.3678571428571429 0.02 0.024285714285714285
1 0.4195238095238095 0.3939285714285714 0.023809523809523808 0.02214285714285714
1 0.3219047619047619 0.4135714285714286 0.03428571428571429 0.027142857142857142
1 0.4061904761904762 0.39107142857142857 0.021904761904761906 0.023571428571428573
