4 0.9595238095238096 0.6517857142857143 0.08857142857142856 0.08785714285714286
4 0.6352380952380953 0.395 0.03428571428571429 0.032857142857142856
3 0.49952380952380954 0.6503571428571429 0.09428571428571429 0.09928571428571428
3 0.7828571428571428 0.7028571428571428 0.08190476190476191 0.09142857142857143
3 0.6857142857142857 0.6107142857142858 0.07809523809523809 0.08428571428571428
3 0.7747619047619048 0.6103571428571428 0.06571428571428571 0.07642857142857143
3 0.550952380952381 0.5585714285714286 0.07333333333333333 0.06714285714285714
3 0.5761904761904761 0.5117857142857143 0.06476190476190476 0.055
3 0.5928571428571429 0.47285714285714286 0.04857142857142857 0.04285714285714286
3 0.6147619047619047 0.4471428571428571 0.04857142857142857 0.037142857142857144
3 0.7038095238095238 0.4903571428571429 0.05142857142857143 0.060714285714285714
3 0.6961904761904761 0.5475 0.06095238095238095 0.065
3 0.7633333333333333 0.5482142857142858 0.05619047619047619 0.055
3 0.7652380952380953 0.48928571428571427 0.04857142857142857 0.04285714285714286
3 0.8866666666666667 0.5025 0.05333333333333333 0.04071428571428572
3 0.8661904761904762 0.46464285714285714 0.054285714285714284 0.039285714285714285
3 0.7704761904761904 0.4203571428571429 0.03619047619047619 0.03214285714285714
3 0.8533333333333333 0.43464285714285716 0.0380952380952381 0.027857142857142858
3 0.8495238095238096 0.40964285714285714 0.045714285714285714 0.025
3 0.8414285714285714 0.39357142857142857 0.03333333333333333 0.02142857142857143
3 0.829047619047619 0.3585714285714286 0.029523809523809525 0.024285714285714285
3 0.8404761904761905 0.3775 0.035238095238095235 0.019285714285714285
3 0.6471428571428571 0.3825 0.029523809523809525 0.020714285714285713
3 0.6285714285714286 0.3632142857142857 0.05714285714285714 0.017857142857142856
3 0.5785714285714286 0.355 0.029523809523809525 0.024285714285714285
3 0.7461904761904762 0.37214285714285716 0.025714285714285714 0.02142857142857143
3 0.768095238095238 0.35892857142857143 0.02761904761904762 0.017857142857142856
3 0.7328571428571429 0.36 0.025714285714285714 0.02
3 0.7323809523809524 0.35 0.024761904761904763 0.017142857142857144
3 0.7547619047619047 0.345 0.037142857142857144 0.018571428571428572
3 0.7971428571428572 0.33 0.030476190476190476 0.018571428571428572
3 0.7542857142857143 0.31857142857142856 0.030476190476190476 0.012857142857142857
3 0.709047619047619 0.32142857142857145 0.029523809523809525 0.015714285714285715
3 0.6757142857142857 0.3385714285714286 0.023809523809523808 0.02142857142857143
3 0.66 0.2953571428571429 0.024761904761904763 0.012142857142857143
3 0.6114285714285714 0.2907142857142857 0.02857142857142857 0.01
