8 0.31979695431472077 0.4025 0.22588832487309643 0.09785714285714285
8 0.5862944162436547 0.315 0.08883248730964466 0.03857142857142857
3 0.6922588832487309 0.30107142857142855 0.05964467005076142 0.023571428571428573
3 0.6713197969543147 0.2914285714285714 0.05837563451776649 0.02142857142857143
3 0.7208121827411167 0.2725 0.055837563451776644 0.019285714285714285
3 0.7715736040609137 0.2689285714285714 0.050761421319796954 0.017857142857142856
3 0.9143401015228426 0.2125 0.04187817258883248 0.015
3 0.8756345177664974 0.21571428571428572 0.04060913705583756 0.015714285714285715
3 0.8458121827411167 0.24035714285714285 0.03680203045685279 0.015
4 0.4942893401015228 0.3532142857142857 0.06472081218274112 0.023571428571428573
4 0.133248730964467 0.48 0.11167512690355329 0.04428571428571428
4 0.7861675126903552 0.24785714285714286 0.04441624365482233 0.017142857142857144
4 0.956218274111675 0.18285714285714286 0.03934010152284264 0.017142857142857144
4 0.9999999999999999 0.18107142857142858 0.035532994923857864 0.015
4 1.0913705583756343 0.16535714285714287 0.035532994923857864 0.016428571428571428
3 0.05964467005076142 0.4235714285714286 0.06345177664974619 0.025714285714285714
3 1.3178934010152283 0.07142857142857142 0.021573604060913704 0.011428571428571429
3 1.273477157360406 0.0625 0.021573604060913704 0.007857142857142858
