3 0.8546954314720812 0.5225 0.03934010152284264 0.03642857142857143
3 0.9505076142131978 0.40214285714285714 0.032994923857868015 0.027142857142857142
3 1.001269035532995 0.355 0.03045685279187817 0.024285714285714285
3 0.9251269035532994 0.31 0.02284263959390863 0.015714285714285715
3 0.6167512690355329 0.25821428571428573 0.04314720812182741 0.012142857142857143
3 0.95748730964467 0.26321428571428573 0.021573604060913704 0.016428571428571428
3 0.9219543147208121 0.2646428571428571 0.019035532994923856 0.017857142857142856
3 0.91497461928934 0.23464285714285715 0.017766497461928932 0.010714285714285714
3 0.9359137055837563 0.21928571428571428 0.016497461928934008 0.011428571428571429
3 0.9073604060913705 0.2125 0.015228426395939085 0.010714285714285714
3 0.8864213197969543 0.2342857142857143 0.019035532994923856 0.011428571428571429
3 0.8959390862944162 0.18285714285714286 0.015228426395939085 0.01
3 0.8401015228426395 0.19285714285714287 0.015228426395939085 0.01
3 0.8927664974619288 0.16392857142857142 0.011421319796954314 0.009285714285714286
3 0.8895939086294415 0.15392857142857141 0.012690355329949238 0.009285714285714286
3 0.8381979695431472 0.15714285714285714 0.011421319796954314 0.007142857142857143
3 0.8800761421319796 0.2225 0.013959390862944161 0.009285714285714286
3 0.8788071065989848 0.24892857142857142 0.026649746192893398 0.015
8 0.8813451776649746 0.2075 0.019035532994923856 0.020714285714285713
4 0.8705583756345177 0.15714285714285714 0.012690355329949238 0.011428571428571429
4 0.8350253807106598 0.13035714285714287 0.01015228426395939 0.009285714285714286
4 0.9765228426395939 0.29642857142857143 0.021573604060913704 0.02142857142857143
4 1.0431472081218274 0.45071428571428573 0.04060913705583756 0.03428571428571429
4 0.9340101522842639 0.4828571428571429 0.03807106598984771 0.037142857142857144
4 0.7918781725888324 0.5003571428571428 0.035532994923857864 0.03785714285714286
4 1.0951776649746192 0.5503571428571429 0.048223350253807105 0.02214285714285714
4 1.7347715736040608 0.355 0.08121827411167512 0.02142857142857143
