4 0.3362944162436548 0.11071428571428571 0.02030456852791878 0.018571428571428572
8 0.40862944162436543 0.052142857142857144 0.035532994923857864 0.025714285714285714
5 0.5177664974619289 0.03321428571428572 0.055837563451776644 0.030714285714285715
8 0.6269035532994923 0.07571428571428572 0.03807106598984771 0.024285714285714285
4 0.641497461928934 0.03892857142857143 0.029187817258883246 0.017857142857142856
3 0.6643401015228426 0.12714285714285714 0.024111675126903553 0.014285714285714285
1 0.5558375634517766 0.53 0.0076142131979695426 0.008571428571428572
1 0.5609137055837563 0.5292857142857142 0.012690355329949238 0.01
4 1.3432741116751268 0.04964285714285714 0.026649746192893398 0.019285714285714285
3 1.365482233502538 0.04857142857142857 0.02030456852791878 0.014285714285714285
5 1.407994923857868 0.30857142857142855 0.08502538071065989 0.04428571428571428
3 1.1789340101522843 0.4546428571428571 0.048223350253807105 0.03214285714285714
3 1.1256345177664975 0.4614285714285714 0.04568527918781726 0.03142857142857143
3 1.682741116751269 0.06857142857142857 0.04568527918781726 0.01
3 0.9980964467005076 0.31035714285714283 0.03934010152284264 0.023571428571428573
