1 0.6340445269016698 0.5187891440501043 0.03803339517625232 0.020876826722338204
9 0.6363636363636364 0.5237473903966596 0.01855287569573284 0.02453027139874739
3 0.7871057513914657 0.5412317327766178 0.05658627087198516 0.04070981210855949
3 0.9503710575139147 0.42588726513569936 0.043599257884972174 0.029227557411273482
5 0.8506493506493507 0.41466597077244255 0.05380333951762523 0.050626304801670144
9 1.2064007421150278 0.49582463465553234 0.039888682745825604 0.015657620041753653
9 1.24721706864564 0.4042275574112734 0.012059369202226345 0.010960334029227557
9 1.2490723562152133 0.43528183716075153 0.013914656771799629 0.015657620041753653
9 1.2736549165120594 0.43241127348643 0.016697588126159554 0.015135699373695197
6 1.2973098330241188 0.49451983298538615 0.03432282003710575 0.025574112734864297
3 1.2713358070500929 0.5177453027139874 0.12337662337662338 0.03444676409185803
3 1.3307050092764379 0.540187891440501 0.13821892393320964 0.03653444676409186
9 1.3752319109461968 0.5112212943632567 0.05844155844155844 0.017223382045929016
6 1.0324675324675325 0.36821503131524 0.016697588126159554 0.016179540709812108
3 0.901669758812616 0.3243736951983298 0.02411873840445269 0.015135699373695197
3 1.0051020408163265 0.3068893528183716 0.03246753246753247 0.011482254697286011
3 0.6428571428571429 0.25156576200417535 0.020408163265306124 0.0073068893528183704
3 0.7736549165120594 0.2620041753653444 0.020408163265306124 0.006263048016701461
3 0.7676252319109462 0.2596555323590814 0.02504638218923933 0.0057411273486430055
3 0.8566790352504638 0.2693110647181628 0.015769944341372914 0.0073068893528183704
4 0.9526901669758813 0.2849686847599165 0.022263450834879406 0.013569937369519832
6 0.9132653061224489 0.28549060542797494 0.015769944341372914 0.010438413361169102
3 0.9285714285714286 0.2596555323590814 0.012987012987012988 0.006784968684759916
9 1.014378478664193 0.30375782881002084 0.010204081632653062 0.005219206680584551
1 0.9777365491651206 0.2823590814196242 0.0055658627087198514 0.005219206680584551
9 0.9777365491651206 0.2834029227557411 0.0074211502782931356 0.005219206680584551
9 0.9415584415584416 0.26461377870563674 0.0055658627087198514 0.0041753653444676405
9 0.9763450834879407 0.2575678496868476 0.00463821892393321 0.0036534446764091852
9 0.9564007421150278 0.22651356993736949 0.0037105751391465678 0.0020876826722338203
9 0.9652133580705009 0.22103340292275572 0.0027829313543599257 0.0015657620041753652
1 0.9420222634508348 0.26330897703549055 0.00463821892393321 0.004697286012526096
1 0.9768089053803339 0.25652400835073064 0.0037105751391465678 0.0036534446764091852
1 0.9559369202226345 0.2257306889352818 0.0027829313543599257 0.0026096033402922755
1 0.9652133580705009 0.21998956158663882 0.0027829313543599257 0.0026096033402922755
1 0.9795918367346939 0.24582463465553234 0.0037105751391465678 0.0031315240083507304
2 0.9800556586270872 0.24712943632567846 0.00463821892393321 0.0036534446764091852
3 0.9679962894248608 0.2272964509394572 0.008348794063079777 0.0036534446764091852
3 0.9809833024118738 0.22416492693110646 0.008348794063079777 0.004697286012526096
3 0.9823747680890538 0.2283402922755741 0.011131725417439703 0.0036534446764091852
9 0.9846938775510204 0.23147181628392482 0.006493506493506494 0.0036534446764091852
5 0.937847866419295 0.23903966597077242 0.016697588126159554 0.010438413361169102
3 0.9420222634508348 0.2272964509394572 0.010204081632653062 0.004697286012526096
4 0.9452690166975881 0.22416492693110646 0.00927643784786642 0.004697286012526096
3 0.9782003710575139 0.22025052192066805 0.008348794063079777 0.0031315240083507304
3 0.9675324675324676 0.21581419624217116 0.0055658627087198514 0.0026096033402922755
5 0.9591836734693878 0.21581419624217116 0.0074211502782931356 0.0057411273486430055
1 0.9304267161410019 0.3136743215031315 0.0074211502782931356 0.008350730688935281
1 0.9800556586270872 0.33402922755741127 0.008348794063079777 0.009394572025052192
9 0.9299628942486086 0.3157620041753653 0.008348794063079777 0.0073068893528183704
9 0.9814471243042672 0.3355949895615866 0.00927643784786642 0.008350730688935281
2 1.077922077922078 0.3781315240083507 0.02411873840445269 0.007828810020876827
9 1.086734693877551 0.3802192066805845 0.0176252319109462 0.009916492693110646
