3 0.7126666666666667 0.6965 0.11333333333333333 0.10400000000000001
9 0.9433333333333334 0.70925 0.036 0.0485
1 0.5489999999999999 0.541 0.024666666666666667 0.018000000000000002
9 0.6613333333333333 0.525 0.029333333333333333 0.036000000000000004
1 0.662 0.52575 0.024 0.0205
9 0.7213333333333333 0.5965 0.03733333333333333 0.036000000000000004
1 0.7243333333333333 0.5992500000000001 0.024666666666666667 0.0205
1 0.713 0.5855 0.022 0.015
6 0.9886666666666666 0.64925 0.088 0.0425
5 0.8816666666666666 0.57025 0.14066666666666666 0.1225
1 1.0386666666666666 0.58525 0.030666666666666665 0.0195
1 1.0593333333333332 0.603 0.024 0.017
3 1.0086666666666666 0.46875 0.12666666666666665 0.10350000000000001
4 0.7676666666666666 0.46075 0.09133333333333334 0.0775
9 0.6829999999999999 0.43775000000000003 0.02333333333333333 0.0205
1 0.6819999999999999 0.43675 0.016 0.0155
1 0.6826666666666666 0.37975000000000003 0.017333333333333333 0.0205
1 0.6503333333333333 0.36525 0.018 0.021500000000000002
6 0.45799999999999996 0.442 0.07733333333333334 0.066
9 0.471 0.37025 0.03933333333333333 0.029500000000000002
6 1.2553333333333332 0.35050000000000003 0.08133333333333333 0.053
2 1.303 0.31525000000000003 0.048666666666666664 0.0335
6 1.202 0.26725 0.064 0.0315
9 1.1856666666666666 0.24325 0.033999999999999996 0.0365
2 1.1486666666666667 0.23775000000000002 0.04133333333333333 0.025500000000000002
9 1.1113333333333333 0.28675 0.04133333333333333 0.0365
3 1.0373333333333332 0.26825 0.13333333333333333 0.0635
4 1.0033333333333334 0.232 0.06533333333333333 0.047
9 1.2916666666666665 0.268 0.051333333333333335 0.032
9 1.289 0.25325000000000003 0.051333333333333335 0.029500000000000002
2 1.0103333333333333 0.18975 0.051333333333333335 0.0185
2 1.0823333333333334 0.1815 0.04466666666666667 0.029
6 0.7486666666666666 0.22025 0.07733333333333334 0.0665
9 0.8696666666666666 0.10275000000000001 0.048666666666666664 0.0205
9 0.8966666666666666 0.0945 0.032 0.031
2 0.874 0.06375 0.04133333333333333 0.029500000000000002
2 0.854 0.05075 0.04 0.0245
2 0.8256666666666667 0.03025 0.03933333333333333 0.0225
4 0.7753333333333333 0.0585 0.12133333333333333 0.073
9 0.5126666666666666 0.266 0.029333333333333333 0.028
1 0.52 0.253 0.021333333333333333 0.013000000000000001
4 0.259 0.33625 0.06333333333333332 0.0935
4 0.5646666666666667 0.07200000000000001 0.08533333333333333 0.082
9 0.145 0.242 0.03666666666666667 0.035
2 0.12666666666666665 0.042 0.030666666666666665 0.03
1 0.11299999999999999 0.05475 0.03 0.0145
1 0.09766666666666667 0.038 0.02733333333333333 0.013000000000000001
