3 0.6013333333333333 0.494 0.04133333333333333 0.039
3 0.6713333333333333 0.55 0.050666666666666665 0.049
5 0.606 0.38025000000000003 0.03866666666666667 0.0405
5 0.896 0.66 0.212 0.179
3 0.7646666666666666 0.47975 0.04133333333333333 0.0345
3 0.9503333333333333 0.50575 0.10466666666666666 0.029500000000000002
5 0.6523333333333333 0.42675 0.054 0.0545
3 1.0996666666666666 0.4875 0.086 0.031
3 1.1059999999999999 0.451 0.07333333333333333 0.025
3 1.067 0.43925000000000003 0.06466666666666666 0.0205
3 1.0566666666666666 0.422 0.07333333333333333 0.019
3 0.6626666666666666 0.355 0.02 0.012
5 0.6873333333333334 0.34900000000000003 0.022666666666666665 0.019
5 0.62 0.33675 0.025333333333333333 0.0205
3 0.5943333333333333 0.31025 0.012666666666666666 0.0085
3 0.6133333333333333 0.312 0.013333333333333332 0.009000000000000001
3 0.6453333333333333 0.30625 0.014666666666666666 0.0085
3 0.6763333333333333 0.3045 0.03 0.007
3 0.598 0.291 0.012 0.007
3 0.6103333333333333 0.29725 0.012666666666666666 0.0095
3 0.633 0.298 0.011333333333333332 0.006
1 1.2483333333333333 0.49575 0.011333333333333332 0.0185
3 0.962 0.3565 0.048 0.018000000000000002
3 0.9803333333333333 0.35000000000000003 0.03266666666666666 0.011
3 0.9069999999999999 0.33825 0.020666666666666667 0.0105
3 0.8383333333333333 0.31825000000000003 0.02333333333333333 0.0075
3 0.843 0.306 0.018 0.007
3 0.725 0.27875 0.008666666666666666 0.0045000000000000005
5 0.7216666666666667 0.27325 0.006 0.0045000000000000005
5 0.6456666666666666 0.29525 0.008666666666666666 0.0085
4 0.6293333333333333 0.29225 0.009333333333333332 0.006500000000000001
3 0.6256666666666666 0.28500000000000003 0.008666666666666666 0.005
3 0.633 0.27975 0.006 0.0055
3 0.6226666666666666 0.28150000000000003 0.006666666666666666 0.004
3 0.6206666666666667 0.2775 0.006666666666666666 0.005
3 0.6286666666666666 0.2775 0.005333333333333333 0.005
5 0.6023333333333333 0.269 0.007333333333333333 0.007
5 0.624 0.272 0.008 0.007
5 0.6216666666666667 0.274 0.007333333333333333 0.004
3 0.594 0.2595 0.010666666666666666 0.004
3 0.5933333333333333 0.26425 0.005333333333333333 0.0035
3 0.5973333333333333 0.2655 0.005333333333333333 0.004
