3 0.737012987012987 0.47703549060542794 0.043599257884972174 0.011482254697286011
3 0.8585343228200372 0.44415448851774525 0.036178107606679034 0.008350730688935281
4 0.8798701298701299 0.43841336116910223 0.03246753246753247 0.010438413361169102
3 0.6614100185528757 0.49556367432150306 0.04267161410018553 0.013048016701461376
3 0.6428571428571429 0.5002609603340292 0.04081632653061225 0.010960334029227557
3 0.6261595547309833 0.5046972860125261 0.03896103896103896 0.012526096033402922
3 0.6057513914656771 0.5114822546972859 0.04081632653061225 0.012526096033402922
3 0.7527829313543599 0.4723382045929018 0.03803339517625232 0.010438413361169102
3 0.8970315398886828 0.43084551148225464 0.0352504638218924 0.009916492693110646
3 0.9313543599257885 0.4240605427974947 0.029684601113172542 0.007828810020876827
3 0.9155844155844156 0.42771398747390393 0.02411873840445269 0.007828810020876827
3 0.9434137291280149 0.418580375782881 0.025974025974025976 0.0073068893528183704
3 1.3664192949907237 0.447286012526096 0.03153988868274583 0.008350730688935281
3 1.401669758812616 0.39483298538622125 0.020408163265306124 0.004697286012526096
3 1.033395176252319 0.37004175365344466 0.020408163265306124 0.0041753653444676405
3 1.0398886827458256 0.3666492693110647 0.022263450834879406 0.0057411273486430055
3 1.0487012987012987 0.36560542797494777 0.015769944341372914 0.004697286012526096
3 1.0538033395176252 0.36221294363256784 0.01855287569573284 0.0041753653444676405
3 1.0644712430426717 0.3593423799582463 0.021335807050092765 0.004697286012526096
3 1.2054730983302413 0.3384655532359081 0.008348794063079777 0.004697286012526096
4 1.1799628942486085 0.337160751565762 0.00927643784786642 0.005219206680584551
3 0.2880333951762523 0.5093945720250521 0.049165120593692026 0.018789144050104383
3 0.2717996289424861 0.5529749478079331 0.04452690166975881 0.015135699373695197
5 0.29313543599257885 0.5524530271398747 0.03896103896103896 0.01826722338204593
