1 0.11366666666666667 0.386 0.019333333333333334 0.017
1 0.6689999999999999 0.29775 0.019333333333333334 0.0205
1 0.6849999999999999 0.2975 0.015333333333333332 0.016
1 0.6799999999999999 0.2275 0.016 0.016
2 0.6816666666666666 0.23550000000000001 0.03133333333333333 0.016
1 0.7813333333333333 0.2575 0.024 0.025
1 0.8046666666666666 0.25975 0.026666666666666665 0.0205
1 0.7949999999999999 0.2675 0.015333333333333332 0.015
1 0.885 0.2585 0.015333333333333332 0.016
1 0.9 0.25325000000000003 0.016 0.0145
1 0.888 0.2445 0.010666666666666666 0.011
2 0.703 0.1165 0.03666666666666667 0.029
2 0.716 0.1145 0.03733333333333333 0.027
2 0.8623333333333333 0.1305 0.03666666666666667 0.024
2 0.9633333333333333 0.11475 0.030666666666666665 0.021500000000000002
