3 0.7276190476190476 0.5692857142857143 0.026666666666666665 0.041428571428571426
3 0.7214285714285714 0.7003571428571429 0.037142857142857144 0.06785714285714285
3 0.6795238095238095 0.4417857142857143 0.021904761904761906 0.03642857142857143
3 0.7228571428571429 0.35428571428571426 0.02095238095238095 0.02142857142857143
3 0.5633333333333334 0.7160714285714286 0.04666666666666667 0.06642857142857143
3 0.5742857142857143 0.6532142857142857 0.0419047619047619 0.05785714285714286
3 0.5904761904761905 0.5942857142857143 0.0419047619047619 0.055714285714285716
3 0.599047619047619 0.5407142857142857 0.03238095238095238 0.047142857142857146
3 0.6085714285714285 0.4975 0.02857142857142857 0.039285714285714285
3 0.6176190476190476 0.46 0.02761904761904762 0.03428571428571429
3 0.6257142857142857 0.4282142857142857 0.024761904761904763 0.029285714285714286
3 0.6314285714285715 0.40535714285714286 0.024761904761904763 0.027857142857142858
3 0.77 0.3875 0.018095238095238095 0.025
3 0.6471428571428571 0.34 0.018095238095238095 0.02142857142857143
3 0.7657142857142857 0.3460714285714286 0.01904761904761905 0.019285714285714285
3 0.6523809523809524 0.31285714285714283 0.01904761904761905 0.02142857142857143
3 0.6571428571428571 0.2932142857142857 0.017142857142857144 0.016428571428571428
3 0.66 0.2710714285714286 0.015238095238095238 0.015
3 0.6657142857142857 0.2557142857142857 0.013333333333333332 0.014285714285714285
3 0.6676190476190477 0.24321428571428572 0.013333333333333332 0.012142857142857143
3 0.6733333333333333 0.22535714285714287 0.013333333333333332 0.013571428571428571
3 0.6738095238095239 0.2175 0.010476190476190476 0.009285714285714286
3 0.6742857142857143 0.20892857142857144 0.011428571428571429 0.009285714285714286
3 0.6771428571428572 0.2007142857142857 0.011428571428571429 0.01
3 0.6785714285714286 0.1925 0.008571428571428572 0.0064285714285714285
3 0.6804761904761905 0.18357142857142858 0.010476190476190476 0.008571428571428572
3 0.6819047619047619 0.1757142857142857 0.009523809523809525 0.007142857142857143
3 0.6866666666666666 0.16071428571428573 0.009523809523809525 0.007142857142857143
3 0.6433333333333333 0.3557142857142857 0.02 0.024285714285714285
3 0.6419047619047619 0.225 0.015238095238095238 0.015714285714285715
5 0.6485714285714286 0.14535714285714285 0.005714285714285714 0.0064285714285714285
3 0.7219047619047619 0.030714285714285715 0.007619047619047619 0.005714285714285714
3 0.7304761904761905 0.061785714285714284 0.0038095238095238095 0.0035714285714285713
3 0.72 0.05714285714285714 0.005714285714285714 0.002857142857142857
3 0.7195238095238096 0.060714285714285714 0.006666666666666666 0.002857142857142857
3 0.7195238095238096 0.06392857142857143 0.006666666666666666 0.002142857142857143
3 0.719047619047619 0.06678571428571428 0.005714285714285714 0.0035714285714285713
3 0.7271428571428571 0.06642857142857143 0.004761904761904762 0.002857142857142857
3 0.7276190476190476 0.07035714285714285 0.005714285714285714 0.0035714285714285713
3 0.7119047619047619 0.075 0.006666666666666666 0.004285714285714286
3 0.7323809523809524 0.09392857142857143 0.005714285714285714 0.0035714285714285713
3 0.7252380952380952 0.09642857142857143 0.006666666666666666 0.004285714285714286
3 0.7295238095238096 0.08964285714285715 0.005714285714285714 0.0035714285714285713
3 0.7285714285714285 0.08571428571428572 0.005714285714285714 0.004285714285714286
3 0.729047619047619 0.08321428571428571 0.006666666666666666 0.0035714285714285713
3 0.729047619047619 0.08 0.006666666666666666 0.002857142857142857
3 0.7280952380952381 0.07571428571428572 0.004761904761904762 0.002857142857142857
3 0.6895238095238095 0.09857142857142857 0.013333333333333332 0.005714285714285714
3 0.7085714285714285 0.10071428571428571 0.011428571428571429 0.004285714285714286
3 0.7061904761904761 0.08678571428571429 0.006666666666666666 0.005
3 0.7114285714285714 0.07964285714285714 0.005714285714285714 0.0035714285714285713
3 0.6714285714285714 0.10678571428571429 0.011428571428571429 0.0035714285714285713
3 0.6714285714285714 0.11 0.011428571428571429 0.004285714285714286
3 0.6704761904761904 0.11357142857142857 0.009523809523809525 0.004285714285714286
3 0.6704761904761904 0.11678571428571428 0.009523809523809525 0.0035714285714285713
3 0.6757142857142857 0.11964285714285715 0.008571428571428572 0.0035714285714285713
3 0.6761904761904762 0.12464285714285714 0.011428571428571429 0.005
3 0.6919047619047619 0.11357142857142857 0.006666666666666666 0.002857142857142857
3 0.6919047619047619 0.11785714285714285 0.006666666666666666 0.002857142857142857
3 0.6923809523809524 0.12035714285714286 0.007619047619047619 0.0035714285714285713
3 0.6933333333333334 0.12428571428571429 0.009523809523809525 0.004285714285714286
3 0.6919047619047619 0.13 0.006666666666666666 0.005714285714285714
3 0.6914285714285714 0.1357142857142857 0.007619047619047619 0.005714285714285714
3 0.690952380952381 0.14 0.008571428571428572 0.004285714285714286
3 0.69 0.14392857142857143 0.008571428571428572 0.005
3 0.689047619047619 0.14821428571428572 0.006666666666666666 0.005
3 0.6885714285714286 0.15357142857142858 0.007619047619047619 0.007142857142857143
3 0.6628571428571428 0.15071428571428572 0.009523809523809525 0.007142857142857143
3 0.6857142857142857 0.1667857142857143 0.011428571428571429 0.0064285714285714285
3 0.7133333333333334 0.18357142857142858 0.013333333333333332 0.01
3 0.7104761904761905 0.2057142857142857 0.013333333333333332 0.011428571428571429
3 0.6761904761904762 0.13714285714285715 0.009523809523809525 0.007142857142857143
3 0.6895238095238095 0.3582142857142857 0.022857142857142857 0.030714285714285715
9 0.7361904761904762 0.26285714285714284 0.005714285714285714 0.008571428571428572
3 0.7280952380952381 0.22607142857142856 0.012380952380952381 0.010714285714285714
9 0.741904761904762 0.21321428571428572 0.0038095238095238095 0.009285714285714286
3 0.7542857142857143 0.04357142857142857 0.009523809523809525 0.002857142857142857
3 0.7628571428571429 0.04857142857142857 0.0038095238095238095 0.002857142857142857
3 0.7695238095238095 0.048214285714285716 0.0038095238095238095 0.002142857142857143
3 0.7757142857142857 0.05142857142857143 0.002857142857142857 0.002857142857142857
3 0.7747619047619048 0.041428571428571426 0.004761904761904762 0.002857142857142857
3 0.7752380952380953 0.045 0.005714285714285714 0.002857142857142857
3 0.7528571428571429 0.04964285714285714 0.010476190476190476 0.002142857142857143
3 0.7742857142857142 0.06357142857142857 0.005714285714285714 0.002857142857142857
3 0.7733333333333333 0.09535714285714286 0.011428571428571429 0.0035714285714285713
3 0.7857142857142857 0.09857142857142857 0.013333333333333332 0.005714285714285714
3 0.7723809523809524 0.09285714285714286 0.011428571428571429 0.004285714285714286
3 0.7861904761904762 0.09428571428571429 0.010476190476190476 0.002857142857142857
3 0.8 0.09964285714285714 0.013333333333333332 0.005
9 0.8028571428571428 0.2275 0.005714285714285714 0.007857142857142858
9 0.8047619047619048 0.24035714285714285 0.0038095238095238095 0.0064285714285714285
3 0.7676190476190476 0.03214285714285714 0.009523809523809525 0.004285714285714286
3 0.7685714285714286 0.13785714285714284 0.007619047619047619 0.007142857142857143
3 0.7719047619047619 0.15071428571428572 0.012380952380952381 0.005714285714285714
3 0.7442857142857143 0.13178571428571428 0.010476190476190476 0.0064285714285714285
3 0.7447619047619047 0.1375 0.009523809523809525 0.0064285714285714285
3 0.7452380952380953 0.14392857142857143 0.010476190476190476 0.005
3 0.7466666666666667 0.15607142857142858 0.009523809523809525 0.0064285714285714285
3 0.7466666666666667 0.16178571428571428 0.009523809523809525 0.005
3 0.7476190476190476 0.1667857142857143 0.009523809523809525 0.0064285714285714285
3 0.7476190476190476 0.1732142857142857 0.009523809523809525 0.0064285714285714285
3 0.7480952380952381 0.1792857142857143 0.010476190476190476 0.007142857142857143
3 0.7490476190476191 0.18607142857142858 0.010476190476190476 0.0064285714285714285
3 0.7519047619047619 0.20035714285714284 0.012380952380952381 0.009285714285714286
3 0.7523809523809524 0.20857142857142857 0.013333333333333332 0.008571428571428572
3 0.7538095238095238 0.22714285714285715 0.012380952380952381 0.007142857142857143
3 0.7542857142857143 0.23642857142857143 0.013333333333333332 0.012857142857142857
9 0.8133333333333334 0.1767857142857143 0.005714285714285714 0.007857142857142858
3 0.7847619047619048 0.19714285714285715 0.009523809523809525 0.008571428571428572
3 0.7847619047619048 0.2292857142857143 0.011428571428571429 0.008571428571428572
3 0.7847619047619048 0.21785714285714286 0.009523809523809525 0.008571428571428572
3 0.76 0.26821428571428574 0.017142857142857144 0.016428571428571428
3 0.7790476190476191 0.26821428571428574 0.013333333333333332 0.015
5 0.800952380952381 0.2625 0.017142857142857144 0.017857142857142856
3 0.8033333333333333 0.27714285714285714 0.02761904761904762 0.01
3 0.8080952380952381 0.2925 0.040952380952380955 0.013571428571428571
3 0.7609523809523809 0.3107142857142857 0.02095238095238095 0.017142857142857144
3 0.7633333333333333 0.32821428571428574 0.021904761904761906 0.016428571428571428
3 0.7714285714285715 0.4110714285714286 0.01904761904761905 0.02214285714285714
3 0.8033333333333333 0.4257142857142857 0.029523809523809525 0.054285714285714284
3 0.7871428571428571 0.5046428571428572 0.037142857142857144 0.04214285714285714
3 0.7880952380952381 0.5475 0.037142857142857144 0.06357142857142857
3 0.7961904761904762 0.6128571428571429 0.04 0.05857142857142857
3 0.799047619047619 0.6832142857142857 0.0419047619047619 0.07928571428571428
9 0.8738095238095238 0.5175 0.010476190476190476 0.016428571428571428
3 0.8419047619047619 0.2671428571428571 0.017142857142857144 0.015714285714285715
3 0.8228571428571428 0.26607142857142857 0.01904761904761905 0.017857142857142856
3 0.8257142857142857 0.24785714285714286 0.03428571428571429 0.011428571428571429
3 0.8957142857142857 0.2810714285714286 0.04666666666666667 0.016428571428571428
9 0.8247619047619048 0.21071428571428572 0.015238095238095238 0.008571428571428572
9 0.8219047619047619 0.1792857142857143 0.011428571428571429 0.005714285714285714
3 0.8504761904761905 0.06892857142857142 0.007619047619047619 0.005
3 0.8423809523809523 0.06785714285714285 0.004761904761904762 0.005714285714285714
3 0.9695238095238096 0.08607142857142858 0.005714285714285714 0.005
3 0.9266666666666666 0.25285714285714284 0.013333333333333332 0.007142857142857143
1 0.7423809523809524 0.21071428571428572 0.002857142857142857 0.004285714285714286
1 0.7361904761904762 0.26142857142857145 0.0038095238095238095 0.004285714285714286
1 0.8028571428571428 0.22607142857142856 0.005714285714285714 0.0035714285714285713
1 0.8057142857142857 0.23892857142857143 0.005714285714285714 0.0035714285714285713
1 0.8138095238095238 0.17535714285714285 0.004761904761904762 0.005
1 0.8747619047619047 0.5153571428571428 0.008571428571428572 0.009285714285714286
