1 0.08571428571428572 0.3796428571428571 0.009523809523809525 0.0035714285714285713
3 0.2261904761904762 0.36857142857142855 0.025714285714285714 0.024285714285714285
3 0.24761904761904763 0.36607142857142855 0.02095238095238095 0.02214285714285714
3 0.2661904761904762 0.37535714285714283 0.01619047619047619 0.023571428571428573
3 0.28285714285714286 0.3817857142857143 0.017142857142857144 0.025
3 0.3061904761904762 0.39 0.018095238095238095 0.022857142857142857
3 0.34714285714285714 0.3982142857142857 0.018095238095238095 0.023571428571428573
3 0.3661904761904762 0.4039285714285714 0.018095238095238095 0.025
3 0.38571428571428573 0.4114285714285714 0.015238095238095238 0.018571428571428572
3 0.4066666666666667 0.4085714285714286 0.02095238095238095 0.024285714285714285
3 0.42904761904761907 0.4135714285714286 0.018095238095238095 0.024285714285714285
3 0.490952380952381 0.42928571428571427 0.037142857142857144 0.017142857142857144
3 0.48714285714285716 0.41285714285714287 0.037142857142857144 0.011428571428571429
3 0.4919047619047619 0.3967857142857143 0.035238095238095235 0.012142857142857143
3 0.5223809523809524 0.3767857142857143 0.018095238095238095 0.025
3 0.5133333333333333 0.46964285714285714 0.015238095238095238 0.019285714285714285
3 0.5114285714285715 0.5 0.015238095238095238 0.024285714285714285
3 0.560952380952381 0.5003571428571428 0.017142857142857144 0.029285714285714286
3 0.5085714285714286 0.5364285714285715 0.015238095238095238 0.025714285714285714
3 0.5061904761904762 0.5732142857142857 0.01619047619047619 0.030714285714285715
3 0.5028571428571429 0.6121428571428571 0.017142857142857144 0.03
3 0.4980952380952381 0.6507142857142857 0.01904761904761905 0.03142857142857143
3 0.4938095238095238 0.695 0.02 0.03
3 0.5576190476190476 0.7142857142857143 0.01619047619047619 0.03428571428571429
3 0.49476190476190474 0.7364285714285714 0.01619047619047619 0.025714285714285714
9 0.5738095238095238 0.6885714285714286 0.008571428571428572 0.002857142857142857
2 0.5776190476190476 0.5457142857142857 0.012380952380952381 0.004285714285714286
2 0.5771428571428572 0.5392857142857143 0.011428571428571429 0.002857142857142857
9 0.5785714285714286 0.5203571428571429 0.008571428571428572 0.0035714285714285713
9 0.58 0.5160714285714286 0.011428571428571429 0.0035714285714285713
3 0.560952380952381 0.5353571428571429 0.015238095238095238 0.027857142857142858
3 0.5271428571428571 0.3292857142857143 0.014285714285714285 0.022857142857142857
3 0.5266666666666666 0.3 0.017142857142857144 0.02142857142857143
3 0.5280952380952381 0.2775 0.014285714285714285 0.020714285714285713
3 0.5314285714285715 0.2532142857142857 0.013333333333333332 0.020714285714285713
3 0.5338095238095238 0.23 0.014285714285714285 0.02
3 0.5366666666666666 0.20892857142857144 0.012380952380952381 0.019285714285714285
3 0.5366666666666666 0.19 0.012380952380952381 0.017142857142857144
3 0.5404761904761904 0.1407142857142857 0.010476190476190476 0.017142857142857144
3 0.5385714285714286 0.1632142857142857 0.012380952380952381 0.016428571428571428
3 0.5423809523809524 0.11964285714285715 0.012380952380952381 0.017857142857142856
3 0.5438095238095239 0.10071428571428571 0.011428571428571429 0.017142857142857144
3 0.5457142857142857 0.08214285714285714 0.011428571428571429 0.014285714285714285
5 0.5476190476190477 0.06392857142857143 0.013333333333333332 0.02214285714285714
3 0.3580952380952381 0.16214285714285714 0.017142857142857144 0.02142857142857143
1 0.3628571428571429 0.10035714285714285 0.0019047619047619048 0.002142857142857143
9 0.36238095238095236 0.10107142857142858 0.002857142857142857 0.007857142857142858
3 0.38761904761904764 0.054285714285714284 0.013333333333333332 0.015714285714285715
9 0.6242857142857143 0.3364285714285714 0.010476190476190476 0.004285714285714286
9 0.6252380952380953 0.3425 0.010476190476190476 0.0064285714285714285
4 0.6619047619047619 0.3425 0.026666666666666665 0.017857142857142856
3 0.6580952380952381 0.3 0.013333333333333332 0.022857142857142857
3 0.6576190476190477 0.2757142857142857 0.012380952380952381 0.02142857142857143
3 0.6933333333333334 0.24 0.013333333333333332 0.02
3 0.6566666666666666 0.2417857142857143 0.014285714285714285 0.020714285714285713
3 0.6571428571428571 0.22 0.013333333333333332 0.02
3 0.6580952380952381 0.19892857142857143 0.013333333333333332 0.019285714285714285
3 0.6566666666666666 0.17964285714285713 0.012380952380952381 0.017857142857142856
3 0.6557142857142857 0.15428571428571428 0.012380952380952381 0.018571428571428572
4 1.0076190476190476 0.10642857142857143 0.01904761904761905 0.017142857142857144
9 1.026190476190476 0.05392857142857143 0.006666666666666666 0.0064285714285714285
9 0.6347619047619047 0.5228571428571429 0.004761904761904762 0.01
9 0.6352380952380953 0.5371428571428571 0.005714285714285714 0.011428571428571429
3 0.6580952380952381 0.6217857142857143 0.0419047619047619 0.013571428571428571
3 0.6176190476190476 0.685 0.040952380952380955 0.015714285714285715
3 0.6166666666666667 0.7225 0.039047619047619046 0.016428571428571428
3 0.6171428571428571 0.7417857142857143 0.0380952380952381 0.015
3 0.8242857142857143 0.3357142857142857 0.035238095238095235 0.01
3 1.0133333333333334 0.33321428571428574 0.03238095238095238 0.010714285714285714
3 0.9057142857142857 0.3339285714285714 0.0380952380952381 0.010714285714285714
4 0.95 0.33464285714285713 0.039047619047619046 0.013571428571428571
