3 0.08571428571428572 0.4 0.047619047619047616 0.015714285714285715
3 0.5223809523809524 0.3182142857142857 0.035238095238095235 0.013571428571428571
3 0.5961904761904762 0.2592857142857143 0.0380952380952381 0.017142857142857144
3 0.5176190476190476 0.26321428571428573 0.037142857142857144 0.013571428571428571
3 0.5161904761904762 0.2392857142857143 0.04 0.014285714285714285
3 0.5138095238095238 0.20857142857142857 0.040952380952380955 0.015714285714285715
3 0.5133333333333333 0.1692857142857143 0.03428571428571429 0.015714285714285715
3 0.5885714285714285 0.1682142857142857 0.04 0.016428571428571428
3 0.589047619047619 0.12821428571428573 0.03333333333333333 0.013571428571428571
3 0.5852380952380952 0.09928571428571428 0.037142857142857144 0.015714285714285715
3 0.5047619047619047 0.09964285714285714 0.03428571428571429 0.016428571428571428
4 0.5285714285714286 0.42 0.03238095238095238 0.015714285714285715
3 0.6147619047619047 0.6975 0.040952380952380955 0.016428571428571428
5 0.7747619047619048 0.345 0.029523809523809525 0.06428571428571428
9 0.7371428571428571 0.37 0.007619047619047619 0.011428571428571429
3 0.98 0.28785714285714287 0.02095238095238095 0.027142857142857142
9 1.0019047619047619 0.26035714285714284 0.009523809523809525 0.013571428571428571
