4 0.5431472081218274 0.0175 0.04060913705583756 0.015
4 0.6015228426395939 0.018571428571428572 0.04060913705583756 0.012857142857142857
3 0.7119289340101522 0.01 0.027918781725888322 0.008571428571428572
3 0.7081218274111675 0.014285714285714285 0.03045685279187817 0.008571428571428572
3 0.7100253807106598 0.017857142857142856 0.031725888324873094 0.008571428571428572
4 0.690989847715736 0.03214285714285714 0.04441624365482233 0.011428571428571429
4 0.6313451776649746 0.054285714285714284 0.016497461928934008 0.01
3 0.6986040609137055 0.08607142857142858 0.03934010152284264 0.007857142857142858
3 1.026015228426396 0.005357142857142857 0.011421319796954314 0.007857142857142858
3 1.0038071065989846 0.016785714285714286 0.01015228426395939 0.0064285714285714285
3 0.9968274111675126 0.02857142857142857 0.013959390862944161 0.008571428571428572
4 0.990482233502538 0.04107142857142857 0.013959390862944161 0.009285714285714286
8 1.0184010152284264 0.02107142857142857 0.019035532994923856 0.023571428571428573
8 1.0114213197969542 0.04214285714285714 0.02284263959390863 0.03142857142857143
8 0.9244923857868019 0.04607142857142857 0.03934010152284264 0.029285714285714286
9 1.0444162436548223 0.027857142857142858 0.005076142131979695 0.005714285714285714
1 1.0450507614213198 0.02642857142857143 0.006345177664974619 0.005714285714285714
4 1.03743654822335 0.044642857142857144 0.011421319796954314 0.009285714285714286
3 1.031725888324873 0.07321428571428572 0.015228426395939085 0.010714285714285714
3 1.0025380710659897 0.07178571428571429 0.015228426395939085 0.010714285714285714
8 1.0932741116751268 0.06321428571428571 0.031725888324873094 0.03642857142857143
4 0.9835025380710659 0.056428571428571425 0.012690355329949238 0.008571428571428572
8 0.9758883248730964 0.075 0.025380710659898477 0.037142857142857144
8 0.8343908629441624 0.1332142857142857 0.05456852791878172 0.039285714285714285
3 0.8546954314720812 0.10107142857142858 0.024111675126903553 0.012142857142857143
3 0.9758883248730964 0.10857142857142857 0.015228426395939085 0.011428571428571429
3 1.0025380710659897 0.11357142857142857 0.017766497461928932 0.011428571428571429
8 1.03743654822335 0.12535714285714286 0.021573604060913704 0.023571428571428573
3 0.9809644670050761 0.13392857142857142 0.017766497461928932 0.013571428571428571
3 0.9828680203045684 0.16785714285714284 0.021573604060913704 0.012857142857142857
3 1.182741116751269 0.165 0.027918781725888322 0.018571428571428572
4 1.2848984771573604 0.2382142857142857 0.03934010152284264 0.025
3 1.2354060913705582 0.32357142857142857 0.03680203045685279 0.025714285714285714
3 1.1491116751269035 0.3107142857142857 0.03680203045685279 0.027142857142857142
3 1.0805837563451777 0.3435714285714286 0.03680203045685279 0.027142857142857142
3 1.306472081218274 0.5017857142857143 0.05456852791878172 0.045
3 0.8927664974619288 0.40464285714285714 0.06472081218274112 0.019285714285714285
8 0.7576142131979695 0.32321428571428573 0.08375634517766496 0.03785714285714286
8 0.7753807106598984 0.31 0.11675126903553298 0.05142857142857143
8 0.7912436548223349 0.29642857142857143 0.11548223350253806 0.05
8 0.7969543147208121 0.2807142857142857 0.11421319796954314 0.045714285714285714
8 0.8356598984771573 0.2785714285714286 0.06472081218274112 0.032857142857142856
8 0.8274111675126903 0.2592857142857143 0.11421319796954314 0.045714285714285714
8 0.8343908629441624 0.24785714285714286 0.11294416243654821 0.04428571428571428
8 0.8381979695431472 0.23214285714285715 0.10532994923857868 0.04
8 0.8680203045685279 0.21428571428571427 0.08629441624365482 0.03571428571428571
8 0.8775380710659898 0.20285714285714285 0.10532994923857868 0.04
8 0.7836294416243654 0.17607142857142857 0.03934010152284264 0.030714285714285715
8 0.7379441624365481 0.22607142857142856 0.07994923857868019 0.047857142857142855
8 0.6897208121827411 0.2764285714285714 0.06218274111675126 0.04285714285714286
8 0.6605329949238579 0.26607142857142857 0.09010152284263959 0.05357142857142857
8 0.6516497461928934 0.24714285714285714 0.09263959390862943 0.05142857142857143
3 0.053299492385786795 0.3175 0.04060913705583756 0.020714285714285713
3 0.11357868020304568 0.3360714285714286 0.04441624365482233 0.020714285714285713
4 0.5628172588832487 0.4307142857142857 0.07233502538071065 0.02142857142857143
4 0.12055837563451775 0.5389285714285714 0.08121827411167512 0.03357142857142857
