3 0.12666666666666668 0.012857142857142857 0.10285714285714286 0.025714285714285714
4 0.24571428571428572 0.12892857142857142 0.12571428571428572 0.05928571428571429
4 0.36714285714285716 0.027857142857142858 0.07333333333333333 0.055714285714285716
3 0.48238095238095235 0.01607142857142857 0.05619047619047619 0.03357142857142857
3 0.1819047619047619 0.06035714285714286 0.06476190476190476 0.05785714285714286
3 0.2138095238095238 0.095 0.0980952380952381 0.06142857142857143
4 0.6028571428571429 0.0375 0.07428571428571429 0.060714285714285714
3 0.7180952380952381 0.15321428571428572 0.08 0.06357142857142857
3 0.5823809523809523 0.14535714285714285 0.07142857142857142 0.05928571428571429
3 0.37142857142857144 0.1657142857142857 0.0761904761904762 0.06857142857142857
3 0.3461904761904762 0.24571428571428572 0.1019047619047619 0.055714285714285716
3 0.38285714285714284 0.2760714285714286 0.10095238095238095 0.055
6 0.4919047619047619 0.2735714285714286 0.07142857142857142 0.032857142857142856
3 0.4723809523809524 0.42428571428571427 0.06095238095238095 0.08
1 0.530952380952381 0.6721428571428572 0.02 0.014285714285714285
9 0.5361904761904762 0.635 0.03238095238095238 0.03428571428571429
9 0.5104761904761905 0.5985714285714285 0.03428571428571429 0.024285714285714285
9 0.490952380952381 0.5914285714285714 0.03333333333333333 0.02142857142857143
9 0.4857142857142857 0.5721428571428572 0.0380952380952381 0.014285714285714285
9 0.4480952380952381 0.5503571428571429 0.040952380952380955 0.017857142857142856
4 0.6442857142857142 0.7196428571428571 0.0980952380952381 0.05785714285714286
9 0.7280952380952381 0.7375 0.025714285714285714 0.02214285714285714
1 0.7247619047619047 0.7439285714285714 0.015238095238095238 0.009285714285714286
1 0.7133333333333334 0.7192857142857143 0.02095238095238095 0.015714285714285715
1 0.8023809523809524 0.7275 0.021904761904761906 0.015
2 0.7104761904761905 0.7175 0.024761904761904763 0.025
9 0.8033333333333333 0.7253571428571428 0.018095238095238095 0.035
6 0.7628571428571429 0.5353571428571429 0.06095238095238095 0.056428571428571425
6 0.6614285714285715 0.5246428571428572 0.040952380952380955 0.045
6 0.6247619047619047 0.4589285714285714 0.06095238095238095 0.05357142857142857
9 0.7566666666666667 0.44607142857142856 0.029523809523809525 0.029285714285714286
1 0.7576190476190476 0.44535714285714284 0.01619047619047619 0.016428571428571428
3 0.6676190476190477 0.4067857142857143 0.08761904761904762 0.075
4 0.8638095238095238 0.3989285714285714 0.07428571428571429 0.060714285714285714
4 0.7004761904761905 0.33785714285714286 0.08285714285714285 0.07285714285714286
5 0.8471428571428572 0.26142857142857145 0.12666666666666668 0.10285714285714286
3 1.2523809523809524 0.7278571428571429 0.08190476190476191 0.041428571428571426
3 1.2652380952380953 0.5728571428571428 0.06952380952380953 0.08428571428571428
3 1.0685714285714285 0.6003571428571428 0.10285714285714286 0.07785714285714286
3 0.9976190476190476 0.6325 0.09238095238095238 0.08071428571428571
3 1.0614285714285714 0.5178571428571429 0.08857142857142856 0.06714285714285714
4 1.2923809523809524 0.3610714285714286 0.08 0.056428571428571425
9 1.1038095238095238 0.4407142857142857 0.04 0.024285714285714285
9 1.1242857142857143 0.45571428571428574 0.035238095238095235 0.024285714285714285
1 1.130952380952381 0.45535714285714285 0.02 0.013571428571428571
1 1.1071428571428572 0.44107142857142856 0.021904761904761906 0.013571428571428571
