3 0.2814285714285714 0.06642857142857143 0.010476190476190476 0.017142857142857144
3 0.3171428571428571 0.18357142857142858 0.030476190476190476 0.01
3 0.35333333333333333 0.18464285714285714 0.03238095238095238 0.010714285714285714
3 0.5285714285714286 0.19107142857142856 0.03238095238095238 0.010714285714285714
5 0.23666666666666666 0.20392857142857143 0.04285714285714286 0.016428571428571428
3 0.2714285714285714 0.20964285714285713 0.026666666666666665 0.009285714285714286
3 0.3476190476190476 0.21142857142857144 0.030476190476190476 0.01
3 0.3871428571428571 0.21285714285714286 0.029523809523809525 0.008571428571428572
3 0.42 0.21321428571428572 0.030476190476190476 0.009285714285714286
3 0.508095238095238 0.21678571428571428 0.03142857142857143 0.010714285714285714
3 0.5823809523809523 0.21892857142857142 0.03142857142857143 0.009285714285714286
3 0.6504761904761904 0.195 0.030476190476190476 0.011428571428571429
4 0.7566666666666667 0.22464285714285714 0.03333333333333333 0.012142857142857143
3 0.8033333333333333 0.24607142857142858 0.014285714285714285 0.02214285714285714
3 0.7823809523809524 0.24357142857142858 0.014285714285714285 0.02142857142857143
3 0.8052380952380952 0.27964285714285714 0.03142857142857143 0.012142857142857143
3 0.8319047619047619 0.11785714285714285 0.014285714285714285 0.018571428571428572
3 0.7171428571428572 0.06714285714285714 0.011428571428571429 0.018571428571428572
3 0.6604761904761904 0.1475 0.02761904761904762 0.010714285714285714
3 0.6276190476190476 0.14464285714285716 0.02857142857142857 0.009285714285714286
3 0.579047619047619 0.12392857142857143 0.02857142857142857 0.010714285714285714
3 0.5771428571428572 0.1432142857142857 0.02857142857142857 0.009285714285714286
3 0.5447619047619048 0.14142857142857143 0.02857142857142857 0.01
3 0.5104761904761905 0.14 0.026666666666666665 0.008571428571428572
3 0.47904761904761906 0.13964285714285715 0.022857142857142857 0.009285714285714286
3 0.43761904761904763 0.13857142857142857 0.029523809523809525 0.011428571428571429
9 0.7085714285714285 0.16785714285714284 0.0038095238095238095 0.007142857142857143
9 0.7152380952380952 0.1667857142857143 0.009523809523809525 0.0064285714285714285
3 0.8704761904761905 0.22964285714285715 0.022857142857142857 0.007857142857142858
3 0.9028571428571428 0.2042857142857143 0.030476190476190476 0.008571428571428572
3 0.9395238095238095 0.20642857142857143 0.03142857142857143 0.01
9 0.9414285714285714 0.165 0.008571428571428572 0.007142857142857143
1 0.9419047619047619 0.1625 0.0038095238095238095 0.005
3 0.7976190476190477 0.29392857142857143 0.03142857142857143 0.013571428571428571
3 0.8004761904761905 0.30714285714285716 0.025714285714285714 0.011428571428571429
3 0.7914285714285715 0.32 0.03428571428571429 0.012857142857142857
3 0.7833333333333333 0.33285714285714285 0.03333333333333333 0.011428571428571429
3 0.7714285714285715 0.3607142857142857 0.03238095238095238 0.011428571428571429
3 0.7595238095238095 0.3782142857142857 0.035238095238095235 0.012142857142857143
3 0.7490476190476191 0.39071428571428574 0.03333333333333333 0.011428571428571429
3 0.7352380952380952 0.40535714285714286 0.03238095238095238 0.013571428571428571
3 0.7380952380952381 0.41964285714285715 0.03619047619047619 0.016428571428571428
1 0.03380952380952381 0.3410714285714286 0.008571428571428572 0.0035714285714285713
9 0.03666666666666667 0.3432142857142857 0.006666666666666666 0.002142857142857143
3 1.0180952380952382 0.16178571428571428 0.017142857142857144 0.020714285714285713
