3 1.4169758812615956 0.5315762004175365 0.09925788497217068 0.06002087682672233
3 1.6034322820037106 0.4590292275574112 0.09925788497217068 0.05167014613778705
3 1.7546382189239333 0.37186847599164924 0.041743970315398886 0.03705636743215031
3 1.650278293135436 0.1516179540709812 0.0463821892393321 0.032881002087682666
3 1.7040816326530612 0.06054279749478079 0.0352504638218924 0.018789144050104383
4 1.4128014842300556 0.14248434237995825 0.059369202226345084 0.031315240083507306
3 1.3116883116883118 0.17327766179540707 0.06493506493506494 0.030271398747390394
3 1.0255102040816326 0.24712943632567846 0.06586270871985157 0.03810020876826722
9 1.0500927643784788 0.23564718162839246 0.0352504638218924 0.012004175365344467
5 0.7064007421150278 0.28757828810020875 0.07328385899814471 0.05427974947807933
9 0.6776437847866419 0.18528183716075156 0.01948051948051948 0.014613778705636741
9 0.6999072356215214 0.1829331941544885 0.0176252319109462 0.019311064718162838
3 0.6076066790352505 0.20015657620041752 0.05194805194805195 0.03183716075156576
3 0.46985157699443414 0.229384133611691 0.049165120593692026 0.03496868475991649
3 0.41512059369202226 0.24243215031315238 0.05658627087198516 0.03810020876826722
3 0.313543599257885 0.2653966597077244 0.05194805194805195 0.03496868475991649
3 0.06029684601113173 0.13726513569937368 0.07792207792207792 0.024008350730688934
5 0.0927643784786642 0.42249478079331937 0.0816326530612245 0.07150313152400835
3 0.4536178107606679 0.45172233820459284 0.06679035250463822 0.05167014613778705
3 0.5658627087198516 0.3199373695198329 0.055658627087198514 0.04279749478079332
3 0.8209647495361782 0.3549060542797494 0.06493506493506494 0.037578288100208766
3 0.786178107606679 0.2674843423799582 0.06215213358070501 0.03810020876826722
