3 0.3738095238095238 0.15892857142857142 0.029523809523809525 0.013571428571428571
3 0.3261904761904762 0.6517857142857143 0.07333333333333333 0.075
3 0.7033333333333334 0.6114285714285714 0.054285714285714284 0.06857142857142857
3 0.72 0.5382142857142858 0.04380952380952381 0.056428571428571425
3 0.7433333333333333 0.47785714285714287 0.04285714285714286 0.047142857142857146
3 0.6195238095238095 0.47 0.039047619047619046 0.04857142857142857
3 0.6661904761904762 0.39535714285714285 0.03333333333333333 0.03785714285714286
3 0.7533333333333333 0.42857142857142855 0.03428571428571429 0.03571428571428571
3 0.7666666666666667 0.37857142857142856 0.03238095238095238 0.03
4 0.7247619047619047 0.3657142857142857 0.02857142857142857 0.02857142857142857
3 0.7352380952380952 0.3292857142857143 0.026666666666666665 0.027142857142857142
3 0.7776190476190477 0.33285714285714285 0.025714285714285714 0.02857142857142857
3 0.7871428571428571 0.15107142857142858 0.018095238095238095 0.012142857142857143
9 0.7071428571428572 0.16428571428571428 0.006666666666666666 0.011428571428571429
9 0.6961904761904761 0.17035714285714285 0.005714285714285714 0.007857142857142858
9 0.6804761904761905 0.16464285714285715 0.004761904761904762 0.007857142857142858
9 0.6671428571428571 0.21392857142857144 0.012380952380952381 0.012142857142857143
3 0.82 0.07321428571428572 0.013333333333333332 0.012142857142857143
3 0.8123809523809524 0.08892857142857143 0.013333333333333332 0.010714285714285714
3 0.7942857142857143 0.1367857142857143 0.015238095238095238 0.012142857142857143
3 0.7847619047619048 0.16392857142857142 0.017142857142857144 0.015
3 0.950952380952381 0.0025 0.014285714285714285 0.0064285714285714285
4 0.8185714285714286 0.34035714285714286 0.025714285714285714 0.030714285714285715
3 0.7961904761904762 0.4782142857142857 0.04 0.05071428571428571
3 1.0904761904761904 0.24678571428571427 0.05523809523809524 0.016428571428571428
9 1.0371428571428571 0.22035714285714286 0.015238095238095238 0.009285714285714286
9 1.0276190476190477 0.21428571428571427 0.013333333333333332 0.007142857142857143
9 1.039047619047619 0.19464285714285715 0.009523809523809525 0.010714285714285714
1 1.0395238095238095 0.19214285714285714 0.008571428571428572 0.005714285714285714
1 1.0395238095238095 0.2175 0.008571428571428572 0.007857142857142858
1 1.029047619047619 0.21357142857142858 0.010476190476190476 0.008571428571428572
1 0.7076190476190476 0.16142857142857142 0.007619047619047619 0.005714285714285714
1 0.6804761904761905 0.1632142857142857 0.004761904761904762 0.007857142857142858
1 0.6976190476190476 0.16892857142857143 0.006666666666666666 0.009285714285714286
1 0.6680952380952381 0.21321428571428572 0.006666666666666666 0.0064285714285714285
