3 0.5357142857142857 0.7192857142857143 0.23523809523809525 0.06
3 0.38095238095238093 0.4157142857142857 0.07047619047619047 0.022857142857142857
5 0.6552380952380953 0.41464285714285715 0.08761904761904762 0.030714285714285715
3 0.7219047619047619 0.42928571428571427 0.07809523809523809 0.02
3 0.5047619047619047 0.3992857142857143 0.02857142857142857 0.011428571428571429
4 0.46904761904761905 0.39785714285714285 0.035238095238095235 0.012857142857142857
3 0.4542857142857143 0.38821428571428573 0.024761904761904763 0.007857142857142858
4 0.10571428571428572 0.4035714285714286 0.05714285714285714 0.015714285714285715
4 0.14809523809523809 0.3925 0.04285714285714286 0.012142857142857143
1 0.09380952380952381 0.38821428571428573 0.008571428571428572 0.009285714285714286
9 0.09380952380952381 0.3925 0.021904761904761906 0.007857142857142858
3 1.0309523809523808 0.4425 0.09238095238095238 0.023571428571428573
