3 0.9206852791878172 0.33 0.019035532994923856 0.018571428571428572
3 0.9911167512690354 0.30607142857142855 0.02030456852791878 0.016428571428571428
3 0.8236040609137055 0.3632142857142857 0.02284263959390863 0.017857142857142856
3 0.9549492385786801 0.2714285714285714 0.019035532994923856 0.014285714285714285
3 0.9206852791878172 0.24428571428571427 0.019035532994923856 0.011428571428571429
3 0.9689086294416243 0.22535714285714287 0.013959390862944161 0.012142857142857143
3 0.9378172588832486 0.1457142857142857 0.012690355329949238 0.007142857142857143
3 0.9213197969543147 0.1407142857142857 0.01015228426395939 0.008571428571428572
3 0.8769035532994923 0.15285714285714286 0.01015228426395939 0.007142857142857143
3 0.9333756345177664 0.13285714285714287 0.013959390862944161 0.008571428571428572
3 0.9200507614213197 0.12428571428571429 0.01015228426395939 0.01
3 0.9137055837563451 0.11 0.0076142131979695426 0.005714285714285714
3 0.9130710659898477 0.10214285714285715 0.008883248730964466 0.005714285714285714
3 0.9276649746192893 0.10785714285714286 0.012690355329949238 0.008571428571428572
3 0.9435279187817258 0.10035714285714285 0.008883248730964466 0.0064285714285714285
3 0.8908629441624365 0.09821428571428571 0.0076142131979695426 0.005
3 0.9156091370558375 0.0925 0.006345177664974619 0.0064285714285714285
3 0.9270304568527918 0.09107142857142857 0.008883248730964466 0.0064285714285714285
3 0.8908629441624365 0.08964285714285715 0.0076142131979695426 0.005
3 0.8775380710659898 0.08571428571428572 0.006345177664974619 0.004285714285714286
3 0.8908629441624365 0.08357142857142857 0.01015228426395939 0.005714285714285714
3 0.8775380710659898 0.08071428571428571 0.006345177664974619 0.005714285714285714
3 0.9086294416243654 0.052142857142857144 0.005076142131979695 0.004285714285714286
3 0.9098984771573604 0.056428571428571425 0.005076142131979695 0.002857142857142857
3 0.9124365482233502 0.06678571428571428 0.0076142131979695426 0.007857142857142858
3 0.9118020304568527 0.07392857142857143 0.008883248730964466 0.007857142857142858
3 0.8927664974619288 0.06607142857142857 0.006345177664974619 0.005
3 0.8940355329949238 0.05928571428571429 0.006345177664974619 0.005714285714285714
3 0.883248730964467 0.05785714285714286 0.0076142131979695426 0.004285714285714286
8 0.9194162436548222 0.04642857142857143 0.008883248730964466 0.007142857142857143
5 0.8857868020304568 0.04928571428571429 0.0076142131979695426 0.008571428571428572
5 0.8851522842639593 0.040357142857142855 0.011421319796954314 0.0064285714285714285
4 0.9200507614213197 0.054642857142857146 0.0076142131979695426 0.0064285714285714285
5 0.8711928934010151 0.06464285714285714 0.008883248730964466 0.009285714285714286
3 0.8699238578680203 0.07071428571428572 0.006345177664974619 0.004285714285714286
3 0.881979695431472 0.07214285714285715 0.0076142131979695426 0.005714285714285714
4 0.8851522842639593 0.11714285714285715 0.008883248730964466 0.007142857142857143
4 0.9321065989847716 0.15678571428571428 0.011421319796954314 0.010714285714285714
4 0.9403553299492385 0.1992857142857143 0.015228426395939085 0.014285714285714285
3 0.9016497461928933 0.19 0.013959390862944161 0.008571428571428572
3 0.9054568527918782 0.18357142857142858 0.011421319796954314 0.008571428571428572
4 0.9041878172588832 0.16607142857142856 0.013959390862944161 0.012142857142857143
5 0.839467005076142 0.25642857142857145 0.024111675126903553 0.022857142857142857
4 0.9612944162436547 0.30892857142857144 0.021573604060913704 0.020714285714285713
4 0.9631979695431472 0.4085714285714286 0.025380710659898477 0.03
4 0.8623096446700507 0.4228571428571429 0.026649746192893398 0.02857142857142857
4 0.9911167512690354 0.5071428571428571 0.027918781725888322 0.037142857142857144
3 0.7969543147208121 0.5514285714285714 0.035532994923857864 0.02
8 1.0076142131979695 0.36857142857142855 0.048223350253807105 0.07142857142857142
4 0.9530456852791878 0.2357142857142857 0.017766497461928932 0.014285714285714285
3 0.824238578680203 0.21321428571428572 0.013959390862944161 0.010714285714285714
9 0.9041878172588832 0.145 0.006345177664974619 0.008571428571428572
3 0.9124365482233502 0.08678571428571429 0.0076142131979695426 0.0064285714285714285
3 0.9244923857868019 0.08392857142857142 0.008883248730964466 0.007857142857142858
3 1.1967005076142132 0.2292857142857143 0.04568527918781726 0.012857142857142857
