2 0.1295238095238095 0.5271428571428571 0.017142857142857144 0.025714285714285714
3 0.09476190476190476 0.5014285714285714 0.07142857142857142 0.06714285714285714
3 0.05904761904761905 0.48678571428571427 0.08761904761904762 0.07214285714285715
5 0.04047619047619048 0.45 0.08285714285714285 0.08285714285714285
2 0.16857142857142857 0.3939285714285714 0.02857142857142857 0.013571428571428571
1 0.1676190476190476 0.3939285714285714 0.017142857142857144 0.009285714285714286
3 0.32857142857142857 0.42642857142857143 0.0838095238095238 0.054285714285714284
9 0.4147619047619048 0.3632142857142857 0.029523809523809525 0.019285714285714285
1 0.4142857142857143 0.36178571428571427 0.02095238095238095 0.013571428571428571
9 0.24428571428571427 0.25142857142857145 0.023809523809523808 0.015714285714285715
6 0.37047619047619046 0.15214285714285714 0.03619047619047619 0.025714285714285714
3 0.39476190476190476 0.1692857142857143 0.06761904761904762 0.054285714285714284
3 0.42 0.18964285714285714 0.05904761904761905 0.045
3 0.44952380952380955 0.21 0.06857142857142857 0.05285714285714286
5 0.026666666666666665 0.21357142857142858 0.05523809523809524 0.06
3 0.23761904761904762 0.07857142857142857 0.07333333333333333 0.05
3 0.20761904761904762 0.065 0.07238095238095238 0.047142857142857146
9 0.4576190476190476 0.07678571428571429 0.029523809523809525 0.019285714285714285
9 0.4804761904761905 0.08035714285714286 0.02761904761904762 0.020714285714285713
9 0.49 0.09 0.02 0.02857142857142857
9 0.5228571428571429 0.07678571428571429 0.017142857142857144 0.023571428571428573
9 0.5095238095238095 0.07428571428571429 0.01904761904761905 0.022857142857142857
9 0.5471428571428572 0.1275 0.03333333333333333 0.019285714285714285
9 0.5647619047619048 0.1125 0.026666666666666665 0.020714285714285713
3 0.48142857142857143 0.2292857142857143 0.06761904761904762 0.05285714285714286
3 0.52 0.24571428571428572 0.07047619047619047 0.055714285714285716
3 0.5528571428571428 0.2621428571428571 0.06761904761904762 0.05714285714285714
3 0.6652380952380952 0.31642857142857145 0.06 0.05857142857142857
6 0.6295238095238095 0.17357142857142857 0.04380952380952381 0.03
6 0.6795238095238095 0.22107142857142856 0.05047619047619047 0.03642857142857143
9 0.6819047619047619 0.19392857142857142 0.022857142857142857 0.019285714285714285
9 0.7185714285714285 0.20857142857142857 0.023809523809523808 0.022857142857142857
9 0.7380952380952381 0.21464285714285714 0.01904761904761905 0.02214285714285714
6 0.7614285714285715 0.22142857142857142 0.01619047619047619 0.02142857142857143
4 0.8214285714285714 0.40535714285714286 0.07142857142857142 0.055
3 0.8685714285714285 0.4257142857142857 0.07238095238095238 0.05714285714285714
3 0.8519047619047619 0.4925 0.07904761904761905 0.062142857142857146
3 0.9638095238095238 0.4617857142857143 0.06285714285714286 0.065
3 1.006190476190476 0.48142857142857143 0.06952380952380953 0.06428571428571428
3 1.0480952380952382 0.5053571428571428 0.06952380952380953 0.06642857142857143
3 1.0995238095238096 0.5278571428571428 0.06190476190476191 0.06714285714285714
3 1.1452380952380952 0.5482142857142858 0.06380952380952382 0.06928571428571428
3 1.1857142857142857 0.5689285714285715 0.06476190476190476 0.07071428571428572
4 1.2233333333333334 0.5892857142857143 0.06571428571428571 0.06285714285714286
3 0.9428571428571428 0.305 0.05714285714285714 0.06285714285714286
9 1.01 0.31785714285714284 0.023809523809523808 0.025714285714285714
9 1.0233333333333334 0.3242857142857143 0.02 0.022857142857142857
5 1.2909523809523809 0.6232142857142857 0.08285714285714285 0.09642857142857143
3 1.2680952380952382 0.4475 0.06571428571428571 0.056428571428571425
