3 0.6935279187817258 0.2725 0.029187817258883246 0.019285714285714285
3 0.6338832487309645 0.2764285714285714 0.031725888324873094 0.022857142857142857
4 0.9137055837563451 0.055 0.015228426395939085 0.014285714285714285
3 0.9314720812182741 0.0275 0.03045685279187817 0.009285714285714286
4 1.041243654822335 0.007142857142857143 0.031725888324873094 0.011428571428571429
8 0.723984771573604 0.04071428571428572 0.031725888324873094 0.03428571428571429
3 1.026015228426396 0.21892857142857142 0.04695431472081218 0.016428571428571428
3 1.0266497461928934 0.21 0.050761421319796954 0.014285714285714285
4 1.0272842639593909 0.1975 0.049492385786802026 0.015
3 1.012690355329949 0.18642857142857142 0.04314720812182741 0.012857142857142857
4 1.0158629441624365 0.17642857142857143 0.05456852791878172 0.018571428571428572
3 1.163705583756345 0.2475 0.06091370558375634 0.015
