5 0.11047619047619048 0.0925 0.06857142857142857 0.02642857142857143
5 0.28714285714285714 0.08142857142857143 0.035238095238095235 0.04285714285714286
8 0.6038095238095238 0.1175 0.030476190476190476 0.07928571428571428
3 0.569047619047619 0.17392857142857143 0.01619047619047619 0.027857142857142858
3 0.580952380952381 0.4689285714285714 0.01904761904761905 0.02642857142857143
3 0.16666666666666666 0.33035714285714285 0.0380952380952381 0.015
4 0.32857142857142857 0.3392857142857143 0.0419047619047619 0.017142857142857144
3 0.4919047619047619 0.40285714285714286 0.039047619047619046 0.015714285714285715
4 0.6319047619047619 0.42464285714285716 0.02 0.02642857142857143
4 0.5923809523809523 0.5228571428571429 0.01904761904761905 0.025714285714285714
3 0.638095238095238 0.535 0.01904761904761905 0.02857142857142857
3 0.5976190476190476 0.5621428571428572 0.018095238095238095 0.02857142857142857
8 0.6428571428571429 0.6846428571428571 0.02857142857142857 0.085
3 0.2438095238095238 0.7353571428571428 0.0419047619047619 0.019285714285714285
4 0.21666666666666667 0.7014285714285714 0.029523809523809525 0.03428571428571429
9 0.3333333333333333 0.73 0.01904761904761905 0.007142857142857143
9 0.34523809523809523 0.7214285714285714 0.02 0.008571428571428572
9 0.32666666666666666 0.7196428571428571 0.011428571428571429 0.007857142857142858
3 1.2704761904761905 0.7375 0.0419047619047619 0.02214285714285714
4 1.1961904761904762 0.5939285714285715 0.03428571428571429 0.030714285714285715
9 1.0152380952380953 0.7146428571428571 0.011428571428571429 0.015
9 1.0004761904761905 0.1957142857142857 0.010476190476190476 0.011428571428571429
9 0.18761904761904763 0.37892857142857145 0.011428571428571429 0.010714285714285714
9 0.1961904761904762 0.37607142857142856 0.011428571428571429 0.010714285714285714
9 0.21571428571428572 0.3796428571428571 0.008571428571428572 0.009285714285714286
9 0.22142857142857142 0.3792857142857143 0.010476190476190476 0.008571428571428572
