4 0.04285714285714286 0.6607142857142857 0.08761904761904762 0.032857142857142856
2 0.034761904761904765 0.7032142857142857 0.023809523809523808 0.02642857142857143
9 0.1380952380952381 0.5317857142857143 0.045714285714285714 0.012142857142857143
9 0.08428571428571428 0.6010714285714286 0.05238095238095238 0.012142857142857143
9 0.4157142857142857 0.5957142857142858 0.04857142857142857 0.012857142857142857
3 0.21857142857142858 0.7110714285714286 0.11523809523809524 0.04642857142857143
3 0.6290476190476191 0.5828571428571429 0.1 0.03857142857142857
3 0.2604761904761905 0.44785714285714284 0.1 0.03428571428571429
3 0.370952380952381 0.4514285714285714 0.08857142857142856 0.03
3 0.5714285714285714 0.4496428571428571 0.09333333333333334 0.03357142857142857
3 0.6761904761904762 0.4525 0.08571428571428572 0.029285714285714286
1 0.7761904761904762 0.5196428571428572 0.011428571428571429 0.009285714285714286
1 0.7657142857142857 0.5192857142857142 0.015238095238095238 0.011428571428571429
1 0.9361904761904762 0.5346428571428572 0.015238095238095238 0.013571428571428571
9 0.7671428571428571 0.5192857142857142 0.04666666666666667 0.015714285714285715
9 0.9366666666666666 0.5342857142857143 0.04666666666666667 0.012857142857142857
3 0.9619047619047619 0.4585714285714286 0.09904761904761905 0.03142857142857143
1 1.0809523809523809 0.5357142857142857 0.015238095238095238 0.012857142857142857
1 1.0923809523809525 0.5360714285714285 0.011428571428571429 0.012142857142857143
1 1.1938095238095239 0.5407142857142857 0.02 0.012857142857142857
1 1.2523809523809524 0.4992857142857143 0.015238095238095238 0.012857142857142857
9 1.081904761904762 0.5357142857142857 0.045714285714285714 0.007142857142857143
9 1.1904761904761905 0.5417857142857143 0.04380952380952381 0.012142857142857143
9 1.2480952380952381 0.5 0.04857142857142857 0.01
1 1.1385714285714286 0.7392857142857143 0.018095238095238095 0.014285714285714285
9 1.1366666666666667 0.74 0.05238095238095238 0.017142857142857144
