3 0.10380952380952381 0.175 0.05142857142857143 0.03857142857142857
3 0.1261904761904762 0.21392857142857144 0.05619047619047619 0.06785714285714285
3 0.26666666666666666 0.011428571428571429 0.03428571428571429 0.018571428571428572
3 0.27285714285714285 0.03535714285714286 0.03333333333333333 0.019285714285714285
3 0.30666666666666664 0.036071428571428574 0.030476190476190476 0.020714285714285713
3 0.29714285714285715 0.0475 0.03619047619047619 0.02642857142857143
3 0.33285714285714285 0.0475 0.040952380952380955 0.02642857142857143
3 0.36857142857142855 0.06392857142857143 0.0419047619047619 0.029285714285714286
3 0.4080952380952381 0.05392857142857143 0.04476190476190476 0.029285714285714286
3 0.44904761904761903 0.05285714285714286 0.04476190476190476 0.022857142857142857
3 0.47904761904761906 0.04928571428571429 0.03619047619047619 0.027142857142857142
3 0.38857142857142857 0.09964285714285714 0.04 0.027857142857142858
3 0.4238095238095238 0.09464285714285714 0.0419047619047619 0.02642857142857143
3 0.4504761904761905 0.0875 0.0380952380952381 0.025
3 0.5114285714285715 0.16214285714285714 0.06666666666666667 0.03571428571428571
3 0.5319047619047619 0.1457142857142857 0.06380952380952382 0.03142857142857143
4 0.5876190476190476 0.1725 0.06666666666666667 0.04642857142857143
3 0.6680952380952381 0.21464285714285714 0.07904761904761905 0.05071428571428571
3 0.7476190476190476 0.2621428571428571 0.08761904761904762 0.05
3 0.44904761904761903 0.2739285714285714 0.09047619047619047 0.04071428571428572
3 0.4861904761904762 0.3175 0.1361904761904762 0.060714285714285714
3 0.5147619047619048 0.3467857142857143 0.14952380952380953 0.06642857142857143
3 0.7342857142857143 0.42428571428571427 0.12380952380952381 0.08428571428571428
3 0.8590476190476191 0.3560714285714286 0.12571428571428572 0.06357142857142857
3 0.8561904761904762 0.3125 0.11238095238095239 0.062142857142857146
3 0.98 0.3707142857142857 0.13523809523809524 0.08428571428571428
3 0.9419047619047619 0.5535714285714286 0.16380952380952382 0.12
3 1.1504761904761904 0.6960714285714286 0.21333333333333332 0.10642857142857143
3 0.5514285714285714 0.1275 0.05523809523809524 0.030714285714285715
3 0.6033333333333334 0.1225 0.06190476190476191 0.027857142857142858
9 0.12333333333333334 0.6778571428571428 0.06190476190476191 0.05
9 0.1580952380952381 0.6392857142857142 0.07809523809523809 0.04285714285714286
3 0.99 0.01 0.04285714285714286 0.015714285714285715
3 0.9833333333333333 0.026785714285714284 0.040952380952380955 0.017857142857142856
3 1.0238095238095237 0.024285714285714285 0.01904761904761905 0.015714285714285715
