3 0.82 0.4446428571428571 0.08571428571428572 0.055
3 1.0180952380952382 0.515 0.11619047619047619 0.06142857142857143
3 0.520952380952381 0.3392857142857143 0.08761904761904762 0.037142857142857144
3 0.72 0.365 0.0380952380952381 0.04285714285714286
3 0.12142857142857143 0.3942857142857143 0.1 0.03428571428571429
3 0.13047619047619047 0.3725 0.09333333333333334 0.03214285714285714
3 0.729047619047619 0.2757142857142857 0.037142857142857144 0.025714285714285714
3 0.10380952380952381 0.28785714285714287 0.07238095238095238 0.022857142857142857
9 0.24857142857142858 0.2910714285714286 0.026666666666666665 0.012142857142857143
9 0.2947619047619048 0.2957142857142857 0.029523809523809525 0.014285714285714285
9 0.23333333333333334 0.2889285714285714 0.026666666666666665 0.016428571428571428
9 0.1676190476190476 0.2807142857142857 0.026666666666666665 0.01
9 0.2195238095238095 0.2835714285714286 0.03142857142857143 0.01
9 0.19857142857142857 0.48714285714285716 0.035238095238095235 0.015714285714285715
9 0.18857142857142858 0.515 0.04 0.02
9 0.14047619047619048 0.4982142857142857 0.04285714285714286 0.02214285714285714
9 0.14904761904761904 0.5217857142857143 0.035238095238095235 0.015
9 0.17095238095238094 0.5414285714285715 0.058095238095238096 0.02142857142857143
2 0.09 0.4732142857142857 0.03333333333333333 0.016428571428571428
1 0.08666666666666667 0.46535714285714286 0.02095238095238095 0.023571428571428573
1 0.19428571428571428 0.48035714285714287 0.01904761904761905 0.02214285714285714
1 0.13428571428571429 0.49107142857142855 0.022857142857142857 0.019285714285714285
1 0.18476190476190477 0.5089285714285714 0.022857142857142857 0.02214285714285714
1 0.14666666666666667 0.5167857142857143 0.022857142857142857 0.019285714285714285
1 0.16285714285714287 0.5342857142857143 0.017142857142857144 0.018571428571428572
9 0.6561904761904762 0.16785714285714284 0.013333333333333332 0.008571428571428572
9 0.6752380952380952 0.17 0.013333333333333332 0.008571428571428572
9 0.6866666666666666 0.16607142857142856 0.013333333333333332 0.0064285714285714285
3 0.7357142857142858 0.22142857142857142 0.02761904761904762 0.02
3 0.7442857142857143 0.25285714285714284 0.03142857142857143 0.02142857142857143
3 0.7838095238095238 0.25607142857142856 0.030476190476190476 0.020714285714285713
9 0.5904761904761905 0.47785714285714287 0.030476190476190476 0.018571428571428572
1 0.5871428571428572 0.47035714285714286 0.014285714285714285 0.019285714285714285
1 0.5338095238095238 0.5732142857142857 0.021904761904761906 0.025
3 1.2695238095238095 0.5792857142857143 0.12571428571428572 0.04857142857142857
3 0.9704761904761905 0.04214285714285714 0.005714285714285714 0.004285714285714286
3 0.9780952380952381 0.04 0.005714285714285714 0.004285714285714286
3 0.9709523809523809 0.03785714285714286 0.004761904761904762 0.002857142857142857
3 0.9771428571428571 0.03 0.005714285714285714 0.002857142857142857
3 0.9771428571428571 0.024285714285714285 0.005714285714285714 0.004285714285714286
3 0.9166666666666666 0.056428571428571425 0.008571428571428572 0.004285714285714286
3 0.9180952380952381 0.05071428571428571 0.007619047619047619 0.004285714285714286
3 0.9323809523809524 0.04285714285714286 0.007619047619047619 0.004285714285714286
3 0.9352380952380952 0.03857142857142857 0.007619047619047619 0.004285714285714286
3 0.8928571428571429 0.07785714285714286 0.010476190476190476 0.007142857142857143
3 0.8866666666666667 0.09321428571428571 0.013333333333333332 0.007857142857142858
3 0.8638095238095238 0.1025 0.013333333333333332 0.007857142857142858
8 0.8609523809523809 0.1175 0.022857142857142857 0.020714285714285713
3 0.8771428571428571 0.10892857142857143 0.009523809523809525 0.007857142857142858
3 0.9080952380952381 0.07714285714285714 0.010476190476190476 0.005714285714285714
3 0.9176190476190477 0.06321428571428571 0.010476190476190476 0.0064285714285714285
3 0.9071428571428571 0.054285714285714284 0.006666666666666666 0.004285714285714286
3 0.93 0.04964285714285714 0.006666666666666666 0.0035714285714285713
3 0.9828571428571429 0.025357142857142856 0.005714285714285714 0.005
3 0.9247619047619048 0.05821428571428571 0.005714285714285714 0.005
3 0.8857142857142857 0.07107142857142858 0.007619047619047619 0.005
3 0.8166666666666667 0.21285714285714286 0.021904761904761906 0.018571428571428572
3 0.9771428571428571 0.03428571428571429 0.005714285714285714 0.004285714285714286
