4 0.7658629441624365 0.11107142857142857 0.2144670050761421 0.08071428571428571
4 1.2633248730964466 0.47464285714285714 0.2246192893401015 0.08214285714285714
4 1.3128172588832487 0.23035714285714284 0.14086294416243653 0.12071428571428572
4 1.2201776649746192 0.5214285714285715 0.23984771573604058 0.08
4 0.58248730964467 0.45964285714285713 0.2182741116751269 0.085
3 0.8064720812182741 0.06428571428571428 0.20939086294416243 0.07428571428571429
3 1.3718274111675126 0.11357142857142857 0.12690355329949238 0.11285714285714285
3 1.544416243654822 0.16714285714285715 0.14213197969543145 0.12
3 1.6465736040609136 0.18107142857142858 0.13071065989847716 0.125
3 1.4670050761421318 0.2767857142857143 0.1446700507614213 0.11642857142857142
3 1.564720812182741 0.30892857142857144 0.12182741116751268 0.09642857142857143
3 1.6630710659898476 0.3192857142857143 0.13578680203045684 0.10714285714285714
3 1.1116751269035532 0.19285714285714287 0.12944162436548223 0.10714285714285714
3 1.2087563451776648 0.21142857142857144 0.11548223350253806 0.1
3 1.4746192893401013 0.5153571428571428 0.21065989847715735 0.075
3 0.8800761421319796 0.38571428571428573 0.21954314720812182 0.08142857142857143
3 0.8534263959390862 0.45107142857142857 0.2144670050761421 0.08214285714285714
3 0.8045685279187816 0.5075 0.21573604060913704 0.07214285714285715
3 0.7684010152284263 0.5428571428571428 0.20431472081218272 0.037142857142857144
3 0.5222081218274112 0.5442857142857143 0.20685279187817257 0.03428571428571429
3 0.09708121827411166 0.5421428571428571 0.19670050761421318 0.03571428571428571
3 0.557741116751269 0.515 0.20685279187817257 0.07
3 0.6440355329949238 0.40214285714285714 0.20431472081218272 0.07428571428571429
3 0.6656091370558375 0.3414285714285714 0.20939086294416243 0.07857142857142857
3 0.266497461928934 0.25821428571428573 0.17766497461928932 0.06642857142857143
3 0.23921319796954313 0.3267857142857143 0.2296954314720812 0.07642857142857143
3 0.19670050761421318 0.3867857142857143 0.23857868020304568 0.07642857142857143
3 0.15989847715736039 0.45 0.2639593908629441 0.07571428571428572
3 0.1148477157360406 0.49857142857142855 0.2296954314720812 0.05285714285714286
3 1.7354060913705582 0.2007142857142857 0.07994923857868019 0.11857142857142858
