3 0.6993333333333334 0.5045000000000001 0.12666666666666665 0.057
4 0.73 0.42875 0.08666666666666667 0.0485
3 0.9236666666666666 0.36925 0.08333333333333333 0.0325
3 0.8233333333333333 0.34225 0.07066666666666667 0.0325
3 0.7866666666666666 0.3215 0.04666666666666666 0.024
3 0.7193333333333333 0.2935 0.04133333333333333 0.028
5 0.45166666666666666 0.50475 0.2753333333333333 0.1965
5 0.17433333333333334 0.30175 0.12466666666666666 0.08750000000000001
3 1.2069999999999999 0.335 0.066 0.032
3 0.008333333333333333 0.165 0.015333333333333332 0.026000000000000002
3 0.5033333333333333 0.196 0.05333333333333333 0.019
3 0.3773333333333333 0.1805 0.03333333333333333 0.013000000000000001
3 0.3123333333333333 0.18825 0.038 0.0105
3 0.33999999999999997 0.196 0.044 0.012
3 0.29766666666666663 0.18075 0.035333333333333335 0.006500000000000001
3 0.27599999999999997 0.17225000000000001 0.032 0.0085
3 0.2713333333333333 0.15625 0.022666666666666665 0.0105
3 0.26866666666666666 0.14275000000000002 0.02 0.0095
3 0.26266666666666666 0.138 0.024 0.006
3 0.21966666666666665 0.1355 0.02333333333333333 0.012
