4 0.5090476190476191 0.26535714285714285 0.040952380952380955 0.016428571428571428
3 0.5333333333333333 0.275 0.015238095238095238 0.005714285714285714
3 0.16238095238095238 0.3532142857142857 0.021904761904761906 0.010714285714285714
3 0.18285714285714286 0.35964285714285715 0.02857142857142857 0.012142857142857143
3 0.01380952380952381 0.3892857142857143 0.02761904761904762 0.014285714285714285
9 0.12285714285714286 0.4142857142857143 0.015238095238095238 0.011428571428571429
9 0.1676190476190476 0.4160714285714286 0.01904761904761905 0.010714285714285714
9 0.17333333333333334 0.4125 0.017142857142857144 0.015
9 0.14952380952380953 0.4067857142857143 0.015238095238095238 0.009285714285714286
9 0.15857142857142856 0.40285714285714286 0.010476190476190476 0.007142857142857143
9 0.27380952380952384 0.43 0.018095238095238095 0.01
9 0.16714285714285715 0.4232142857142857 0.014285714285714285 0.0064285714285714285
9 0.1461904761904762 0.42964285714285716 0.01619047619047619 0.009285714285714286
9 0.12761904761904763 0.4275 0.015238095238095238 0.009285714285714286
9 0.16095238095238096 0.42464285714285716 0.013333333333333332 0.009285714285714286
4 0.28285714285714286 0.4207142857142857 0.022857142857142857 0.014285714285714285
4 0.2776190476190476 0.4675 0.04476190476190476 0.03214285714285714
3 0.2652380952380952 0.49392857142857144 0.04285714285714286 0.025
4 0.14523809523809525 0.7335714285714285 0.09619047619047619 0.03142857142857143
3 0.35333333333333333 0.6178571428571429 0.06095238095238095 0.045714285714285714
3 0.4095238095238095 0.615 0.05333333333333333 0.041428571428571426
3 0.5742857142857143 0.4517857142857143 0.030476190476190476 0.02214285714285714
4 0.5185714285714286 0.48464285714285715 0.039047619047619046 0.023571428571428573
4 0.47714285714285715 0.5264285714285715 0.05904761904761905 0.04285714285714286
9 0.5833333333333334 0.5021428571428571 0.018095238095238095 0.01
9 0.5923809523809523 0.4957142857142857 0.015238095238095238 0.01
9 0.6019047619047619 0.48642857142857143 0.013333333333333332 0.012857142857142857
9 0.6071428571428571 0.4764285714285714 0.01619047619047619 0.011428571428571429
3 0.6519047619047619 0.4007142857142857 0.02761904761904762 0.015714285714285715
3 0.6495238095238095 0.38357142857142856 0.024761904761904763 0.015714285714285715
3 0.6947619047619048 0.37392857142857144 0.023809523809523808 0.015
3 0.6885714285714286 0.3632142857142857 0.024761904761904763 0.015
3 0.719047619047619 0.3414285714285714 0.01904761904761905 0.014285714285714285
3 0.7561904761904762 0.33 0.017142857142857144 0.014285714285714285
3 0.7752380952380953 0.31535714285714284 0.02095238095238095 0.012142857142857143
4 0.7428571428571429 0.31857142857142856 0.026666666666666665 0.02142857142857143
4 0.7980952380952381 0.4475 0.05904761904761905 0.027857142857142858
3 1.0057142857142858 0.155 0.005714285714285714 0.002857142857142857
4 0.9414285714285714 0.18107142857142858 0.008571428571428572 0.007857142857142858
4 0.9266666666666666 0.19178571428571428 0.011428571428571429 0.012142857142857143
3 0.9242857142857143 0.17535714285714285 0.008571428571428572 0.0064285714285714285
4 0.9119047619047619 0.20535714285714285 0.008571428571428572 0.0064285714285714285
4 0.8833333333333333 0.22321428571428573 0.008571428571428572 0.007857142857142858
4 0.8580952380952381 0.2425 0.013333333333333332 0.012142857142857143
4 0.8719047619047618 0.2317857142857143 0.010476190476190476 0.010714285714285714
4 0.8404761904761905 0.2571428571428571 0.02 0.018571428571428572
3 0.9023809523809524 0.20464285714285715 0.008571428571428572 0.0064285714285714285
3 0.9019047619047619 0.21428571428571427 0.005714285714285714 0.004285714285714286
3 0.8961904761904762 0.21928571428571428 0.007619047619047619 0.005714285714285714
4 0.8142857142857143 0.2739285714285714 0.009523809523809525 0.010714285714285714
8 0.7919047619047619 0.29214285714285715 0.03333333333333333 0.022857142857142857
