3 0.5199443413729128 0.06706680584551147 0.039888682745825604 0.008872651356993735
3 0.602504638218924 0.4676409185803757 0.18831168831168832 0.06889352818371607
5 0.8218923933209648 0.45302713987473897 0.19851576994434136 0.07098121085594988
3 1.0018552875695732 0.19363256784968683 0.03896103896103896 0.016701461377870562
3 0.9921150278293136 0.22025052192066805 0.05658627087198516 0.020876826722338204
3 1.0547309833024119 0.20354906054279748 0.03710575139146568 0.016701461377870562
3 1.098330241187384 0.180062630480167 0.0463821892393321 0.014613778705636741
3 1.1247680890538034 0.17066805845511482 0.030612244897959183 0.013569937369519832
6 1.1832096474953617 0.14587682672233818 0.03246753246753247 0.010960334029227557
9 1.2782931354359925 0.15135699373695197 0.020408163265306124 0.005219206680584551
9 1.1711502782931356 0.13804801670146136 0.013914656771799629 0.006784968684759916
9 1.1544526901669758 0.13674321503131523 0.006493506493506494 0.0073068893528183704
