3 0.5803333333333334 0.0285 0.043333333333333335 0.035
3 0.597 0.06175 0.04466666666666667 0.0365
3 0.7416666666666667 0.06325 0.04466666666666667 0.0385
3 0.8006666666666666 0.09225 0.06799999999999999 0.043500000000000004
3 0.47733333333333333 0.0945 0.050666666666666665 0.048
3 0.48266666666666663 0.14350000000000002 0.056 0.062
3 0.48533333333333334 0.21875 0.064 0.0785
3 0.49366666666666664 0.31675000000000003 0.07666666666666666 0.1065
3 0.735 0.3845 0.12733333333333333 0.127
3 0.522 0.49475 0.09733333333333333 0.1595
3 0.8056666666666666 0.53425 0.15133333333333332 0.1645
3 1.0226666666666666 0.64 0.22533333333333333 0.219
3 0.8976666666666666 0.7025 0.16066666666666665 0.094
3 1.2716666666666667 0.464 0.122 0.08700000000000001
3 0.9686666666666667 0.28925 0.104 0.0745
3 0.9209999999999999 0.221 0.09799999999999999 0.068
4 0.835 0.134 0.05266666666666667 0.055
4 0.6973333333333334 0.13525 0.056 0.0535
4 0.7323333333333333 0.0225 0.05266666666666667 0.035
4 0.618 0.1115 0.05333333333333333 0.066
4 0.47866666666666663 0.019 0.03866666666666667 0.039
9 1.2136666666666667 0.08475 0.03266666666666666 0.025500000000000002
9 1.2249999999999999 0.08 0.028666666666666667 0.027
3 0.7636666666666666 0.004 0.078 0.009000000000000001
