3 0.37666666666666665 0.49714285714285716 0.2542857142857143 0.08
3 0.4004761904761905 0.46 0.20666666666666667 0.05714285714285714
3 0.5647619047619048 0.35285714285714287 0.05714285714285714 0.04285714285714286
3 0.5471428571428572 0.32357142857142857 0.05047619047619047 0.03
3 0.42523809523809525 0.26357142857142857 0.037142857142857144 0.018571428571428572
3 0.4147619047619048 0.22964285714285715 0.025714285714285714 0.017857142857142856
3 0.5395238095238095 0.24678571428571427 0.05619047619047619 0.015
3 0.7671428571428571 0.25214285714285717 0.037142857142857144 0.015714285714285715
3 0.8 0.24535714285714286 0.04380952380952381 0.017857142857142856
3 0.8042857142857143 0.265 0.035238095238095235 0.018571428571428572
3 0.7104761904761905 0.2775 0.06666666666666667 0.02214285714285714
3 0.6852380952380952 0.3032142857142857 0.05047619047619047 0.02642857142857143
3 0.7261904761904762 0.32 0.06 0.03142857142857143
3 0.8347619047619048 0.3871428571428571 0.08095238095238096 0.04428571428571428
3 0.7761904761904762 0.3442857142857143 0.07809523809523809 0.03857142857142857
5 0.7133333333333334 0.25 0.08190476190476191 0.03142857142857143
