9 1.158095238095238 0.7321428571428571 0.10095238095238095 0.03428571428571429
3 1.2057142857142857 0.6703571428571429 0.25333333333333335 0.125
3 0.8304761904761905 0.61 0.13904761904761906 0.12
3 0.9485714285714286 0.49607142857142855 0.11428571428571428 0.09357142857142857
3 1.0485714285714285 0.4114285714285714 0.09142857142857143 0.06
3 1.2595238095238095 0.3514285714285714 0.06190476190476191 0.05857142857142857
3 1.1257142857142857 0.3196428571428571 0.08571428571428572 0.062142857142857146
3 1.1595238095238096 0.2953571428571429 0.05047619047619047 0.04357142857142857
3 1.29 0.31214285714285717 0.08476190476190476 0.02857142857142857
3 1.2971428571428572 0.33035714285714285 0.07047619047619047 0.035
3 1.3009523809523809 0.2975 0.06285714285714286 0.030714285714285715
3 1.2342857142857142 0.26071428571428573 0.05333333333333333 0.03571428571428571
3 1.1761904761904762 0.24607142857142858 0.06095238095238095 0.029285714285714286
1 1.210952380952381 0.22142857142857142 0.014285714285714285 0.018571428571428572
1 1.1976190476190476 0.27035714285714285 0.018095238095238095 0.016428571428571428
2 1.2104761904761905 0.22607142857142856 0.02857142857142857 0.010714285714285714
9 1.1957142857142857 0.27464285714285713 0.025714285714285714 0.027857142857142858
3 0.9904761904761905 0.20892857142857144 0.049523809523809526 0.029285714285714286
3 0.94 0.2382142857142857 0.06285714285714286 0.035
3 0.8714285714285714 0.2757142857142857 0.07428571428571429 0.04
3 0.9238095238095239 0.30392857142857144 0.0761904761904762 0.04642857142857143
3 0.7876190476190477 0.3182142857142857 0.08190476190476191 0.04357142857142857
1 0.7457142857142857 0.24357142857142858 0.013333333333333332 0.018571428571428572
1 0.7495238095238095 0.24142857142857144 0.011428571428571429 0.017142857142857144
9 0.7471428571428571 0.24857142857142858 0.029523809523809525 0.02
3 0.611904761904762 0.315 0.09619047619047619 0.047142857142857146
8 0.6042857142857143 0.4 0.31523809523809526 0.19285714285714287
3 0.43714285714285717 0.4303571428571429 0.13333333333333333 0.08214285714285714
3 0.2123809523809524 0.4635714285714286 0.19238095238095237 0.09571428571428571
3 0.1419047619047619 0.5646428571428571 0.23238095238095238 0.125
3 0.29904761904761906 0.5778571428571428 0.2057142857142857 0.12571428571428572
1 0.23904761904761904 0.36178571428571427 0.024761904761904763 0.03357142857142857
1 0.35523809523809524 0.3264285714285714 0.022857142857142857 0.03
2 0.35619047619047617 0.33535714285714285 0.04380952380952381 0.02642857142857143
2 0.23952380952380953 0.3725 0.05047619047619047 0.030714285714285715
3 0.05095238095238095 0.35428571428571426 0.10380952380952381 0.06714285714285714
3 0.11619047619047619 0.34214285714285714 0.11428571428571428 0.05714285714285714
3 0.11285714285714285 0.2675 0.11142857142857143 0.029285714285714286
3 0.13047619047619047 0.2953571428571429 0.14476190476190476 0.03785714285714286
3 0.17904761904761904 0.3192857142857143 0.10476190476190476 0.06
3 0.24428571428571427 0.30642857142857144 0.1 0.05285714285714286
3 0.30666666666666664 0.2907142857142857 0.0838095238095238 0.045714285714285714
3 0.28 0.2617857142857143 0.10285714285714286 0.027857142857142858
3 0.2642857142857143 0.24071428571428571 0.1019047619047619 0.032857142857142856
3 0.3442857142857143 0.2760714285714286 0.10380952380952381 0.045
3 0.38047619047619047 0.25392857142857145 0.10571428571428572 0.04357142857142857
3 0.5971428571428572 0.23964285714285713 0.07809523809523809 0.03214285714285714
3 0.5966666666666667 0.215 0.06761904761904762 0.02857142857142857
3 0.6266666666666667 0.20964285714285713 0.06095238095238095 0.02642857142857143
3 0.6471428571428571 0.1982142857142857 0.07523809523809524 0.03214285714285714
3 0.6719047619047619 0.19285714285714287 0.06571428571428571 0.02857142857142857
3 0.6952380952380952 0.18678571428571428 0.06285714285714286 0.03357142857142857
3 0.7176190476190476 0.1825 0.06 0.02642857142857143
3 0.7333333333333333 0.17535714285714285 0.06285714285714286 0.029285714285714286
3 0.7785714285714286 0.18642857142857142 0.058095238095238096 0.025714285714285714
3 0.7695238095238095 0.1625 0.06476190476190476 0.02642857142857143
3 0.8895238095238095 0.15428571428571428 0.04380952380952381 0.02142857142857143
3 0.9438095238095238 0.13 0.049523809523809526 0.018571428571428572
3 1.0038095238095237 0.1325 0.0419047619047619 0.017857142857142856
3 1.1038095238095238 0.11357142857142857 0.0380952380952381 0.017142857142857144
