4 0.12238095238095238 0.6435714285714286 0.24666666666666667 0.21142857142857144
3 0.1657142857142857 0.7085714285714285 0.2038095238095238 0.08142857142857143
3 0.53 0.6032142857142857 0.1895238095238095 0.14785714285714285
3 0.6976190476190476 0.6075 0.1819047619047619 0.135
3 0.8328571428571429 0.4725 0.12285714285714286 0.105
3 0.7147619047619047 0.44285714285714284 0.1361904761904762 0.1
3 0.69 0.39 0.13047619047619047 0.08571428571428572
3 0.2857142857142857 0.43714285714285717 0.14666666666666667 0.09142857142857143
3 0.18619047619047618 0.3939285714285714 0.15714285714285714 0.075
3 0.35428571428571426 0.30892857142857144 0.1219047619047619 0.05357142857142857
3 0.44333333333333336 0.27 0.10952380952380952 0.04
3 0.039047619047619046 0.3432142857142857 0.08 0.05357142857142857
3 0.09666666666666666 0.31785714285714284 0.10571428571428572 0.05142857142857143
3 0.1538095238095238 0.2907142857142857 0.10761904761904761 0.05285714285714286
3 0.2119047619047619 0.2757142857142857 0.1019047619047619 0.04857142857142857
3 0.27095238095238094 0.26107142857142857 0.10571428571428572 0.04214285714285714
3 0.3233333333333333 0.24357142857142858 0.1 0.041428571428571426
3 0.36142857142857143 0.22642857142857142 0.09047619047619047 0.047142857142857146
2 0.38047619047619047 0.32785714285714285 0.039047619047619046 0.024285714285714285
2 0.35523809523809524 0.3317857142857143 0.03238095238095238 0.020714285714285713
8 0.4114285714285714 0.4017857142857143 0.3352380952380952 0.21928571428571428
8 1.1138095238095238 0.41 0.18761904761904763 0.24
8 0.6961904761904761 0.2417857142857143 0.18857142857142858 0.12785714285714286
8 0.8947619047619048 0.08785714285714286 0.17809523809523808 0.05285714285714286
5 0.6914285714285714 0.3246428571428571 0.13904761904761906 0.08357142857142857
3 0.8147619047619048 0.245 0.07523809523809524 0.05
3 0.9161904761904762 0.23285714285714285 0.07428571428571429 0.05142857142857143
3 1.062857142857143 0.25642857142857145 0.06857142857142857 0.05
3 1.2838095238095237 0.34 0.09714285714285714 0.08857142857142856
3 1.1523809523809523 0.17464285714285716 0.06285714285714286 0.03785714285714286
3 0.9823809523809524 0.17714285714285713 0.06571428571428571 0.037142857142857144
3 1.032857142857143 0.13892857142857143 0.05047619047619047 0.03642857142857143
3 0.9414285714285714 0.13464285714285715 0.06190476190476191 0.03214285714285714
3 0.8242857142857143 0.17 0.039047619047619046 0.037142857142857144
4 0.9019047619047619 0.185 0.05904761904761905 0.04428571428571428
1 0.8171428571428572 0.19714285714285715 0.013333333333333332 0.018571428571428572
2 0.8176190476190476 0.20892857142857144 0.023809523809523808 0.016428571428571428
1 1.1471428571428572 0.12714285714285714 0.008571428571428572 0.02142857142857143
2 1.1471428571428572 0.13285714285714287 0.03142857142857143 0.017142857142857144
3 1.1014285714285714 0.09 0.039047619047619046 0.02142857142857143
3 1.158095238095238 0.05142857142857143 0.030476190476190476 0.02
3 1.1152380952380951 0.054285714285714284 0.030476190476190476 0.025714285714285714
3 1.0276190476190477 0.07607142857142857 0.0380952380952381 0.02214285714285714
3 1.07 0.05821428571428571 0.03333333333333333 0.020714285714285713
3 1.088095238095238 0.0475 0.025714285714285714 0.020714285714285713
3 1.110952380952381 0.032857142857142856 0.02761904761904762 0.018571428571428572
3 1.1495238095238096 0.013214285714285715 0.026666666666666665 0.017857142857142856
3 1.233809523809524 0.017857142857142856 0.02761904761904762 0.02142857142857143
3 1.1914285714285715 0.006071428571428571 0.01904761904761905 0.013571428571428571
1 0.8857142857142857 0.10642857142857143 0.011428571428571429 0.014285714285714285
1 0.8666666666666667 0.11821428571428572 0.013333333333333332 0.019285714285714285
2 0.8885714285714286 0.11142857142857143 0.009523809523809525 0.01
2 0.8676190476190476 0.12428571428571429 0.030476190476190476 0.014285714285714285
3 0.7228571428571429 0.13178571428571428 0.06666666666666667 0.025
3 0.7176190476190476 0.10285714285714286 0.06 0.027142857142857142
3 0.7652380952380953 0.08 0.04666666666666667 0.02
3 0.7042857142857143 0.07178571428571429 0.04857142857142857 0.016428571428571428
1 0.7247619047619047 0.07392857142857143 0.009523809523809525 0.013571428571428571
3 0.810952380952381 0.05 0.039047619047619046 0.017142857142857144
3 0.7914285714285715 0.045714285714285714 0.04380952380952381 0.02
3 0.7661904761904762 0.044642857142857144 0.035238095238095235 0.017857142857142856
4 0.7557142857142857 0.04 0.039047619047619046 0.02
3 0.7280952380952381 0.04107142857142857 0.03142857142857143 0.017857142857142856
4 0.7033333333333334 0.03785714285714286 0.04476190476190476 0.022857142857142857
4 0.6771428571428572 0.037142857142857144 0.03619047619047619 0.017142857142857144
3 0.660952380952381 0.03535714285714286 0.0380952380952381 0.016428571428571428
3 0.6409523809523809 0.033928571428571426 0.03619047619047619 0.012142857142857143
4 0.6457142857142857 0.04928571428571429 0.04 0.02
3 0.6680952380952381 0.065 0.04666666666666667 0.017142857142857144
3 0.5804761904761905 0.0525 0.040952380952380955 0.016428571428571428
3 0.6009523809523809 0.030714285714285715 0.0380952380952381 0.014285714285714285
3 0.5919047619047619 0.0275 0.035238095238095235 0.015
3 0.5752380952380952 0.026071428571428572 0.0380952380952381 0.012142857142857143
4 0.5228571428571429 0.0225 0.03428571428571429 0.013571428571428571
1 0.559047619047619 0.020714285714285713 0.009523809523809525 0.008571428571428572
3 0.5628571428571428 0.04 0.0380952380952381 0.017142857142857144
3 0.5366666666666666 0.04607142857142857 0.037142857142857144 0.015
3 0.5342857142857143 0.03428571428571429 0.03238095238095238 0.012857142857142857
1 0.46904761904761905 0.029285714285714286 0.010476190476190476 0.012857142857142857
9 0.4585714285714286 0.031785714285714285 0.014285714285714285 0.007857142857142858
9 0.4561904761904762 0.024285714285714285 0.013333333333333332 0.005714285714285714
3 0.40523809523809523 0.029285714285714286 0.03333333333333333 0.012857142857142857
3 0.4004761904761905 0.04964285714285714 0.040952380952380955 0.015
3 0.3523809523809524 0.015357142857142857 0.03428571428571429 0.013571428571428571
4 0.4847619047619048 0.06107142857142857 0.04 0.020714285714285713
3 0.5133333333333333 0.07607142857142857 0.0419047619047619 0.017857142857142856
3 0.5304761904761904 0.09107142857142857 0.045714285714285714 0.020714285714285713
3 0.56 0.08571428571428572 0.04 0.02
3 0.5704761904761905 0.07857142857142857 0.045714285714285714 0.02
3 0.530952380952381 0.07107142857142858 0.040952380952380955 0.019285714285714285
1 0.5280952380952381 0.10035714285714285 0.008571428571428572 0.013571428571428571
1 0.5823809523809523 0.10857142857142857 0.010476190476190476 0.014285714285714285
9 0.5852380952380952 0.11321428571428571 0.018095238095238095 0.010714285714285714
9 0.5285714285714286 0.10392857142857143 0.01904761904761905 0.015
3 0.4961904761904762 0.14535714285714285 0.05714285714285714 0.023571428571428573
3 0.44904761904761903 0.1475 0.058095238095238096 0.02214285714285714
3 0.42523809523809525 0.14535714285714285 0.06190476190476191 0.02642857142857143
3 0.42142857142857143 0.13535714285714287 0.06380952380952382 0.019285714285714285
4 0.39380952380952383 0.11357142857142857 0.07904761904761905 0.025714285714285714
