3 0.9606666666666667 0.63325 0.076 0.11950000000000001
3 0.8826666666666666 0.51925 0.072 0.1055
3 0.8666666666666666 0.3965 0.06933333333333333 0.068
3 0.7506666666666666 0.19475 0.056 0.035500000000000004
3 0.727 0.14175000000000001 0.05533333333333333 0.0405
3 0.5606666666666666 0.3265 0.076 0.064
3 0.5603333333333333 0.27675 0.07666666666666666 0.0545
3 0.608 0.059250000000000004 0.029333333333333333 0.025500000000000002
3 0.7083333333333333 0.11125 0.062 0.0305
3 0.5493333333333333 0.19725 0.03733333333333333 0.0525
3 0.5443333333333333 0.099 0.03133333333333333 0.034
3 0.5716666666666667 0.47350000000000003 0.09799999999999999 0.094
3 0.581 0.587 0.13 0.101
3 0.5656666666666667 0.381 0.09666666666666666 0.07
3 0.5913333333333333 0.6960000000000001 0.16133333333333333 0.107
3 0.5573333333333333 0.15825 0.072 0.0465
3 0.7076666666666667 0.09375 0.05933333333333333 0.0285
4 0.701 0.06875 0.028666666666666667 0.0285
3 0.5403333333333333 0.06775 0.028666666666666667 0.035500000000000004
4 0.8913333333333333 0.0945 0.06 0.028
3 1.0723333333333334 0.13425 0.057999999999999996 0.0385
3 1.2963333333333333 0.327 0.07266666666666667 0.079
5 0.5439999999999999 0.04225 0.03333333333333333 0.0345
5 0.6819999999999999 0.017750000000000002 0.04133333333333333 0.0365
1 0.6886666666666666 0.0235 0.010666666666666666 0.01
6 0.6613333333333333 0.08075 0.012 0.0165
2 0.65 0.0975 0.008 0.015
9 0.658 0.11625 0.010666666666666666 0.0155
9 1.1766666666666665 0.14725 0.02 0.0185
9 1.1006666666666667 0.152 0.029333333333333333 0.017
2 0.9813333333333333 0.06775 0.008 0.0105
6 0.975 0.064 0.011333333333333332 0.011
4 0.9033333333333333 0.20475000000000002 0.04933333333333333 0.051500000000000004
