5 0.4156091370558375 0.19214285714285714 0.14593908629441624 0.04
3 1.0615482233502538 0.19857142857142857 0.09771573604060912 0.025714285714285714
5 1.1395939086294415 0.11535714285714285 0.12436548223350252 0.03642857142857143
3 0.36548223350253806 0.3275 0.07614213197969542 0.05785714285714286
3 0.42005076142131975 0.30964285714285716 0.053299492385786795 0.04642857142857143
3 0.5101522842639593 0.31607142857142856 0.050761421319796954 0.04928571428571429
3 0.6586294416243654 0.3510714285714286 0.053299492385786795 0.05071428571428571
3 1.6903553299492384 0.4203571428571429 0.04314720812182741 0.052142857142857144
3 1.7379441624365481 0.42392857142857143 0.03934010152284264 0.05785714285714286
4 0.5520304568527918 0.3171428571428571 0.050761421319796954 0.054285714285714284
3 0.6002538071065989 0.3510714285714286 0.048223350253807105 0.04928571428571429
3 0.9003807106598984 0.3603571428571429 0.049492385786802026 0.062142857142857146
3 0.9416243654822334 0.3707142857142857 0.03807106598984771 0.045714285714285714
4 0.9930203045685279 0.38571428571428573 0.052030456852791875 0.06
3 1.0786802030456852 0.39785714285714285 0.04314720812182741 0.055714285714285716
3 1.131979695431472 0.3992857142857143 0.050761421319796954 0.054285714285714284
3 1.2258883248730963 0.3846428571428571 0.04568527918781726 0.062142857142857146
3 1.273477157360406 0.38785714285714284 0.04695431472081218 0.054285714285714284
3 1.322969543147208 0.39035714285714285 0.049492385786802026 0.05357142857142857
3 1.3743654822335025 0.3982142857142857 0.04568527918781726 0.05785714285714286
3 1.4321065989847714 0.4064285714285714 0.052030456852791875 0.05714285714285714
3 1.4923857868020303 0.40785714285714286 0.05837563451776649 0.05285714285714286
3 1.5475888324873095 0.4067857142857143 0.05456852791878172 0.05357142857142857
3 1.5901015228426394 0.4075 0.048223350253807105 0.052142857142857144
3 1.6383248730964466 0.4125 0.048223350253807105 0.056428571428571425
3 1.4194162436548223 0.44642857142857145 0.10786802030456852 0.032857142857142856
3 1.5939086294416243 0.455 0.10913705583756345 0.032857142857142856
3 1.696700507614213 0.4614285714285714 0.09137055837563451 0.02857142857142857
3 0.05456852791878172 0.5271428571428571 0.07614213197969542 0.054285714285714284
3 0.10977157360406091 0.5032142857142857 0.08248730964467005 0.05928571428571429
3 0.16624365482233502 0.48178571428571426 0.07360406091370558 0.047857142857142855
3 0.25571065989847713 0.46 0.06218274111675126 0.03571428571428571
3 0.2151015228426396 0.5267857142857143 0.11040609137055837 0.05357142857142857
3 0.3299492385786802 0.48214285714285715 0.12436548223350252 0.055714285714285716
3 0.2709390862944162 0.5353571428571429 0.15101522842639592 0.052142857142857144
3 0.3210659898477157 0.5532142857142857 0.07614213197969542 0.016428571428571428
3 0.4479695431472081 0.545 0.10406091370558375 0.032857142857142856
3 0.5748730964467005 0.5410714285714285 0.12690355329949238 0.04071428571428572
3 0.6916243654822335 0.5496428571428571 0.08629441624365482 0.023571428571428573
3 0.39403553299492383 0.49892857142857144 0.10786802030456852 0.05357142857142857
3 0.5006345177664975 0.5003571428571428 0.11802030456852791 0.05785714285714286
3 0.5450507614213198 0.5192857142857142 0.10025380710659898 0.05142857142857143
3 1.7398477157360406 0.18535714285714286 0.055837563451776644 0.02642857142857143
