1 0.1261595547309833 0.458768267223382 0.03896103896103896 0.027139874739039664
1 0.15816326530612246 0.45641962421711896 0.036178107606679034 0.02139874739039666
1 0.8798701298701299 0.19363256784968683 0.010204081632653062 0.009394572025052192
6 0.8747680890538033 0.19545929018789143 0.02411873840445269 0.01826722338204593
1 1.3269944341372912 0.18136743215031315 0.012059369202226345 0.014091858037578286
5 1.7555658627087198 0.06497912317327766 0.039888682745825604 0.012004175365344467
4 1.6924860853432282 0.06471816283924843 0.05287569573283859 0.013569937369519832
9 1.6205936920222634 0.07045929018789143 0.014842300556586271 0.0073068893528183704
9 1.4874768089053803 0.0662839248434238 0.0176252319109462 0.0073068893528183704
3 1.4192949907235621 0.06576200417536533 0.04267161410018553 0.009394572025052192
6 1.5885899814471243 0.06993736951983298 0.026901669758812616 0.0073068893528183704
3 0.9972170686456401 0.06419624217118998 0.04081632653061225 0.011482254697286011
6 0.8993506493506493 0.06341336116910229 0.030612244897959183 0.008872651356993735
1 0.8033395176252319 0.06106471816283924 0.0055658627087198514 0.006263048016701461
1 0.7611317254174397 0.06132567849686847 0.006493506493506494 0.004697286012526096
1 0.7583487940630798 0.062108559498956155 0.006493506493506494 0.0041753653444676405
1 0.7551020408163266 0.06028183716075156 0.0074211502782931356 0.004697286012526096
6 0.8344155844155844 0.06236951983298538 0.01948051948051948 0.004697286012526096
6 0.725417439703154 0.06054279749478079 0.014842300556586271 0.006263048016701461
3 0.7217068645640075 0.05767223382045929 0.025974025974025976 0.009916492693110646
3 0.6827458256029685 0.05532359081419624 0.022263450834879406 0.008350730688935281
3 0.6725417439703154 0.054540709812108554 0.01855287569573284 0.006784968684759916
3 0.661873840445269 0.052453027139874736 0.0176252319109462 0.007828810020876827
3 0.6484230055658627 0.05088726513569937 0.01855287569573284 0.007828810020876827
3 0.5992578849721707 0.0464509394572025 0.016697588126159554 0.0073068893528183704
3 0.549165120593692 0.0464509394572025 0.014842300556586271 0.006263048016701461
3 0.5561224489795918 0.04801670146137787 0.012059369202226345 0.005219206680584551
3 0.5667903525046383 0.04906054279749478 0.014842300556586271 0.008350730688935281
3 0.5742115027829313 0.050626304801670144 0.016697588126159554 0.0073068893528183704
3 0.5923005565862709 0.05297494780793319 0.021335807050092765 0.008872651356993735
3 0.6066790352504638 0.05375782881002087 0.01855287569573284 0.0073068893528183704
3 0.6201298701298701 0.05532359081419624 0.021335807050092765 0.008350730688935281
3 0.575139146567718 0.059759916492693105 0.0352504638218924 0.009916492693110646
3 0.012987012987012988 0.06706680584551147 0.027829313543599257 0.014091858037578286
3 0.03571428571428571 0.06889352818371607 0.030612244897959183 0.012526096033402922
6 0.055658627087198514 0.06289144050104384 0.025974025974025976 0.007828810020876827
3 0.11595547309833024 0.06967640918580376 0.029684601113172542 0.010960334029227557
3 0.13775510204081634 0.06967640918580376 0.03432282003710575 0.010960334029227557
4 0.16651205936920224 0.06889352818371607 0.036178107606679034 0.013569937369519832
3 0.19341372912801486 0.07072025052192066 0.03246753246753247 0.012004175365344467
3 0.22031539888682747 0.0701983298538622 0.03803339517625232 0.012004175365344467
3 0.2541743970315399 0.06993736951983298 0.029684601113172542 0.011482254697286011
4 0.262987012987013 0.06028183716075156 0.03246753246753247 0.013048016701461376
3 0.2342300556586271 0.06002087682672233 0.036178107606679034 0.011482254697286011
5 0.1590909090909091 0.05949895615866388 0.05658627087198516 0.014613778705636741
3 0.29359925788497215 0.06184759916492692 0.02504638218923933 0.012004175365344467
4 0.3710575139146568 0.06941544885177452 0.05194805194805195 0.013569937369519832
6 0.514378478664193 0.06863256784968684 0.030612244897959183 0.007828810020876827
6 0.475417439703154 0.06915448851774529 0.03246753246753247 0.009916492693110646
1 0.45918367346938777 0.060803757828810014 0.00927643784786642 0.008872651356993735
9 0.4582560296846011 0.06184759916492692 0.00927643784786642 0.0057411273486430055
6 0.4165120593692022 0.06341336116910229 0.027829313543599257 0.008872651356993735
6 0.5487012987012987 0.06863256784968684 0.030612244897959183 0.009916492693110646
3 0.5769944341372912 0.05923799582463465 0.03153988868274583 0.009916492693110646
