9 0.6390476190476191 0.01 0.022857142857142857 0.018571428571428572
9 0.6185714285714285 0.06642857142857143 0.03142857142857143 0.011428571428571429
9 0.61 0.07535714285714286 0.03333333333333333 0.010714285714285714
9 0.628095238095238 0.21 0.01619047619047619 0.025714285714285714
9 0.7257142857142858 0.3464285714285714 0.045714285714285714 0.014285714285714285
9 0.6776190476190476 0.35892857142857143 0.04476190476190476 0.020714285714285713
9 0.7204761904761905 0.3725 0.04476190476190476 0.012142857142857143
9 0.7242857142857143 0.38607142857142857 0.040952380952380955 0.019285714285714285
9 0.7271428571428571 0.4007142857142857 0.035238095238095235 0.022857142857142857
9 0.4961904761904762 0.3792857142857143 0.03619047619047619 0.01
9 0.6619047619047619 0.4907142857142857 0.047619047619047616 0.022857142857142857
3 0.4023809523809524 0.7228571428571429 0.07523809523809524 0.05285714285714286
3 0.6095238095238096 0.7275 0.13333333333333333 0.04357142857142857
3 0.6157142857142857 0.6714285714285714 0.11714285714285715 0.055714285714285716
3 0.6452380952380953 0.6107142857142858 0.11523809523809524 0.04285714285714286
3 0.4514285714285714 0.5821428571428572 0.06666666666666667 0.09285714285714286
3 0.6728571428571428 0.525 0.10952380952380952 0.04285714285714286
3 0.6928571428571428 0.4278571428571429 0.10952380952380952 0.041428571428571426
5 0.7204761904761905 0.2814285714285714 0.11142857142857143 0.05
3 0.7361904761904762 0.24 0.09142857142857143 0.037142857142857144
5 0.7428571428571429 0.17285714285714285 0.10476190476190476 0.05714285714285714
5 0.7638095238095238 0.10928571428571429 0.09523809523809523 0.04285714285714286
3 0.7780952380952381 0.07392857142857143 0.0761904761904762 0.027857142857142858
3 0.7795238095238095 0.05392857142857143 0.07904761904761905 0.023571428571428573
3 0.7866666666666666 0.03464285714285714 0.07428571428571429 0.029285714285714286
