5 0.9022842639593908 0.53 0.032994923857868015 0.03857142857142857
3 0.7741116751269035 0.4417857142857143 0.027918781725888322 0.02214285714285714
4 0.940989847715736 0.3432142857142857 0.021573604060913704 0.019285714285714285
3 0.9124365482233502 0.3425 0.017766497461928932 0.015
3 0.9422588832487309 0.2814285714285714 0.016497461928934008 0.01
3 0.9663705583756345 0.2617857142857143 0.013959390862944161 0.010714285714285714
3 0.8864213197969543 0.24678571428571427 0.013959390862944161 0.009285714285714286
3 0.9225888324873096 0.2475 0.012690355329949238 0.010714285714285714
3 0.9651015228426395 0.23214285714285715 0.011421319796954314 0.008571428571428572
4 0.9371827411167512 0.22357142857142856 0.013959390862944161 0.01
3 0.9600253807106598 0.21928571428571428 0.011421319796954314 0.01
3 0.9612944162436547 0.21071428571428572 0.011421319796954314 0.007142857142857143
4 0.940989847715736 0.20857142857142857 0.011421319796954314 0.01
4 0.9213197969543147 0.2007142857142857 0.012690355329949238 0.01
4 0.8921319796954315 0.18928571428571428 0.012690355329949238 0.007142857142857143
3 0.9441624365482233 0.19428571428571428 0.01015228426395939 0.007142857142857143
3 0.9225888324873096 0.19285714285714287 0.01015228426395939 0.005714285714285714
3 0.9238578680203045 0.18785714285714286 0.01015228426395939 0.005714285714285714
3 0.9213197969543147 0.18142857142857144 0.0076142131979695426 0.004285714285714286
3 0.9403553299492385 0.1742857142857143 0.01015228426395939 0.007142857142857143
3 0.9219543147208121 0.17642857142857143 0.008883248730964466 0.005714285714285714
4 0.9403553299492385 0.16535714285714287 0.01015228426395939 0.007857142857142858
3 0.7512690355329948 0.2042857142857143 0.027918781725888322 0.005714285714285714
3 0.70748730964467 0.20357142857142857 0.029187817258883246 0.005714285714285714
3 0.8140862944162436 0.20785714285714285 0.031725888324873094 0.007142857142857143
3 0.9022842639593908 0.15357142857142858 0.01015228426395939 0.005714285714285714
5 0.9403553299492385 0.15214285714285714 0.012690355329949238 0.012857142857142857
3 0.9060913705583755 0.13428571428571429 0.0076142131979695426 0.004285714285714286
3 0.8889593908629441 0.14035714285714285 0.008883248730964466 0.0064285714285714285
3 0.9397208121827411 0.11821428571428572 0.006345177664974619 0.005
3 0.9416243654822334 0.11392857142857143 0.0076142131979695426 0.0035714285714285713
4 0.9733502538071065 0.2775 0.017766497461928932 0.015
