3 0.30333333333333334 0.7067857142857142 0.05047619047619047 0.025
4 0.39380952380952383 0.7328571428571429 0.054285714285714284 0.025714285714285714
3 0.5395238095238095 0.7346428571428572 0.02761904761904762 0.029285714285714286
3 0.5880952380952381 0.7232142857142857 0.05619047619047619 0.027857142857142858
3 0.5571428571428572 0.6935714285714286 0.03428571428571429 0.047142857142857146
3 0.6071428571428571 0.695 0.04857142857142857 0.037142857142857144
3 0.6328571428571429 0.6296428571428572 0.05619047619047619 0.02642857142857143
3 0.6457142857142857 0.5828571428571429 0.06095238095238095 0.02857142857142857
3 0.6461904761904762 0.5625 0.058095238095238096 0.029285714285714286
3 0.6628571428571428 0.5271428571428571 0.05142857142857143 0.025714285714285714
3 0.6685714285714286 0.5085714285714286 0.05142857142857143 0.025714285714285714
3 0.6833333333333333 0.4878571428571429 0.05619047619047619 0.03
3 0.6861904761904762 0.4125 0.05238095238095238 0.023571428571428573
3 0.7114285714285714 0.39357142857142857 0.05333333333333333 0.025714285714285714
3 0.689047619047619 0.33714285714285713 0.05619047619047619 0.027142857142857142
3 0.6880952380952381 0.3132142857142857 0.04476190476190476 0.025
3 0.6880952380952381 0.2910714285714286 0.04666666666666667 0.029285714285714286
4 0.6919047619047619 0.2675 0.04476190476190476 0.03642857142857143
3 0.6919047619047619 0.24035714285714285 0.040952380952380955 0.03214285714285714
3 0.6228571428571429 0.06035714285714286 0.05523809523809524 0.023571428571428573
3 0.6123809523809524 0.08285714285714285 0.05523809523809524 0.02
3 0.6085714285714285 0.1025 0.05333333333333333 0.02214285714285714
3 0.5966666666666667 0.20464285714285715 0.054285714285714284 0.02214285714285714
3 0.589047619047619 0.22464285714285714 0.054285714285714284 0.023571428571428573
3 0.5819047619047619 0.24428571428571427 0.05523809523809524 0.024285714285714285
4 0.579047619047619 0.2621428571428571 0.05142857142857143 0.02142857142857143
3 0.5585714285714286 0.2842857142857143 0.054285714285714284 0.025714285714285714
3 0.5542857142857143 0.30642857142857144 0.05523809523809524 0.022857142857142857
9 0.5652380952380952 0.3246428571428571 0.02761904761904762 0.007857142857142858
3 0.5419047619047619 0.3492857142857143 0.05523809523809524 0.02142857142857143
3 0.5347619047619048 0.3707142857142857 0.058095238095238096 0.024285714285714285
3 0.5314285714285715 0.3889285714285714 0.05714285714285714 0.025
3 0.5190476190476191 0.40785714285714286 0.05333333333333333 0.022857142857142857
3 0.4938095238095238 0.4632142857142857 0.05619047619047619 0.025
3 0.48714285714285716 0.48428571428571426 0.054285714285714284 0.02142857142857143
3 0.4776190476190476 0.5078571428571429 0.06190476190476191 0.024285714285714285
3 0.47523809523809524 0.5289285714285714 0.05714285714285714 0.02214285714285714
3 0.4695238095238095 0.5514285714285714 0.06285714285714286 0.027142857142857142
3 0.4595238095238095 0.5742857142857143 0.058095238095238096 0.025714285714285714
4 0.44952380952380955 0.5960714285714286 0.06095238095238095 0.02214285714285714
3 0.44142857142857145 0.6167857142857143 0.06 0.020714285714285713
3 0.4380952380952381 0.64 0.05904761904761905 0.024285714285714285
