3 0.7607868020304568 0.43964285714285717 0.05964467005076142 0.02642857142857143
3 0.70748730964467 0.3871428571428571 0.06218274111675126 0.03428571428571429
3 0.2639593908629441 0.3442857142857143 0.06345177664974619 0.02857142857142857
8 0.14720812182741116 0.24964285714285714 0.14720812182741116 0.06642857142857143
3 0.22588832487309643 0.245 0.06345177664974619 0.03
8 0.3680203045685279 0.2717857142857143 0.15989847715736039 0.056428571428571425
3 0.5406091370558376 0.30642857142857144 0.053299492385786795 0.024285714285714285
3 1.1998730964467004 0.3360714285714286 0.03680203045685279 0.027857142857142858
3 1.2227157360406091 0.20714285714285716 0.04187817258883248 0.03142857142857143
3 1.3864213197969542 0.045714285714285714 0.03680203045685279 0.025714285714285714
3 1.381979695431472 0.008214285714285714 0.032994923857868015 0.017857142857142856
8 1.4447969543147208 0.013928571428571429 0.04187817258883248 0.029285714285714286
