3 0.69 0.04642857142857143 0.023809523809523808 0.022857142857142857
9 0.6676190476190477 0.04321428571428571 0.01904761904761905 0.009285714285714286
9 0.6714285714285714 0.03642857142857143 0.01904761904761905 0.008571428571428572
1 0.689047619047619 0.08964285714285715 0.006666666666666666 0.012142857142857143
9 0.6885714285714286 0.09142857142857143 0.009523809523809525 0.014285714285714285
1 0.8095238095238095 0.19857142857142857 0.011428571428571429 0.012857142857142857
1 0.6247619047619047 0.2764285714285714 0.009523809523809525 0.014285714285714285
1 0.64 0.3485714285714286 0.009523809523809525 0.014285714285714285
9 1.256190476190476 0.2714285714285714 0.02857142857142857 0.014285714285714285
9 1.2257142857142858 0.2710714285714286 0.02095238095238095 0.017857142857142856
9 1.1690476190476191 0.26785714285714285 0.012380952380952381 0.02
9 0.6395238095238095 0.3539285714285714 0.012380952380952381 0.02214285714285714
9 0.6242857142857143 0.2810714285714286 0.012380952380952381 0.017857142857142856
9 0.8095238095238095 0.20035714285714284 0.011428571428571429 0.019285714285714285
5 0.6204761904761905 0.2 0.03142857142857143 0.04428571428571428
3 0.77 0.2125 0.025714285714285714 0.03214285714285714
3 0.9047619047619048 0.32285714285714284 0.03619047619047619 0.04428571428571428
3 0.9914285714285714 0.3325 0.04 0.04071428571428572
3 1.12 0.26857142857142857 0.07428571428571429 0.027142857142857142
9 0.9957142857142857 0.2532142857142857 0.029523809523809525 0.013571428571428571
3 1.15 0.35464285714285715 0.05047619047619047 0.04642857142857143
3 1.1995238095238094 0.35714285714285715 0.04666666666666667 0.047142857142857146
9 0.5957142857142858 0.7314285714285714 0.021904761904761906 0.03571428571428571
1 0.5957142857142858 0.7342857142857143 0.02 0.022857142857142857
