3 0.5523809523809524 0.47785714285714287 0.10857142857142857 0.10571428571428572
3 0.5780952380952381 0.38535714285714284 0.08571428571428572 0.06642857142857143
3 0.37714285714285717 0.3475 0.08571428571428572 0.06642857142857143
3 0.31523809523809526 0.33035714285714285 0.10285714285714286 0.06642857142857143
3 0.17809523809523808 0.315 0.11047619047619048 0.05857142857142857
3 0.24523809523809523 0.32607142857142857 0.1 0.056428571428571425
3 0.8242857142857143 0.4092857142857143 0.06571428571428571 0.08142857142857143
3 1.049047619047619 0.4382142857142857 0.06380952380952382 0.075
3 1.1295238095238096 0.45071428571428573 0.07428571428571429 0.08142857142857143
3 1.2223809523809523 0.46464285714285714 0.09047619047619047 0.09357142857142857
3 1.0904761904761904 0.56 0.08761904761904762 0.12142857142857143
3 1.200952380952381 0.5767857142857142 0.09904761904761905 0.12357142857142857
3 0.9023809523809524 0.42964285714285716 0.054285714285714284 0.08071428571428571
3 0.729047619047619 0.5007142857142857 0.08857142857142856 0.11428571428571428
4 0.3952380952380952 0.4492857142857143 0.11047619047619048 0.1
3 1.1685714285714286 0.34714285714285714 0.13523809523809524 0.05142857142857143
4 0.37238095238095237 0.24714285714285714 0.10285714285714286 0.047142857142857146
9 0.4452380952380952 0.27071428571428574 0.035238095238095235 0.022857142857142857
9 0.42857142857142855 0.2639285714285714 0.03619047619047619 0.023571428571428573
9 0.4471428571428571 0.25107142857142856 0.039047619047619046 0.02214285714285714
9 0.3109523809523809 0.2475 0.029523809523809525 0.025
9 0.24047619047619048 0.23607142857142857 0.037142857142857144 0.02642857142857143
9 0.19333333333333333 0.24035714285714285 0.02857142857142857 0.030714285714285715
9 0.1376190476190476 0.22678571428571428 0.02761904761904762 0.025
9 0.07142857142857142 0.23535714285714285 0.03238095238095238 0.02642857142857143
9 0.11333333333333333 0.21928571428571428 0.024761904761904763 0.03
9 0.06714285714285714 0.21285714285714286 0.03333333333333333 0.027142857142857142
9 0.09619047619047619 0.215 0.03428571428571429 0.027142857142857142
9 0.02761904761904762 0.21285714285714286 0.0380952380952381 0.022857142857142857
5 1.3023809523809524 0.4785714285714286 0.06 0.13285714285714287
