1 0.724088291746641 0.3470122390208783 0.022072936660268713 0.020158387329013677
1 0.7610364683301343 0.40568754499640025 0.04030710172744722 0.019438444924406047
1 0.5508637236084453 0.3941684665226782 0.04030710172744722 0.015118790496760258
1 0.6401151631477927 0.4456443484521238 0.044145873320537425 0.018718502519798414
1 0.527831094049904 0.3750899928005759 0.03838771593090211 0.020158387329013677
1 0.5182341650671785 0.6958243340532757 0.05950095969289827 0.03815694744420446
1 0.5815738963531669 0.33477321814254857 0.0345489443378119 0.01727861771058315
1 0.6722648752399232 0.49928005759539235 0.04126679462571977 0.03239740820734341
1 0.6026871401151631 0.39128869690424767 0.023032629558541268 0.009359251259899207
1 0.6166026871401151 0.39740820734341253 0.01439539347408829 0.02159827213822894
1 0.44817658349328215 0.18178545716342692 0.01727447216890595 0.017998560115190784
1 0.4971209213051823 0.17566594672426206 0.007677543186180422 0.01583873290136789
1 0.4697696737044146 0.17962562994960402 0.01439539347408829 0.017998560115190784
1 0.4040307101727447 0.17602591792656586 0.011516314779270634 0.01655867530597552
1 0.2634357005758157 0.22642188624910006 0.018234165067178502 0.022318214542836574
1 1.019193857965451 0.5212383009359252 0.06717850287907869 0.028797696184305256
1 1.098848368522073 0.4906407487401008 0.02879078694817658 0.022318214542836574
1 1.1549904030710172 0.4568034557235421 0.04318618042226487 0.022318214542836574
1 0.9851247600767754 0.3700503959683225 0.04126679462571977 0.02159827213822894
1 1.0292706333973127 0.43664506839452844 0.02783109404990403 0.022318214542836574
1 0.9980806142034548 0.4301655867530597 0.02111324376199616 0.022318214542836574
1 1.098848368522073 0.2922966162706983 0.0345489443378119 0.014398848092152628
1 1.0508637236084453 0.2847372210223182 0.04030710172744722 0.009359251259899207
1 0.9577735124760076 0.16378689704823612 0.02111324376199616 0.012239020878329733
1 0.9534548944337812 0.1627069834413247 0.012476007677543186 0.011519078473722102
1 0.9318618042226487 0.16486681065514758 0.019193857965451054 0.012958963282937365
1 0.9155470249520153 0.16126709863210942 0.013435700575815739 0.010079193664506839
1 0.9073896353166986 0.15298776097912167 0.022072936660268713 0.01079913606911447
1 0.9165067178502879 0.156227501799856 0.023032629558541268 0.008639308855291575
1 0.9726487523992322 0.18430525557955363 0.01055662188099808 0.011519078473722102
1 0.942898272552783 0.18466522678185746 0.0067178502879078695 0.007919366450683946
1 1.1468330134357005 0.5817134629229661 0.03262955854126679 0.028797696184305256
1 1.20873320537428 0.587832973362131 0.03550863723608445 0.025197984161267097
1 1.2495201535508638 0.6043916486681066 0.06717850287907869 0.04103671706263499
1 1.3114203454894433 0.5367170626349892 0.04126679462571977 0.043916486681065514
1 1.3099808061420346 0.4798416126709863 0.036468330134357005 0.02087832973362131
1 1.2663147792706333 0.4326853851691864 0.022072936660268713 0.03311735061195104
1 1.2787907869481765 0.32001439884809213 0.07005758157389635 0.013678905687544997
1 1.2106525911708252 0.27681785457163427 0.02783109404990403 0.01079913606911447
1 1.2571976967370442 0.2580993520518358 0.02111324376199616 0.01655867530597552
1 1.2360844529750479 0.2555795536357091 0.013435700575815739 0.014398848092152628
1 1.3027831094049904 0.2944564434845212 0.01439539347408829 0.014398848092152628
1 1.3190978886756237 0.2847372210223182 0.012476007677543186 0.01079913606911447
1 1.2428023032629558 0.3023758099352052 0.019193857965451054 0.011519078473722102
1 0.9069097888675623 0.20302375809935205 0.013435700575815739 0.011519078473722102
1 0.8752399232245681 0.5550755939524837 0.06717850287907869 0.028797696184305256
1 0.8498080614203455 0.5673146148308135 0.05470249520153551 0.038876889848812095
1 0.7936660268714011 0.5669546436285097 0.02879078694817658 0.02663786897048236
1 1.0628598848368522 0.6569474442044636 0.05854126679462572 0.03239740820734341
1 1.0647792706333972 0.5759539236861051 0.02783109404990403 0.028797696184305256
1 1.1122840690978886 0.5280777537796976 0.03262955854126679 0.0367170626349892
1 1.147792706333973 0.5187185025197983 0.02495201535508637 0.029517638588912886
1 1.2975047984644914 0.44168466522678185 0.0345489443378119 0.02663786897048236
1 1.2648752399232246 0.3992080633549316 0.026871401151631478 0.029517638588912886
1 1.2946257197696736 0.37940964722822174 0.03838771593090211 0.01583873290136789
1 1.2423224568138196 0.3560115190784737 0.02399232245681382 0.02663786897048236
1 1.2653550863723608 0.35061195104391646 0.02399232245681382 0.024478041756659467
1 1.1098848368522072 0.42152627789776814 0.029750479846449136 0.023758099352051833
1 1.116122840690979 0.261699064074874 0.015355086372360844 0.01655867530597552
1 1.0786948176583493 0.4348452123830093 0.02495201535508637 0.02159827213822894
1 1.100767754318618 0.4460043196544276 0.02495201535508637 0.017998560115190784
