3 0.28553299492385786 0.2732142857142857 0.07106598984771573 0.019285714285714285
5 0.26840101522842635 0.24464285714285713 0.10279187817258882 0.027857142857142858
5 0.5272842639593909 0.2571428571428571 0.10279187817258882 0.032857142857142856
3 0.6104060913705583 0.29892857142857143 0.06598984771573603 0.019285714285714285
3 0.2975888324873096 0.3582142857142857 0.07741116751269035 0.016428571428571428
3 0.6161167512690355 0.37214285714285716 0.07233502538071065 0.022857142857142857
8 0.5748730964467005 0.4135714285714286 0.11675126903553298 0.054285714285714284
4 0.6757614213197969 0.4810714285714286 0.05964467005076142 0.039285714285714285
4 0.8178934010152283 0.3560714285714286 0.05456852791878172 0.03785714285714286
4 0.9225888324873096 0.4689285714285714 0.06091370558375634 0.055
5 1.0736040609137054 0.33035714285714285 0.06598984771573603 0.060714285714285714
5 1.2195431472081217 0.43642857142857144 0.13959390862944163 0.03857142857142857
3 1.1116751269035532 0.4957142857142857 0.08121827411167512 0.02857142857142857
3 1.6833756345177664 0.21964285714285714 0.03680203045685279 0.02642857142857143
3 1.673223350253807 0.17464285714285716 0.029187817258883246 0.019285714285714285
3 1.663705583756345 0.15321428571428572 0.035532994923857864 0.019285714285714285
8 1.6586294416243654 0.030357142857142857 0.06345177664974619 0.03642857142857143
3 1.406725888324873 0.0225 0.03426395939086294 0.02214285714285714
8 0.8477157360406091 0.06714285714285714 0.07360406091370558 0.025714285714285714
5 0.9390862944162436 0.05142857142857143 0.10152284263959391 0.032857142857142856
3 1.3845177664974617 0.0075 0.035532994923857864 0.015
3 1.2690355329949237 0.26035714285714284 0.02284263959390863 0.025
3 1.274746192893401 0.235 0.024111675126903553 0.027142857142857142
5 1.2385786802030456 0.27071428571428574 0.027918781725888322 0.03857142857142857
5 1.1998730964467004 0.2642857142857143 0.03680203045685279 0.04
5 1.2436548223350252 0.2425 0.02284263959390863 0.02642857142857143
5 1.2506345177664973 0.21928571428571428 0.026649746192893398 0.027142857142857142
5 1.2798223350253806 0.2042857142857143 0.024111675126903553 0.022857142857142857
3 1.28743654822335 0.17142857142857143 0.05456852791878172 0.017142857142857144
8 1.3610406091370557 0.1525 0.08248730964467005 0.02214285714285714
3 1.3648477157360406 0.12785714285714286 0.04441624365482233 0.011428571428571429
3 1.3667512690355328 0.11821428571428572 0.050761421319796954 0.016428571428571428
3 1.3711928934010151 0.11214285714285714 0.05710659898477157 0.015714285714285715
3 1.3730964467005076 0.105 0.04568527918781726 0.015714285714285715
3 1.375 0.09821428571428571 0.04441624365482233 0.016428571428571428
5 0.8749999999999999 0.21357142857142858 0.08756345177664974 0.02857142857142857
