3 1.0102040816326532 0.4240605427974947 0.07792207792207792 0.03496868475991649
3 1.053339517625232 0.383089770354906 0.08812615955473098 0.031315240083507306
1 0.7291280148423006 0.4131002087682672 0.012987012987012988 0.009916492693110646
1 0.7388682745825603 0.4063152400835073 0.013914656771799629 0.010960334029227557
1 0.7402597402597403 0.40683716075156573 0.0074211502782931356 0.0057411273486430055
1 0.7481447124304267 0.39953027139874736 0.013914656771799629 0.009916492693110646
1 0.7662337662337663 0.3914405010438413 0.012987012987012988 0.013569937369519832
9 0.5579777365491652 0.39926931106471814 0.02504638218923933 0.010438413361169102
1 0.5593692022263451 0.39692066805845505 0.012987012987012988 0.009916492693110646
9 0.5575139146567718 0.3536012526096033 0.02411873840445269 0.016179540709812108
3 0.48562152133580705 0.32672233820459284 0.06586270871985157 0.033402922755741124
9 0.2922077922077922 0.2781837160751566 0.016697588126159554 0.014613778705636741
3 0.23608534322820038 0.25652400835073064 0.07328385899814471 0.02974947807933194
9 0.19573283858998144 0.24765135699373692 0.03153988868274583 0.013048016701461376
9 0.15398886827458255 0.23460334029227556 0.02411873840445269 0.013048016701461376
3 0.10343228200371057 0.23251565762004173 0.07142857142857142 0.025574112734864297
9 0.019944341372912802 0.21737995824634654 0.026901669758812616 0.014091858037578286
3 0.3390538033395176 0.42432150313152395 0.06771799628942486 0.033402922755741124
3 0.34833024118738404 0.02139874739039666 0.036178107606679034 0.012526096033402922
3 0.38358070500927643 0.013308977035490605 0.030612244897959183 0.012004175365344467
3 0.43089053803339517 0.003914405010438413 0.0287569573283859 0.008872651356993735
3 1.7360853432282004 0.013048016701461376 0.021335807050092765 0.010438413361169102
3 1.716604823747681 0.01069937369519833 0.021335807050092765 0.009916492693110646
3 1.6961966604823748 0.009655532359081419 0.012059369202226345 0.008872651356993735
