9 1.2403333333333333 0.6135 0.04066666666666666 0.027
9 1.2493333333333332 0.6105 0.028 0.03
4 0.8663333333333333 0.66425 0.066 0.059500000000000004
3 0.821 0.62 0.07266666666666667 0.043000000000000003
4 0.7206666666666667 0.6627500000000001 0.064 0.0625
3 0.7533333333333333 0.58775 0.048 0.0315
3 0.7503333333333333 0.55525 0.048666666666666664 0.0305
3 0.776 0.5317500000000001 0.06799999999999999 0.0235
3 0.7443333333333333 0.52375 0.066 0.0245
3 0.694 0.509 0.030666666666666665 0.018000000000000002
3 0.47966666666666663 0.7285 0.074 0.042
3 0.497 0.6705 0.066 0.068
3 0.5016666666666667 0.61875 0.049999999999999996 0.0485
4 0.5216666666666666 0.5475 0.03133333333333333 0.037
3 0.48833333333333334 0.5195 0.06733333333333333 0.019
3 0.49 0.5125 0.05333333333333333 0.018000000000000002
4 0.6413333333333333 0.636 0.05733333333333333 0.066
3 0.624 0.59 0.044 0.038
3 0.6133333333333333 0.5605 0.044 0.032
3 0.594 0.51175 0.026666666666666665 0.025500000000000002
3 0.5876666666666667 0.501 0.026 0.019
3 0.5286666666666666 0.49375 0.022666666666666665 0.0175
3 0.5346666666666666 0.4845 0.022666666666666665 0.016
3 0.542 0.47300000000000003 0.02 0.013000000000000001
3 0.5533333333333333 0.466 0.018666666666666665 0.011
3 0.5563333333333333 0.46025 0.016666666666666666 0.0115
3 0.5616666666666666 0.45575 0.015333333333333332 0.0105
3 0.5683333333333334 0.45075 0.014 0.0095
3 0.5726666666666667 0.4435 0.013333333333333332 0.01
3 0.578 0.4415 0.010666666666666666 0.009000000000000001
3 0.537 0.44925 0.03 0.0075
3 0.602 0.48375 0.021333333333333333 0.0135
3 0.5916666666666667 0.47550000000000003 0.019333333333333334 0.013000000000000001
3 0.6163333333333333 0.47650000000000003 0.019333333333333334 0.012
3 0.618 0.464 0.016 0.011
3 0.6273333333333333 0.44175000000000003 0.013333333333333332 0.006500000000000001
3 0.627 0.4395 0.012666666666666666 0.006
3 0.6636666666666666 0.47400000000000003 0.016666666666666666 0.012
3 0.6636666666666666 0.4665 0.020666666666666667 0.012
3 0.6636666666666666 0.458 0.012666666666666666 0.008
3 0.66 0.45425 0.014666666666666666 0.0115
3 0.6576666666666666 0.45025 0.014 0.0085
3 0.6573333333333333 0.4425 0.013333333333333332 0.009000000000000001
3 0.658 0.43925000000000003 0.012 0.006500000000000001
