3 1.4733502538071064 0.3982142857142857 0.08375634517766496 0.030714285714285715
3 0.8876903553299492 0.43464285714285716 0.03680203045685279 0.04071428571428572
3 0.898477157360406 0.5335714285714286 0.03807106598984771 0.05
3 0.6459390862944162 0.21285714285714286 0.032994923857868015 0.022857142857142857
3 0.5602791878172588 0.11321428571428571 0.03934010152284264 0.015
4 0.8889593908629441 0.06678571428571428 0.026649746192893398 0.019285714285714285
3 0.9416243654822334 0.029642857142857144 0.027918781725888322 0.016428571428571428
9 0.8756345177664974 0.027857142857142858 0.01015228426395939 0.007142857142857143
1 0.8762690355329948 0.02642857142857143 0.008883248730964466 0.005714285714285714
9 0.9029187817258882 0.013571428571428571 0.011421319796954314 0.007142857142857143
1 0.9035532994923857 0.01107142857142857 0.01015228426395939 0.007857142857142858
