3 0.3438095238095238 0.06964285714285715 0.08952380952380952 0.03357142857142857
3 0.3438095238095238 0.08857142857142856 0.08571428571428572 0.04
3 0.30904761904761907 0.1075 0.11142857142857143 0.04071428571428572
3 0.2885714285714286 0.14464285714285716 0.08 0.047857142857142855
3 0.23095238095238096 0.19464285714285715 0.08095238095238096 0.06357142857142857
4 0.10666666666666666 0.2007142857142857 0.11619047619047619 0.06571428571428571
3 0.1619047619047619 0.2689285714285714 0.11238095238095239 0.08071428571428571
3 0.03142857142857143 0.2907142857142857 0.06476190476190476 0.07571428571428572
3 0.06952380952380953 0.37035714285714283 0.14095238095238094 0.11357142857142857
4 0.44095238095238093 0.7096428571428571 0.1295238095238095 0.07785714285714286
2 1.1542857142857144 0.5507142857142857 0.07809523809523809 0.05
9 1.0947619047619048 0.43392857142857144 0.035238095238095235 0.05357142857142857
1 1.1266666666666667 0.2842857142857143 0.011428571428571429 0.024285714285714285
3 0.909047619047619 0.25142857142857145 0.08095238095238096 0.07142857142857142
3 0.7819047619047619 0.24892857142857142 0.06666666666666667 0.065
2 0.9357142857142857 0.07321428571428572 0.014285714285714285 0.020714285714285713
9 0.8747619047619047 0.054285714285714284 0.02 0.018571428571428572
3 0.7461904761904762 0.033928571428571426 0.035238095238095235 0.03357142857142857
4 0.7633333333333333 0.05607142857142857 0.040952380952380955 0.04928571428571429
3 0.62 0.009285714285714286 0.07428571428571429 0.02
3 0.6171428571428571 0.020714285714285713 0.07809523809523809 0.022857142857142857
3 0.6123809523809524 0.031071428571428573 0.0761904761904762 0.03214285714285714
3 0.61 0.05071428571428571 0.07714285714285714 0.03571428571428571
3 0.6323809523809524 0.06428571428571428 0.07809523809523809 0.03142857142857143
9 0.6833333333333333 0.023214285714285715 0.008571428571428572 0.019285714285714285
4 0.5423809523809524 0.24535714285714286 0.1361904761904762 0.060714285714285714
4 0.5028571428571429 0.5292857142857142 0.11238095238095239 0.13285714285714287
3 0.5423809523809524 0.3603571428571429 0.09428571428571429 0.09785714285714285
5 0.30714285714285716 0.39071428571428574 0.16666666666666666 0.1657142857142857
