3 0.08190476190476191 0.15357142857142858 0.11238095238095239 0.04
3 0.2038095238095238 0.16535714285714287 0.11238095238095239 0.04071428571428572
3 0.17809523809523808 0.19964285714285715 0.12761904761904763 0.04071428571428572
3 0.09380952380952381 0.23035714285714284 0.14952380952380953 0.04357142857142857
3 0.24857142857142858 0.23785714285714285 0.15428571428571428 0.045714285714285714
3 0.021904761904761906 0.19857142857142857 0.045714285714285714 0.03142857142857143
3 0.4080952380952381 0.17 0.07523809523809524 0.04
6 0.4219047619047619 0.25535714285714284 0.08190476190476191 0.03785714285714286
3 0.4780952380952381 0.16142857142857142 0.06857142857142857 0.04
3 0.5542857142857143 0.18928571428571428 0.01904761904761905 0.037142857142857144
3 0.5638095238095238 0.08857142857142856 0.06857142857142857 0.022857142857142857
3 0.6080952380952381 0.07857142857142857 0.03333333333333333 0.02857142857142857
3 0.5976190476190476 0.05857142857142857 0.03142857142857143 0.024285714285714285
3 0.6438095238095238 0.14392857142857143 0.047619047619047616 0.045
8 0.6685714285714286 0.09964285714285714 0.08 0.08214285714285714
3 0.6980952380952381 0.05857142857142857 0.02095238095238095 0.017142857142857144
3 0.7461904761904762 0.05785714285714286 0.029523809523809525 0.027142857142857142
3 0.7180952380952381 0.048928571428571425 0.030476190476190476 0.025
3 0.7228571428571429 0.03535714285714286 0.026666666666666665 0.016428571428571428
3 0.7228571428571429 0.026071428571428572 0.01904761904761905 0.015
3 0.7857142857142857 0.07035714285714285 0.07047619047619047 0.020714285714285713
8 0.8447619047619047 0.06035714285714286 0.049523809523809526 0.045
3 0.8866666666666667 0.04928571428571429 0.022857142857142857 0.015714285714285715
3 0.8895238095238095 0.06392857142857143 0.02857142857142857 0.019285714285714285
3 0.8985714285714286 0.085 0.03142857142857143 0.02
3 0.9104761904761904 0.10035714285714285 0.03238095238095238 0.025
3 0.9242857142857143 0.11857142857142858 0.039047619047619046 0.03142857142857143
3 0.9438095238095238 0.14821428571428572 0.04380952380952381 0.03214285714285714
3 0.9652380952380952 0.19 0.05619047619047619 0.041428571428571426
4 0.2571428571428571 0.6746428571428571 0.2761904761904762 0.14357142857142857
