3 0.43401015228426393 0.5110714285714286 0.08121827411167512 0.056428571428571425
3 0.5888324873096447 0.3796428571428571 0.055837563451776644 0.03357142857142857
3 0.7290609137055837 0.39321428571428574 0.04695431472081218 0.03357142857142857
3 0.8718274111675126 0.22428571428571428 0.03807106598984771 0.025714285714285714
3 0.7455583756345177 0.22857142857142856 0.029187817258883246 0.015714285714285715
3 0.9974619289340101 0.13607142857142857 0.02284263959390863 0.013571428571428571
3 0.9796954314720812 0.1075 0.02284263959390863 0.013571428571428571
3 1.065989847715736 0.0925 0.02030456852791878 0.010714285714285714
3 1.015228426395939 0.08821428571428572 0.015228426395939085 0.010714285714285714
3 1.0590101522842639 0.08321428571428571 0.019035532994923856 0.009285714285714286
3 1.0678934010152283 0.0675 0.021573604060913704 0.0064285714285714285
3 1.0824873096446699 0.07321428571428572 0.02030456852791878 0.009285714285714286
3 1.116751269035533 0.07107142857142858 0.02030456852791878 0.010714285714285714
3 1.1453045685279186 0.155 0.03426395939086294 0.011428571428571429
3 1.1465736040609136 0.05892857142857143 0.016497461928934008 0.009285714285714286
3 1.1840101522842639 0.047142857142857146 0.015228426395939085 0.007142857142857143
3 0.9232233502538071 0.11214285714285714 0.026649746192893398 0.014285714285714285
3 1.5507614213197969 0.014285714285714285 0.012690355329949238 0.005714285714285714
3 1.5685279187817258 0.012142857142857143 0.012690355329949238 0.005714285714285714
3 1.508248730964467 0.01607142857142857 0.016497461928934008 0.007857142857142858
3 1.25 0.033928571428571426 0.015228426395939085 0.0064285714285714285
3 1.3553299492385786 0.02642857142857143 0.015228426395939085 0.008571428571428572
3 1.3236040609137054 0.026785714285714284 0.015228426395939085 0.0064285714285714285
3 1.296954314720812 0.0325 0.015228426395939085 0.0064285714285714285
3 1.3166243654822334 0.03428571428571429 0.019035532994923856 0.008571428571428572
3 1.2017766497461928 0.03857142857142857 0.02030456852791878 0.007142857142857143
8 0.8261421319796953 0.41714285714285715 0.09644670050761421 0.15428571428571428
4 1.0501269035532994 0.3875 0.06472081218274112 0.052142857142857144
4 0.8883248730964466 0.32142857142857145 0.048223350253807105 0.03428571428571429
4 0.8692893401015228 0.17857142857142858 0.032994923857868015 0.018571428571428572
4 0.9238578680203045 0.0925 0.02284263959390863 0.010714285714285714
4 0.9720812182741116 0.085 0.02030456852791878 0.011428571428571429
4 1.0805837563451777 0.054642857142857146 0.021573604060913704 0.009285714285714286
5 1.0019035532994922 0.19892857142857143 0.049492385786802026 0.04357142857142857
8 1.0983502538071066 0.2617857142857143 0.08756345177664974 0.07214285714285715
5 0.8134517766497461 0.21642857142857141 0.04568527918781726 0.03428571428571429
5 1.2125634517766497 0.14 0.04695431472081218 0.018571428571428572
5 1.239213197969543 0.04107142857142857 0.029187817258883246 0.012142857142857143
5 1.3845177664974617 0.025714285714285714 0.03045685279187817 0.011428571428571429
8 1.4587563451776648 0.018571428571428572 0.031725888324873094 0.012857142857142857
