5 0.07523809523809524 0.07142857142857142 0.09142857142857143 0.10428571428571429
3 0.2623809523809524 0.008928571428571428 0.040952380952380955 0.019285714285714285
3 0.26285714285714284 0.026785714285714284 0.0419047619047619 0.029285714285714286
3 0.25761904761904764 0.0525 0.04857142857142857 0.045
3 0.2680952380952381 0.09535714285714286 0.06761904761904762 0.04357142857142857
5 0.20857142857142857 0.15035714285714286 0.26857142857142857 0.08071428571428571
9 0.3566666666666667 0.06 0.014285714285714285 0.022857142857142857
6 0.38904761904761903 0.12785714285714286 0.02761904761904762 0.04
1 0.3557142857142857 0.047142857142857146 0.01619047619047619 0.017142857142857144
1 0.3880952380952381 0.11785714285714285 0.014285714285714285 0.02142857142857143
5 0.24857142857142858 0.25821428571428573 0.10285714285714286 0.135
3 0.24666666666666667 0.36892857142857144 0.0761904761904762 0.10357142857142858
3 0.23952380952380953 0.4928571428571429 0.09428571428571429 0.13
3 0.21904761904761905 0.6771428571428572 0.11619047619047619 0.14285714285714285
3 0.6442857142857142 0.5967857142857143 0.13238095238095238 0.16785714285714284
3 0.6676190476190477 0.32035714285714284 0.09904761904761905 0.09214285714285714
3 0.47285714285714286 0.17107142857142857 0.06 0.06642857142857143
9 0.7061904761904761 0.18428571428571427 0.02761904761904762 0.027142857142857142
1 0.7057142857142857 0.17214285714285715 0.015238095238095238 0.02142857142857143
3 0.6076190476190476 0.08214285714285714 0.06095238095238095 0.04285714285714286
3 0.6847619047619048 0.10821428571428571 0.06666666666666667 0.045
3 0.44047619047619047 0.04928571428571429 0.04857142857142857 0.04857142857142857
3 0.6347619047619047 0.05 0.04857142857142857 0.04
2 0.5880952380952381 0.025357142857142856 0.01619047619047619 0.020714285714285713
1 0.5861904761904762 0.0125 0.012380952380952381 0.019285714285714285
3 0.6519047619047619 0.0067857142857142855 0.04857142857142857 0.015
5 0.679047619047619 0.024285714285714285 0.05904761904761905 0.05
3 0.7128571428571429 0.06964285714285715 0.06190476190476191 0.03642857142857143
4 0.7823809523809524 0.06357142857142857 0.07523809523809524 0.054285714285714284
4 0.7504761904761905 0.11178571428571428 0.06857142857142857 0.05785714285714286
3 0.8380952380952381 0.0175 0.06476190476190476 0.03642857142857143
3 0.8071428571428572 0.15571428571428572 0.1 0.04857142857142857
3 0.9238095238095239 0.12428571428571429 0.11428571428571428 0.04428571428571428
3 0.9119047619047619 0.19964285714285715 0.1019047619047619 0.06785714285714285
3 0.8423809523809523 0.21464285714285714 0.08285714285714285 0.065
3 0.9804761904761905 0.145 0.12285714285714286 0.047142857142857146
9 1.0733333333333333 0.14535714285714285 0.045714285714285714 0.023571428571428573
9 1.0614285714285714 0.1325 0.040952380952380955 0.019285714285714285
3 1.0080952380952382 0.27214285714285713 0.11523809523809524 0.07285714285714286
3 0.9366666666666666 0.3242857142857143 0.12095238095238095 0.08714285714285715
4 0.910952380952381 0.3842857142857143 0.12476190476190477 0.09714285714285714
4 1.036190476190476 0.4185714285714286 0.13523809523809524 0.1
2 1.0814285714285714 0.47964285714285715 0.05619047619047619 0.035
3 0.9961904761904762 0.61 0.17714285714285713 0.15142857142857144
3 1.17 0.5725 0.18571428571428572 0.15214285714285714
3 1.2947619047619048 0.5085714285714286 0.06952380952380953 0.09714285714285714
5 1.1528571428571428 0.3603571428571429 0.1819047619047619 0.12928571428571428
2 1.25 0.2925 0.05047619047619047 0.03357142857142857
9 1.2323809523809524 0.27035714285714285 0.04380952380952381 0.030714285714285715
