3 0.4625634517766497 0.5267857142857143 0.024111675126903553 0.016428571428571428
3 0.4549492385786802 0.5525 0.03426395939086294 0.017857142857142856
3 0.649746192893401 0.3917857142857143 0.025380710659898477 0.017857142857142856
4 0.5678934010152283 0.5025 0.026649746192893398 0.020714285714285713
5 0.5717005076142132 0.5196428571428572 0.04187817258883248 0.03214285714285714
5 0.6687817258883249 0.44535714285714284 0.055837563451776644 0.04357142857142857
3 0.5520304568527918 0.46535714285714286 0.027918781725888322 0.019285714285714285
4 0.6573604060913705 0.40464285714285714 0.03045685279187817 0.017857142857142856
4 0.756979695431472 0.3792857142857143 0.024111675126903553 0.017142857142857144
4 0.7887055837563451 0.3539285714285714 0.024111675126903553 0.016428571428571428
5 0.6706852791878172 0.3539285714285714 0.05964467005076142 0.04357142857142857
3 0.8210659898477157 0.33 0.02030456852791878 0.011428571428571429
3 0.8483502538071065 0.3092857142857143 0.021573604060913704 0.014285714285714285
4 0.7576142131979695 0.3325 0.02030456852791878 0.015
5 0.815989847715736 0.3125 0.03045685279187817 0.023571428571428573
8 0.7449238578680203 0.32107142857142856 0.027918781725888322 0.019285714285714285
8 0.7601522842639593 0.3517857142857143 0.032994923857868015 0.02214285714285714
3 0.9022842639593908 0.26607142857142857 0.02284263959390863 0.012142857142857143
3 0.8604060913705583 0.2810714285714286 0.015228426395939085 0.012142857142857143
4 0.8115482233502538 0.2692857142857143 0.016497461928934008 0.01
5 0.897208121827411 0.2307142857142857 0.04060913705583756 0.027142857142857142
4 0.9352791878172588 0.245 0.015228426395939085 0.012857142857142857
5 0.9530456852791878 0.21392857142857144 0.035532994923857864 0.025
4 0.9784263959390862 0.21428571428571427 0.02284263959390863 0.012857142857142857
4 0.9238578680203045 0.17857142857142858 0.012690355329949238 0.01
3 0.9175126903553299 0.2417857142857143 0.02284263959390863 0.009285714285714286
3 1.008248730964467 0.19642857142857142 0.019035532994923856 0.01
3 1.001269035532995 0.18535714285714286 0.02030456852791878 0.010714285714285714
3 0.9809644670050761 0.18178571428571427 0.017766497461928932 0.010714285714285714
3 1.0196700507614211 0.155 0.019035532994923856 0.008571428571428572
9 0.9581218274111675 0.23035714285714284 0.01015228426395939 0.0064285714285714285
1 0.9600253807106598 0.23 0.006345177664974619 0.005714285714285714
4 1.0310913705583755 0.16785714285714284 0.019035532994923856 0.012857142857142857
3 1.0361675126903553 0.18 0.019035532994923856 0.012857142857142857
3 1.065989847715736 0.16071428571428573 0.02030456852791878 0.01
3 1.0958121827411167 0.10535714285714286 0.016497461928934008 0.009285714285714286
8 0.9758883248730964 0.13142857142857142 0.035532994923857864 0.027142857142857142
5 1.1085025380710658 0.12214285714285714 0.03680203045685279 0.02
4 1.148477157360406 0.15357142857142858 0.02284263959390863 0.011428571428571429
5 1.0006345177664975 0.3985714285714286 0.0748730964467005 0.027142857142857142
5 1.0038071065989846 0.3875 0.06091370558375634 0.02214285714285714
8 1.017766497461929 0.3796428571428571 0.07360406091370558 0.023571428571428573
4 1.16751269035533 0.0725 0.015228426395939085 0.009285714285714286
4 1.1643401015228425 0.10571428571428572 0.024111675126903553 0.012857142857142857
3 1.1928934010152283 0.08428571428571428 0.015228426395939085 0.008571428571428572
4 1.2798223350253806 0.045714285714285714 0.013959390862944161 0.01
5 1.1871827411167513 0.3775 0.049492385786802026 0.019285714285714285
5 1.1770304568527918 0.4057142857142857 0.052030456852791875 0.018571428571428572
5 1.288705583756345 0.021785714285714287 0.026649746192893398 0.015
