3 0.6123809523809524 0.5557142857142857 0.25142857142857145 0.10571428571428572
3 0.16523809523809524 0.4807142857142857 0.10380952380952381 0.13714285714285715
3 0.37 0.41785714285714287 0.0980952380952381 0.10285714285714286
3 1.2847619047619048 0.5110714285714286 0.09523809523809523 0.08928571428571429
3 1.1071428571428572 0.5375 0.23142857142857143 0.10214285714285715
3 1.2895238095238095 0.2332142857142857 0.08571428571428572 0.09928571428571428
3 1.2328571428571429 0.2425 0.13047619047619047 0.10214285714285715
3 1.0752380952380953 0.2292857142857143 0.11428571428571428 0.09714285714285714
4 0.9957142857142857 0.20035714285714284 0.11142857142857143 0.095
4 0.65 0.425 0.22 0.08857142857142856
4 0.5919047619047619 0.2757142857142857 0.16666666666666666 0.08142857142857143
4 0.5280952380952381 0.23714285714285716 0.14761904761904762 0.09142857142857143
4 0.35285714285714287 0.29428571428571426 0.0980952380952381 0.12428571428571429
3 0.7214285714285714 0.1275 0.10952380952380952 0.07357142857142857
3 0.6623809523809524 0.11964285714285715 0.11142857142857143 0.07071428571428572
3 0.6219047619047618 0.09892857142857144 0.11047619047619048 0.055
3 0.2704761904761905 0.13 0.08190476190476191 0.055714285714285716
4 0.39095238095238094 0.1475 0.07714285714285714 0.08214285714285714
3 0.4095238095238095 0.09321428571428571 0.05904761904761905 0.047857142857142855
3 0.42428571428571427 0.03142857142857143 0.05047619047619047 0.047142857142857146
3 0.0380952380952381 0.27071428571428574 0.0761904761904762 0.09714285714285714
3 0.07333333333333333 0.18571428571428572 0.11047619047619048 0.08
3 0.13857142857142857 0.11821428571428572 0.08285714285714285 0.062142857142857146
3 0.18142857142857144 0.062142857142857146 0.07333333333333333 0.055714285714285716
3 0.2985714285714286 0.015 0.058095238095238096 0.03
3 0.4442857142857143 0.008928571428571428 0.040952380952380955 0.019285714285714285
