3 0.8426395939086294 0.3575 0.07868020304568528 0.07642857142857143
3 0.5209390862944162 0.165 0.06725888324873096 0.05714285714285714
3 0.7366751269035532 0.09178571428571429 0.06218274111675126 0.05357142857142857
3 1.0215736040609136 0.4903571428571429 0.08375634517766496 0.08785714285714286
3 1.3616751269035532 0.4810714285714286 0.09898477157360405 0.07785714285714286
3 1.3845177664974617 0.07964285714285714 0.09137055837563451 0.039285714285714285
3 1.2798223350253806 0.053214285714285714 0.07233502538071065 0.03357142857142857
5 0.8705583756345177 0.1742857142857143 0.11167512690355329 0.11714285714285715
3 1.4955583756345177 0.09607142857142857 0.07994923857868019 0.029285714285714286
3 1.6281725888324872 0.11392857142857143 0.08883248730964466 0.03214285714285714
