3 0.4228571428571429 0.6967857142857142 0.10476190476190476 0.060714285714285714
4 0.4471428571428571 0.6364285714285715 0.09047619047619047 0.05142857142857143
3 0.4695238095238095 0.6025 0.0838095238095238 0.04642857142857143
3 0.5057142857142857 0.5632142857142857 0.07238095238095238 0.04214285714285714
3 0.5447619047619048 0.5075 0.08190476190476191 0.04357142857142857
3 0.580952380952381 0.45357142857142857 0.0419047619047619 0.045714285714285714
1 0.12285714285714286 0.7239285714285715 0.03428571428571429 0.013571428571428571
9 0.22380952380952382 0.6107142857142858 0.024761904761904763 0.03142857142857143
9 0.26761904761904765 0.5625 0.03428571428571429 0.016428571428571428
9 0.2985714285714286 0.5146428571428572 0.04285714285714286 0.019285714285714285
9 0.31 0.5007142857142857 0.03333333333333333 0.017142857142857144
9 0.33285714285714285 0.5 0.025714285714285714 0.015714285714285715
9 0.3357142857142857 0.48714285714285716 0.02761904761904762 0.022857142857142857
9 0.37 0.4928571428571429 0.03333333333333333 0.017142857142857144
9 0.44666666666666666 0.5317857142857143 0.026666666666666665 0.029285714285714286
1 0.4442857142857143 0.5314285714285715 0.02 0.02
9 0.4928571428571429 0.46964285714285714 0.021904761904761906 0.025
1 0.49333333333333335 0.4675 0.017142857142857144 0.020714285714285713
9 0.14857142857142858 0.5382142857142858 0.03619047619047619 0.016428571428571428
4 0.4338095238095238 0.36464285714285716 0.054285714285714284 0.035
3 0.41095238095238096 0.35035714285714287 0.05238095238095238 0.029285714285714286
4 0.3904761904761905 0.3339285714285714 0.05142857142857143 0.027857142857142858
3 0.5657142857142857 0.3653571428571429 0.03619047619047619 0.039285714285714285
4 0.36857142857142855 0.27035714285714285 0.0419047619047619 0.02214285714285714
4 0.4461904761904762 0.26535714285714285 0.06190476190476191 0.02214285714285714
9 0.5423809523809524 0.2735714285714286 0.023809523809523808 0.014285714285714285
1 0.5404761904761904 0.2710714285714286 0.014285714285714285 0.013571428571428571
9 0.5647619047619048 0.26 0.030476190476190476 0.011428571428571429
1 0.5633333333333334 0.2575 0.014285714285714285 0.012142857142857143
1 0.5009523809523809 0.21892857142857142 0.011428571428571429 0.010714285714285714
4 0.5476190476190477 0.22035714285714286 0.022857142857142857 0.023571428571428573
9 0.55 0.1992857142857143 0.023809523809523808 0.011428571428571429
4 0.6266666666666667 0.23964285714285713 0.024761904761904763 0.030714285714285715
3 0.6371428571428571 0.1707142857142857 0.02857142857142857 0.03
9 0.6547619047619048 0.16357142857142856 0.010476190476190476 0.012857142857142857
1 0.6547619047619048 0.16107142857142856 0.008571428571428572 0.009285714285714286
3 0.6966666666666667 0.17785714285714285 0.021904761904761906 0.024285714285714285
3 0.68 0.13285714285714287 0.01904761904761905 0.02
3 0.7195238095238096 0.10928571428571429 0.02 0.02
3 0.7390476190476191 0.5210714285714285 0.04 0.062142857142857146
5 0.830952380952381 0.55 0.07523809523809524 0.10142857142857142
3 0.9080952380952381 0.6439285714285714 0.06761904761904762 0.07928571428571428
3 0.9938095238095238 0.6182142857142857 0.06761904761904762 0.07642857142857143
9 1.0742857142857143 0.7342857142857143 0.04380952380952381 0.03
1 1.079047619047619 0.7382142857142857 0.026666666666666665 0.02214285714285714
9 1.0885714285714285 0.6442857142857142 0.04 0.03142857142857143
1 1.088095238095238 0.6446428571428572 0.025714285714285714 0.023571428571428573
9 1.18 0.7028571428571428 0.0380952380952381 0.041428571428571426
1 1.180952380952381 0.7010714285714286 0.030476190476190476 0.02214285714285714
1 1.1757142857142857 0.6921428571428572 0.018095238095238095 0.018571428571428572
3 1.0561904761904761 0.5814285714285714 0.07428571428571429 0.06428571428571428
5 0.8814285714285715 0.5282142857142857 0.08285714285714285 0.09928571428571428
3 0.940952380952381 0.515 0.06285714285714286 0.06571428571428571
3 1.0004761904761905 0.4982142857142857 0.06 0.056428571428571425
3 0.8371428571428572 0.45285714285714285 0.047619047619047616 0.05142857142857143
5 0.9128571428571428 0.4496428571428571 0.05238095238095238 0.056428571428571425
4 0.9576190476190476 0.42714285714285716 0.054285714285714284 0.054285714285714284
9 0.7371428571428571 0.42857142857142855 0.011428571428571429 0.022857142857142857
1 0.7385714285714285 0.4232142857142857 0.010476190476190476 0.012142857142857143
3 0.8128571428571428 0.3989285714285714 0.040952380952380955 0.045
3 0.7895238095238095 0.345 0.0380952380952381 0.04
5 0.93 0.3692857142857143 0.04666666666666667 0.055714285714285716
5 0.8580952380952381 0.3575 0.08190476190476191 0.08928571428571429
4 0.768095238095238 0.29892857142857143 0.039047619047619046 0.04357142857142857
3 0.8852380952380953 0.30892857142857144 0.040952380952380955 0.03642857142857143
5 0.8204761904761905 0.30178571428571427 0.037142857142857144 0.03642857142857143
3 0.8033333333333333 0.26821428571428574 0.03142857142857143 0.029285714285714286
3 0.8633333333333333 0.2714285714285714 0.035238095238095235 0.03142857142857143
5 0.8357142857142857 0.23857142857142857 0.037142857142857144 0.032857142857142856
3 0.8247619047619048 0.21142857142857144 0.030476190476190476 0.024285714285714285
3 0.7952380952380952 0.16857142857142857 0.026666666666666665 0.02142857142857143
9 0.7147619047619047 0.225 0.008571428571428572 0.017142857142857144
1 0.7147619047619047 0.2225 0.008571428571428572 0.010714285714285714
9 0.7114285714285714 0.30642857142857144 0.009523809523809525 0.018571428571428572
1 0.7114285714285714 0.3028571428571429 0.009523809523809525 0.01
9 0.810952380952381 0.24035714285714285 0.01619047619047619 0.020714285714285713
1 0.81 0.2375 0.014285714285714285 0.015
3 0.6742857142857143 0.04071428571428572 0.015238095238095238 0.012857142857142857
3 0.6980952380952381 0.052142857142857144 0.017142857142857144 0.017142857142857144
9 0.7971428571428572 0.0525 0.007619047619047619 0.007857142857142858
1 0.7976190476190477 0.04964285714285714 0.006666666666666666 0.007857142857142858
3 0.8228571428571428 0.05 0.026666666666666665 0.014285714285714285
6 0.7519047619047619 0.006071428571428571 0.012380952380952381 0.013571428571428571
9 1.233809523809524 0.625 0.039047619047619046 0.03571428571428571
1 1.2366666666666666 0.6221428571428571 0.029523809523809525 0.024285714285714285
9 1.2047619047619047 0.5632142857142857 0.02857142857142857 0.029285714285714286
1 1.2076190476190476 0.5596428571428571 0.02095238095238095 0.017857142857142856
9 1.2157142857142857 0.5203571428571429 0.02761904761904762 0.02642857142857143
1 1.2176190476190476 0.5164285714285715 0.018095238095238095 0.017142857142857144
9 1.088095238095238 0.3939285714285714 0.021904761904761906 0.020714285714285713
1 1.0895238095238096 0.3896428571428571 0.015238095238095238 0.015
9 1.2480952380952381 0.39107142857142857 0.03333333333333333 0.020714285714285713
1 1.250952380952381 0.3871428571428571 0.02 0.017142857142857144
9 1.1061904761904762 0.30892857142857144 0.023809523809523808 0.016428571428571428
1 1.1071428571428572 0.3053571428571429 0.014285714285714285 0.015
4 1.12 0.2642857142857143 0.04380952380952381 0.025714285714285714
3 1.0876190476190477 0.23857142857142857 0.045714285714285714 0.024285714285714285
9 0.9714285714285714 0.27 0.017142857142857144 0.015714285714285715
1 0.9719047619047619 0.2664285714285714 0.014285714285714285 0.012857142857142857
9 0.8809523809523809 0.2067857142857143 0.011428571428571429 0.013571428571428571
1 0.8828571428571429 0.2057142857142857 0.007619047619047619 0.007142857142857143
1 0.8809523809523809 0.2032142857142857 0.009523809523809525 0.007857142857142858
6 0.9619047619047619 0.14964285714285713 0.015238095238095238 0.015
1 0.9861904761904762 0.13642857142857143 0.008571428571428572 0.01
5 0.9271428571428572 0.10178571428571428 0.03142857142857143 0.02214285714285714
4 0.8842857142857142 0.07071428571428572 0.021904761904761906 0.014285714285714285
3 0.8952380952380953 0.05964285714285714 0.022857142857142857 0.010714285714285714
9 0.7866666666666666 0.030714285714285715 0.005714285714285714 0.007142857142857143
1 0.7866666666666666 0.02857142857142857 0.005714285714285714 0.007142857142857143
3 0.8523809523809524 0.039285714285714285 0.015238095238095238 0.01
3 0.8480952380952381 0.03142857142857143 0.014285714285714285 0.01
5 0.8438095238095238 0.02214285714285714 0.013333333333333332 0.012857142857142857
9 0.9014285714285715 0.0225 0.010476190476190476 0.007857142857142858
9 0.8961904761904762 0.02035714285714286 0.011428571428571429 0.007857142857142858
9 0.888095238095238 0.01607142857142857 0.010476190476190476 0.007857142857142858
