3 0.20809523809523808 0.215 0.05238095238095238 0.05714285714285714
5 0.22476190476190477 0.34285714285714286 0.08571428571428572 0.07
3 0.3852380952380952 0.4107142857142857 0.09238095238095238 0.03428571428571429
9 0.5247619047619048 0.3625 0.024761904761904763 0.023571428571428573
9 0.5633333333333334 0.34714285714285714 0.037142857142857144 0.017142857142857144
5 0.4514285714285714 0.5467857142857143 0.11428571428571428 0.060714285714285714
3 0.8476190476190476 0.3482142857142857 0.09333333333333334 0.03785714285714286
4 0.9628571428571429 0.3075 0.08952380952380952 0.04928571428571429
5 0.8590476190476191 0.29714285714285715 0.11238095238095239 0.05142857142857143
3 0.9733333333333334 0.24928571428571428 0.07428571428571429 0.05142857142857143
3 1.020952380952381 0.20785714285714285 0.05333333333333333 0.05
3 1.0395238095238095 0.175 0.06952380952380953 0.03571428571428571
3 0.9438095238095238 0.16535714285714287 0.07238095238095238 0.03357142857142857
3 0.9357142857142857 0.18178571428571427 0.06 0.027857142857142858
3 0.8919047619047619 0.19714285714285715 0.06571428571428571 0.03857142857142857
3 1.181904761904762 0.04428571428571428 0.05523809523809524 0.047142857142857146
1 1.2823809523809524 0.05107142857142857 0.014285714285714285 0.015
1 1.1266666666666667 0.18285714285714286 0.015238095238095238 0.015714285714285715
1 1.1266666666666667 0.17642857142857143 0.013333333333333332 0.014285714285714285
9 1.1242857142857143 0.18928571428571428 0.014285714285714285 0.02857142857142857
9 1.28 0.055357142857142855 0.02857142857142857 0.020714285714285713
1 1.2680952380952382 0.4617857142857143 0.018095238095238095 0.013571428571428571
9 1.2619047619047619 0.4625 0.045714285714285714 0.013571428571428571
1 1.1338095238095238 0.655 0.018095238095238095 0.015714285714285715
1 1.1466666666666667 0.6528571428571428 0.01904761904761905 0.018571428571428572
9 1.139047619047619 0.6539285714285714 0.045714285714285714 0.019285714285714285
9 0.6195238095238095 0.32607142857142857 0.039047619047619046 0.013571428571428571
5 0.6557142857142857 0.3653571428571429 0.1 0.04642857142857143
