1 0.6307106598984771 0.29214285714285715 0.017766497461928932 0.011428571428571429
1 0.6224619289340101 0.18357142857142858 0.021573604060913704 0.012857142857142857
1 0.6097715736040609 0.19178571428571428 0.026649746192893398 0.012142857142857143
1 0.9276649746192893 0.09 0.02284263959390863 0.011428571428571429
1 0.7379441624365481 0.09321428571428571 0.008883248730964466 0.015
1 0.7252538071065989 0.08928571428571429 0.008883248730964466 0.01
1 0.7341370558375634 0.08821428571428572 0.013959390862944161 0.0064285714285714285
9 0.027918781725888322 0.21464285714285714 0.04568527918781726 0.04071428571428572
4 0.04885786802030456 0.09821428571428571 0.10025380710659898 0.065
1 0.027918781725888322 0.20964285714285713 0.035532994923857864 0.023571428571428573
