3 0.22733333333333333 0.2095 0.034666666666666665 0.008
3 0.2743333333333333 0.20925 0.033999999999999996 0.0075
3 0.323 0.20925 0.02733333333333333 0.0085
4 0.27166666666666667 0.19875 0.022 0.0085
3 0.39966666666666667 0.20750000000000002 0.028666666666666667 0.009000000000000001
3 0.5676666666666667 0.20650000000000002 0.028666666666666667 0.009000000000000001
3 0.6063333333333333 0.20700000000000002 0.03 0.009000000000000001
3 0.6453333333333333 0.20600000000000002 0.029333333333333333 0.008
3 0.6796666666666666 0.209 0.028666666666666667 0.009000000000000001
3 0.6916666666666667 0.20525000000000002 0.028666666666666667 0.0085
3 0.723 0.20575000000000002 0.028666666666666667 0.0085
4 0.651 0.1925 0.02733333333333333 0.008
1 0.706 0.221 0.008 0.009000000000000001
2 0.7073333333333333 0.22425 0.014666666666666666 0.0075
1 0.6729999999999999 0.2315 0.006 0.006
9 0.6726666666666666 0.23725000000000002 0.005333333333333333 0.0085
2 0.7483333333333333 0.28225 0.018 0.0105
9 0.8103333333333333 0.29825 0.020666666666666667 0.0115
9 0.7813333333333333 0.3095 0.022666666666666665 0.012
3 0.7803333333333333 0.301 0.06466666666666666 0.018000000000000002
3 0.7763333333333333 0.28875 0.05933333333333333 0.0155
4 0.627 0.28250000000000003 0.04466666666666667 0.017
4 0.649 0.29 0.041999999999999996 0.019
4 0.6366666666666666 0.3025 0.04 0.02
4 0.6606666666666666 0.3155 0.029333333333333333 0.029
4 0.6223333333333333 0.328 0.05933333333333333 0.026000000000000002
4 0.6013333333333333 0.319 0.072 0.021
4 0.5843333333333333 0.31225 0.07666666666666666 0.0265
3 0.5773333333333334 0.297 0.06266666666666666 0.017
3 0.6 0.291 0.06133333333333333 0.015
3 0.6749999999999999 0.35425 0.03933333333333333 0.029500000000000002
4 0.7423333333333333 0.3425 0.033999999999999996 0.031
4 0.5896666666666667 0.3525 0.08333333333333333 0.027
3 0.5786666666666667 0.3705 0.09333333333333332 0.029
3 0.627 0.384 0.086 0.028
4 0.577 0.388 0.074 0.026000000000000002
3 0.5743333333333334 0.40900000000000003 0.102 0.033
3 0.5863333333333333 0.4225 0.10866666666666666 0.031
3 0.588 0.444 0.112 0.034
3 0.592 0.466 0.11466666666666667 0.031
3 0.585 0.4875 0.08466666666666667 0.03
4 0.6063333333333333 0.5085000000000001 0.16066666666666665 0.061
3 0.5923333333333333 0.55725 0.16066666666666665 0.0455
3 0.586 0.5972500000000001 0.18133333333333332 0.051500000000000004
4 0.59 0.64625 0.16266666666666665 0.0745
5 0.6046666666666667 0.70675 0.22 0.0825
3 0.7743333333333333 0.6865 0.10066666666666667 0.125
3 0.8119999999999999 0.39275 0.058666666666666666 0.0395
3 0.8306666666666667 0.34575 0.06133333333333333 0.0245
3 0.867 0.369 0.086 0.023
3 0.8746666666666666 0.3835 0.09866666666666667 0.027
4 0.851 0.35525 0.07933333333333333 0.0285
9 0.9239999999999999 0.39225 0.029333333333333333 0.0155
9 0.9299999999999999 0.3985 0.036 0.018000000000000002
2 0.893 0.39675 0.03133333333333333 0.0175
2 0.9163333333333333 0.40950000000000003 0.033999999999999996 0.016
4 0.9476666666666667 0.43925000000000003 0.12733333333333333 0.0445
4 0.9616666666666667 0.46950000000000003 0.11933333333333333 0.045
9 1.0366666666666666 0.47425 0.02 0.0315
6 1.0476666666666665 0.50675 0.094 0.035500000000000004
3 1.021 0.52825 0.15266666666666667 0.0465
3 1.0843333333333334 0.5630000000000001 0.16866666666666666 0.053
3 1.188 0.65325 0.21466666666666667 0.0675
3 1.2116666666666667 0.7192500000000001 0.238 0.0605
