8 0.2506345177664974 0.2125 0.07741116751269035 0.03642857142857143
8 0.049492385786802026 0.30357142857142855 0.07614213197969542 0.05
5 1.04251269035533 0.49785714285714283 0.04187817258883248 0.045714285714285714
8 1.6598984771573604 0.4767857142857143 0.13959390862944163 0.05357142857142857
8 1.7195431472081217 0.4807142857142857 0.11167512690355329 0.05
8 1.7214467005076142 0.4657142857142857 0.10786802030456852 0.04857142857142857
8 1.7506345177664973 0.45714285714285713 0.049492385786802026 0.03428571428571429
8 1.6859137055837563 0.5514285714285714 0.07994923857868019 0.02
8 1.7506345177664973 0.4203571428571429 0.049492385786802026 0.030714285714285715
5 1.0799492385786802 0.3917857142857143 0.050761421319796954 0.03357142857142857
4 1.2455583756345177 0.27 0.052030456852791875 0.012857142857142857
4 1.2303299492385786 0.26321428571428573 0.04695431472081218 0.012142857142857143
4 1.2208121827411167 0.25535714285714284 0.04568527918781726 0.013571428571428571
4 1.1871827411167513 0.24107142857142858 0.04695431472081218 0.013571428571428571
4 1.0964467005076142 0.19678571428571429 0.04314720812182741 0.012142857142857143
4 1.0812182741116751 0.18964285714285714 0.04060913705583756 0.010714285714285714
3 1.0710659898477157 0.18464285714285714 0.032994923857868015 0.009285714285714286
3 1.057741116751269 0.17714285714285713 0.03426395939086294 0.008571428571428572
4 1.04251269035533 0.1692857142857143 0.03934010152284264 0.011428571428571429
4 1.034263959390863 0.1657142857142857 0.035532994923857864 0.01
4 1.0190355329949239 0.155 0.035532994923857864 0.01
3 0.9295685279187816 0.18178571428571427 0.021573604060913704 0.009285714285714286
3 1.006979695431472 0.15178571428571427 0.029187817258883246 0.007857142857142858
3 0.998730964467005 0.1492857142857143 0.027918781725888322 0.007142857142857143
4 0.9949238578680202 0.14464285714285716 0.035532994923857864 0.007857142857142858
4 0.9841370558375634 0.1382142857142857 0.03426395939086294 0.009285714285714286
4 0.95748730964467 0.13107142857142856 0.021573604060913704 0.010714285714285714
4 0.9416243654822334 0.12285714285714286 0.02030456852791878 0.01
4 0.91497461928934 0.10892857142857143 0.02030456852791878 0.009285714285714286
4 0.9010152284263959 0.10214285714285715 0.02030456852791878 0.008571428571428572
3 0.9295685279187816 0.11785714285714285 0.016497461928934008 0.007142857142857143
4 0.9048223350253807 0.07071428571428572 0.025380710659898477 0.008571428571428572
3 0.9530456852791878 0.09535714285714286 0.02030456852791878 0.005
3 0.9581218274111675 0.09821428571428571 0.02284263959390863 0.005
3 0.9600253807106598 0.10035714285714285 0.026649746192893398 0.0064285714285714285
4 0.9720812182741116 0.10357142857142858 0.027918781725888322 0.008571428571428572
4 0.9803299492385786 0.10642857142857143 0.03426395939086294 0.01
4 0.9866751269035532 0.10857142857142857 0.031725888324873094 0.01
4 0.9968274111675126 0.11178571428571428 0.03426395939086294 0.009285714285714286
3 0.9968274111675126 0.11678571428571428 0.026649746192893398 0.009285714285714286
4 1.0145939086294415 0.1225 0.031725888324873094 0.009285714285714286
3 0.8686548223350253 0.12964285714285714 0.019035532994923856 0.007857142857142858
3 0.8527918781725887 0.12035714285714286 0.017766497461928932 0.007857142857142858
3 0.8375634517766497 0.11321428571428571 0.02030456852791878 0.009285714285714286
4 0.8921319796954315 0.024285714285714285 0.015228426395939085 0.007142857142857143
3 0.8927664974619288 0.03571428571428571 0.013959390862944161 0.005714285714285714
8 0.8711928934010151 0.036071428571428574 0.03426395939086294 0.007857142857142858
8 0.8807106598984771 0.04071428571428572 0.035532994923857864 0.008571428571428572
3 0.8026649746192893 0.05928571428571429 0.011421319796954314 0.004285714285714286
8 0.7614213197969543 0.05392857142857143 0.025380710659898477 0.010714285714285714
8 0.7290609137055837 0.044642857142857144 0.013959390862944161 0.010714285714285714
3 0.7208121827411167 0.06428571428571428 0.02030456852791878 0.005714285714285714
4 0.7455583756345177 0.06642857142857143 0.019035532994923856 0.005714285714285714
9 0.07868020304568528 0.49178571428571427 0.012690355329949238 0.012142857142857143
1 0.07868020304568528 0.4903571428571429 0.01015228426395939 0.009285714285714286
8 0.22525380710659898 0.42392857142857143 0.04187817258883248 0.04071428571428572
3 0.1148477157360406 0.38535714285714284 0.03426395939086294 0.017857142857142856
3 0.5685279187817258 0.38857142857142857 0.02284263959390863 0.02142857142857143
3 0.18527918781725886 0.33107142857142857 0.032994923857868015 0.015
3 0.27220812182741116 0.32821428571428574 0.029187817258883246 0.015
3 0.31218274111675126 0.3603571428571429 0.027918781725888322 0.019285714285714285
3 0.3661167512690355 0.34285714285714286 0.026649746192893398 0.018571428571428572
3 0.4879441624365482 0.315 0.019035532994923856 0.017142857142857144
3 0.38642131979695427 0.2767857142857143 0.024111675126903553 0.015
3 0.4606598984771573 0.23535714285714285 0.02030456852791878 0.012142857142857143
8 0.5406091370558376 0.2975 0.03045685279187817 0.04642857142857143
8 0.5736040609137055 0.27714285714285714 0.025380710659898477 0.045714285714285714
3 0.4168781725888325 0.21357142857142858 0.019035532994923856 0.01
3 0.383248730964467 0.20142857142857143 0.02030456852791878 0.008571428571428572
8 0.6605329949238579 0.1957142857142857 0.024111675126903553 0.03428571428571429
8 0.6529187817258882 0.16714285714285715 0.024111675126903553 0.03142857142857143
8 0.4746192893401015 0.155 0.015228426395939085 0.01
4 0.4302030456852792 0.15571428571428572 0.015228426395939085 0.007142857142857143
4 0.5203045685279187 0.14392857142857143 0.015228426395939085 0.010714285714285714
3 0.40862944162436543 0.1742857142857143 0.015228426395939085 0.007142857142857143
3 0.44670050761421315 0.18428571428571427 0.017766497461928932 0.008571428571428572
3 0.48540609137055835 0.1767857142857143 0.019035532994923856 0.010714285714285714
3 0.5101522842639593 0.17535714285714285 0.017766497461928932 0.010714285714285714
3 0.5552030456852791 0.18178571428571427 0.013959390862944161 0.009285714285714286
3 0.6376903553299492 0.019642857142857142 0.008883248730964466 0.0064285714285714285
8 0.6091370558375634 0.023928571428571428 0.017766497461928932 0.015
3 0.6072335025380711 0.0007142857142857143 0.006345177664974619 0.002857142857142857
3 0.5774111675126903 0.019642857142857142 0.0076142131979695426 0.0035714285714285713
3 0.5901015228426395 0.019642857142857142 0.0076142131979695426 0.0035714285714285713
4 0.6478426395939085 0.03678571428571428 0.008883248730964466 0.0064285714285714285
4 0.6192893401015228 0.04607142857142857 0.01015228426395939 0.0064285714285714285
3 0.6154822335025381 0.055357142857142855 0.01015228426395939 0.0064285714285714285
3 0.5888324873096447 0.10642857142857143 0.012690355329949238 0.007142857142857143
3 0.5488578680203046 0.13392857142857142 0.013959390862944161 0.007857142857142858
3 0.5678934010152283 0.0925 0.011421319796954314 0.0064285714285714285
3 0.5228426395939086 0.11035714285714286 0.012690355329949238 0.0064285714285714285
4 0.47715736040609136 0.11535714285714285 0.01015228426395939 0.0064285714285714285
4 0.4898477157360406 0.09392857142857143 0.012690355329949238 0.007857142857142858
4 0.5101522842639593 0.08071428571428571 0.012690355329949238 0.007142857142857143
4 0.5539340101522843 0.08178571428571428 0.011421319796954314 0.0064285714285714285
3 0.5323604060913705 0.07142857142857142 0.011421319796954314 0.005714285714285714
3 0.572969543147208 0.06107142857142857 0.011421319796954314 0.005
3 0.5450507614213198 0.06 0.008883248730964466 0.004285714285714286
3 0.5342639593908629 0.056428571428571425 0.01015228426395939 0.004285714285714286
3 0.5647208121827411 0.03357142857142857 0.0076142131979695426 0.004285714285714286
3 0.5526649746192893 0.04071428571428572 0.008883248730964466 0.004285714285714286
3 0.5488578680203046 0.046785714285714285 0.008883248730964466 0.0035714285714285713
3 0.5894670050761421 0.04607142857142857 0.008883248730964466 0.005
