3 0.9717068645640075 0.49321503131524 0.0640074211502783 0.056367432150313146
3 1.112708719851577 0.028183716075156573 0.041743970315398886 0.008350730688935281
3 1.176252319109462 0.09603340292275574 0.02411873840445269 0.016701461377870562
3 1.2374768089053803 0.10464509394572025 0.027829313543599257 0.014091858037578286
6 1.2824675324675325 0.005219206680584551 0.01948051948051948 0.006263048016701461
9 1.216604823747681 0.002348643006263048 0.008348794063079777 0.004697286012526096
9 1.2583487940630798 0.028444676409185802 0.008348794063079777 0.006784968684759916
1 1.2583487940630798 0.027139874739039664 0.006493506493506494 0.0073068893528183704
1 1.2639146567717996 0.020615866388308975 0.006493506493506494 0.0057411273486430055
1 1.262987012987013 0.015396659707724424 0.006493506493506494 0.004697286012526096
6 1.262987012987013 0.01696242171189979 0.008348794063079777 0.007828810020876827
9 1.2634508348794062 0.02139874739039666 0.0055658627087198514 0.005219206680584551
9 1.198051948051948 0.04853862212943632 0.006493506493506494 0.0073068893528183704
1 1.198051948051948 0.04671189979123173 0.008348794063079777 0.008872651356993735
1 1.1859925788497216 0.04671189979123173 0.008348794063079777 0.006784968684759916
1 1.198051948051948 0.10647181628392484 0.008348794063079777 0.009394572025052192
9 1.198051948051948 0.11012526096033402 0.010204081632653062 0.009394572025052192
9 1.268552875695733 0.13230688935281837 0.010204081632653062 0.009916492693110646
9 1.2606679035250463 0.1450939457202505 0.011131725417439703 0.010438413361169102
1 1.269016697588126 0.12943632567849686 0.00927643784786642 0.009394572025052192
1 1.2597402597402598 0.14326722338204592 0.012987012987012988 0.008872651356993735
1 1.2379406307977736 0.191544885177453 0.010204081632653062 0.012526096033402922
1 1.268552875695733 0.2038100208768267 0.012059369202226345 0.010960334029227557
1 1.2476808905380334 0.22025052192066805 0.012987012987012988 0.011482254697286011
1 1.2481447124304268 0.22416492693110646 0.010204081632653062 0.007828810020876827
9 1.238404452690167 0.1951983298538622 0.014842300556586271 0.012526096033402922
9 1.269016697588126 0.20615866388308976 0.014842300556586271 0.011482254697286011
9 1.2495361781076066 0.2228601252609603 0.012987012987012988 0.012526096033402922
2 1.00417439703154 0.2625260960334029 0.013914656771799629 0.01774530271398747
1 1.2453617810760669 0.32724425887265135 0.013914656771799629 0.012526096033402922
1 1.0380333951762524 0.33689979123173275 0.016697588126159554 0.009916492693110646
1 1.0463821892393321 0.33481210855949894 0.014842300556586271 0.010960334029227557
1 1.0871985157699444 0.369258872651357 0.01855287569573284 0.019311064718162838
1 1.1131725417439704 0.37317327766179537 0.020408163265306124 0.016701461377870562
1 1.2597402597402598 0.39483298538622125 0.014842300556586271 0.015135699373695197
6 1.0542671614100185 0.34264091858037576 0.05102040816326531 0.025574112734864297
6 1.088126159554731 0.36847599164926925 0.025974025974025976 0.027139874739039664
6 1.1159554730983303 0.37421711899791227 0.027829313543599257 0.029227557411273482
9 1.0139146567717996 0.3713465553235908 0.029684601113172542 0.02139874739039666
9 0.9981447124304267 0.39065762004175364 0.03339517625231911 0.017223382045929016
9 1.0060296846011132 0.383089770354906 0.030612244897959183 0.016701461377870562
2 0.9633580705009277 0.38152400835073064 0.03246753246753247 0.014613778705636741
2 0.9642857142857143 0.37604384133611685 0.039888682745825604 0.014091858037578286
9 1.2583487940630798 0.3963987473903966 0.0176252319109462 0.02139874739039666
3 1.1957328385899815 0.4010960334029227 0.0575139146567718 0.04958246346555323
9 1.3293135435992578 0.41362212943632565 0.03710575139146568 0.019311064718162838
9 1.353896103896104 0.4292797494780793 0.036178107606679034 0.02139874739039666
9 1.2750463821892393 0.4788622129436325 0.03246753246753247 0.02453027139874739
9 1.2388682745825603 0.46085594989561585 0.026901669758812616 0.031315240083507306
9 1.2704081632653061 0.5284446764091858 0.021335807050092765 0.02974947807933194
9 1.303339517625232 0.514874739039666 0.03710575139146568 0.03496868475991649
5 1.3724489795918366 0.05662839248434237 0.06215213358070501 0.015135699373695197
5 1.3979591836734695 0.004958246346555323 0.022263450834879406 0.010960334029227557
