3 1.249047619047619 0.45607142857142857 0.12476190476190477 0.085
3 1.1166666666666667 0.3225 0.08095238095238096 0.052142857142857144
3 1.0357142857142858 0.3417857142857143 0.07904761904761905 0.062142857142857146
9 1.0180952380952382 0.22178571428571428 0.015238095238095238 0.016428571428571428
3 0.98 0.12464285714285714 0.05142857142857143 0.020714285714285713
3 0.8304761904761905 0.1732142857142857 0.047619047619047616 0.04357142857142857
3 0.9242857142857143 0.09964285714285714 0.05047619047619047 0.015
3 0.9166666666666666 0.095 0.04666666666666667 0.014285714285714285
3 0.8766666666666667 0.08321428571428571 0.01619047619047619 0.010714285714285714
3 0.8623809523809524 0.07535714285714286 0.01619047619047619 0.010714285714285714
3 0.8523809523809524 0.06857142857142857 0.01904761904761905 0.01
3 0.76 0.029642857142857144 0.011428571428571429 0.0064285714285714285
3 0.8609523809523809 0.6164285714285714 0.12380952380952381 0.1357142857142857
3 0.8176190476190476 0.47714285714285715 0.09238095238095238 0.09428571428571429
3 0.7842857142857143 0.3917857142857143 0.06571428571428571 0.05785714285714286
3 0.7685714285714286 0.33285714285714285 0.06476190476190476 0.054285714285714284
3 0.5214285714285715 0.695 0.2257142857142857 0.08714285714285715
3 0.5161904761904762 0.6142857142857143 0.20761904761904762 0.07
9 0.41714285714285715 0.5457142857142857 0.02857142857142857 0.05
3 0.5295238095238095 0.5546428571428571 0.18857142857142858 0.05928571428571429
3 0.5342857142857143 0.5060714285714286 0.15428571428571428 0.060714285714285714
3 0.5523809523809524 0.4617857142857143 0.15619047619047619 0.052142857142857144
3 0.5628571428571428 0.4275 0.15047619047619049 0.04214285714285714
3 0.5561904761904762 0.3939285714285714 0.13904761904761906 0.04071428571428572
3 0.5795238095238096 0.3392857142857143 0.11714285714285715 0.041428571428571426
3 0.5828571428571429 0.3157142857142857 0.10666666666666666 0.037142857142857144
9 0.530952380952381 0.2689285714285714 0.014285714285714285 0.02214285714285714
9 0.5104761904761905 0.2675 0.01904761904761905 0.027857142857142858
2 0.5033333333333333 0.2367857142857143 0.01619047619047619 0.019285714285714285
2 0.4938095238095238 0.21035714285714285 0.012380952380952381 0.020714285714285713
2 0.20857142857142857 0.08535714285714285 0.02095238095238095 0.013571428571428571
2 0.5214285714285715 0.21285714285714286 0.02761904761904762 0.015714285714285715
2 0.5566666666666666 0.20785714285714285 0.01619047619047619 0.012857142857142857
2 0.5666666666666667 0.20035714285714284 0.015238095238095238 0.012142857142857143
2 0.5719047619047619 0.19071428571428573 0.014285714285714285 0.014285714285714285
3 0.6042857142857143 0.2692857142857143 0.0980952380952381 0.03
3 0.6014285714285714 0.23964285714285713 0.08666666666666667 0.029285714285714286
3 0.61 0.2275 0.08666666666666667 0.023571428571428573
3 0.61 0.2175 0.07904761904761905 0.02642857142857143
3 0.6152380952380953 0.2075 0.06666666666666667 0.02214285714285714
3 0.6152380952380953 0.195 0.06857142857142857 0.02142857142857143
3 0.6180952380952381 0.18928571428571428 0.0761904761904762 0.02142857142857143
3 0.7480952380952381 0.25607142857142856 0.04666666666666667 0.047857142857142855
3 0.6819047619047619 0.14107142857142857 0.026666666666666665 0.020714285714285713
3 0.6242857142857143 0.13714285714285715 0.05238095238095238 0.017142857142857144
3 0.6166666666666667 0.125 0.05238095238095238 0.017142857142857144
2 0.5828571428571429 0.1275 0.007619047619047619 0.012142857142857143
3 0.6228571428571429 0.11964285714285715 0.047619047619047616 0.013571428571428571
3 0.62 0.11678571428571428 0.05142857142857143 0.015
9 0.5928571428571429 0.11321428571428571 0.010476190476190476 0.012142857142857143
3 0.6238095238095238 0.11071428571428571 0.045714285714285714 0.012857142857142857
4 0.6266666666666667 0.10571428571428572 0.03619047619047619 0.015714285714285715
9 0.5880952380952381 0.10214285714285715 0.014285714285714285 0.007142857142857143
9 0.590952380952381 0.09821428571428571 0.014285714285714285 0.0064285714285714285
9 0.6085714285714285 0.09607142857142857 0.013333333333333332 0.007857142857142858
3 0.63 0.0975 0.039047619047619046 0.013571428571428571
3 0.6271428571428571 0.09178571428571429 0.037142857142857144 0.015
4 0.63 0.06964285714285715 0.02761904761904762 0.010714285714285714
3 0.638095238095238 0.06892857142857142 0.02857142857142857 0.009285714285714286
3 0.6295238095238095 0.07535714285714286 0.03428571428571429 0.012142857142857143
3 0.6266666666666667 0.07642857142857143 0.03428571428571429 0.01
3 0.6242857142857143 0.07964285714285714 0.035238095238095235 0.012142857142857143
3 0.6261904761904762 0.08107142857142857 0.037142857142857144 0.010714285714285714
3 0.6276190476190476 0.08464285714285714 0.03428571428571429 0.010714285714285714
3 0.6290476190476191 0.08857142857142856 0.037142857142857144 0.014285714285714285
1 0.6666666666666666 0.1125 0.005714285714285714 0.012142857142857143
2 0.6671428571428571 0.11464285714285714 0.006666666666666666 0.010714285714285714
3 0.6514285714285715 0.022857142857142857 0.007619047619047619 0.007142857142857143
3 0.6414285714285715 0.0225 0.008571428571428572 0.005
3 0.6338095238095238 0.044642857142857144 0.023809523809523808 0.0064285714285714285
