9 0.49443413729128016 0.4744258872651356 0.0463821892393321 0.018789144050104383
3 0.5500927643784786 0.5044363256784968 0.12430426716141002 0.04018789144050104
9 0.6646567717996289 0.4042275574112734 0.03432282003710575 0.017223382045929016
1 0.6641929499072357 0.40344467640918574 0.01855287569573284 0.015657620041753653
6 0.5565862708719852 0.37865344467640916 0.06679035250463822 0.02139874739039666
6 0.6423933209647495 0.2513048016701461 0.03246753246753247 0.012004175365344467
9 0.7175324675324676 0.27426931106471814 0.01948051948051948 0.016179540709812108
4 0.7611317254174397 0.3071503131524008 0.039888682745825604 0.02661795407098121
5 0.9452690166975881 0.40501043841336115 0.06493506493506494 0.06889352818371607
6 0.922077922077922 0.2700939457202505 0.02411873840445269 0.01826722338204593
3 0.8961038961038961 0.24530271398747389 0.06307977736549165 0.022964509394572022
3 0.9007421150278293 0.23564718162839246 0.03896103896103896 0.016179540709812108
6 0.8413729128014843 0.21607515657620038 0.011131725417439703 0.009394572025052192
1 0.8409090909090909 0.2124217118997912 0.008348794063079777 0.008350730688935281
4 0.660482374768089 0.20407098121085593 0.05380333951762523 0.016701461377870562
2 0.7189239332096475 0.1884133611691023 0.020408163265306124 0.0073068893528183704
3 0.8766233766233766 0.18632567849686846 0.05194805194805195 0.014613778705636741
3 0.8831168831168831 0.1724947807933194 0.03896103896103896 0.014091858037578286
3 0.87569573283859 0.16518789144050103 0.0463821892393321 0.014091858037578286
3 0.8812615955473099 0.16022964509394572 0.04452690166975881 0.014613778705636741
3 0.685064935064935 0.17510438413361168 0.043599257884972174 0.012004175365344467
3 0.6929499072356216 0.17092901878914404 0.05009276437847866 0.013048016701461376
5 0.8715213358070502 0.14483298538622127 0.05473098330241188 0.012004175365344467
6 0.827922077922078 0.1440501043841336 0.010204081632653062 0.008350730688935281
1 0.8269944341372913 0.14091858037578286 0.006493506493506494 0.005219206680584551
6 0.8696660482374768 0.12291231732776617 0.0287569573283859 0.009916492693110646
9 0.7258812615955473 0.13517745302713985 0.015769944341372914 0.005219206680584551
9 0.7059369202226345 0.12186847599164925 0.012987012987012988 0.0057411273486430055
5 0.8645640074211502 0.10438413361169101 0.027829313543599257 0.022964509394572022
3 0.8608534322820037 0.09185803757828809 0.014842300556586271 0.0073068893528183704
3 0.7880333951762524 0.06784968684759916 0.012059369202226345 0.006263048016701461
2 0.8010204081632654 0.10882045929018788 0.00463821892393321 0.0057411273486430055
1 0.7996289424860854 0.10647181628392484 0.0037105751391465678 0.0041753653444676405
1 0.7453617810760668 0.11430062630480166 0.006493506493506494 0.0041753653444676405
5 0.7407235621521336 0.1051670146137787 0.07328385899814471 0.01826722338204593
5 0.7342300556586271 0.09812108559498955 0.049165120593692026 0.011482254697286011
3 0.7518552875695733 0.06184759916492692 0.02504638218923933 0.0057411273486430055
3 0.7894248608534323 0.06184759916492692 0.022263450834879406 0.004697286012526096
3 0.7824675324675325 0.05923799582463465 0.021335807050092765 0.0057411273486430055
1 0.8024118738404453 0.05532359081419624 0.0037105751391465678 0.0041753653444676405
9 0.801948051948052 0.05558455114822546 0.00463821892393321 0.0026096033402922755
6 0.7857142857142857 0.05297494780793319 0.01855287569573284 0.004697286012526096
5 0.7472170686456401 0.04044885177453027 0.021335807050092765 0.004697286012526096
3 0.8515769944341373 0.058455114822546964 0.01855287569573284 0.006263048016701461
3 0.8501855287569573 0.05375782881002087 0.015769944341372914 0.006263048016701461
3 0.8487940630797773 0.04984342379958246 0.01855287569573284 0.0057411273486430055
9 0.814935064935065 0.04462421711899791 0.00463821892393321 0.0036534446764091852
1 0.8144712430426716 0.04331941544885177 0.0055658627087198514 0.0031315240083507304
5 0.8450834879406308 0.041492693110647176 0.014842300556586271 0.010960334029227557
5 0.7866419294990724 0.028705636743215027 0.022263450834879406 0.0073068893528183704
5 0.7379406307977736 0.025313152400835072 0.041743970315398886 0.013048016701461376
3 0.7917439703153989 0.02322546972860125 0.015769944341372914 0.0036534446764091852
9 0.8223562152133581 0.031054279749478077 0.00463821892393321 0.0026096033402922755
1 0.8218923933209648 0.02974947807933194 0.0018552875695732839 0.0020876826722338203
9 0.8093692022263451 0.021920668058455113 0.0027829313543599257 0.0020876826722338203
1 0.8102968460111317 0.02113778705636743 0.0027829313543599257 0.0015657620041753652
3 0.8334879406307978 0.01905010438413361 0.013914656771799629 0.004697286012526096
3 0.8283858998144713 0.01383089770354906 0.012987012987012988 0.0036534446764091852
8 1.5088126159554731 0.49138830897703545 0.24397031539888683 0.1403966597077244
3 1.6665120593692022 0.5383611691022964 0.11966604823747681 0.0464509394572025
