4 0.2042857142857143 0.6578571428571428 0.13238095238095238 0.14
3 0.051904761904761905 0.4835714285714286 0.10571428571428572 0.06857142857142857
6 0.569047619047619 0.6903571428571429 0.08857142857142856 0.11785714285714285
1 0.5795238095238096 0.6596428571428572 0.04476190476190476 0.03357142857142857
3 0.4319047619047619 0.5828571428571429 0.16666666666666666 0.1457142857142857
3 0.4595238095238095 0.4789285714285714 0.16857142857142857 0.135
4 0.2761904761904762 0.4692857142857143 0.10857142857142857 0.12857142857142856
3 0.6409523809523809 0.45535714285714285 0.08952380952380952 0.145
3 0.5023809523809524 0.3817857142857143 0.1819047619047619 0.10071428571428571
2 0.39285714285714285 0.39 0.04285714285714286 0.04428571428571428
3 1.2566666666666666 0.6842857142857143 0.1380952380952381 0.13
3 0.29285714285714287 0.09678571428571428 0.09238095238095238 0.09928571428571428
3 0.4061904761904762 0.1975 0.08476190476190476 0.10214285714285715
3 0.5380952380952381 0.23214285714285715 0.14666666666666667 0.08285714285714285
3 0.7509523809523809 0.1957142857142857 0.06761904761904762 0.09285714285714286
3 0.8980952380952381 0.2567857142857143 0.1523809523809524 0.07785714285714286
3 0.7552380952380953 0.0825 0.06095238095238095 0.07357142857142857
3 0.8971428571428571 0.07392857142857143 0.12 0.065
3 1.1323809523809525 0.21142857142857144 0.18095238095238095 0.07285714285714286
3 1.1471428571428572 0.15821428571428572 0.1761904761904762 0.06785714285714285
3 1.1423809523809523 0.10821428571428571 0.16285714285714287 0.045
4 1.1661904761904762 0.06928571428571428 0.13047619047619047 0.06285714285714286
3 1.1738095238095239 0.04392857142857143 0.1419047619047619 0.04214285714285714
4 1.1928571428571428 0.018571428571428572 0.12476190476190477 0.03857142857142857
