5 0.24860853432282004 0.3243736951983298 0.13543599257884972 0.062108559498956155
5 0.5227272727272727 0.15970772442588724 0.08256029684601113 0.04175365344467641
5 0.9257884972170687 0.3473382045929018 0.07235621521335807 0.06524008350730688
5 1.1702226345083488 0.29175365344467635 0.04730983302411874 0.04279749478079332
5 1.1521335807050093 0.36978079331941544 0.17625231910946196 0.18736951983298536
9 0.9981447124304267 0.40135699373695194 0.025974025974025976 0.03549060542797494
9 1.1391465677179964 0.25704592901878914 0.014842300556586271 0.015135699373695197
3 1.0644712430426717 0.14770354906054278 0.02504638218923933 0.014613778705636741
6 1.056122448979592 0.0644572025052192 0.010204081632653062 0.007828810020876827
6 1.3863636363636365 0.3136743215031315 0.08812615955473098 0.025052192066805843
9 1.2551020408163265 0.28862212943632565 0.016697588126159554 0.018789144050104383
2 1.0885899814471243 0.12212943632567848 0.006493506493506494 0.009394572025052192
9 1.0769944341372912 0.12239039665970772 0.0055658627087198514 0.008872651356993735
6 1.0756029684601114 0.07385177453027139 0.010204081632653062 0.008872651356993735
6 1.0871985157699444 0.08637787056367431 0.012987012987012988 0.007828810020876827
9 1.0793135435992578 0.10360125260960333 0.006493506493506494 0.006784968684759916
9 1.063543599257885 0.08507306889352817 0.00463821892393321 0.005219206680584551
1 1.0802411873840445 0.10151356993736951 0.006493506493506494 0.007828810020876827
1 1.0774582560296846 0.12004175365344466 0.00463821892393321 0.009394572025052192
1 1.0890538033395176 0.11925887265135698 0.0055658627087198514 0.010960334029227557
1 1.0640074211502784 0.08350730688935282 0.0055658627087198514 0.0073068893528183704
1 1.1400742115027829 0.25443632567849683 0.011131725417439703 0.015135699373695197
4 0.7003710575139147 0.17458246346555323 0.04267161410018553 0.025574112734864297
