3 0.20904761904761904 0.7135714285714285 0.11333333333333333 0.04857142857142857
3 0.4838095238095238 0.6985714285714286 0.12 0.047142857142857146
5 0.7547619047619047 0.6814285714285714 0.17047619047619048 0.055714285714285716
9 0.878095238095238 0.6339285714285714 0.049523809523809526 0.013571428571428571
4 1.1928571428571428 0.6496428571428572 0.13047619047619047 0.04071428571428572
3 1.256190476190476 0.4585714285714286 0.10666666666666666 0.037142857142857144
3 1.1071428571428572 0.4639285714285714 0.11333333333333333 0.039285714285714285
4 0.9857142857142858 0.46285714285714286 0.10095238095238095 0.03571428571428571
4 0.8485714285714285 0.465 0.1219047619047619 0.03428571428571429
6 0.7276190476190476 0.47035714285714286 0.022857142857142857 0.03357142857142857
2 0.6880952380952381 0.47035714285714286 0.04666666666666667 0.013571428571428571
4 0.5528571428571428 0.4767857142857143 0.09238095238095238 0.03785714285714286
3 0.44904761904761903 0.4875 0.10952380952380952 0.03642857142857143
5 0.32666666666666666 0.4942857142857143 0.11428571428571428 0.03571428571428571
5 0.15619047619047619 0.5078571428571429 0.10285714285714286 0.03142857142857143
2 0.2785714285714286 0.4278571428571429 0.04285714285714286 0.011428571428571429
1 0.2752380952380952 0.42642857142857143 0.022857142857142857 0.015714285714285715
1 0.5928571428571429 0.3357142857142857 0.02 0.015714285714285715
1 0.64 0.3707142857142857 0.02095238095238095 0.015714285714285715
9 0.638095238095238 0.3732142857142857 0.0380952380952381 0.015
9 0.4461904761904762 0.3314285714285714 0.021904761904761906 0.027142857142857142
9 0.6842857142857143 0.3425 0.018095238095238095 0.03214285714285714
3 1.06 0.3796428571428571 0.11619047619047619 0.039285714285714285
4 0.22095238095238096 0.11392857142857143 0.06857142857142857 0.052142857142857144
3 0.2671428571428571 0.09392857142857143 0.07904761904761905 0.05357142857142857
3 0.39285714285714285 0.09857142857142857 0.09238095238095238 0.05142857142857143
3 0.30333333333333334 0.07785714285714286 0.07523809523809524 0.054285714285714284
4 0.34904761904761905 0.056428571428571425 0.06571428571428571 0.04857142857142857
3 0.3904761904761905 0.04107142857142857 0.07428571428571429 0.05071428571428571
3 0.4261904761904762 0.02214285714285714 0.06952380952380953 0.045714285714285714
4 0.5633333333333334 0.11642857142857142 0.05238095238095238 0.04285714285714286
3 0.6071428571428571 0.09964285714285714 0.07714285714285714 0.04928571428571429
3 0.6676190476190477 0.0975 0.06666666666666667 0.047857142857142855
3 0.7166666666666667 0.09071428571428572 0.07333333333333333 0.054285714285714284
3 0.7585714285714286 0.07178571428571429 0.08285714285714285 0.062142857142857146
