1 0.30266666666666664 0.57275 0.07466666666666666 0.0535
9 0.30566666666666664 0.5750000000000001 0.08466666666666667 0.062
1 0.3983333333333333 0.5685 0.07266666666666667 0.058
1 0.45166666666666666 0.56325 0.078 0.0525
3 0.385 0.68175 0.35533333333333333 0.1355
1 0.8966666666666666 0.67575 0.06933333333333333 0.0665
9 0.899 0.678 0.09133333333333334 0.08
2 0.9443333333333332 0.40750000000000003 0.04066666666666666 0.066
1 0.7443333333333333 0.41075 0.041999999999999996 0.0465
9 0.7423333333333333 0.41000000000000003 0.06733333333333333 0.062
9 0.844 0.256 0.04 0.049
9 1.0163333333333333 0.17625 0.06999999999999999 0.0335
9 0.9329999999999999 0.13575 0.06066666666666667 0.035500000000000004
3 0.7323333333333333 0.16475 0.19533333333333333 0.0615
9 0.6196666666666667 0.2245 0.03933333333333333 0.054
4 0.7396666666666667 0.13 0.142 0.049
4 0.776 0.1065 0.12133333333333333 0.06
4 0.7849999999999999 0.0625 0.122 0.058
4 0.482 0.32475 0.11599999999999999 0.1135
4 0.3413333333333333 0.29825 0.22799999999999998 0.0845
4 0.2763333333333333 0.242 0.19 0.058
4 0.41966666666666663 0.164 0.18866666666666665 0.069
9 0.5383333333333333 0.11950000000000001 0.038 0.033
4 0.5449999999999999 0.065 0.11266666666666666 0.057
4 0.5423333333333333 0.0375 0.11666666666666667 0.044
4 0.9123333333333333 0.0965 0.06866666666666667 0.065
1 0.22599999999999998 0.0815 0.036 0.027
1 0.20299999999999999 0.08600000000000001 0.02733333333333333 0.025
2 0.143 0.11525 0.04066666666666666 0.0305
