3 0.6042857142857143 0.4657142857142857 0.021904761904761906 0.015714285714285715
3 0.6338095238095238 0.46464285714285714 0.018095238095238095 0.016428571428571428
3 0.7604761904761905 0.485 0.012380952380952381 0.02
3 0.7690476190476191 0.5196428571428572 0.014285714285714285 0.020714285714285713
3 0.7838095238095238 0.5582142857142857 0.02095238095238095 0.02214285714285714
3 0.7971428571428572 0.5928571428571429 0.024761904761904763 0.018571428571428572
3 0.6009523809523809 0.5667857142857143 0.01904761904761905 0.02214285714285714
3 0.6147619047619047 0.4425 0.023809523809523808 0.012142857142857143
3 0.5961904761904762 0.48428571428571426 0.024761904761904763 0.014285714285714285
3 0.5557142857142857 0.7360714285714286 0.02 0.02642857142857143
3 0.59 0.5932142857142857 0.014285714285714285 0.02214285714285714
4 0.6071428571428571 0.5932142857142857 0.014285714285714285 0.020714285714285713
3 0.49047619047619045 0.5492857142857143 0.017142857142857144 0.022857142857142857
4 0.550952380952381 0.6789285714285714 0.03142857142857143 0.016428571428571428
4 0.5023809523809524 0.6875 0.040952380952380955 0.017857142857142856
4 0.5147619047619048 0.48642857142857143 0.029523809523809525 0.012857142857142857
3 0.6290476190476191 0.42464285714285716 0.014285714285714285 0.015
5 0.6557142857142857 0.46535714285714286 0.025714285714285714 0.035
5 0.6247619047619047 0.48142857142857143 0.015238095238095238 0.015714285714285715
5 0.6266666666666667 0.4707142857142857 0.017142857142857144 0.012857142857142857
5 0.6642857142857143 0.4207142857142857 0.037142857142857144 0.017142857142857144
5 0.6333333333333333 0.4114285714285714 0.02095238095238095 0.02
5 0.6338095238095238 0.39714285714285713 0.008571428571428572 0.011428571428571429
3 0.5685714285714286 0.42607142857142855 0.02095238095238095 0.010714285714285714
3 0.6495238095238095 0.3792857142857143 0.011428571428571429 0.012857142857142857
3 0.6447619047619048 0.3975 0.011428571428571429 0.013571428571428571
4 0.61 0.34714285714285714 0.008571428571428572 0.011428571428571429
5 0.7123809523809523 0.3375 0.03238095238095238 0.012142857142857143
5 0.7123809523809523 0.32035714285714284 0.030476190476190476 0.012142857142857143
3 0.4561904761904762 0.47214285714285714 0.026666666666666665 0.012857142857142857
3 0.4423809523809524 0.5546428571428571 0.029523809523809525 0.013571428571428571
3 0.39714285714285713 0.7135714285714285 0.03428571428571429 0.018571428571428572
3 0.3819047619047619 0.7392857142857143 0.03428571428571429 0.011428571428571429
5 0.6309523809523809 0.6846428571428571 0.04476190476190476 0.07642857142857143
5 0.9761904761904762 0.7246428571428571 0.026666666666666665 0.04071428571428572
3 0.9695238095238096 0.6814285714285714 0.015238095238095238 0.02857142857142857
5 1.04 0.5614285714285714 0.0838095238095238 0.05857142857142857
3 0.7966666666666666 0.3742857142857143 0.010476190476190476 0.015714285714285715
3 0.7933333333333333 0.3507142857142857 0.009523809523809525 0.015714285714285715
5 0.8057142857142857 0.31857142857142856 0.02095238095238095 0.03
5 0.810952380952381 0.27535714285714286 0.023809523809523808 0.03357142857142857
5 0.8433333333333334 0.22714285714285715 0.018095238095238095 0.024285714285714285
5 0.9757142857142858 0.17785714285714285 0.010476190476190476 0.011428571428571429
5 0.8757142857142857 0.12464285714285714 0.014285714285714285 0.019285714285714285
5 0.9214285714285714 0.002142857142857143 0.008571428571428572 0.005714285714285714
4 0.9142857142857143 0.04214285714285714 0.005714285714285714 0.005714285714285714
3 0.8423809523809523 0.0125 0.012380952380952381 0.0035714285714285713
3 0.8433333333333334 0.009642857142857142 0.010476190476190476 0.0035714285714285713
3 0.7352380952380952 0.22392857142857142 0.011428571428571429 0.007857142857142858
3 0.6966666666666667 0.21428571428571427 0.02 0.005714285714285714
3 0.7547619047619047 0.18214285714285713 0.014285714285714285 0.007142857142857143
3 0.7614285714285715 0.17214285714285715 0.01619047619047619 0.007142857142857143
3 0.7428571428571429 0.15428571428571428 0.007619047619047619 0.007142857142857143
3 0.7309523809523809 0.15571428571428572 0.006666666666666666 0.007142857142857143
3 0.7280952380952381 0.23357142857142857 0.014285714285714285 0.007142857142857143
3 0.6995238095238095 0.20714285714285716 0.01619047619047619 0.004285714285714286
3 0.7428571428571429 0.1925 0.01904761904761905 0.005
3 0.7447619047619047 0.1875 0.017142857142857144 0.005
3 0.7233333333333334 0.24607142857142858 0.02 0.005
