3 0.9390862944162436 0.5160714285714286 0.05837563451776649 0.055
3 0.9854060913705583 0.2885714285714286 0.03426395939086294 0.032857142857142856
3 0.9980964467005076 0.2532142857142857 0.03426395939086294 0.02642857142857143
3 1.0184010152284264 0.225 0.031725888324873094 0.024285714285714285
3 1.023477157360406 0.19357142857142856 0.03426395939086294 0.027142857142857142
3 1.046954314720812 0.17142857142857143 0.025380710659898477 0.024285714285714285
3 1.0653553299492384 0.1492857142857143 0.029187817258883246 0.022857142857142857
3 1.0323604060913705 0.4417857142857143 0.04187817258883248 0.045
4 1.0025380710659897 0.3657142857142857 0.048223350253807105 0.04285714285714286
4 0.7550761421319796 0.45321428571428574 0.06852791878172589 0.05785714285714286
4 1.0774111675126903 0.03464285714285714 0.02284263959390863 0.017857142857142856
4 1.2684010152284262 0.39535714285714285 0.052030456852791875 0.05071428571428571
4 1.1351522842639592 0.05178571428571429 0.021573604060913704 0.016428571428571428
4 1.0939086294416243 0.0075 0.02284263959390863 0.016428571428571428
3 1.387690355329949 0.5007142857142857 0.04441624365482233 0.05714285714285714
3 0.881979695431472 0.07857142857142857 0.015228426395939085 0.012857142857142857
