9 0.012333333333333333 0.40125 0.022 0.0265
1 0.07433333333333333 0.40025 0.022 0.0185
1 0.3893333333333333 0.223 0.017333333333333333 0.015
3 0.4963333333333333 0.035500000000000004 0.015333333333333332 0.012
3 0.48533333333333334 0.06075 0.02 0.0185
5 0.5206666666666666 0.08625000000000001 0.026666666666666665 0.0335
3 0.5853333333333333 0.004 0.014666666666666666 0.009000000000000001
3 0.587 0.012 0.011333333333333332 0.008
3 0.582 0.019 0.013333333333333332 0.01
3 0.581 0.02875 0.011333333333333332 0.0095
3 0.5813333333333334 0.04425 0.014666666666666666 0.0125
4 0.5893333333333333 0.07050000000000001 0.016 0.019
3 0.5633333333333334 0.0825 0.02 0.017
3 0.5599999999999999 0.10250000000000001 0.018666666666666665 0.016
3 0.5973333333333333 0.088 0.028 0.016
3 0.7313333333333333 0.042 0.034666666666666665 0.011
3 0.698 0.08175 0.018666666666666665 0.0165
3 0.7899999999999999 0.08600000000000001 0.044 0.017
3 0.6363333333333333 0.10075 0.020666666666666667 0.0145
3 0.637 0.0735 0.019333333333333334 0.018000000000000002
3 0.6356666666666666 0.0605 0.016666666666666666 0.013000000000000001
3 0.608 0.1045 0.021333333333333333 0.018000000000000002
3 0.6153333333333333 0.124 0.024 0.019
3 0.6426666666666666 0.12975 0.026666666666666665 0.0205
3 0.6476666666666666 0.14925 0.024666666666666667 0.0175
3 0.6173333333333333 0.15375 0.025333333333333333 0.0195
4 0.6486666666666666 0.1795 0.026666666666666665 0.034
3 0.6186666666666667 0.181 0.029333333333333333 0.023
3 0.621 0.20475000000000002 0.03133333333333333 0.0275
5 0.661 0.21725 0.035333333333333335 0.0455
9 0.5496666666666666 0.1875 0.015333333333333332 0.014
3 0.5549999999999999 0.20750000000000002 0.03 0.026000000000000002
3 0.5883333333333333 0.20350000000000001 0.028666666666666667 0.024
4 0.5933333333333333 0.2295 0.034666666666666665 0.044
3 0.5566666666666666 0.23550000000000001 0.03333333333333333 0.037
3 0.5376666666666666 0.264 0.06466666666666666 0.027
9 0.595 0.27725 0.02333333333333333 0.0175
1 0.594 0.27175 0.013333333333333332 0.0155
9 0.5756666666666667 0.295 0.014 0.016
1 0.5783333333333334 0.28925 0.018 0.0185
3 0.532 0.28725 0.06933333333333333 0.0335
9 0.40499999999999997 0.28275 0.028666666666666667 0.0185
9 0.41433333333333333 0.27475 0.03 0.0125
1 0.413 0.2695 0.012666666666666666 0.016
1 0.414 0.30575 0.010666666666666666 0.0145
9 0.4533333333333333 0.29975 0.036 0.0135
1 0.45066666666666666 0.295 0.012 0.017
9 0.527 0.30825 0.03266666666666666 0.0105
1 0.535 0.31275000000000003 0.014 0.0155
9 0.538 0.31825000000000003 0.028 0.0105
3 0.5246666666666666 0.389 0.048 0.063
3 0.505 0.46875 0.10333333333333333 0.0695
3 0.515 0.6835 0.078 0.132
9 0.4766666666666666 0.60775 0.03333333333333333 0.0325
4 0.6953333333333334 0.56475 0.05733333333333333 0.0905
3 0.6103333333333333 0.50825 0.062 0.0815
3 0.6656666666666666 0.4535 0.05266666666666667 0.075
3 0.66 0.3875 0.042666666666666665 0.051000000000000004
3 0.589 0.421 0.05266666666666667 0.06
3 0.5816666666666667 0.34700000000000003 0.03933333333333333 0.048
3 0.642 0.334 0.06799999999999999 0.048
4 0.762 0.379 0.04533333333333333 0.059000000000000004
6 0.626 0.3115 0.036 0.029
3 0.6083333333333333 0.29275 0.04733333333333333 0.0375
9 0.6693333333333333 0.2785 0.02 0.018000000000000002
6 0.654 0.2475 0.014666666666666666 0.016
1 0.6526666666666666 0.244 0.012 0.013000000000000001
1 0.6643333333333333 0.23775000000000002 0.01 0.0155
2 0.6903333333333334 0.2625 0.028666666666666667 0.013000000000000001
1 0.6906666666666667 0.257 0.013333333333333332 0.018000000000000002
5 0.7053333333333333 0.21975 0.030666666666666665 0.0415
1 0.7123333333333333 0.26225 0.012666666666666666 0.0135
3 0.7346666666666667 0.275 0.07866666666666666 0.026000000000000002
3 0.7216666666666667 0.30125 0.08333333333333333 0.0325
5 0.8053333333333333 0.252 0.08266666666666667 0.021
3 0.8366666666666667 0.28800000000000003 0.06799999999999999 0.025
1 0.8583333333333333 0.31925000000000003 0.018 0.0185
2 0.953 0.2725 0.035333333333333335 0.014
5 1.0046666666666666 0.23650000000000002 0.10533333333333333 0.046
4 1.0083333333333333 0.3165 0.082 0.039
5 0.9786666666666667 0.3285 0.11733333333333333 0.067
