3 0.015238095238095238 0.6528571428571428 0.026666666666666665 0.011428571428571429
3 0.05047619047619047 0.6464285714285715 0.030476190476190476 0.012857142857142857
3 0.09 0.6410714285714286 0.03142857142857143 0.012142857142857143
3 0.13333333333333333 0.6339285714285714 0.026666666666666665 0.012142857142857143
3 0.05523809523809524 0.7014285714285714 0.022857142857142857 0.024285714285714285
3 0.09 0.7303571428571428 0.02 0.023571428571428573
3 0.06190476190476191 0.6814285714285714 0.02095238095238095 0.022857142857142857
3 0.08619047619047619 0.7007142857142857 0.021904761904761906 0.022857142857142857
3 0.11190476190476191 0.7278571428571429 0.02 0.02
3 0.30904761904761907 0.6064285714285714 0.03142857142857143 0.012857142857142857
3 0.37142857142857144 0.5942857142857143 0.024761904761904763 0.012857142857142857
3 0.44142857142857145 0.5832142857142857 0.029523809523809525 0.012142857142857143
5 0.4776190476190476 0.5785714285714286 0.039047619047619046 0.017142857142857144
3 0.5190476190476191 0.5717857142857142 0.02857142857142857 0.010714285714285714
3 0.5566666666666666 0.6582142857142858 0.012380952380952381 0.020714285714285713
3 0.5957142857142858 0.6939285714285715 0.01619047619047619 0.02214285714285714
3 0.6523809523809524 0.7107142857142857 0.013333333333333332 0.02142857142857143
3 0.6490476190476191 0.7382142857142857 0.014285714285714285 0.02214285714285714
3 0.6209523809523809 0.505 0.013333333333333332 0.02142857142857143
6 0.5652380952380952 0.5917857142857142 0.021904761904761906 0.009285714285714286
5 0.67 0.025357142857142856 0.01619047619047619 0.03785714285714286
5 0.6309523809523809 0.16785714285714284 0.02761904761904762 0.08142857142857143
3 0.6714285714285714 0.22285714285714286 0.011428571428571429 0.022857142857142857
3 0.770952380952381 0.2621428571428571 0.014285714285714285 0.022857142857142857
3 1.109047619047619 0.39357142857142857 0.03142857142857143 0.011428571428571429
3 0.9976190476190476 0.7335714285714285 0.03142857142857143 0.012857142857142857
3 1.0761904761904761 0.6571428571428571 0.030476190476190476 0.012857142857142857
5 0.9457142857142857 0.5242857142857142 0.017142857142857144 0.024285714285714285
5 0.780952380952381 0.45071428571428573 0.015238095238095238 0.027142857142857142
5 0.7904761904761904 0.6085714285714285 0.026666666666666665 0.06285714285714286
5 0.8495238095238096 0.3867857142857143 0.015238095238095238 0.025
5 0.6876190476190476 0.315 0.015238095238095238 0.02857142857142857
3 0.5695238095238095 0.3489285714285714 0.03238095238095238 0.010714285714285714
